[METRICS]
	[DISEQUILIBRIUM COUNT] 197
[VARIABLES]
	[RESULT 1] [14 11.052675724068855 10 1.6967818004971507]
	[RESULT 2] [53 7682.006463881647 10 1.9834375385020988]
	[RESULT 3] [32 10.016929371344204 10 1.5335368301617742]
	[RESULT 4] [66 10.00139808309491 3 0.20558029128320504]
	[RESULT 5] [1 10.045321034522841 3 0.11213248191334041]
	[RESULT 6] [1 161.56029765740863 10 1.8710704111900085]
	[RESULT 7] [99 1114.1294483038214 10 1.974999573650819]
	[RESULT 8] [42 208.63453361629777 2 1.7770414172937634]
	[RESULT 9] [1 10.000042084543917 3 0.2168173538781144]
	[RESULT 10] [1 10.00054189720748 3 1.6359056639514138]
	[RESULT 11] [1 4500.916695093822 6 0.169300775304856]
	[RESULT 12] [43 749.9819490450091 10 1.9880649783422828]
	[RESULT 13] [18 10.0049266581768 2 0.24264158065702135]
	[RESULT 14] [15 10.179196785654371 10 0.23702052256302886]
	[RESULT 15] [1 10.000007554123163 2 0.24277558457106435]
	[RESULT 16] [1 6690.235768379069 10 1.9975332873508858]
	[RESULT 17] [75 1572.04027421278 10 1.548980196613102]
	[RESULT 18] [1 18.258489944209174 10 1.7731828585064506]
	[RESULT 19] [32 1269.8756711910644 2 0.10072491127824244]
	[RESULT 20] [9 1407.4764975859987 3 1.9369711498785303]
	[RESULT 21] [16 6591.583274616194 10 1.9971885821123674]
	[RESULT 22] [32 6675.580084102736 10 1.9939482229157917]
	[RESULT 23] [37 10.049082294783503 3 0.10060964706902209]
	[RESULT 24] [41 35.733519376759205 10 1.9879390554482197]
	[RESULT 25] [12 38.40927506530504 10 1.9928477015468307]
	[RESULT 26] [1 49.58268547762451 10 1.8710704111900085]
	[RESULT 27] [79 26.26914861233016 10 1.8677885430294436]
	[RESULT 28] [99 21.025828390678953 10 1.693053615064588]
	[RESULT 29] [14 166.20963099555675 10 1.9928477015468307]
	[RESULT 30] [1 10.000005950188559 3 0.24277558457106435]
[OBJECTIVES]
	[RESULT 1] [0.01219657 0.00086728 0.01806386 0.0014     0.         0.0014    ]
	[RESULT 2] [0.00995003 0.01522173 0.0052717  0.005      0.0003     0.0053    ]
	[RESULT 3] [0.01147203 0.00206017 0.0185322  0.0032     0.         0.0032    ]
	[RESULT 4] [ 0.01359541 -0.00219048  0.01640494  0.005       0.0016      0.0066    ]
	[RESULT 5] [ 1.69767109e-02 -8.94209661e-03  1.30346143e-02  1.00000000e-04
  0.00000000e+00  1.00000000e-04]
	[RESULT 6] [1.26645683e-02 1.47328883e-02 1.76025435e-02 1.00000000e-04
 0.00000000e+00 1.00000000e-04]
	[RESULT 7] [0.00765856 0.01239331 0.00473475 0.005      0.0049     0.0099    ]
	[RESULT 8] [0.01293431 0.01575994 0.01630575 0.0042     0.         0.0042    ]
	[RESULT 9] [ 1.68297866e-02 -8.65956267e-03  1.31702239e-02  1.00000000e-04
  0.00000000e+00  1.00000000e-04]
	[RESULT 10] [ 1.50989279e-02 -5.19772042e-03  1.49012075e-02  1.00000000e-04
  0.00000000e+00  1.00000000e-04]
	[RESULT 11] [1.67086008e-02 1.60382449e-02 1.22531543e-02 1.00000000e-04
 0.00000000e+00 1.00000000e-04]
	[RESULT 12] [0.01044536 0.01886698 0.00842162 0.0043     0.         0.0043    ]
	[RESULT 13] [ 0.01597873 -0.00695622  0.01402251  0.0018      0.          0.0018    ]
	[RESULT 14] [ 0.01391428 -0.00278384  0.01613044  0.0015      0.          0.0015    ]
	[RESULT 15] [ 1.68285414e-02 -8.65708083e-03  1.31714605e-02  1.00000000e-04
  0.00000000e+00  1.00000000e-04]
	[RESULT 16] [1.25358177e-02 2.04403541e-02 7.90453643e-03 1.00000000e-04
 0.00000000e+00 1.00000000e-04]
	[RESULT 17] [0.00930522 0.01511462 0.0058094  0.005      0.0025     0.0075    ]
	[RESULT 18] [1.27661257e-02 1.37487153e-03 1.91409972e-02 1.00000000e-04
 0.00000000e+00 1.00000000e-04]
	[RESULT 19] [0.01547763 0.01720634 0.01231603 0.0032     0.         0.0032    ]
	[RESULT 20] [0.01438463 0.01956125 0.01105411 0.0009     0.         0.0009    ]
	[RESULT 21] [0.01178616 0.01894649 0.00716033 0.0016     0.         0.0016    ]
	[RESULT 22] [0.01098943 0.01734838 0.00635895 0.0032     0.         0.0032    ]
	[RESULT 23] [ 0.01519307 -0.00537387  0.0148192   0.0037      0.          0.0037    ]
	[RESULT 24] [0.01054549 0.0090257  0.02457119 0.0041     0.         0.0041    ]
	[RESULT 25] [0.01199054 0.00654992 0.02354046 0.0012     0.         0.0012    ]
	[RESULT 26] [1.26645683e-02 6.76033257e-03 2.44249008e-02 1.00000000e-04
 0.00000000e+00 1.00000000e-04]
	[RESULT 27] [0.00876795 0.01096227 0.02473022 0.005      0.0029     0.0079    ]
	[RESULT 28] [0.00795052 0.01158167 0.02453219 0.005      0.0049     0.0099    ]
	[RESULT 29] [0.01189054 0.01646129 0.01664817 0.0014     0.         0.0014    ]
	[RESULT 30] [ 1.67938191e-02 -8.58763678e-03  1.32061824e-02  1.00000000e-04
  0.00000000e+00  1.00000000e-04]
