[METRICS]
	[DISEQUILIBRIUM COUNT] 133
[VARIABLES]
	[RESULT 1] [49 311.8726925735691 3 0.357392310316914]
	[RESULT 2] [75 423.79130726097407 10 1.8851701476557703]
	[RESULT 3] [100 7757.149962382644 10 1.9999860510815364]
	[RESULT 4] [43 78.4690197342984 10 1.9956268828996941]
	[RESULT 5] [96 107.4048217058297 10 1.9095531407228659]
	[RESULT 6] [5 10.029587829528156 8 1.5938587544841494]
	[RESULT 7] [41 7682.729920723904 10 1.6363826123359972]
	[RESULT 8] [1 6270.1634919589615 10 1.9950031936610275]
	[RESULT 9] [5 10.239880659284088 4 0.46617623098936545]
	[RESULT 10] [73 10.018379612676915 8 0.6290363198510269]
	[RESULT 11] [1 70.92075310061477 10 1.999997377591252]
	[RESULT 12] [27 10.267817479720836 10 1.9377989709803307]
	[RESULT 13] [21 1150.241038676175 4 0.43297510393400374]
	[RESULT 14] [21 131.20416842572885 10 1.9999437819834978]
	[RESULT 15] [6 10.23850582033985 4 0.4302569470645386]
	[RESULT 16] [100 17.515065134497036 8 1.9999559165704839]
	[RESULT 17] [22 8856.106429490621 10 1.9880593414409327]
	[RESULT 18] [1 218.43095455169288 10 1.9973722462456582]
	[RESULT 19] [1 10.276937475796938 10 1.997234484888094]
	[RESULT 20] [21 12.951522472393378 6 1.6060526949323115]
	[RESULT 21] [4 10.239880659284088 5 0.46617623098936545]
	[RESULT 22] [53 31.64082564448063 10 1.9985181340508835]
	[RESULT 23] [21 46.66683151977251 10 1.7849359695205045]
	[RESULT 24] [1 10.23850582033985 4 0.4079675325366103]
	[RESULT 25] [44 10.021934836273715 4 1.6079273963420955]
	[RESULT 26] [21 17.248374443489183 4 0.43297510393400374]
	[RESULT 27] [30 225.19765439267061 10 1.9151098025227857]
	[RESULT 28] [53 430.75508393625876 10 1.9761868381169188]
	[RESULT 29] [1 7805.032707716031 4 0.5318739174407445]
	[RESULT 30] [73 50.23224176237515 10 0.6478704809656122]
[OBJECTIVES]
	[RESULT 1] [0.01423716 0.0153048  0.01545804 0.0049     0.         0.0049    ]
	[RESULT 2] [0.00895008 0.01776594 0.00881587 0.005      0.0025     0.0075    ]
	[RESULT 3] [0.00758335 0.01048528 0.00290193 0.005      0.005      0.01      ]
	[RESULT 4] [0.01043774 0.014285   0.02027726 0.0043     0.         0.0043    ]
	[RESULT 5] [0.0078751  0.02158547 0.01553943 0.005      0.0046     0.0096    ]
	[RESULT 6] [ 0.01442329 -0.00383918  0.01558411  0.0005      0.          0.0005    ]
	[RESULT 7] [0.01091092 0.01714347 0.00623255 0.0041     0.         0.0041    ]
	[RESULT 8] [1.25383669e-02 2.04698055e-02 7.93143859e-03 1.00000000e-04
 0.00000000e+00 1.00000000e-04]
	[RESULT 9] [ 0.01624701 -0.00743419  0.01381282  0.0005      0.          0.0005    ]
	[RESULT 10] [0.01215854 0.00068751 0.01784605 0.005      0.0023     0.0073    ]
	[RESULT 11] [1.25333360e-02 9.39773086e-03 2.30689332e-02 1.00000000e-04
 0.00000000e+00 1.00000000e-04]
	[RESULT 12] [0.01129629 0.00247419 0.01877048 0.0027     0.         0.0027    ]
	[RESULT 13] [0.0154911  0.01700207 0.01250684 0.0021     0.         0.0021    ]
	[RESULT 14] [0.01153339 0.01563144 0.01783517 0.0021     0.         0.0021    ]
	[RESULT 15] [ 0.01624472 -0.00742996  0.01381476  0.0006      0.          0.0006    ]
	[RESULT 16] [0.00925004 0.00824736 0.0224974  0.005      0.005      0.01      ]
	[RESULT 17] [0.01149537 0.01827019 0.00677482 0.0022     0.         0.0022    ]
	[RESULT 18] [1.25359799e-02 1.68224984e-02 1.56415217e-02 1.00000000e-04
 0.00000000e+00 1.00000000e-04]
	[RESULT 19] [ 1.25361187e-02 -3.19422809e-06  1.75329245e-02  1.00000000e-04
  0.00000000e+00  1.00000000e-04]
	[RESULT 20] [ 0.01394348 -0.00217024  0.01677325  0.0021      0.          0.0021    ]
	[RESULT 21] [ 0.01623749 -0.00741514  0.01382234  0.0004      0.          0.0004    ]
	[RESULT 22] [0.00993483 0.00957804 0.02451286 0.005      0.0003     0.0053    ]
	[RESULT 23] [0.01175384 0.00819965 0.0249535  0.0021     0.         0.0021    ]
	[RESULT 24] [ 1.65244917e-02 -7.98949879e-03  1.35349929e-02  1.00000000e-04
  0.00000000e+00  1.00000000e-04]
	[RESULT 25] [ 0.01293432 -0.00086316  0.01707116  0.0044      0.          0.0044    ]
	[RESULT 26] [ 0.0154911  -0.00429257  0.01619853  0.0021      0.          0.0021    ]
	[RESULT 27] [0.01116942 0.01972962 0.01410095 0.003      0.         0.003     ]
	[RESULT 28] [0.00995736 0.01971544 0.00975808 0.005      0.0003     0.0053    ]
	[RESULT 29] [1.63605875e-02 1.69621702e-02 1.16772423e-02 1.00000000e-04
 0.00000000e+00 1.00000000e-04]
	[RESULT 30] [0.01046775 0.01123694 0.02329532 0.005      0.0023     0.0073    ]
