[METRICS]
	[DISEQUILIBRIUM COUNT] 162
[VARIABLES]
	[RESULT 1] [41 428.24990040977593 2 0.3921408939711425]
	[RESULT 2] [36 10.580680938330682 10 1.8739743901819579]
	[RESULT 3] [1 13.313781159810265 10 1.9993386130792978]
	[RESULT 4] [58 10.000728360878002 1 0.8609200867144875]
	[RESULT 5] [47 8321.318477890885 10 1.9904501399223569]
	[RESULT 6] [24 167.74262871273368 10 1.961697704481052]
	[RESULT 7] [3 10.000441289424716 1 0.26022448547062044]
	[RESULT 8] [49 10.506693852875038 10 1.9498488337501672]
	[RESULT 9] [4 27.444461996470892 10 1.9370011195473518]
	[RESULT 10] [15 10.000455876615446 3 1.8160306275067604]
	[RESULT 11] [1 10.000163420119875 2 1.8265980738459802]
	[RESULT 12] [50 360.36428516892215 10 1.9756442640311465]
	[RESULT 13] [22 53.46809186645849 10 1.4223937021534103]
	[RESULT 14] [3 10.000504330525704 1 0.2935713617517305]
	[RESULT 15] [5 5330.072609376209 10 1.9904268962552387]
	[RESULT 16] [25 9134.649778664865 10 1.9906259536454203]
	[RESULT 17] [15 10.000455876615446 1 0.35221411503185385]
	[RESULT 18] [1 10.000504330525704 1 0.2935713617517305]
	[RESULT 19] [100 659.3413439246033 10 1.9993386130792978]
	[RESULT 20] [89 10.000293351843347 1 0.13086207305879913]
	[RESULT 21] [2 917.0418913797083 2 0.28816608149366085]
	[RESULT 22] [37 10.000170970956605 1 0.36591728418839997]
	[RESULT 23] [70 28.615647413156633 10 1.4229640682053395]
	[RESULT 24] [99 10.34240997045767 10 1.999744460986762]
	[RESULT 25] [1 10.000504684857045 3 0.2658730535460945]
	[RESULT 26] [27 11.292653145259207 10 0.37165883350191]
	[RESULT 27] [24 516.0361924163587 1 0.37165883350191]
	[RESULT 28] [5 149.87689492064658 10 1.8569883376592142]
	[RESULT 29] [1 9134.649778664865 3 1.9907522367231845]
	[RESULT 30] [77 8746.519351395971 10 1.3171092857258264]
[OBJECTIVES]
	[RESULT 1] [0.01462507 0.01592592 0.014449   0.0041     0.         0.0041    ]
	[RESULT 2] [0.01091158 0.00332117 0.01923275 0.0036     0.         0.0036    ]
	[RESULT 3] [1.25339993e-02 7.33874275e-04 1.82678736e-02 1.00000000e-04
 0.00000000e+00 1.00000000e-04]
	[RESULT 4] [ 0.01320062 -0.00140105  0.01679956  0.005       0.0008      0.0058    ]
	[RESULT 5] [0.01024296 0.01578313 0.00554018 0.0047     0.         0.0047    ]
	[RESULT 6] [0.01142203 0.01745635 0.01612162 0.0024     0.         0.0024    ]
	[RESULT 7] [ 0.01673224 -0.00846438  0.01326787  0.0003      0.          0.0003    ]
	[RESULT 8] [0.01018404 0.00475795 0.01994199 0.0049     0.         0.0049    ]
	[RESULT 9] [0.0124471  0.00381913 0.02126624 0.0004     0.         0.0004    ]
	[RESULT 10] [ 0.01420896 -0.00341781  0.01579115  0.0015      0.          0.0015    ]
	[RESULT 11] [ 1.49327217e-02 -4.86540263e-03  1.50673191e-02  1.00000000e-04
  0.00000000e+00  1.00000000e-04]
	[RESULT 12] [0.01010791 0.02076688 0.01065897 0.005      0.         0.005     ]
	[RESULT 13] [0.01209436 0.0083858  0.02451984 0.0022     0.         0.0022    ]
	[RESULT 14] [ 0.01668646 -0.0083728   0.01331366  0.0003      0.          0.0003    ]
	[RESULT 15] [0.01234298 0.02014721 0.00780423 0.0005     0.         0.0005    ]
	[RESULT 16] [0.01134278 0.01795657 0.00661379 0.0025     0.         0.0025    ]
	[RESULT 17] [ 0.01600667 -0.00701322  0.01399345  0.0015      0.          0.0015    ]
	[RESULT 18] [ 1.67864618e-02 -8.57279756e-03  1.32136643e-02  1.00000000e-04
  0.00000000e+00  1.00000000e-04]
	[RESULT 19] [0.007584   0.01350426 0.00592026 0.005      0.005      0.01      ]
	[RESULT 20] [ 0.0126127  -0.00022533  0.01738737  0.005       0.0039      0.0089    ]
	[RESULT 21] [0.01671608 0.01408531 0.0141986  0.0002     0.         0.0002    ]
	[RESULT 22] [ 0.01488815 -0.00477626  0.01511189  0.0037      0.          0.0037    ]
	[RESULT 23] [0.00969373 0.00953607 0.02422979 0.005      0.002      0.007     ]
	[RESULT 24] [0.00763359 0.00981813 0.02245172 0.005      0.0049     0.0099    ]
	[RESULT 25] [ 1.67619684e-02 -8.52381072e-03  1.32381577e-02  1.00000000e-04
  0.00000000e+00  1.00000000e-04]
	[RESULT 26] [ 0.01313041 -0.00094177  0.01718863  0.0027      0.          0.0027    ]
	[RESULT 27] [0.01553041 0.01481402 0.01465557 0.0024     0.         0.0024    ]
	[RESULT 28] [0.01247908 0.01461984 0.01790109 0.0005     0.         0.0005    ]
	[RESULT 29] [1.47301525e-02 2.02686820e-02 1.00011655e-02 1.00000000e-04
 0.00000000e+00 1.00000000e-04]
	[RESULT 30] [0.00946246 0.01420784 0.00474538 0.005      0.0027     0.0077    ]
