[METRICS]
	[DISEQUILIBRIUM COUNT] 188
[VARIABLES]
	[RESULT 1] [1 10.00544011233658 1 1.6928165922315372]
	[RESULT 2] [49 5905.274938642889 10 1.7658661851681468]
	[RESULT 3] [1 10.004149288106785 1 0.12137570528672392]
	[RESULT 4] [26 1290.8762921372313 1 0.11076646143934236]
	[RESULT 5] [1 10.000795398779722 2 0.10368578732924734]
	[RESULT 6] [73 8139.171395006532 10 1.8578302462833207]
	[RESULT 7] [49 11.707341508983987 10 1.5026420924200075]
	[RESULT 8] [98 43.30981537672642 10 1.6649801919414975]
	[RESULT 9] [75 38.88022189632147 10 1.1903991542601735]
	[RESULT 10] [15 41.52334322306346 10 1.9884510040731092]
	[RESULT 11] [99 125.93479647076585 10 1.9946888459853302]
	[RESULT 12] [1 12.175600051550347 10 1.9910955588479442]
	[RESULT 13] [1 3663.299492693243 2 0.10457581732382248]
	[RESULT 14] [20 11.707341508983987 8 1.5053367243863942]
	[RESULT 15] [39 40.245528350495576 10 1.723738986908796]
	[RESULT 16] [1 7702.968986301877 10 1.9999227856372177]
	[RESULT 17] [34 10.036901035910699 2 0.13953802253282493]
	[RESULT 18] [37 10.214357690964675 10 0.29938301925334376]
	[RESULT 19] [100 10.004884549156339 9 0.11888258549366625]
	[RESULT 20] [1 10.000020475735264 1 0.14046781750229642]
	[RESULT 21] [57 10.004164520055111 2 0.24046758691589928]
	[RESULT 22] [74 10.006781668889506 3 0.2043553674059768]
	[RESULT 23] [1 10.000023588626005 2 0.10148661070840197]
	[RESULT 24] [37 5905.274938642889 10 1.7534129280503263]
	[RESULT 25] [52 203.66144077344137 10 1.7433986279277955]
	[RESULT 26] [23 41.52334322306346 10 1.9896632613286958]
	[RESULT 27] [20 8742.133357742332 10 1.9999227856372177]
	[RESULT 28] [70 111.85783725071329 10 1.376694139222832]
	[RESULT 29] [16 237.28261314675103 10 1.6396614346301666]
	[RESULT 30] [100 9690.706495939365 10 1.9874933662589873]
[OBJECTIVES]
	[RESULT 1] [ 1.51007761e-02 -5.20019215e-03  1.49005839e-02  1.00000000e-04
  0.00000000e+00  1.00000000e-04]
	[RESULT 2] [0.01037378 0.01616456 0.00579078 0.0049     0.         0.0049    ]
	[RESULT 3] [ 1.70261158e-02 -9.05119424e-03  1.29749215e-02  1.00000000e-04
  0.00000000e+00  1.00000000e-04]
	[RESULT 4] [0.01579115 0.01660726 0.01260159 0.0026     0.         0.0026    ]
	[RESULT 5] [ 1.70234207e-02 -9.04664253e-03  1.29767782e-02  1.00000000e-04
  0.00000000e+00  1.00000000e-04]
	[RESULT 6] [0.00907821 0.01346021 0.004382   0.005      0.0023     0.0073    ]
	[RESULT 7] [0.0106558  0.00410807 0.01976387 0.0049     0.         0.0049    ]
	[RESULT 8] [0.00803037 0.01518596 0.02178368 0.005      0.0048     0.0098    ]
	[RESULT 9] [0.00970754 0.01118707 0.02410539 0.005      0.0025     0.0075    ]
	[RESULT 10] [0.01184497 0.00730202 0.02414699 0.0015     0.         0.0015    ]
	[RESULT 11] [0.00763868 0.02185494 0.01421625 0.005      0.0049     0.0099    ]
	[RESULT 12] [1.25423063e-02 4.47706345e-04 1.79900126e-02 1.00000000e-04
 0.00000000e+00 1.00000000e-04]
	[RESULT 13] [1.70221566e-02 1.52896062e-02 1.26882372e-02 1.00000000e-04
 0.00000000e+00 1.00000000e-04]
	[RESULT 14] [ 0.01376951 -0.00211936  0.01665016  0.002       0.          0.002     ]
	[RESULT 15] [0.01091807 0.00896935 0.02488742 0.0039     0.         0.0039    ]
	[RESULT 16] [1.25334111e-02 2.03876242e-02 7.85421308e-03 1.00000000e-04
 0.00000000e+00 1.00000000e-04]
	[RESULT 17] [ 0.01532268 -0.00563613  0.01468655  0.0034      0.          0.0034    ]
	[RESULT 18] [ 0.01272851 -0.00040355  0.01732496  0.0037      0.          0.0037    ]
	[RESULT 19] [0.01107965 0.00284193 0.01892158 0.005      0.005      0.01      ]
	[RESULT 20] [ 1.69991431e-02 -8.99828100e-03  1.30008621e-02  1.00000000e-04
  0.00000000e+00  1.00000000e-04]
	[RESULT 21] [ 0.01403173 -0.00306242  0.01596931  0.005       0.0007      0.0057    ]
	[RESULT 22] [ 0.01319712 -0.00139254  0.01680458  0.005       0.0024      0.0074    ]
	[RESULT 23] [ 1.70265451e-02 -9.05308423e-03  1.29734608e-02  1.00000000e-04
  0.00000000e+00  1.00000000e-04]
	[RESULT 24] [0.01098684 0.01739068 0.00640384 0.0037     0.         0.0037    ]
	[RESULT 25] [0.01024736 0.02099207 0.01376057 0.005      0.0002     0.0052    ]
	[RESULT 26] [0.01144375 0.00810447 0.02454822 0.0023     0.         0.0023    ]
	[RESULT 27] [0.01158341 0.01844988 0.00686647 0.002      0.         0.002     ]
	[RESULT 28] [0.00974535 0.01812434 0.01713031 0.005      0.002      0.007     ]
	[RESULT 29] [0.01215741 0.01804653 0.01479607 0.0016     0.         0.0016    ]
	[RESULT 30] [0.00759594 0.01044749 0.00285155 0.005      0.005      0.01      ]
