[METRICS]
	[DISEQUILIBRIUM COUNT] 181
[VARIABLES]
	[RESULT 1] [33 122.30704816989578 10 1.5350069131551518]
	[RESULT 2] [74 90.42847793950386 10 1.9127584425915467]
	[RESULT 3] [34 685.7319876273913 5 0.15181907047418208]
	[RESULT 4] [100 9822.834264601832 10 1.9956373634007258]
	[RESULT 5] [16 9936.077182705727 3 0.20442078216271384]
	[RESULT 6] [1 645.6617672503362 10 1.9997703941592835]
	[RESULT 7] [35 10.00864321453145 1 0.11887219945849048]
	[RESULT 8] [50 10.00256473041922 10 0.11404379938974035]
	[RESULT 9] [49 30.724219989660078 10 1.9425576212530036]
	[RESULT 10] [78 9124.521048876566 10 1.9784246892817472]
	[RESULT 11] [99 12.351603803671495 10 1.9760953313362917]
	[RESULT 12] [13 71.85600090293701 10 1.9994091066437487]
	[RESULT 13] [51 102.4746135154951 10 1.7966122732156218]
	[RESULT 14] [1 10.000983974309156 2 0.10113214626843613]
	[RESULT 15] [1 10.001549700044958 2 0.10070915785511166]
	[RESULT 16] [99 121.48262300935039 10 1.9956373634007258]
	[RESULT 17] [39 10.00864321453145 9 0.10100733241441598]
	[RESULT 18] [1 10.008209504011901 10 1.9987604288918916]
	[RESULT 19] [15 10.000207161761459 2 0.17731914946040309]
	[RESULT 20] [21 9702.257776153438 10 1.992838112118843]
	[RESULT 21] [34 1401.6986647601116 10 1.723436321006282]
	[RESULT 22] [18 10.002307702295505 8 1.5882917252110853]
	[RESULT 23] [81 10.001020591320556 2 0.16720581311803795]
	[RESULT 24] [98 10.002894227935638 3 0.16684618361433734]
	[RESULT 25] [21 143.33754519536055 10 1.9127584425915467]
	[RESULT 26] [1 10.001547231125375 2 0.10648203820909508]
	[RESULT 27] [1 10.000482146734722 2 0.1142879735507109]
	[RESULT 28] [1 10.001432992551083 3 1.5403641312691283]
	[RESULT 29] [61 9702.257776153438 10 1.8913690701540373]
	[RESULT 30] [1 6962.95008684365 1 0.14574514374840966]
[OBJECTIVES]
	[RESULT 1] [0.01142043 0.01538374 0.01819583 0.0033     0.         0.0033    ]
	[RESULT 2] [0.00897182 0.01820045 0.01782773 0.005      0.0024     0.0074    ]
	[RESULT 3] [0.01516649 0.01644426 0.01338925 0.0034     0.         0.0034    ]
	[RESULT 4] [0.00758773 0.01042765 0.00283993 0.005      0.005      0.01      ]
	[RESULT 5] [0.01609703 0.01755659 0.01134638 0.0016     0.         0.0016    ]
	[RESULT 6] [1.25335645e-02 2.15345701e-02 1.09318654e-02 1.00000000e-04
 0.00000000e+00 1.00000000e-04]
	[RESULT 7] [ 0.01532966 -0.00565716  0.0146725   0.0035      0.          0.0035    ]
	[RESULT 8] [0.0123365  0.00032764 0.01766414 0.005      0.         0.005     ]
	[RESULT 9] [0.01019145 0.00890874 0.02410019 0.0049     0.         0.0049    ]
	[RESULT 10] [0.0087051  0.01268151 0.00397641 0.005      0.0028     0.0078    ]
	[RESULT 11] [0.00765745 0.01025949 0.02291694 0.005      0.0049     0.0099    ]
	[RESULT 12] [0.01193393 0.01068631 0.02237976 0.0013     0.         0.0013    ]
	[RESULT 13] [0.01024166 0.01652795 0.01823039 0.005      0.0001     0.0051    ]
	[RESULT 14] [ 1.70270488e-02 -9.05385157e-03  1.29731972e-02  1.00000000e-04
  0.00000000e+00  1.00000000e-04]
	[RESULT 15] [ 1.70276499e-02 -9.05491242e-03  1.29727375e-02  1.00000000e-04
  0.00000000e+00  1.00000000e-04]
	[RESULT 16] [0.00763773 0.02209676 0.01445903 0.005      0.0049     0.0099    ]
	[RESULT 17] [ 0.014155   -0.00330785  0.01584716  0.0039      0.          0.0039    ]
	[RESULT 18] [ 1.25345816e-02 -6.71110755e-05  1.74674706e-02  1.00000000e-04
  0.00000000e+00  1.00000000e-04]
	[RESULT 19] [ 0.01621959 -0.00743913  0.01378046  0.0015      0.          0.0015    ]
	[RESULT 20] [0.01154055 0.0183364  0.00679585 0.0021     0.         0.0021    ]
	[RESULT 21] [0.01116839 0.01901272 0.00784433 0.0034     0.         0.0034    ]
	[RESULT 22] [ 0.0137793  -0.00255802  0.01622128  0.0018      0.          0.0018    ]
	[RESULT 23] [ 0.01293376 -0.00086727  0.01706649  0.005       0.0031      0.0081    ]
	[RESULT 24] [0.01204954 0.00090164 0.01795118 0.005      0.0048     0.0098    ]
	[RESULT 25] [0.01162182 0.01604226 0.01733592 0.0021     0.         0.0021    ]
	[RESULT 26] [ 1.70194500e-02 -9.03851323e-03  1.29809368e-02  1.00000000e-04
  0.00000000e+00  1.00000000e-04]
	[RESULT 27] [ 1.70083772e-02 -9.01663389e-03  1.29917433e-02  1.00000000e-04
  0.00000000e+00  1.00000000e-04]
	[RESULT 28] [ 1.52020949e-02 -5.40383150e-03  1.47982634e-02  1.00000000e-04
  0.00000000e+00  1.00000000e-04]
	[RESULT 29] [0.00964372 0.01454274 0.00489902 0.005      0.0011     0.0061    ]
	[RESULT 30] [1.69917053e-02 1.56621277e-02 1.23461669e-02 1.00000000e-04
 0.00000000e+00 1.00000000e-04]
