[METRICS]
	[DISEQUILIBRIUM COUNT] 175
[VARIABLES]
	[RESULT 1] [29 364.68754564857437 10 1.9973326524265327]
	[RESULT 2] [25 10.353324858835592 10 1.8351396852174486]
	[RESULT 3] [39 13.464824595016513 10 1.9923495755393992]
	[RESULT 4] [47 387.47646505714283 4 0.11313191093393603]
	[RESULT 5] [28 83.58052282478297 10 1.963093686918378]
	[RESULT 6] [22 10.009659437035733 9 0.10992105880074193]
	[RESULT 7] [19 36.64874677201442 10 1.9330599207306187]
	[RESULT 8] [54 164.32002068891558 10 1.9988900035591475]
	[RESULT 9] [1 10.004913061598328 1 0.14191799830124643]
	[RESULT 10] [15 10.048466359506282 2 0.14676842436047027]
	[RESULT 11] [39 10.000642027277102 1 0.10245746447326923]
	[RESULT 12] [1 10.004913061598328 1 0.11176206079383823]
	[RESULT 13] [2 193.91494379453877 10 1.9939779623754583]
	[RESULT 14] [47 9999.713091258185 10 1.9988210182040196]
	[RESULT 15] [79 10.000821797118816 1 0.1021389059397145]
	[RESULT 16] [1 10.04659373182525 10 1.9938367353535655]
	[RESULT 17] [100 7747.324822009719 10 1.959874772413286]
	[RESULT 18] [1 10.00245772074793 1 1.6907508929174588]
	[RESULT 19] [74 9999.882303948229 10 1.9153896034029716]
	[RESULT 20] [1 10.004913061598328 1 0.13098554703985546]
	[RESULT 21] [17 136.87142031307485 10 1.9998931152164983]
	[RESULT 22] [1 9819.44668127727 10 1.9988210182040196]
	[RESULT 23] [100 10.06761007473942 2 1.9814373978430766]
	[RESULT 24] [1 9956.936071619004 1 0.11169361064667764]
	[RESULT 25] [28 9722.827709589039 1 0.11169361064667764]
	[RESULT 26] [8 10.000633449242404 10 1.9040891116681264]
	[RESULT 27] [20 9296.33288966448 10 1.9984450917017693]
	[RESULT 28] [54 35.23629408490824 10 1.9906883165698106]
	[RESULT 29] [54 10.000549333569552 10 0.10009531344360319]
	[RESULT 30] [1 10.00161486379973 1 0.1423378398720545]
[OBJECTIVES]
	[RESULT 1] [0.01113602 0.02222968 0.0116343  0.0029     0.         0.0029    ]
	[RESULT 2] [0.01150165 0.00208472 0.01858637 0.0025     0.         0.0025    ]
	[RESULT 3] [0.01064104 0.00455512 0.02019616 0.0039     0.         0.0039    ]
	[RESULT 4] [0.01463065 0.01550284 0.01486651 0.0047     0.         0.0047    ]
	[RESULT 5] [0.01122061 0.01315624 0.02062315 0.0028     0.         0.0028    ]
	[RESULT 6] [ 0.01499235 -0.00498228  0.01501007  0.0022      0.          0.0022    ]
	[RESULT 7] [0.01170112 0.00685813 0.02355925 0.0019     0.         0.0019    ]
	[RESULT 8] [0.00988445 0.02040096 0.01471459 0.005      0.0004     0.0054    ]
	[RESULT 9] [ 1.69970984e-02 -8.99296868e-03  1.30041298e-02  1.00000000e-04
  0.00000000e+00  1.00000000e-04]
	[RESULT 10] [ 0.01626249 -0.00751286  0.01374962  0.0015      0.          0.0015    ]
	[RESULT 11] [ 0.01515294 -0.00530573  0.01484722  0.0039      0.          0.0039    ]
	[RESULT 12] [ 1.70397362e-02 -9.07824410e-03  1.29614921e-02  1.00000000e-04
  0.00000000e+00  1.00000000e-04]
	[RESULT 13] [0.0124894  0.01621575 0.01629485 0.0002     0.         0.0002    ]
	[RESULT 14] [0.01023452 0.01571682 0.0054823  0.0047     0.         0.0047    ]
	[RESULT 15] [ 0.0131534  -0.00130659  0.01684681  0.005       0.0029      0.0079    ]
	[RESULT 16] [ 1.25395426e-02 -6.74421670e-05  1.74721004e-02  1.00000000e-04
  0.00000000e+00  1.00000000e-04]
	[RESULT 17] [0.00762387 0.01056673 0.00294286 0.005      0.005      0.01      ]
	[RESULT 18] [ 1.51029672e-02 -5.20532001e-03  1.48976472e-02  1.00000000e-04
  0.00000000e+00  1.00000000e-04]
	[RESULT 19] [0.00896914 0.01318605 0.00421691 0.005      0.0024     0.0074    ]
	[RESULT 20] [ 1.70125266e-02 -9.02382497e-03  1.29887016e-02  1.00000000e-04
  0.00000000e+00  1.00000000e-04]
	[RESULT 21] [0.01173344 0.01551366 0.0177529  0.0017     0.         0.0017    ]
	[RESULT 22] [1.25345206e-02 2.03213258e-02 7.78680514e-03 1.00000000e-04
 0.00000000e+00 1.00000000e-04]
	[RESULT 23] [0.00982428 0.00536834 0.02019262 0.005      0.005      0.01      ]
	[RESULT 24] [1.70398332e-02 1.56715015e-02 1.22886653e-02 1.00000000e-04
 0.00000000e+00 1.00000000e-04]
	[RESULT 25] [0.01568983 0.01836556 0.0109446  0.0028     0.         0.0028    ]
	[RESULT 26] [0.01228069 0.00043878 0.01771947 0.0008     0.         0.0008    ]
	[RESULT 27] [0.0115849  0.01843614 0.00685124 0.002      0.         0.002     ]
	[RESULT 28] [0.00989272 0.0102523  0.02485498 0.005      0.0004     0.0054    ]
	[RESULT 29] [0.0121563  0.00068754 0.01784384 0.005      0.0004     0.0054    ]
	[RESULT 30] [ 1.69965066e-02 -8.99260952e-03  1.30038971e-02  1.00000000e-04
  0.00000000e+00  1.00000000e-04]
