[METRICS]
	[DISEQUILIBRIUM COUNT] 162
[VARIABLES]
	[RESULT 1] [34 505.2526791880407 10 1.9838948250886546]
	[RESULT 2] [1 10.472613702011872 10 1.9833422128009544]
	[RESULT 3] [79 7147.825170466663 10 1.9970257167820507]
	[RESULT 4] [40 10.014996696305634 9 1.9722427546464765]
	[RESULT 5] [100 10.00977009235796 6 0.10808436094558561]
	[RESULT 6] [72 574.3358591385417 10 1.9870514545662734]
	[RESULT 7] [50 8589.802861809363 10 1.9969967750194566]
	[RESULT 8] [1 10.000023340977394 5 0.11825902876626274]
	[RESULT 9] [1 526.3151682160383 10 1.9890190252322917]
	[RESULT 10] [46 10.00169943752362 6 0.10050366573564999]
	[RESULT 11] [1 10.000017620465261 5 0.13699518708785297]
	[RESULT 12] [1 10.004037140492773 6 1.5060179017486393]
	[RESULT 13] [16 10.003285179402539 6 0.10037516815377551]
	[RESULT 14] [51 181.09846202525205 10 1.9816299212001083]
	[RESULT 15] [64 10.00169943752362 6 0.16696416769944128]
	[RESULT 16] [21 10.76265123067445 10 1.967364078080157]
	[RESULT 17] [21 8745.175053506853 10 1.9975641158609323]
	[RESULT 18] [27 566.6910037206784 6 0.18711537691122956]
	[RESULT 19] [2 10.000023340977394 5 0.11825902876626274]
	[RESULT 20] [16 732.7641995212323 6 1.9819894943295926]
	[RESULT 21] [100 9162.434255584305 10 1.994074636017643]
	[RESULT 22] [1 10.000132722583597 5 0.12986521406251755]
	[RESULT 23] [15 10.868251199019381 9 1.985176446016422]
	[RESULT 24] [25 168.22051920897206 10 1.9514087911316975]
	[RESULT 25] [1 9564.527824961344 1 0.10045139759201976]
	[RESULT 26] [73 17.26403005816175 10 1.9891422697038963]
	[RESULT 27] [13 45.591884357530844 10 1.9836902208183342]
	[RESULT 28] [52 27.233113972706974 10 1.8896683928312008]
	[RESULT 29] [30 10.00000134371014 6 0.1348494565486961]
	[RESULT 30] [1 105.73519789426543 10 1.9889654566725898]
[OBJECTIVES]
	[RESULT 1] [0.01089957 0.02099904 0.01009947 0.0034     0.         0.0034    ]
	[RESULT 2] [1.25501301e-02 1.73374108e-05 1.75674675e-02 1.00000000e-04
 0.00000000e+00 1.00000000e-04]
	[RESULT 3] [0.00863633 0.01261807 0.00398174 0.005      0.0029     0.0079    ]
	[RESULT 4] [0.01186135 0.00128105 0.0181424  0.004      0.         0.004     ]
	[RESULT 5] [0.01184495 0.00131254 0.01815749 0.005      0.005      0.01      ]
	[RESULT 6] [0.00899639 0.01675593 0.00775954 0.005      0.0022     0.0072    ]
	[RESULT 7] [0.01008636 0.01546074 0.00537438 0.005      0.         0.005     ]
	[RESULT 8] [ 1.68638619e-02 -8.72771795e-03  1.31361439e-02  1.00000000e-04
  0.00000000e+00  1.00000000e-04]
	[RESULT 9] [1.25444007e-02 2.08548324e-02 1.16007669e-02 1.00000000e-04
 0.00000000e+00 1.00000000e-04]
	[RESULT 10] [ 0.01455572 -0.00411101  0.01544471  0.0046      0.          0.0046    ]
	[RESULT 11] [ 1.68373748e-02 -8.67474529e-03  1.31626296e-02  1.00000000e-04
  0.00000000e+00  1.00000000e-04]
	[RESULT 12] [ 1.50521010e-02 -5.10319281e-03  1.49489082e-02  1.00000000e-04
  0.00000000e+00  1.00000000e-04]
	[RESULT 13] [ 0.0160559  -0.00711098  0.01394492  0.0016      0.          0.0016    ]
	[RESULT 14] [0.01005186 0.02067454 0.0142736  0.005      0.0001     0.0051    ]
	[RESULT 15] [ 0.01356188 -0.00212333  0.01643855  0.005       0.0014      0.0064    ]
	[RESULT 16] [0.01156629 0.00205665 0.01862293 0.0021     0.         0.0021    ]
	[RESULT 17] [0.01153579 0.01835453 0.00681875 0.0021     0.         0.0021    ]
	[RESULT 18] [0.01538367 0.0154257  0.01419063 0.0027     0.         0.0027    ]
	[RESULT 19] [ 0.01681386 -0.00862772  0.01318614  0.0002      0.          0.0002    ]
	[RESULT 20] [0.0138015  0.01935847 0.01184003 0.0016     0.         0.0016    ]
	[RESULT 21] [0.0075893 0.0104488 0.0028595 0.005     0.005     0.01     ]
	[RESULT 22] [ 1.68474428e-02 -8.69485251e-03  1.31525903e-02  1.00000000e-04
  0.00000000e+00  1.00000000e-04]
	[RESULT 23] [ 0.01309828 -0.00098136  0.01711692  0.0015      0.          0.0015    ]
	[RESULT 24] [0.01138246 0.01755343 0.01606411 0.0025     0.         0.0025    ]
	[RESULT 25] [1.70557940e-02 1.56294661e-02 1.23147399e-02 1.00000000e-04
 0.00000000e+00 1.00000000e-04]
	[RESULT 26] [0.00894428 0.00880447 0.02274875 0.005      0.0023     0.0073    ]
	[RESULT 27] [0.01194978 0.00766276 0.02461254 0.0013     0.         0.0013    ]
	[RESULT 28] [0.01009546 0.00848404 0.02357951 0.005      0.0002     0.0052    ]
	[RESULT 29] [ 0.01530707 -0.00561414  0.01469293  0.003       0.          0.003     ]
	[RESULT 30] [1.25444547e-02 1.21387326e-02 2.03168126e-02 1.00000000e-04
 0.00000000e+00 1.00000000e-04]
