[METRICS]
	[DISEQUILIBRIUM COUNT] 191
[VARIABLES]
	[RESULT 1] [36 740.9265493466555 3 0.16002987858330367]
	[RESULT 2] [35 117.75585608870011 10 1.6281137660490843]
	[RESULT 3] [23 33.59902943808595 10 1.9254907403556567]
	[RESULT 4] [1 10.009184369648207 5 1.6646484476794443]
	[RESULT 5] [13 10.162201664104643 10 1.6664625956033092]
	[RESULT 6] [1 10.000776272928494 5 0.1041952867465122]
	[RESULT 7] [1 207.8388050913457 10 1.9883767668338217]
	[RESULT 8] [69 10.000577242674353 6 0.154554216833689]
	[RESULT 9] [17 358.28035541940164 6 1.9237581417996195]
	[RESULT 10] [45 10.004362464075662 10 0.19403744533452041]
	[RESULT 11] [39 10.003593853999005 5 0.1638442148494146]
	[RESULT 12] [12 78.77535259228868 10 1.8831140674616078]
	[RESULT 13] [2 10.00008606871187 2 0.14255177853703696]
	[RESULT 14] [1 10.00910149503908 3 0.1041952867465122]
	[RESULT 15] [1 9115.480935190808 7 0.1361628981702585]
	[RESULT 16] [69 10.224791446396548 10 1.1109357024511053]
	[RESULT 17] [59 254.86158076609183 5 0.14514275822762013]
	[RESULT 18] [100 10.180860165920981 10 1.1174195943286547]
	[RESULT 19] [91 207.54220437384794 10 1.9939038121483552]
	[RESULT 20] [1 17.98551294434874 10 1.949184246088311]
	[RESULT 21] [43 454.9304772392585 10 1.9469796341511296]
	[RESULT 22] [23 10.00175742601369 5 0.3671754745943343]
	[RESULT 23] [43 38.79650257144688 10 1.9468926643078444]
	[RESULT 24] [99 10.011289930100613 5 1.1150971441295998]
	[RESULT 25] [55 9558.402669855699 10 1.9925263006690188]
	[RESULT 26] [20 7956.551679264202 10 1.960486455875401]
	[RESULT 27] [23 10.00061987533079 10 1.6526718359865378]
	[RESULT 28] [1 909.9297175534628 10 1.9907660859816372]
	[RESULT 29] [100 8664.852796249586 10 1.974176123904183]
	[RESULT 30] [1 10.000545263419587 2 0.10811709123153808]
[OBJECTIVES]
	[RESULT 1] [0.01515911 0.01667309 0.0131678  0.0036     0.         0.0036    ]
	[RESULT 2] [0.01121978 0.01552709 0.01825313 0.0035     0.         0.0035    ]
	[RESULT 3] [0.01150883 0.00675565 0.02326448 0.0023     0.         0.0023    ]
	[RESULT 4] [ 1.49640552e-02 -4.92581443e-03  1.50382407e-02  1.00000000e-04
  0.00000000e+00  1.00000000e-04]
	[RESULT 5] [0.01227879 0.00048291 0.0177617  0.0013     0.         0.0013    ]
	[RESULT 6] [ 1.68838081e-02 -8.76742223e-03  1.31163859e-02  1.00000000e-04
  0.00000000e+00  1.00000000e-04]
	[RESULT 7] [1.25450486e-02 1.65161006e-02 1.59388508e-02 1.00000000e-04
 0.00000000e+00 1.00000000e-04]
	[RESULT 8] [ 0.01332931 -0.00165847  0.01667084  0.005       0.0019      0.0069    ]
	[RESULT 9] [0.0138106  0.01680194 0.01438746 0.0017     0.         0.0017    ]
	[RESULT 10] [1.24740011e-02 5.30883362e-05 1.75270895e-02 4.50000000e-03
 0.00000000e+00 4.50000000e-03]
	[RESULT 11] [ 0.01489959 -0.00479828  0.01510131  0.0039      0.          0.0039    ]
	[RESULT 12] [0.01210219 0.01098303 0.02191478 0.0012     0.         0.0012    ]
	[RESULT 13] [ 0.01691843 -0.00883683  0.01308159  0.0002      0.          0.0002    ]
	[RESULT 14] [ 1.69879748e-02 -8.97367447e-03  1.30143004e-02  1.00000000e-04
  0.00000000e+00  1.00000000e-04]
	[RESULT 15] [1.66302160e-02 1.64679906e-02 1.19017934e-02 1.00000000e-04
 0.00000000e+00 1.00000000e-04]
	[RESULT 16] [0.01010021 0.00485566 0.01995587 0.005      0.0019     0.0069    ]
	[RESULT 17] [0.01392589 0.01489894 0.01617517 0.005      0.0009     0.0059    ]
	[RESULT 18] [0.00854259 0.00795994 0.02150254 0.005      0.005      0.01      ]
	[RESULT 19] [0.00803947 0.01948112 0.01144164 0.005      0.0041     0.0091    ]
	[RESULT 20] [1.25847196e-02 1.67930720e-03 1.92640268e-02 1.00000000e-04
 0.00000000e+00 1.00000000e-04]
	[RESULT 21] [0.01048696 0.02056166 0.0100747  0.0043     0.         0.0043    ]
	[RESULT 22] [ 0.01541979 -0.00583913  0.01458065  0.0023      0.          0.0023    ]
	[RESULT 23] [0.01048705 0.00961544 0.02489751 0.0043     0.         0.0043    ]
	[RESULT 24] [0.01067865 0.00364552 0.01932417 0.005      0.0049     0.0099    ]
	[RESULT 25] [0.00984086 0.01494084 0.00509997 0.005      0.0005     0.0055    ]
	[RESULT 26] [0.01162325 0.0185572  0.00693394 0.002      0.         0.002     ]
	[RESULT 27] [0.0117935  0.00141316 0.01820666 0.0023     0.         0.0023    ]
	[RESULT 28] [1.25426385e-02 2.24145472e-02 1.00428143e-02 1.00000000e-04
 0.00000000e+00 1.00000000e-04]
	[RESULT 29] [0.00760939 0.01050434 0.00289495 0.005      0.005      0.01      ]
	[RESULT 30] [ 1.70171293e-02 -9.03412220e-03  1.29830071e-02  1.00000000e-04
  0.00000000e+00  1.00000000e-04]
