[METRICS]
	[DISEQUILIBRIUM COUNT] 212
[VARIABLES]
	[RESULT 1] [20 10.0314358451224 6 0.25822652981330363]
	[RESULT 2] [49 13.214105198650515 10 1.7977739198980451]
	[RESULT 3] [1 10.050250043510518 10 1.989239503453228]
	[RESULT 4] [15 171.20776732908567 10 1.8882517896413857]
	[RESULT 5] [15 10.090614815259352 10 1.8768801476135104]
	[RESULT 6] [20 8734.87139100228 10 1.9934839868148013]
	[RESULT 7] [75 9546.156532290403 10 1.6544748383677772]
	[RESULT 8] [26 1538.7797225591848 6 0.11093749514665442]
	[RESULT 9] [40 10.000308852830578 5 0.4202627515524483]
	[RESULT 10] [65 31.002570080168752 10 1.9939223111099111]
	[RESULT 11] [1 10.000298314360162 3 0.11547326024811391]
	[RESULT 12] [49 512.852378270235 10 1.7295673122322723]
	[RESULT 13] [1 10.000030213806443 4 0.11087871367236238]
	[RESULT 14] [1 9642.751675813175 10 1.9999837712985764]
	[RESULT 15] [1 10.000086238306995 4 1.652685040718177]
	[RESULT 16] [18 81.72813625206335 10 1.7464455709741196]
	[RESULT 17] [100 9103.420477224174 10 1.996494433415523]
	[RESULT 18] [1 8887.427393198574 5 0.23142296902772852]
	[RESULT 19] [99 21.386748392457775 10 1.6223414141577137]
	[RESULT 20] [99 10.295884357525182 7 1.8347974972036145]
	[RESULT 21] [70 10.021394144245791 3 0.12171998085421835]
	[RESULT 22] [1 10.000308852830578 3 0.14837142474058765]
	[RESULT 23] [10 10.000004229667955 4 1.753112804471217]
	[RESULT 24] [27 8734.87139100228 10 1.9934839868148013]
	[RESULT 25] [1 210.65859221626587 10 1.794943122487659]
	[RESULT 26] [28 12.960678467619488 10 1.7150699013245507]
	[RESULT 27] [1 10.000030213806443 4 0.10948932356109474]
	[RESULT 28] [74 172.09241511263008 10 1.9990009127063786]
	[RESULT 29] [22 10.000086238306995 4 1.9106687662041717]
	[RESULT 30] [7 882.0312253212936 10 1.989239503453228]
[OBJECTIVES]
	[RESULT 1] [ 0.015635   -0.00626214  0.01437286  0.002       0.          0.002     ]
	[RESULT 2] [0.01034045 0.0050976  0.02043805 0.0049     0.         0.0049    ]
	[RESULT 3] [ 1.25441783e-02 -7.58003592e-05  1.74683779e-02  1.00000000e-04
  0.00000000e+00  1.00000000e-04]
	[RESULT 4] [0.01194692 0.01653524 0.01651784 0.0015     0.         0.0015    ]
	[RESULT 5] [0.01195859 0.00110545 0.01806404 0.0015     0.         0.0015    ]
	[RESULT 6] [0.0115899  0.01846309 0.00687319 0.002      0.         0.002     ]
	[RESULT 7] [0.00919157 0.01364259 0.00445101 0.005      0.0025     0.0075    ]
	[RESULT 8] [0.01554091 0.0173833  0.0120758  0.0026     0.         0.0026    ]
	[RESULT 9] [ 0.01449853 -0.00399698  0.01550155  0.004       0.          0.004     ]
	[RESULT 10] [0.00933946 0.01066037 0.02499983 0.005      0.0015     0.0065    ]
	[RESULT 11] [ 1.69719751e-02 -8.94387571e-03  1.30280994e-02  1.00000000e-04
  0.00000000e+00  1.00000000e-04]
	[RESULT 12] [0.01041192 0.0199708  0.00955887 0.0049     0.         0.0049    ]
	[RESULT 13] [ 1.69338461e-02 -8.86768465e-03  1.30661615e-02  1.00000000e-04
  0.00000000e+00  1.00000000e-04]
	[RESULT 14] [1.25333497e-02 2.03235640e-02 7.79021434e-03 1.00000000e-04
 0.00000000e+00 1.00000000e-04]
	[RESULT 15] [ 1.50363412e-02 -5.07266075e-03  1.49636804e-02  1.00000000e-04
  0.00000000e+00  1.00000000e-04]
	[RESULT 16] [0.01194416 0.01155379 0.02150205 0.0018     0.         0.0018    ]
	[RESULT 17] [0.00758686 0.01044566 0.0028588  0.005      0.005      0.01      ]
	[RESULT 18] [1.67053601e-02 1.63108036e-02 1.19838363e-02 1.00000000e-04
 0.00000000e+00 1.00000000e-04]
	[RESULT 19] [0.00802597 0.01150374 0.02452971 0.005      0.0049     0.0099    ]
	[RESULT 20] [0.00967701 0.00571974 0.02039675 0.005      0.0049     0.0099    ]
	[RESULT 21] [ 0.01351313 -0.00202091  0.01649222  0.005       0.002       0.007     ]
	[RESULT 22] [ 1.69255068e-02 -8.85093640e-03  1.30745704e-02  1.00000000e-04
  0.00000000e+00  1.00000000e-04]
	[RESULT 23] [ 0.01448001 -0.00396003  0.01551999  0.001       0.          0.001     ]
	[RESULT 24] [0.0112399  0.01776309 0.00652319 0.0027     0.         0.0027    ]
	[RESULT 25] [1.27434039e-02 1.61981130e-02 1.60584831e-02 1.00000000e-04
 0.00000000e+00 1.00000000e-04]
	[RESULT 26] [0.01147722 0.00276445 0.01924167 0.0028     0.         0.0028    ]
	[RESULT 27] [ 1.69358170e-02 -8.87162654e-03  1.30641905e-02  1.00000000e-04
  0.00000000e+00  1.00000000e-04]
	[RESULT 28] [0.00888434 0.0223073  0.01342296 0.005      0.0024     0.0074    ]
	[RESULT 29] [ 0.01371682 -0.00243361  0.0162832   0.0022      0.          0.0022    ]
	[RESULT 30] [0.01224418 0.02206029 0.00981611 0.0007     0.         0.0007    ]
