[METRICS]
	[DISEQUILIBRIUM COUNT] 188
[VARIABLES]
	[RESULT 1] [3 10.410165276392274 10 1.906513681203249]
	[RESULT 2] [25 103.34182005883027 10 1.8637786675073977]
	[RESULT 3] [22 10.014973326612791 10 1.8932303786677827]
	[RESULT 4] [1 10.046303988165354 4 0.10904930221679937]
	[RESULT 5] [47 571.8878108585075 4 0.11024438665051746]
	[RESULT 6] [68 10.38293611493612 10 1.5177625690862253]
	[RESULT 7] [100 4852.737001058958 10 1.884312452889922]
	[RESULT 8] [44 11.064985900440197 10 1.9184977965087004]
	[RESULT 9] [22 10.015255070277458 4 1.8932303786677827]
	[RESULT 10] [1 10.024427729824849 4 0.10134827941080318]
	[RESULT 11] [2 10.000576038955733 4 1.5826579798326705]
	[RESULT 12] [1 7064.45323568943 4 0.10904930221679937]
	[RESULT 13] [22 789.0799965638402 4 0.1000953604092938]
	[RESULT 14] [8 81.33468864170345 10 1.884312452889922]
	[RESULT 15] [72 472.69171216103354 10 1.713417121369457]
	[RESULT 16] [50 1427.9750716960068 10 1.9617124661453247]
	[RESULT 17] [97 10.042519611462613 10 1.7307137752591875]
	[RESULT 18] [92 10.002667052192546 4 0.11945264169490474]
	[RESULT 19] [45 10.048335824424441 4 0.15555040255367675]
	[RESULT 20] [1 6687.244170161754 10 1.9693335818879196]
	[RESULT 21] [19 6611.41483182263 10 1.9630723938602106]
	[RESULT 22] [60 113.62895878161277 10 1.6179449893010995]
	[RESULT 23] [2 10.024151458805402 3 0.10041249488875842]
	[RESULT 24] [81 4852.737001058958 10 1.884312452889922]
	[RESULT 25] [1 295.2272300907032 10 0.11346535976608196]
	[RESULT 26] [33 6759.613153789599 10 1.9719049744873622]
	[RESULT 27] [1 10.046128376242347 4 0.11717891724842613]
	[RESULT 28] [23 10.023989064198453 3 0.10008382689262611]
	[RESULT 29] [25 394.38598492082315 10 1.8637786675073977]
	[RESULT 30] [1 48.404425948258194 4 1.6179449893010995]
[OBJECTIVES]
	[RESULT 1] [1.25282080e-02 4.57064759e-05 1.75739145e-02 3.00000000e-04
 0.00000000e+00 3.00000000e-04]
	[RESULT 2] [0.01147208 0.01412538 0.01940254 0.0025     0.         0.0025    ]
	[RESULT 3] [0.01159181 0.00182012 0.01841193 0.0022     0.         0.0022    ]
	[RESULT 4] [ 1.69364414e-02 -8.86131208e-03  1.30751293e-02  1.00000000e-04
  0.00000000e+00  1.00000000e-04]
	[RESULT 5] [0.01463475 0.01695343 0.01341182 0.0047     0.         0.0047    ]
	[RESULT 6] [0.00968925 0.00571687 0.02040612 0.005      0.0018     0.0068    ]
	[RESULT 7] [0.00770096 0.01090771 0.00320675 0.005      0.005      0.01      ]
	[RESULT 8] [0.01046596 0.00433152 0.01979748 0.0044     0.         0.0044    ]
	[RESULT 9] [ 0.01373467 -0.00246552  0.01626915  0.0022      0.          0.0022    ]
	[RESULT 10] [ 1.69473766e-02 -8.88864768e-03  1.30587289e-02  1.00000000e-04
  0.00000000e+00  1.00000000e-04]
	[RESULT 11] [ 0.01506157 -0.005123    0.01493857  0.0002      0.          0.0002    ]
	[RESULT 12] [1.69364414e-02 1.57776846e-02 1.22858741e-02 1.00000000e-04
 0.00000000e+00 1.00000000e-04]
	[RESULT 13] [0.01589916 0.0153578  0.01374304 0.0022     0.         0.0022    ]
	[RESULT 14] [0.01230096 0.01080676 0.02189228 0.0008     0.         0.0008    ]
	[RESULT 15] [0.00927897 0.01800086 0.0087219  0.005      0.0022     0.0072    ]
	[RESULT 16] [0.01012201 0.01689095 0.00676894 0.005      0.         0.005     ]
	[RESULT 17] [0.00801071 0.0089892  0.02199991 0.005      0.0047     0.0097    ]
	[RESULT 18] [0.0123717  0.00025728 0.01762897 0.005      0.0042     0.0092    ]
	[RESULT 19] [ 0.01467076 -0.00432945  0.01534131  0.0045      0.          0.0045    ]
	[RESULT 20] [1.25642918e-02 2.04974652e-02 7.93317333e-03 1.00000000e-04
 0.00000000e+00 1.00000000e-04]
	[RESULT 21] [0.01167063 0.01871432 0.00704369 0.0019     0.         0.0019    ]
	[RESULT 22] [0.00998069 0.01776138 0.01725792 0.005      0.001      0.006     ]
	[RESULT 23] [ 0.01694335 -0.00888066  0.01306269  0.0002      0.          0.0002    ]
	[RESULT 24] [0.00865096 0.01280771 0.00415675 0.005      0.0031     0.0081    ]
	[RESULT 25] [1.47873211e-02 1.39356816e-02 1.62769973e-02 1.00000000e-04
 0.00000000e+00 1.00000000e-04]
	[RESULT 26] [0.01096169 0.01728836 0.00632667 0.0033     0.         0.0033    ]
	[RESULT 27] [ 1.69249156e-02 -8.83830449e-03  1.30866111e-02  1.00000000e-04
  0.00000000e+00  1.00000000e-04]
	[RESULT 28] [ 0.01589382 -0.00678164  0.01411218  0.0023      0.          0.0023    ]
	[RESULT 29] [0.01147208 0.02189468 0.01163325 0.0025     0.         0.0025    ]
	[RESULT 30] [1.50735497e-02 1.78989435e-03 2.18634441e-02 1.00000000e-04
 0.00000000e+00 1.00000000e-04]
