[METRICS]
	[DISEQUILIBRIUM COUNT] 180
[VARIABLES]
	[RESULT 1] [47 399.50930116952316 10 1.5333687453131932]
	[RESULT 2] [21 66.27666174425649 10 1.9908926032892296]
	[RESULT 3] [23 10.24554195120944 6 0.18750060109886682]
	[RESULT 4] [23 289.9930548563426 10 0.1581669748802676]
	[RESULT 5] [1 259.27656793993634 10 0.28717447675861096]
	[RESULT 6] [61 7426.287071096631 10 1.998309004027207]
	[RESULT 7] [1 24.841081663931288 10 1.9899762455923247]
	[RESULT 8] [73 1045.5103188306834 10 1.8198652042994035]
	[RESULT 9] [22 9981.751347384514 10 1.9909324536696256]
	[RESULT 10] [42 10.006463608558605 5 0.1052561206704762]
	[RESULT 11] [51 14.841521007735933 10 1.9964705260091569]
	[RESULT 12] [42 259.27656793993634 9 0.3120901672801935]
	[RESULT 13] [1 9878.103206559177 10 1.9909324536696256]
	[RESULT 14] [20 6135.6447906743015 2 0.40286543156104226]
	[RESULT 15] [19 10.01605657320278 10 1.529787776758059]
	[RESULT 16] [78 10.67306931983763 10 1.9264277698084433]
	[RESULT 17] [1 10.000198005014477 4 0.11035339110618461]
	[RESULT 18] [1 10.004727333301691 5 0.15015365358186716]
	[RESULT 19] [7 721.490348630695 10 1.9918670455745975]
	[RESULT 20] [1 7032.0483697963555 6 0.2725202448770295]
	[RESULT 21] [100 8792.938844332835 10 1.9956172651266666]
	[RESULT 22] [1 10.000010841079057 5 0.14608442703904848]
	[RESULT 23] [100 10.102414682883529 10 1.598498266927546]
	[RESULT 24] [1 35.526311943170406 10 0.3157917964929827]
	[RESULT 25] [9 10.004756469329196 6 1.9722176462986767]
	[RESULT 26] [1 10.00011542218953 3 0.18995552541514765]
	[RESULT 27] [12 46.16348209895687 10 1.8974355077243048]
	[RESULT 28] [73 10.006354463181285 6 0.254694764149729]
	[RESULT 29] [28 12.525072401194901 7 1.9909324536696256]
	[RESULT 30] [1 10.01605657320278 6 1.5260460040263792]
[OBJECTIVES]
	[RESULT 1] [0.01072222 0.02155159 0.01082937 0.0047     0.         0.0047    ]
	[RESULT 2] [0.01154251 0.01091771 0.02253978 0.0021     0.         0.0021    ]
	[RESULT 3] [ 0.01558313 -0.00610502  0.01447811  0.0023      0.          0.0023    ]
	[RESULT 4] [0.01362423 0.01617247 0.0152033  0.0023     0.         0.0023    ]
	[RESULT 5] [1.45452212e-02 1.37519059e-02 1.67028729e-02 1.00000000e-04
 0.00000000e+00 1.00000000e-04]
	[RESULT 6] [0.00953504 0.01440268 0.00486765 0.005      0.0011     0.0061    ]
	[RESULT 7] [1.25434351e-02 3.14391645e-03 2.06873516e-02 1.00000000e-04
 0.00000000e+00 1.00000000e-04]
	[RESULT 8] [0.00911748 0.01543662 0.00631914 0.005      0.0023     0.0073    ]
	[RESULT 9] [0.01149247 0.01823316 0.00674069 0.0022     0.         0.0022    ]
	[RESULT 10] [ 0.0148323  -0.00466299  0.01516931  0.0042      0.          0.0042    ]
	[RESULT 11] [0.01003689 0.00608071 0.0211176  0.005      0.0001     0.0051    ]
	[RESULT 12] [0.01371116 0.01542002 0.01586882 0.0042     0.         0.0042    ]
	[RESULT 13] [1.25424708e-02 2.03357415e-02 7.79327072e-03 1.00000000e-04
 0.00000000e+00 1.00000000e-04]
	[RESULT 14] [0.01566069 0.01827706 0.01106225 0.002      0.         0.002     ]
	[RESULT 15] [0.01212612 0.00075177 0.01787789 0.0019     0.         0.0019    ]
	[RESULT 16] [0.00875787 0.0076514  0.02140927 0.005      0.0028     0.0078    ]
	[RESULT 17] [ 1.69345912e-02 -8.86913299e-03  1.30654583e-02  1.00000000e-04
  0.00000000e+00  1.00000000e-04]
	[RESULT 18] [ 1.68188314e-02 -8.63648094e-03  1.31823504e-02  1.00000000e-04
  0.00000000e+00  1.00000000e-04]
	[RESULT 19] [0.01224153 0.02243619 0.01032228 0.0007     0.         0.0007    ]
	[RESULT 20] [1.65653287e-02 1.65183200e-02 1.19163513e-02 1.00000000e-04
 0.00000000e+00 1.00000000e-04]
	[RESULT 21] [0.00758775 0.01045693 0.00286919 0.005      0.005      0.01      ]
	[RESULT 22] [ 1.68245608e-02 -8.64911880e-03  1.31754420e-02  1.00000000e-04
  0.00000000e+00  1.00000000e-04]
	[RESULT 23] [0.00800162 0.00902234 0.02202396 0.005      0.005      0.01      ]
	[RESULT 24] [1.45061193e-02 1.07161826e-03 2.05777375e-02 1.00000000e-04
 0.00000000e+00 1.00000000e-04]
	[RESULT 25] [ 0.01416137 -0.00332156  0.01583982  0.0009      0.          0.0009    ]
	[RESULT 26] [ 1.68671990e-02 -8.73436915e-03  1.31328299e-02  1.00000000e-04
  0.00000000e+00  1.00000000e-04]
	[RESULT 27] [0.0120875  0.00746472 0.02455222 0.0012     0.         0.0012    ]
	[RESULT 28] [ 0.01298987 -0.00097814  0.01701172  0.005       0.0023      0.0073    ]
	[RESULT 29] [ 0.01306747 -0.00051922  0.01754825  0.0028      0.          0.0028    ]
	[RESULT 30] [ 1.50302031e-02 -5.05639276e-03  1.49738104e-02  1.00000000e-04
  0.00000000e+00  1.00000000e-04]
