[METRICS]
	[DISEQUILIBRIUM COUNT] 168
[VARIABLES]
	[RESULT 1] [1 9832.969006961905 10 1.9979159577526846]
	[RESULT 2] [97 128.2619649220951 10 1.9989775393515783]
	[RESULT 3] [20 9154.968546769656 10 1.9989233196145835]
	[RESULT 4] [29 421.80618398282684 1 1.3593678659443997]
	[RESULT 5] [31 9704.282098108679 10 1.9802133518375928]
	[RESULT 6] [100 12.346388317748309 10 1.9343881708261916]
	[RESULT 7] [24 10.254552906001374 10 1.9446962048386327]
	[RESULT 8] [71 531.4308957199395 10 1.937042512515828]
	[RESULT 9] [71 10.007580683235647 10 1.9374895799081118]
	[RESULT 10] [20 10.007580683235647 2 1.0076502641012062]
	[RESULT 11] [13 417.4692088888641 10 1.9601363181504934]
	[RESULT 12] [51 10.474406915876754 10 1.061784401633118]
	[RESULT 13] [22 141.05464428865787 10 1.9372929988099212]
	[RESULT 14] [28 10.007580683235647 2 1.8595621660283776]
	[RESULT 15] [100 9834.584863167047 10 1.9999606454784324]
	[RESULT 16] [1 10.000788483239724 2 1.037351086261064]
	[RESULT 17] [78 10.007580683235647 2 1.9206619189998997]
	[RESULT 18] [1 9417.119980170977 2 0.6535261912208692]
	[RESULT 19] [51 9126.312106241108 10 1.9997963659302904]
	[RESULT 20] [11 10.009133211026144 10 1.9981930781678934]
	[RESULT 21] [6 10.005807642824976 2 0.6252668764381069]
	[RESULT 22] [1 10.007580683235647 2 1.0196750703693567]
	[RESULT 23] [22 60.29967587012203 10 1.963024443606887]
	[RESULT 24] [47 182.7757400325457 1 1.9860901562445576]
	[RESULT 25] [6 14.817445664354636 10 1.9916933146088724]
	[RESULT 26] [1 10.003932370352407 9 1.1183543542432746]
	[RESULT 27] [3 10.003181157542073 2 0.5217018491002741]
	[RESULT 28] [37 34.668010696260374 10 1.9446962048386327]
	[RESULT 29] [43 145.00604591852652 10 1.937042512515828]
	[RESULT 30] [1 165.62601740660403 10 1.9492854451507453]
[OBJECTIVES]
	[RESULT 1] [1.25354322e-02 2.03228051e-02 7.78737294e-03 1.00000000e-04
 0.00000000e+00 1.00000000e-04]
	[RESULT 2] [0.00773436 0.02192285 0.01418849 0.005      0.0047     0.0097    ]
	[RESULT 3] [0.01158442 0.01843925 0.00685483 0.002      0.         0.002     ]
	[RESULT 4] [0.01406479 0.01698575 0.01394946 0.0029     0.         0.0029    ]
	[RESULT 5] [0.01105329 0.01736183 0.00630854 0.0031     0.         0.0031    ]
	[RESULT 6] [0.00764976 0.01027362 0.02292338 0.005      0.005      0.01      ]
	[RESULT 7] [0.01143928 0.00218492 0.0186242  0.0024     0.         0.0024    ]
	[RESULT 8] [0.00909706 0.0172171  0.00812004 0.005      0.0021     0.0071    ]
	[RESULT 9] [0.00909661 0.00680868 0.02090529 0.005      0.0021     0.0071    ]
	[RESULT 10] [ 0.01489488 -0.00478786  0.01510702  0.002       0.          0.002     ]
	[RESULT 11] [0.01197361 0.02112638 0.01190001 0.0013     0.         0.0013    ]
	[RESULT 12] [0.01105819 0.00300166 0.01905985 0.005      0.0001     0.0051    ]
	[RESULT 13] [0.01154681 0.01608643 0.01736676 0.0022     0.         0.0022    ]
	[RESULT 14] [ 0.01354864 -0.00209539  0.01645325  0.0028      0.          0.0028    ]
	[RESULT 15] [0.00758337 0.01041865 0.00283527 0.005      0.005      0.01      ]
	[RESULT 16] [ 1.58094323e-02 -6.61866749e-03  1.41907648e-02  1.00000000e-04
  0.00000000e+00  1.00000000e-04]
	[RESULT 17] [0.01098598 0.00302994 0.01901592 0.005      0.0028     0.0078    ]
	[RESULT 18] [1.62827393e-02 1.71715606e-02 1.15457001e-02 1.00000000e-04
 0.00000000e+00 1.00000000e-04]
	[RESULT 19] [0.01003354 0.01533833 0.0053048  0.005      0.0001     0.0051    ]
	[RESULT 20] [0.01203515 0.00093198 0.01796713 0.0011     0.         0.0011    ]
	[RESULT 21] [ 0.01606894 -0.00713642  0.01393251  0.0006      0.          0.0006    ]
	[RESULT 22] [ 1.58305049e-02 -6.65911485e-03  1.41713901e-02  1.00000000e-04
  0.00000000e+00  1.00000000e-04]
	[RESULT 23] [0.01152068 0.0103252  0.02315412 0.0022     0.         0.0022    ]
	[RESULT 24] [0.01249736 0.01584025 0.01666239 0.0047     0.         0.0047    ]
	[RESULT 25] [0.0122917  0.0015656  0.01885731 0.0006     0.         0.0006    ]
	[RESULT 26] [ 1.47414984e-02 -4.48201365e-03  1.52594847e-02  1.00000000e-04
  0.00000000e+00  1.00000000e-04]
	[RESULT 27] [ 0.01635326 -0.00770573  0.01364753  0.0003      0.          0.0003    ]
	[RESULT 28] [0.01078928 0.00836818 0.02415746 0.0037     0.         0.0037    ]
	[RESULT 29] [0.01049706 0.01836785 0.01613509 0.0043     0.         0.0043    ]
	[RESULT 30] [1.25846168e-02 1.50508542e-02 1.73645290e-02 1.00000000e-04
 0.00000000e+00 1.00000000e-04]
