[METRICS]
	[DISEQUILIBRIUM COUNT] 178
[VARIABLES]
	[RESULT 1] [15 103.98331713461045 10 1.9812611704745131]
	[RESULT 2] [38 10.565990487946907 2 0.12691575499275548]
	[RESULT 3] [58 10.22100303061336 10 1.9721450719540305]
	[RESULT 4] [21 10.575520155976998 10 0.15473396657970195]
	[RESULT 5] [1 7501.127780604682 3 0.10215095844806923]
	[RESULT 6] [100 7226.442545402413 10 1.98780754708694]
	[RESULT 7] [36 523.2580565731585 2 0.11561324406303697]
	[RESULT 8] [1 145.9200383824741 10 1.833395855637854]
	[RESULT 9] [19 14.237630381669533 10 1.905697663856353]
	[RESULT 10] [18 8141.742906374304 10 1.985870864623318]
	[RESULT 11] [76 336.2165866375176 10 1.9518584437396327]
	[RESULT 12] [2 10.00760566138792 2 0.1001749798688635]
	[RESULT 13] [1 967.4092393348285 10 1.9870317194255085]
	[RESULT 14] [65 119.53678273664445 10 1.895603691679266]
	[RESULT 15] [2 10.00760566138792 2 0.10038600253830654]
	[RESULT 16] [1 10.00760566138792 2 0.1001749798688635]
	[RESULT 17] [38 248.58352905101225 10 1.9949054441842877]
	[RESULT 18] [86 10.016669343963594 2 0.3514949854197317]
	[RESULT 19] [61 256.1669870287857 3 0.11159593086110975]
	[RESULT 20] [1 10.002329733345032 2 0.10004274914522254]
	[RESULT 21] [1 184.2221561085518 2 0.11351501939428542]
	[RESULT 22] [47 14.670196342755101 2 0.2539693595266019]
	[RESULT 23] [2 17.339207843799507 10 1.9136617345723659]
	[RESULT 24] [26 348.0016019473055 10 1.9500496618247325]
	[RESULT 25] [51 5035.768432290356 10 1.9936825266974378]
	[RESULT 26] [98 7226.442545402413 10 1.9875611570782346]
	[RESULT 27] [4 10.000098952661446 1 1.7538011976642522]
	[RESULT 28] [2 366.86001980905417 9 1.9139080363239074]
	[RESULT 29] [19 8074.41483493863 2 0.21421751773065564]
	[RESULT 30] [31 16.4868015929788 10 1.8990489853147565]
[OBJECTIVES]
	[RESULT 1] [0.01185223 0.01340783 0.01973994 0.0015     0.         0.0015    ]
	[RESULT 2] [ 0.0151405 -0.0051403  0.0150002  0.0038     0.         0.0038   ]
	[RESULT 3] [0.00971145 0.00563224 0.02034368 0.005      0.0008     0.0058    ]
	[RESULT 4] [ 0.01372905 -0.00231505  0.016414    0.0021      0.          0.0021    ]
	[RESULT 5] [1.69908789e-02 1.56889105e-02 1.23202107e-02 1.00000000e-04
 0.00000000e+00 1.00000000e-04]
	[RESULT 6] [0.00759562 0.01053294 0.00293732 0.005      0.005      0.01      ]
	[RESULT 7] [0.0152565  0.01541041 0.01433309 0.0036     0.         0.0036    ]
	[RESULT 8] [1.27034564e-02 1.39962765e-02 1.83002671e-02 1.00000000e-04
 0.00000000e+00 1.00000000e-04]
	[RESULT 9] [0.01172904 0.00255825 0.0192873  0.0019     0.         0.0019    ]
	[RESULT 10] [0.01169758 0.01869886 0.00700128 0.0018     0.         0.0018    ]
	[RESULT 11] [0.008832   0.01852957 0.00969757 0.005      0.0026     0.0076    ]
	[RESULT 12] [ 0.01697841 -0.00895492  0.01302349  0.0002      0.          0.0002    ]
	[RESULT 13] [1.25464058e-02 2.24570807e-02 9.91067491e-03 1.00000000e-04
 0.00000000e+00 1.00000000e-04]
	[RESULT 14] [0.00943938 0.01919017 0.01637046 0.005      0.0015     0.0065    ]
	[RESULT 15] [ 0.01697811 -0.00895432  0.01302379  0.0002      0.          0.0002    ]
	[RESULT 16] [ 1.70284091e-02 -9.05491703e-03  1.29734921e-02  1.00000000e-04
  0.00000000e+00  1.00000000e-04]
	[RESULT 17] [0.01068847 0.02123937 0.01307217 0.0038     0.         0.0038    ]
	[RESULT 18] [0.01242986 0.00014445 0.01757431 0.005      0.0036     0.0086    ]
	[RESULT 19] [0.01397747 0.01482311 0.01619942 0.005      0.0011     0.0061    ]
	[RESULT 20] [ 1.70285971e-02 -9.05661178e-03  1.29719853e-02  1.00000000e-04
  0.00000000e+00  1.00000000e-04]
	[RESULT 21] [1.70094729e-02 6.86435834e-03 2.11261688e-02 1.00000000e-04
 0.00000000e+00 1.00000000e-04]
	[RESULT 22] [ 0.01451309 -0.00291072  0.01660237  0.0047      0.          0.0047    ]
	[RESULT 23] [0.0125709  0.00156755 0.01913845 0.0002     0.         0.0002    ]
	[RESULT 24] [0.01133384 0.02162458 0.01204158 0.0026     0.         0.0026    ]
	[RESULT 25] [0.0100397  0.01556713 0.00552743 0.005      0.0001     0.0051    ]
	[RESULT 26] [0.00769587 0.01073344 0.00303757 0.005      0.0048     0.0098    ]
	[RESULT 27] [ 0.01488643 -0.00477284  0.01511359  0.0004      0.          0.0004    ]
	[RESULT 28] [0.01382065 0.01688657 0.01429279 0.0002     0.         0.0002    ]
	[RESULT 29] [0.01596812 0.01775755 0.01127433 0.0019     0.         0.0019    ]
	[RESULT 30] [0.01113585 0.00425122 0.02038706 0.0031     0.         0.0031    ]
