[METRICS]
	[DISEQUILIBRIUM COUNT] 180
[VARIABLES]
	[RESULT 1] [1 9717.680474048837 10 1.989066172129921]
	[RESULT 2] [36 7809.054184464412 10 1.911138604223371]
	[RESULT 3] [25 104.32030598798605 10 1.8193863380947184]
	[RESULT 4] [25 12.085828395480554 10 1.817725534723745]
	[RESULT 5] [1 299.04526399593954 10 1.9068864395208256]
	[RESULT 6] [22 9886.744667082858 10 1.9905711449554135]
	[RESULT 7] [2 10.001789009031462 2 0.20842468384835813]
	[RESULT 8] [72 92.02171566231472 5 1.9182381611488795]
	[RESULT 9] [100 9056.506857438775 10 1.9998737208011979]
	[RESULT 10] [1 9072.680043983532 1 0.10529562992579826]
	[RESULT 11] [51 27.08428829838964 10 1.892093151930983]
	[RESULT 12] [13 8483.119245109263 2 0.5120949829083609]
	[RESULT 13] [58 1130.892136270817 10 1.9786431645155194]
	[RESULT 14] [72 10.345495625532596 4 1.682411218045173]
	[RESULT 15] [48 10.000728994261575 2 0.20842468384835813]
	[RESULT 16] [41 235.841400718641 4 1.8948266081830045]
	[RESULT 17] [1 10.010753982846511 2 0.20531870349697912]
	[RESULT 18] [42 12.378367369510618 10 1.9702803593323177]
	[RESULT 19] [1 10.000105260010608 1 1.8031185098659828]
	[RESULT 20] [100 10.9202312618838 10 1.9998737208011979]
	[RESULT 21] [24 10.000318877403199 2 0.22882998150085854]
	[RESULT 22] [99 10.00680177851986 2 1.8847070749478234]
	[RESULT 23] [18 50.662939434942245 10 1.9905711449554135]
	[RESULT 24] [75 133.3570325214314 10 1.998981321306802]
	[RESULT 25] [81 9349.063301108077 10 1.971595772239146]
	[RESULT 26] [1 10.010725693354708 2 0.20534905860908823]
	[RESULT 27] [29 676.5646281317136 1 0.6917388497872339]
	[RESULT 28] [2 10.000105260010608 10 1.999153383515515]
	[RESULT 29] [1 69.73827335665919 10 1.934691039697016]
	[RESULT 30] [2 10.000006673002215 2 0.12509739344963888]
[OBJECTIVES]
	[RESULT 1] [1.25443531e-02 2.03436085e-02 7.79925540e-03 1.00000000e-04
 0.00000000e+00 1.00000000e-04]
	[RESULT 2] [0.01087348 0.01706345 0.00618997 0.0036     0.         0.0036    ]
	[RESULT 3] [0.01151798 0.01409868 0.01938334 0.0025     0.         0.0025    ]
	[RESULT 4] [0.0115197  0.00247139 0.0189911  0.0025     0.         0.0025    ]
	[RESULT 5] [1.26278267e-02 1.83183590e-02 1.40538142e-02 1.00000000e-04
 0.00000000e+00 1.00000000e-04]
	[RESULT 6] [0.01149284 0.01823625 0.00674342 0.0022     0.         0.0022    ]
	[RESULT 7] [ 0.01682618 -0.00865191  0.01317427  0.0002      0.          0.0002    ]
	[RESULT 8] [0.01114956 0.01396625 0.01988419 0.005      0.0022     0.0072    ]
	[RESULT 9] [0.00758346 0.01044025 0.00285679 0.005      0.005      0.01      ]
	[RESULT 10] [1.70489122e-02 1.56293296e-02 1.23217582e-02 1.00000000e-04
 0.00000000e+00 1.00000000e-04]
	[RESULT 11] [0.01014298 0.00836191 0.02350489 0.005      0.0001     0.0051    ]
	[RESULT 12] [0.01586586 0.01797668 0.01115747 0.0013     0.         0.0013    ]
	[RESULT 13] [0.00970488 0.01645744 0.00675256 0.005      0.0008     0.0058    ]
	[RESULT 14] [0.01145468 0.00217672 0.0186314  0.005      0.0022     0.0072    ]
	[RESULT 15] [ 0.01452618 -0.00405217  0.01547401  0.0048      0.          0.0048    ]
	[RESULT 16] [0.01278303 0.01676149 0.01545547 0.0041     0.         0.0041    ]
	[RESULT 17] [ 1.68804997e-02 -8.75831122e-03  1.31221885e-02  1.00000000e-04
  0.00000000e+00  1.00000000e-04]
	[RESULT 18] [0.01051333 0.00455411 0.02006745 0.0042     0.         0.0042    ]
	[RESULT 19] [ 1.49848889e-02 -4.96975156e-03  1.50151374e-02  1.00000000e-04
  0.00000000e+00  1.00000000e-04]
	[RESULT 20] [0.00758346 0.01006104 0.0226445  0.005      0.005      0.01      ]
	[RESULT 21] [ 0.01569784 -0.0063956   0.01430224  0.0024      0.          0.0024    ]
	[RESULT 22] [0.00997278 0.00505615 0.02002892 0.005      0.0049     0.0099    ]
	[RESULT 23] [0.01169284 0.00884135 0.02446582 0.0018     0.         0.0018    ]
	[RESULT 24] [0.00883436 0.02113844 0.0150272  0.005      0.0025     0.0075    ]
	[RESULT 25] [0.008562   0.01238886 0.00382686 0.005      0.0031     0.0081    ]
	[RESULT 26] [ 1.68804574e-02 -8.75823376e-03  1.31222237e-02  1.00000000e-04
  0.00000000e+00  1.00000000e-04]
	[RESULT 27] [0.01486187 0.01701495 0.01312318 0.0029     0.         0.0029    ]
	[RESULT 28] [1.24841859e-02 3.16545365e-05 1.75158404e-02 2.00000000e-04
 0.00000000e+00 2.00000000e-04]
	[RESULT 29] [1.25994557e-02 9.15048749e-03 2.32500568e-02 1.00000000e-04
 0.00000000e+00 1.00000000e-04]
	[RESULT 30] [ 0.01694307 -0.00888614  0.01305693  0.0002      0.          0.0002    ]
