[METRICS]
	[DISEQUILIBRIUM COUNT] 204
[VARIABLES]
	[RESULT 1] [17 731.0592756503386 5 0.33572991512218353]
	[RESULT 2] [23 10.064971008585344 6 0.43162927174650056]
	[RESULT 3] [38 24.682932423767546 10 1.9995043216610897]
	[RESULT 4] [6 10.128575093237588 10 1.9988056439912392]
	[RESULT 5] [41 10.109600055220819 4 0.19197773061777212]
	[RESULT 6] [53 71.67666123685991 10 1.9590255483242474]
	[RESULT 7] [1 153.01232274971548 10 1.9986093153940483]
	[RESULT 8] [1 8692.088496438984 3 0.37718437233997193]
	[RESULT 9] [1 10.001583841186772 4 0.15944762815743785]
	[RESULT 10] [1 10.003812391632009 6 1.5378965589101552]
	[RESULT 11] [1 10.000666399306935 4 0.12174303387234328]
	[RESULT 12] [22 175.72825069530558 10 1.9682723289845645]
	[RESULT 13] [22 83.45573864401453 10 1.9682723289845645]
	[RESULT 14] [73 9856.81923285002 10 1.9901637810702202]
	[RESULT 15] [99 8803.003690249747 10 1.9631501518668537]
	[RESULT 16] [19 9947.881916808143 10 1.9910397793415346]
	[RESULT 17] [95 11.62457992002852 10 1.891542497251163]
	[RESULT 18] [47 10.000864416416341 4 0.19322334460792867]
	[RESULT 19] [1 1970.1200884699979 10 1.8505868692447254]
	[RESULT 20] [50 9735.42299817938 10 1.9998555914387726]
	[RESULT 21] [47 163.49078825910087 10 1.9144123163526752]
	[RESULT 22] [74 10.001655995087992 3 0.15656761709984426]
	[RESULT 23] [22 10.000080955813688 10 1.7340103744316404]
	[RESULT 24] [71 59.57529070937733 10 1.8915822770571151]
	[RESULT 25] [87 10.00389275037591 3 0.540360657692269]
	[RESULT 26] [34 9913.436321898149 10 1.939461789758907]
	[RESULT 27] [97 153.01232274971548 10 1.9992433829772895]
	[RESULT 28] [50 339.9822750954198 4 0.17705040026259683]
	[RESULT 29] [1 10.000601571273208 3 0.1878362370178889]
	[RESULT 30] [1 10.000279518078163 4 0.12930761421162323]
[OBJECTIVES]
	[RESULT 1] [0.01576234 0.01543048 0.01380718 0.0017     0.         0.0017    ]
	[RESULT 2] [ 0.01525003 -0.00548384  0.0147662   0.0023      0.          0.0023    ]
	[RESULT 3] [0.01068383 0.0068331  0.02251693 0.0038     0.         0.0038    ]
	[RESULT 4] [0.01228454 0.00046303 0.01774757 0.0006     0.         0.0006    ]
	[RESULT 5] [ 0.01481973 -0.0046121   0.01520764  0.0041      0.          0.0041    ]
	[RESULT 6] [0.00997473 0.01458757 0.0204377  0.005      0.0003     0.0053    ]
	[RESULT 7] [1.25347338e-02 1.46429882e-02 1.78222780e-02 1.00000000e-04
 0.00000000e+00 1.00000000e-04]
	[RESULT 8] [1.66104617e-02 1.64944062e-02 1.18951320e-02 1.00000000e-04
 0.00000000e+00 1.00000000e-04]
	[RESULT 9] [ 1.68652866e-02 -8.73017733e-03  1.31351093e-02  1.00000000e-04
  0.00000000e+00  1.00000000e-04]
	[RESULT 10] [ 1.50172820e-02 -5.03361098e-03  1.49836710e-02  1.00000000e-04
  0.00000000e+00  1.00000000e-04]
	[RESULT 11] [ 1.69184530e-02 -8.83673939e-03  1.30817136e-02  1.00000000e-04
  0.00000000e+00  1.00000000e-04]
	[RESULT 12] [0.01151537 0.01756116 0.01592347 0.0022     0.         0.0022    ]
	[RESULT 13] [0.01151537 0.01255637 0.02092826 0.0022     0.         0.0022    ]
	[RESULT 14] [0.00894325 0.01313783 0.00419458 0.005      0.0023     0.0073    ]
	[RESULT 15] [0.00767055 0.01062223 0.00295167 0.005      0.0049     0.0099    ]
	[RESULT 16] [0.01164236 0.01853378 0.00689142 0.0019     0.         0.0019    ]
	[RESULT 17] [0.00794354 0.00951257 0.02245611 0.005      0.0045     0.0095    ]
	[RESULT 18] [ 0.01451799 -0.00403577  0.01548222  0.0047      0.          0.0047    ]
	[RESULT 19] [1.26856809e-02 2.15848834e-02 8.89920244e-03 1.00000000e-04
 0.00000000e+00 1.00000000e-04]
	[RESULT 20] [0.01008348 0.0154214  0.00533792 0.005      0.         0.005     ]
	[RESULT 21] [0.01032013 0.01949744 0.01518243 0.0047     0.         0.0047    ]
	[RESULT 22] [ 0.01326398 -0.00152754  0.01673644  0.005       0.0024      0.0074    ]
	[RESULT 23] [0.01175724 0.00148554 0.01824278 0.0022     0.         0.0022    ]
	[RESULT 24] [0.0091435  0.01499901 0.02085749 0.005      0.0021     0.0071    ]
	[RESULT 25] [0.01209415 0.00081268 0.01790683 0.005      0.0037     0.0087    ]
	[RESULT 26] [0.0109446  0.01713912 0.00619452 0.0034     0.         0.0034    ]
	[RESULT 27] [0.0077341  0.02075573 0.01302164 0.005      0.0047     0.0097    ]
	[RESULT 28] [0.0143906  0.01540461 0.01520479 0.005      0.         0.005     ]
	[RESULT 29] [ 1.68701591e-02 -8.74016778e-03  1.31299913e-02  1.00000000e-04
  0.00000000e+00  1.00000000e-04]
	[RESULT 30] [ 1.69077546e-02 -8.81543936e-03  1.30923153e-02  1.00000000e-04
  0.00000000e+00  1.00000000e-04]
