[METRICS]
	[DISEQUILIBRIUM COUNT] 86
[VARIABLES]
	[RESULT 1] [94 371.49692406275483 10 1.915762423667039]
	[RESULT 2] [54 56.12947572273787 10 1.7871548970030107]
	[RESULT 3] [75 17.342477099233662 10 1.6755087311874983]
	[RESULT 4] [1 56.12947572273787 9 1.7871548970030107]
	[RESULT 5] [1 10.001590395910977 3 0.18198332130925146]
	[RESULT 6] [38 10.174548815389892 9 1.9973385129650607]
	[RESULT 7] [21 340.44911019710446 3 1.9641037164759745]
	[RESULT 8] [27 66.3952206818777 10 1.6702275749949764]
	[RESULT 9] [22 9430.807688784478 10 1.989348158506872]
	[RESULT 10] [1 9047.107301018583 3 0.1266254701364844]
	[RESULT 11] [29 10.01128104234402 3 1.6104620822392828]
	[RESULT 12] [100 10.03918290380247 10 1.680558365904243]
	[RESULT 13] [1 10.005511320786475 1 0.2507152160013394]
	[RESULT 14] [1 366.1037274339459 10 1.8999209882029326]
	[RESULT 15] [100 9275.389262958683 10 1.9936312638684934]
	[RESULT 16] [19 10.001590395910977 4 0.33422443014699443]
	[RESULT 17] [1 101.71469786661964 10 1.9992310496830323]
	[RESULT 18] [31 292.7050763802744 3 1.9914251061646702]
	[RESULT 19] [12 10.02209177834916 9 1.8734726534070874]
	[RESULT 20] [44 6907.422946724641 10 1.965746794541689]
	[RESULT 21] [52 351.2212003285048 10 1.8217477936007742]
	[RESULT 22] [1 10.005511320786475 1 0.22984319645797013]
	[RESULT 23] [2 9276.827984791436 10 1.9992063956375647]
	[RESULT 24] [72 9768.182947520323 10 1.9490530117491995]
	[RESULT 25] [3 10.004074820162373 1 0.23096245197831994]
	[RESULT 26] [1 10.012720889842644 1 1.797570830963158]
	[RESULT 27] [1 1202.4073515930754 2 0.28011462388788716]
	[RESULT 28] [100 10.00398145473951 1 0.24614410891616267]
	[RESULT 29] [59 10.001590395910977 2 0.18198332130925146]
	[RESULT 30] [2 11.153149441574442 10 1.9538544794078174]
[OBJECTIVES]
	[RESULT 1] [0.00796876 0.01635467 0.00838591 0.005      0.0044     0.0094    ]
	[RESULT 2] [0.01010153 0.01268883 0.02220964 0.005      0.0004     0.0054    ]
	[RESULT 3] [0.00916916 0.00837174 0.0225409  0.005      0.0025     0.0075    ]
	[RESULT 4] [1.40015266e-02 4.88883086e-03 2.38903575e-02 1.00000000e-04
 0.00000000e+00 1.00000000e-04]
	[RESULT 5] [ 1.68783405e-02 -8.75628332e-03  1.31220571e-02  1.00000000e-04
  0.00000000e+00  1.00000000e-04]
	[RESULT 6] [0.01193601 0.00117153 0.01810755 0.0038     0.         0.0038    ]
	[RESULT 7] [0.01375709 0.01667794 0.01456497 0.0021     0.         0.0021    ]
	[RESULT 8] [0.01157478 0.0108653  0.02255992 0.0027     0.         0.0027    ]
	[RESULT 9] [0.01149407 0.01825072 0.00675665 0.0022     0.         0.0022    ]
	[RESULT 10] [1.69561889e-02 1.58140126e-02 1.22297985e-02 1.00000000e-04
 0.00000000e+00 1.00000000e-04]
	[RESULT 11] [ 0.01372624 -0.00244965  0.01627658  0.0029      0.          0.0029    ]
	[RESULT 12] [0.00791379 0.00918221 0.022096   0.005      0.005      0.01      ]
	[RESULT 13] [ 1.68453544e-02 -8.68933113e-03  1.31560233e-02  1.00000000e-04
  0.00000000e+00  1.00000000e-04]
	[RESULT 14] [1.26349549e-02 1.92488810e-02 1.31161642e-02 1.00000000e-04
 0.00000000e+00 1.00000000e-04]
	[RESULT 15] [0.00758975 0.01044644 0.00285669 0.005      0.005      0.01      ]
	[RESULT 16] [ 0.01572391 -0.00644741  0.01427649  0.0019      0.          0.0019    ]
	[RESULT 17] [1.25341077e-02 1.18915742e-02 2.05743181e-02 1.00000000e-04
 0.00000000e+00 1.00000000e-04]
	[RESULT 18] [0.01322947 0.01700861 0.01476192 0.0031     0.         0.0031    ]
	[RESULT 19] [ 0.0133621  -0.00171867  0.01664342  0.0012      0.          0.0012    ]
	[RESULT 20] [0.01041792 0.01619312 0.0057752  0.0044     0.         0.0044    ]
	[RESULT 21] [0.01016553 0.02099715 0.01083162 0.005      0.0002     0.0052    ]
	[RESULT 22] [ 1.68742153e-02 -8.74705286e-03  1.31271624e-02  1.00000000e-04
  0.00000000e+00  1.00000000e-04]
	[RESULT 23] [0.01248413 0.02023516 0.00775103 0.0002     0.         0.0002    ]
	[RESULT 24] [0.00903485 0.0133233  0.00428845 0.005      0.0022     0.0072    ]
	[RESULT 25] [ 0.01677266 -0.00854431  0.01322835  0.0003      0.          0.0003    ]
	[RESULT 26] [ 1.49906658e-02 -4.97815173e-03  1.50125140e-02  1.00000000e-04
  0.00000000e+00  1.00000000e-04]
	[RESULT 27] [1.67771233e-02 1.45113787e-02 1.37114980e-02 1.00000000e-04
 0.00000000e+00 1.00000000e-04]
	[RESULT 28] [0.01190167 0.00119767 0.01809933 0.005      0.005      0.01      ]
	[RESULT 29] [ 0.01401306 -0.00302573  0.01598733  0.005       0.0009      0.0059    ]
	[RESULT 30] [0.01252998 0.00022504 0.01775502 0.0002     0.         0.0002    ]
