[METRICS]
	[DISEQUILIBRIUM COUNT] 128
[VARIABLES]
	[RESULT 1] [80 205.29604960328305 10 1.9567677258680853]
	[RESULT 2] [38 218.2377308046758 10 1.5483093377184598]
	[RESULT 3] [59 35.21101969666723 10 1.4653310791786516]
	[RESULT 4] [22 149.65131981375364 10 1.7143850947946586]
	[RESULT 5] [31 11.616680327441282 10 1.6832098739173453]
	[RESULT 6] [68 7703.203160318946 10 1.9222179069970635]
	[RESULT 7] [11 325.4408604712369 10 1.5971810947461336]
	[RESULT 8] [5 10.00308210540951 3 0.10558210765341186]
	[RESULT 9] [100 10.009242991242898 8 0.10721290643567195]
	[RESULT 10] [1 7656.579894255148 10 1.9999988601721015]
	[RESULT 11] [46 10.012493396696502 4 0.10768207919813397]
	[RESULT 12] [51 7379.178137479014 10 1.7763953957602119]
	[RESULT 13] [20 9868.925225361518 10 1.9985558111933068]
	[RESULT 14] [23 15.988810548545729 4 0.16933025083148961]
	[RESULT 15] [1 8278.953996233124 1 0.10001479199523454]
	[RESULT 16] [6 60.39603294581546 10 1.9996811049456888]
	[RESULT 17] [18 10.003883372997239 9 1.4779449093891592]
	[RESULT 18] [29 1326.8500370752147 1 0.10002996761247553]
	[RESULT 19] [5 10.009387873851292 4 0.10027802435660707]
	[RESULT 20] [8 11.616680327441282 10 1.5678269845210713]
	[RESULT 21] [2 10.04376472460377 10 0.1502464785242825]
	[RESULT 22] [34 59.53605267003786 10 1.8148108325631322]
	[RESULT 23] [46 10.012493396696502 10 0.10768207919813397]
	[RESULT 24] [1 349.74574597615174 3 0.16618955766339671]
	[RESULT 25] [100 10.007944377389949 10 1.9993520441005113]
	[RESULT 26] [100 9935.517547650017 10 1.999999029939592]
	[RESULT 27] [5 10.003089728274544 3 0.15981128104506945]
	[RESULT 28] [3 10.002160547689302 4 0.10011326917224528]
	[RESULT 29] [71 10.000868644084887 10 0.15220710400225268]
	[RESULT 30] [1 165.34318860024985 10 1.8925967349004411]
[OBJECTIVES]
	[RESULT 1] [0.00862702 0.02072013 0.0120931  0.005      0.003      0.008     ]
	[RESULT 2] [0.01115595 0.01957748 0.01426657 0.0038     0.         0.0038    ]
	[RESULT 3] [0.01019682 0.00964006 0.02483688 0.005      0.0009     0.0059    ]
	[RESULT 4] [0.01177794 0.01601229 0.01720977 0.0022     0.         0.0022    ]
	[RESULT 5] [0.01136097 0.00267579 0.01903677 0.0031     0.         0.0031    ]
	[RESULT 6] [0.00926217 0.01384513 0.00458296 0.005      0.0018     0.0068    ]
	[RESULT 7] [0.01245304 0.01907622 0.01347074 0.0011     0.         0.0011    ]
	[RESULT 8] [ 0.01678601 -0.00857124  0.01321477  0.0005      0.          0.0005    ]
	[RESULT 9] [0.01151286 0.0019766  0.01848945 0.005      0.005      0.01      ]
	[RESULT 10] [1.25333345e-02 2.03893920e-02 7.85605755e-03 1.00000000e-04
 0.00000000e+00 1.00000000e-04]
	[RESULT 11] [ 0.01468838 -0.00437364  0.01531474  0.0046      0.          0.0046    ]
	[RESULT 12] [0.01026277 0.01586024 0.00559747 0.005      0.0001     0.0051    ]
	[RESULT 13] [0.01158479 0.01842061 0.00683582 0.002      0.         0.002     ]
	[RESULT 14] [ 0.01575142 -0.00509023  0.01566119  0.0023      0.          0.0023    ]
	[RESULT 15] [1.70564146e-02 1.55884477e-02 1.23551377e-02 1.00000000e-04
 0.00000000e+00 1.00000000e-04]
	[RESULT 16] [0.01228365 0.00880991 0.02390643 0.0006     0.         0.0006    ]
	[RESULT 17] [ 0.01348292 -0.00196488  0.01651805  0.0018      0.          0.0018    ]
	[RESULT 18] [0.01565639 0.01692274 0.01242087 0.0029     0.         0.0029    ]
	[RESULT 19] [ 0.0167489  -0.00849545  0.01325345  0.0005      0.          0.0005    ]
	[RESULT 20] [0.01263477 0.00012821 0.01776297 0.0008     0.         0.0008    ]
	[RESULT 21] [ 0.01468537 -0.0043598   0.01532557  0.0002      0.          0.0002    ]
	[RESULT 22] [0.01107273 0.01113616 0.02279111 0.0034     0.         0.0034    ]
	[RESULT 23] [ 1.25455244e-02 -8.79258618e-05  1.74575985e-02  4.60000000e-03
  0.00000000e+00  4.60000000e-03]
	[RESULT 24] [1.69004644e-02 1.05139678e-02 1.75855677e-02 1.00000000e-04
 0.00000000e+00 1.00000000e-04]
	[RESULT 25] [0.00758399 0.00983401 0.022418   0.005      0.005      0.01      ]
	[RESULT 26] [0.00758333 0.01041603 0.0028327  0.005      0.005      0.01      ]
	[RESULT 27] [ 0.01670942 -0.00841806  0.01329135  0.0005      0.          0.0005    ]
	[RESULT 28] [ 0.01684913 -0.00869772  0.01315141  0.0003      0.          0.0003    ]
	[RESULT 29] [0.01123261 0.002535   0.01876761 0.005      0.0021     0.0071    ]
	[RESULT 30] [1.26424592e-02 1.49243369e-02 1.74332040e-02 1.00000000e-04
 0.00000000e+00 1.00000000e-04]
