[METRICS]
	[DISEQUILIBRIUM COUNT] 202
[VARIABLES]
	[RESULT 1] [50 12.262443523094698 10 1.5713439505559588]
	[RESULT 2] [33 5425.910827432348 10 1.9992462812884242]
	[RESULT 3] [31 278.7250742600969 5 1.1802951184720927]
	[RESULT 4] [20 8661.77227528116 10 1.9999545206051184]
	[RESULT 5] [1 10.001684029071043 2 1.691070046103333]
	[RESULT 6] [5 190.02629369874697 10 1.9988582181865489]
	[RESULT 7] [100 12.701738667514903 10 1.9999616755150236]
	[RESULT 8] [85 10.007894621955025 1 0.14996013016505313]
	[RESULT 9] [16 10.006443923842921 10 1.996224641555289]
	[RESULT 10] [18 33.80829261256064 10 1.9812535063597825]
	[RESULT 11] [1 10.000241380865242 1 0.13465526830376826]
	[RESULT 12] [100 10.003059746837629 1 0.10018921944001627]
	[RESULT 13] [72 10.001444356260217 10 1.9899764226165124]
	[RESULT 14] [1 10.001628843342917 1 0.10045360110436888]
	[RESULT 15] [1 10.003546859539684 1 0.12005074153601565]
	[RESULT 16] [14 10.007894621955025 1 1.956246339783155]
	[RESULT 17] [1 11.359238756986118 10 1.9988582181865489]
	[RESULT 18] [98 580.4877476311171 10 1.9846596810192945]
	[RESULT 19] [53 10.025189543887528 2 0.10018921944001627]
	[RESULT 20] [1 9113.260089478743 1 0.23253119164339878]
	[RESULT 21] [49 108.09155137869637 10 1.8257131622256442]
	[RESULT 22] [100 6257.809711292371 10 1.9818578703959484]
	[RESULT 23] [72 8721.211559429208 10 1.9998448939288738]
	[RESULT 24] [50 9999.50137209134 10 1.9983190342684525]
	[RESULT 25] [27 10.000241380865242 1 0.13465526830376826]
	[RESULT 26] [1 9996.232040574661 10 1.9952095218142913]
	[RESULT 27] [15 10.000410409984193 1 0.12335611428187357]
	[RESULT 28] [26 808.6336192954813 1 0.12001373983525619]
	[RESULT 29] [1 10.000406639309928 1 0.10006951996609716]
	[RESULT 30] [46 410.2150818396656 10 1.4792502349526027]
[OBJECTIVES]
	[RESULT 1] [0.01053096 0.00449119 0.02002214 0.005      0.         0.005     ]
	[RESULT 2] [0.01093409 0.01732142 0.00638733 0.0033     0.         0.0033    ]
	[RESULT 3] [0.01400258 0.01521472 0.0157827  0.0031     0.         0.0031    ]
	[RESULT 4] [0.01158338 0.01845241 0.00686904 0.002      0.         0.002     ]
	[RESULT 5] [ 1.50748508e-02 -5.14928069e-03  1.49255702e-02  1.00000000e-04
  0.00000000e+00  1.00000000e-04]
	[RESULT 6] [0.01233448 0.0164033  0.01626222 0.0005     0.         0.0005    ]
	[RESULT 7] [0.00758337 0.01049092 0.02307429 0.005      0.005      0.01      ]
	[RESULT 8] [ 0.01278577 -0.00056957  0.0172162   0.005       0.0035      0.0085    ]
	[RESULT 9] [0.01178714 0.00142734 0.01821447 0.0016     0.         0.0016    ]
	[RESULT 10] [0.01170224 0.00640301 0.02310525 0.0018     0.         0.0018    ]
	[RESULT 11] [ 1.70073441e-02 -9.01462780e-03  1.29927163e-02  1.00000000e-04
  0.00000000e+00  1.00000000e-04]
	[RESULT 12] [0.01210617 0.00078843 0.0178946  0.005      0.005      0.01      ]
	[RESULT 13] [0.00899343 0.00701349 0.02100693 0.005      0.0022     0.0072    ]
	[RESULT 14] [ 1.70557909e-02 -9.11117462e-03  1.29446163e-02  1.00000000e-04
  0.00000000e+00  1.00000000e-04]
	[RESULT 15] [ 1.70279914e-02 -9.05509612e-03  1.29728953e-02  1.00000000e-04
  0.00000000e+00  1.00000000e-04]
	[RESULT 16] [ 0.01417755 -0.00335313  0.01582442  0.0014      0.          0.0014    ]
	[RESULT 17] [1.25344832e-02 2.66286496e-04 1.78007696e-02 1.00000000e-04
 0.00000000e+00 1.00000000e-04]
	[RESULT 18] [0.0076988  0.01412623 0.00642743 0.005      0.0048     0.0098    ]
	[RESULT 19] [ 0.01442839 -0.00385048  0.01557791  0.005       0.0003      0.0053    ]
	[RESULT 20] [1.68704919e-02 1.59873734e-02 1.21421347e-02 1.00000000e-04
 0.00000000e+00 1.00000000e-04]
	[RESULT 21] [0.01031142 0.01675674 0.01793184 0.0049     0.         0.0049    ]
	[RESULT 22] [0.00760163 0.01059709 0.00299547 0.005      0.005      0.01      ]
	[RESULT 23] [0.00898349 0.01325071 0.00426722 0.005      0.0022     0.0072    ]
	[RESULT 24] [0.01008503 0.01541783 0.00533281 0.005      0.         0.005     ]
	[RESULT 25] [ 0.01570734 -0.00641463  0.01429272  0.0027      0.          0.0027    ]
	[RESULT 26] [1.25381590e-02 2.03241806e-02 7.78602164e-03 1.00000000e-04
 0.00000000e+00 1.00000000e-04]
	[RESULT 27] [ 0.01632331 -0.00764652  0.01367679  0.0015      0.          0.0015    ]
	[RESULT 28] [0.01577804 0.01566191 0.01356005 0.0026     0.         0.0026    ]
	[RESULT 29] [ 1.70563368e-02 -9.11257199e-03  1.29437648e-02  1.00000000e-04
  0.00000000e+00  1.00000000e-04]
	[RESULT 30] [0.01083149 0.02166082 0.01082934 0.0046     0.         0.0046    ]
