[METRICS]
	[DISEQUILIBRIUM COUNT] 0
[VARIABLES]
	[RESULT 1] [13 9720.114998172234 6 0.6177415879452366]
	[RESULT 2] [88 8664.453919006573 10 1.991551168238481]
	[RESULT 3] [12 9959.315822499828 3 0.12152966242398838]
	[RESULT 4] [5 9720.114998172234 6 0.3979083283290088]
	[RESULT 5] [38 9297.54933664164 10 1.9992417760484789]
	[RESULT 6] [1 8644.194514899233 3 0.1271722070789865]
	[RESULT 7] [1 9742.070455559146 3 1.9999856868619754]
	[RESULT 8] [22 9605.768897256412 3 0.10048110749900674]
	[RESULT 9] [10 9879.149878799144 10 1.999999934954061]
	[RESULT 10] [1 9620.750443559284 9 0.34272247493373975]
	[RESULT 11] [1 9924.245232323829 10 1.9999947196678347]
	[RESULT 12] [1 9592.79070925379 10 1.9999995884591173]
	[RESULT 13] [12 9923.742291051978 10 1.999994582328709]
	[RESULT 14] [32 8794.783515137973 10 1.9999431317617373]
	[RESULT 15] [76 9736.277286706376 10 1.9999639155389648]
	[RESULT 16] [41 9932.902098033468 10 1.99997905667365]
	[RESULT 17] [27 9930.54667535978 10 1.9998753645444276]
	[RESULT 18] [21 9998.048622143955 10 1.9998091120590475]
	[RESULT 19] [57 9992.216868877449 10 1.999997991385178]
	[RESULT 20] [48 9263.412624270622 10 1.9999735495062423]
	[RESULT 21] [68 9269.61486627405 10 1.9609394557706092]
	[RESULT 22] [19 9998.290955312645 10 1.999996828654121]
	[RESULT 23] [100 9943.29032236668 10 1.9696774962798433]
	[RESULT 24] [79 9743.082229717222 10 1.9999928992725509]
	[RESULT 25] [10 9806.291024802264 5 0.5273434785681855]
	[RESULT 26] [1 8633.32426180195 10 0.12380729384742128]
	[RESULT 27] [49 9955.614323513062 10 1.9999855995572913]
	[RESULT 28] [26 8910.481266616676 3 0.12704954998123733]
	[RESULT 29] [99 9990.335015663119 10 1.993031739815578]
	[RESULT 30] [61 9955.044307443464 10 1.999999290560638]
[OBJECTIVES]
	[RESULT 1] [0.01550639 0.01873238 0.01076123 0.0013     0.         0.0013    ]
	[RESULT 2] [0.00819185 0.01166926 0.00347742 0.005      0.0038     0.0088    ]
	[RESULT 3] [0.0164134  0.01692443 0.01166217 0.0012     0.         0.0012    ]
	[RESULT 4] [0.01619511 0.01735494 0.01144995 0.0005     0.         0.0005    ]
	[RESULT 5] [0.0106841  0.0166345  0.00595041 0.0038     0.         0.0038    ]
	[RESULT 6] [1.69554159e-02 1.58029369e-02 1.22416472e-02 1.00000000e-04
 0.00000000e+00 1.00000000e-04]
	[RESULT 7] [1.47208477e-02 2.03040346e-02 9.97511769e-03 1.00000000e-04
 0.00000000e+00 1.00000000e-04]
	[RESULT 8] [0.01594325 0.01785565 0.0112011  0.0022     0.         0.0022    ]
	[RESULT 9] [0.01208333 0.01941744 0.00733411 0.001      0.         0.001     ]
	[RESULT 10] [1.57195196e-02 1.83035143e-02 1.09769662e-02 1.00000000e-04
 0.00000000e+00 1.00000000e-04]
	[RESULT 11] [1.25333387e-02 2.03163217e-02 7.78298303e-03 1.00000000e-04
 0.00000000e+00 1.00000000e-04]
	[RESULT 12] [1.25333337e-02 2.03248575e-02 7.79152378e-03 1.00000000e-04
 0.00000000e+00 1.00000000e-04]
	[RESULT 13] [0.01198334 0.01921633 0.007233   0.0012     0.         0.0012    ]
	[RESULT 14] [0.01098339 0.01724816 0.00626477 0.0032     0.         0.0032    ]
	[RESULT 15] [0.00878337 0.01282116 0.00403779 0.005      0.0026     0.0076    ]
	[RESULT 16] [0.01053335 0.01631614 0.00578278 0.0041     0.         0.0041    ]
	[RESULT 17] [0.01123346 0.01771641 0.00648295 0.0027     0.         0.0027    ]
	[RESULT 18] [0.01153353 0.01831487 0.00678134 0.0021     0.         0.0021    ]
	[RESULT 19] [0.00973334 0.01471463 0.0049813  0.005      0.0007     0.0057    ]
	[RESULT 20] [0.01018336 0.015634   0.00545064 0.0048     0.         0.0048    ]
	[RESULT 21] [0.00922279 0.01371269 0.0044899  0.005      0.0018     0.0068    ]
	[RESULT 22] [0.01163334 0.01851449 0.00688115 0.0019     0.         0.0019    ]
	[RESULT 23] [0.00761394 0.01047706 0.00286311 0.005      0.005      0.01      ]
	[RESULT 24] [0.00863334 0.01252092 0.00388758 0.005      0.0029     0.0079    ]
	[RESULT 25] [0.01585699 0.0180334  0.01110961 0.001      0.         0.001     ]
	[RESULT 26] [1.47726748e-02 2.01680623e-02 1.00592628e-02 1.00000000e-04
 0.00000000e+00 1.00000000e-04]
	[RESULT 27] [0.01013335 0.01551556 0.00538221 0.0049     0.         0.0049    ]
	[RESULT 28] [0.01570559 0.01831106 0.01098335 0.0026     0.         0.0026    ]
	[RESULT 29] [0.00764035 0.01052872 0.00288836 0.005      0.0049     0.0099    ]
	[RESULT 30] [0.00953333 0.01431555 0.00478221 0.005      0.0011     0.0061    ]
