[METRICS]
	[DISEQUILIBRIUM COUNT] 178
[VARIABLES]
	[RESULT 1] [50 9306.286805066824 10 1.948805328788957]
	[RESULT 2] [1 9567.786672339425 5 0.13546437539112016]
	[RESULT 3] [38 57.95531211337081 10 1.9602747602725903]
	[RESULT 4] [90 9652.385074056063 10 1.975338060978199]
	[RESULT 5] [17 96.85823287664334 10 1.988097313147222]
	[RESULT 6] [1 10.005198390939672 9 0.8353317169176061]
	[RESULT 7] [67 10.001626792310855 5 0.4990885590114]
	[RESULT 8] [1 10.012974023137975 4 0.10048454176140656]
	[RESULT 9] [69 341.2586091338635 10 1.991527766505439]
	[RESULT 10] [34 10.007378828836242 3 0.11437110764318276]
	[RESULT 11] [20 9791.524111191655 10 1.9984982664132214]
	[RESULT 12] [68 36.35620964780357 10 1.8021722511592486]
	[RESULT 13] [17 488.7102954050558 10 0.8225776031860923]
	[RESULT 14] [99 10.007322109599944 9 1.8096732463560055]
	[RESULT 15] [99 10.013029491076722 5 0.17694404663741187]
	[RESULT 16] [1 10.00468980355973 4 0.10429041290146086]
	[RESULT 17] [20 10.002620155335189 10 1.7900645318894783]
	[RESULT 18] [1 10.005133849543101 4 0.10362319651309766]
	[RESULT 19] [3 20.86762179044012 10 1.9821588314561036]
	[RESULT 20] [21 10.002702737581384 4 0.10602850232525929]
	[RESULT 21] [1 10.003975314921865 4 0.10307486749304062]
	[RESULT 22] [4 126.1670306678508 10 1.9821588314561036]
	[RESULT 23] [100 650.5663085355303 10 1.9844890861487685]
	[RESULT 24] [23 10.002586979034225 4 1.8096732463560055]
	[RESULT 25] [34 10.004381139268007 10 0.11437110764318276]
	[RESULT 26] [7 10.009810801535272 10 0.1650921937367571]
	[RESULT 27] [7 713.3093382734537 4 0.10048454176140656]
	[RESULT 28] [45 202.69893876085993 10 1.9560732946753052]
	[RESULT 29] [1 9312.992034540694 10 1.9501091096515286]
	[RESULT 30] [29 890.2007390017174 2 0.1925655941398386]
[OBJECTIVES]
	[RESULT 1] [0.0101351  0.01553627 0.00540117 0.005      0.         0.005     ]
	[RESULT 2] [1.68395353e-02 1.60620710e-02 1.20983937e-02 1.00000000e-04
 0.00000000e+00 1.00000000e-04]
	[RESULT 3] [0.01072347 0.01165607 0.02262046 0.0038     0.         0.0038    ]
	[RESULT 4] [0.00810822 0.01147305 0.00336483 0.005      0.004      0.009     ]
	[RESULT 5] [0.01174533 0.01313021 0.02012446 0.0017     0.         0.0017    ]
	[RESULT 6] [ 1.50821468e-02 -5.16299413e-03  1.49191527e-02  1.00000000e-04
  0.00000000e+00  1.00000000e-04]
	[RESULT 7] [ 0.01304406 -0.00108771  0.01695635  0.005       0.0017      0.0067    ]
	[RESULT 8] [ 1.69486041e-02 -8.89396507e-03  1.30546390e-02  1.00000000e-04
  0.00000000e+00  1.00000000e-04]
	[RESULT 9] [0.00914187 0.01908073 0.00993886 0.005      0.0019     0.0069    ]
	[RESULT 10] [ 0.01532354 -0.00564523  0.01467831  0.0034      0.          0.0034    ]
	[RESULT 11] [0.01158485 0.01842269 0.00683784 0.002      0.         0.002     ]
	[RESULT 12] [0.00938587 0.01144292 0.02417121 0.005      0.0018     0.0068    ]
	[RESULT 13] [0.01304792 0.01958421 0.01236787 0.0017     0.         0.0017    ]
	[RESULT 14] [0.00907807 0.00684569 0.02092376 0.005      0.0049     0.0099    ]
	[RESULT 15] [0.01188123 0.00124081 0.01812203 0.005      0.0049     0.0099    ]
	[RESULT 16] [ 1.69431969e-02 -8.88522132e-03  1.30579755e-02  1.00000000e-04
  0.00000000e+00  1.00000000e-04]
	[RESULT 17] [0.01179849 0.00140367 0.01820216 0.002      0.         0.002     ]
	[RESULT 18] [ 1.69441445e-02 -8.88700563e-03  1.30571389e-02  1.00000000e-04
  0.00000000e+00  1.00000000e-04]
	[RESULT 19] [0.01245133 0.00254793 0.01999926 0.0003     0.         0.0003    ]
	[RESULT 20] [ 0.01594073 -0.00688078  0.01405995  0.0021      0.          0.0021    ]
	[RESULT 21] [ 1.69449234e-02 -8.88885303e-03  1.30560704e-02  1.00000000e-04
  0.00000000e+00  1.00000000e-04]
	[RESULT 22] [0.01240133 0.01363222 0.01896646 0.0004     0.         0.0004    ]
	[RESULT 23] [0.00759897 0.01357374 0.00597477 0.005      0.005      0.01      ]
	[RESULT 24] [ 0.01377093 -0.00254121  0.01622972  0.0023      0.          0.0023    ]
	[RESULT 25] [ 0.01313604 -0.00127098  0.01686506  0.0034      0.          0.0034    ]
	[RESULT 26] [ 0.0144145  -0.00382656  0.01558795  0.0007      0.          0.0007    ]
	[RESULT 27] [0.0166486  0.01359067 0.01476073 0.0007     0.         0.0007    ]
	[RESULT 28] [0.01037773 0.02070335 0.01391893 0.0045     0.         0.0045    ]
	[RESULT 29] [1.25837804e-02 2.04334337e-02 7.84965324e-03 1.00000000e-04
 0.00000000e+00 1.00000000e-04]
	[RESULT 30] [0.01549828 0.01645295 0.01304878 0.0029     0.         0.0029    ]
