[METRICS]
	[DISEQUILIBRIUM COUNT] 137
	[MINIMUM S0 e1 S1 DISTANCE]0.007610324770749894
	[MINIMUM S0 e1 S2 DISTANCE]-0.006530220904453765
	[MINIMUM S0 e1 S6 DISTANCE]0.0029322808634454503
	[MINIMUM S3 e1 S1 DISTANCE]9.99999999999994e-05
	[MINIMUM S3 e1 S4 DISTANCE]0.0
	[MINIMUM S3 e1 S5 DISTANCE]9.999999999998899e-05
	[AVERAGE S0 e1 S1 DISTANCE]0.011645185854897405
	[AVERAGE S0 e1 S2 DISTANCE]0.012258984874148938
	[AVERAGE S0 e1 S6 DISTANCE]0.012010238913816342
	[AVERAGE S3 e1 S1 DISTANCE]0.003219712070874861
	[AVERAGE S3 e1 S4 DISTANCE]0.001028682170542636
	[AVERAGE S3 e1 S5 DISTANCE]0.004248394241417506
[VARIABLES]
	[RESULT 1] [14 10.132508314905337 1 1.9942796975193418]
	[RESULT 2] [1 10.1929826262905 10 1.4624441654266331]
	[RESULT 3] [81 10.112524815748673 10 1.9369793527904309]
	[RESULT 4] [7 10.04089200731414 10 1.1080073101827896]
	[RESULT 5] [33 10.047520376921693 4 1.996608819104061]
	[RESULT 6] [98 930.2847727237702 10 1.994854022147341]
	[RESULT 7] [1 8673.364731917527 10 1.9972615462153276]
	[RESULT 8] [90 1070.265837919494 10 1.994724166227467]
	[RESULT 9] [73 9419.6359787578 10 1.9169271266060846]
	[RESULT 10] [33 113.0701869469076 10 1.9886150358849064]
	[RESULT 11] [97 2294.7548072930595 10 1.987001520507504]
	[RESULT 12] [86 9191.419960077768 10 1.9949744410063195]
	[RESULT 13] [34 10.232591349110873 10 1.9919164800287887]
	[RESULT 14] [23 10.008677513771952 1 1.062231081125229]
	[RESULT 15] [20 10.179604728639191 9 1.745531693906944]
	[RESULT 16] [33 566.0349809216821 10 1.9886493103628966]
	[RESULT 17] [23 10.005824113994073 1 1.9900542660776475]
	[RESULT 18] [98 10.007459983320704 2 0.9810167054058713]
	[RESULT 19] [34 9968.17998472524 10 1.9886150358849064]
	[RESULT 20] [75 84.77561399627484 10 1.9270169398378738]
	[RESULT 21] [1 10.075252429973713 1 1.0902818344307743]
[OBJECTIVES]
	[RESULT 1] [ 0.0141391  -0.00324511  0.01589399  0.0014      0.          0.0014    ]
	[RESULT 2] [ 1.31000071e-02 -1.15186146e-03  1.69481456e-02  1.00000000e-04
  0.00000000e+00  1.00000000e-04]
	[RESULT 3] [0.00859713 0.00783385 0.02143097 0.005      0.0031     0.0081    ]
	[RESULT 4] [ 0.01320365 -0.00139707  0.01680657  0.0007      0.          0.0007    ]
	[RESULT 5] [ 0.01307961 -0.00114734  0.01693227  0.0033      0.          0.0033    ]
	[RESULT 6] [0.00768852 0.01282733 0.00513881 0.005      0.0048     0.0098    ]
	[RESULT 7] [1.25360914e-02 2.03574614e-02 7.82136999e-03 1.00000000e-04
 0.00000000e+00 1.00000000e-04]
	[RESULT 8] [0.00808865 0.01333197 0.00524333 0.005      0.004      0.009     ]
	[RESULT 9] [0.00901757 0.01329802 0.00428046 0.005      0.0023     0.0073    ]
	[RESULT 10] [0.01094481 0.01579937 0.01825582 0.0033     0.         0.0033    ]
	[RESULT 11] [0.00774644 0.0115412  0.00379476 0.005      0.0047     0.0097    ]
	[RESULT 12] [0.0082884  0.01184615 0.00355775 0.005      0.0036     0.0086    ]
	[RESULT 13] [0.01089148 0.00327506 0.01916653 0.0034     0.         0.0034    ]
	[RESULT 14] [ 0.01470766 -0.00441316  0.01529451  0.0023      0.          0.0023    ]
	[RESULT 15] [ 0.01309512 -0.00114542  0.0169497   0.002       0.          0.002     ]
	[RESULT 16] [0.01094477 0.02070032 0.00975555 0.0033     0.         0.0033    ]
	[RESULT 17] [ 0.01369336 -0.00238526  0.0163081   0.0023      0.          0.0023    ]
	[RESULT 18] [0.01102683 0.00294821 0.01897504 0.005      0.0048     0.0098    ]
	[RESULT 19] [0.01089481 0.01703817 0.00614336 0.0034     0.         0.0034    ]
	[RESULT 20] [0.00890727 0.0178814  0.01821133 0.005      0.0025     0.0075    ]
	[RESULT 21] [ 1.57745099e-02 -6.53022090e-03  1.42442890e-02  1.00000000e-04
  0.00000000e+00  1.00000000e-04]
