[METRICS]
	[DISEQUILIBRIUM COUNT] 27
[VARIABLES]
	[RESULT 1] [88 688.4893524124075 10 1.8552929646482048]
	[RESULT 2] [67 164.0809854052195 10 1.9691230638470947]
	[RESULT 3] [93 1489.9560868743565 10 1.983094891021889]
	[RESULT 4] [10 9944.244198240525 10 1.9963036884324612]
	[RESULT 5] [34 94.23342914251627 10 1.955296852592062]
	[RESULT 6] [5 11.492946207119395 10 1.7622742142707832]
	[RESULT 7] [34 12.3814965989489 10 1.9959820705520106]
	[RESULT 8] [23 10.095490431769758 9 0.4168098434409051]
	[RESULT 9] [83 1661.4113553514835 10 1.998928189014731]
	[RESULT 10] [1 26.718604527170825 9 0.2501214252858951]
	[RESULT 11] [2 16.20998051046968 10 0.178807212443454]
	[RESULT 12] [2 14.344122331053748 9 1.9980499355638708]
	[RESULT 13] [91 8869.842011554829 10 1.9654301266758134]
	[RESULT 14] [32 12.3814965989489 9 1.9052381933357885]
	[RESULT 15] [13 235.4719532047011 10 1.7653632024371444]
	[RESULT 16] [4 74.16914443510983 10 1.9976911315463324]
	[RESULT 17] [88 10.287973477042714 10 1.7622742142707832]
	[RESULT 18] [34 9870.694732085509 10 1.99944792080451]
	[RESULT 19] [95 323.74612822961126 10 1.9957395011459906]
	[RESULT 20] [2 16.20998051046968 9 0.178807212443454]
	[RESULT 21] [14 500.01897709747226 10 1.9975604038901864]
[OBJECTIVES]
	[RESULT 1] [0.00833082 0.014873   0.00654217 0.005      0.0038     0.0088    ]
	[RESULT 2] [0.0092645  0.02163161 0.01410389 0.005      0.0017     0.0067    ]
	[RESULT 3] [0.00795038 0.01248308 0.0045327  0.005      0.0043     0.0093    ]
	[RESULT 4] [0.01208706 0.01942326 0.0073362  0.001      0.         0.001     ]
	[RESULT 5] [0.01092852 0.01457323 0.01949826 0.0034     0.         0.0034    ]
	[RESULT 6] [0.01257755 0.00021265 0.0177902  0.0005     0.         0.0005    ]
	[RESULT 7] [0.01088738 0.00380676 0.01969414 0.0034     0.         0.0034    ]
	[RESULT 8] [ 0.01451981 -0.00401577  0.01550404  0.0023      0.          0.0023    ]
	[RESULT 9] [0.00843441 0.01329625 0.00486183 0.005      0.0033     0.0083    ]
	[RESULT 10] [ 1.58461739e-02 -3.11138383e-03  1.77347901e-02  1.00000000e-04
  0.00000000e+00  1.00000000e-04]
	[RESULT 11] [ 0.01464528 -0.00282885  0.01681644  0.0002      0.          0.0002    ]
	[RESULT 12] [ 0.0137353  -0.00142978  0.01730552  0.0002      0.          0.0002    ]
	[RESULT 13] [0.00806824 0.01141551 0.00334727 0.005      0.0041     0.0091    ]
	[RESULT 14] [0.01232951 0.0009225  0.01825201 0.0032     0.         0.0032    ]
	[RESULT 15] [0.01217431 0.01797022 0.01485546 0.0013     0.         0.0013    ]
	[RESULT 16] [0.01238566 0.01000049 0.02261386 0.0004     0.         0.0004    ]
	[RESULT 17] [0.00842755 0.00821669 0.02164424 0.005      0.0038     0.0088    ]
	[RESULT 18] [0.01088389 0.01701877 0.00613488 0.0034     0.         0.0034    ]
	[RESULT 19] [0.00783762 0.0167176  0.00887998 0.005      0.0045     0.0095    ]
	[RESULT 20] [ 0.01589528 -0.00532885  0.01556644  0.0002      0.          0.0002    ]
	[RESULT 21] [0.01188579 0.02199127 0.01112294 0.0014     0.         0.0014    ]
