[METRICS]
	[DISEQUILIBRIUM COUNT] 229
[VARIABLES]
	[RESULT 1] [16 9634.495657878748 10 1.993513968231774]
	[RESULT 2] [2 10.07587736632183 9 0.16008896422986518]
	[RESULT 3] [16 138.743303095434 10 1.978789054253009]
	[RESULT 4] [23 10.023974118683544 6 0.6219858107246253]
	[RESULT 5] [2 10.001160172388856 8 0.9347152659585185]
	[RESULT 6] [3 90.76537190420368 10 1.9853545099976868]
	[RESULT 7] [31 18.406383569272258 10 1.9822774231596236]
	[RESULT 8] [11 10.366200536544946 4 0.1904853418537763]
	[RESULT 9] [16 18.04709082451008 10 1.9853545099976868]
	[RESULT 10] [23 10.281720026910026 3 0.1380117959124007]
	[RESULT 11] [2 10.073739251456116 4 0.16008896422986518]
	[RESULT 12] [7 1482.899369438116 10 0.14211530855147564]
	[RESULT 13] [15 10.023974118683544 9 1.9846814255465275]
	[RESULT 14] [26 465.3306920130697 6 0.6220009101059472]
	[RESULT 15] [2 18.04709082451008 10 1.9859519470306406]
	[RESULT 16] [12 10.091786505875984 4 0.9785194611528538]
	[RESULT 17] [7 432.50082525528825 4 1.9478648255702782]
	[RESULT 18] [24 732.6821158005407 6 0.9803944202646998]
	[RESULT 19] [9 43.49790397625013 10 1.9780126452055184]
	[RESULT 20] [12 1338.075934047392 10 1.9150279231509484]
	[RESULT 21] [12 325.57232425073323 10 1.9948061827587902]
[OBJECTIVES]
	[RESULT 1] [0.01178987 0.01883682 0.00704695 0.0016     0.         0.0016    ]
	[RESULT 2] [ 0.01592153 -0.0068241   0.01409743  0.0002      0.          0.0002    ]
	[RESULT 3] [0.01180473 0.01546126 0.01773401 0.0016     0.         0.0016    ]
	[RESULT 4] [ 0.01500093 -0.00499587  0.01500506  0.0023      0.          0.0023    ]
	[RESULT 5] [ 0.01532719 -0.00565408  0.0146731   0.0002      0.          0.0002    ]
	[RESULT 6] [0.0124481  0.01127372 0.02127818 0.0003     0.         0.0003    ]
	[RESULT 7] [0.01105121 0.00483622 0.02088742 0.0031     0.         0.0031    ]
	[RESULT 8] [ 0.01632182 -0.00755242  0.0137694   0.0011      0.          0.0011    ]
	[RESULT 9] [0.0117981  0.00326574 0.02006384 0.0016     0.         0.0016    ]
	[RESULT 10] [ 0.01584011 -0.00660998  0.01423012  0.0023      0.          0.0023    ]
	[RESULT 11] [ 0.01681439 -0.00861035  0.01320404  0.0002      0.          0.0002    ]
	[RESULT 12] [0.01444682 0.01951694 0.01103624 0.0007     0.         0.0007    ]
	[RESULT 13] [ 0.01309878 -0.00119156  0.01690721  0.0015      0.          0.0015    ]
	[RESULT 14] [0.01485091 0.01579635 0.01435273 0.0026     0.         0.0026    ]
	[RESULT 15] [0.0124975  0.00186695 0.01936445 0.0002     0.         0.0002    ]
	[RESULT 16] [ 0.01525047 -0.00547801  0.01477246  0.0012      0.          0.0012    ]
	[RESULT 17] [0.01442892 0.01635749 0.0142136  0.0007     0.         0.0007    ]
	[RESULT 18] [0.01450535 0.01795045 0.0125442  0.0024     0.         0.0024    ]
	[RESULT 19] [0.01215551 0.00696209 0.0241176  0.0009     0.         0.0009    ]
	[RESULT 20] [0.01206951 0.02088962 0.00882011 0.0012     0.         0.0012    ]
	[RESULT 21] [0.01198857 0.02000707 0.01300437 0.0012     0.         0.0012    ]
