[METRICS]
	[DISEQUILIBRIUM COUNT] 117
	[MINIMUM S0 e1 S1 DISTANCE]0.007674531599141552
	[MINIMUM S0 e1 S2 DISTANCE]-0.007311427370110146
	[MINIMUM S0 e1 S6 DISTANCE]0.0029778496306710847
	[MINIMUM S3 e1 S1 DISTANCE]9.99999999999994e-05
	[MINIMUM S3 e1 S4 DISTANCE]0.0
	[MINIMUM S3 e1 S5 DISTANCE]9.999999999998899e-05
	[AVERAGE S0 e1 S1 DISTANCE]0.012464122549871176
	[AVERAGE S0 e1 S2 DISTANCE]0.012885351164237441
	[AVERAGE S0 e1 S6 DISTANCE]0.01261913398015707
	[AVERAGE S3 e1 S1 DISTANCE]0.0031676633444075275
	[AVERAGE S3 e1 S4 DISTANCE]0.0009764119601328918
	[AVERAGE S3 e1 S5 DISTANCE]0.00414407530454042
[VARIABLES]
	[RESULT 1] [32 74.0884102300958 10 1.9239144012144838]
	[RESULT 2] [1 9324.407652129317 10 1.897590688515824]
	[RESULT 3] [94 7850.133679140914 10 1.9860740735006062]
	[RESULT 4] [33 10.036814658517573 7 1.49148251228277]
	[RESULT 5] [16 10.023997229841509 6 1.4879236975903278]
	[RESULT 6] [98 8347.374148233295 10 1.9068719885186196]
	[RESULT 7] [92 31.96034191183753 10 1.9428945339859396]
	[RESULT 8] [34 8259.23763102646 10 1.9780330733949048]
	[RESULT 9] [22 10.052249644055768 8 0.10032256396889422]
	[RESULT 10] [33 146.92375603276693 10 1.962041237481287]
	[RESULT 11] [91 9429.59566781478 10 1.9604474194309285]
	[RESULT 12] [32 11.78840491771655 8 0.16602589856455485]
	[RESULT 13] [22 8209.165926363708 8 0.10031139864295104]
	[RESULT 14] [88 9544.159261325674 10 1.9979824620146522]
	[RESULT 15] [34 376.9147257241922 10 1.999334413446604]
	[RESULT 16] [92 97.4966770189707 10 1.9626574391756626]
	[RESULT 17] [1 10.205611895508547 8 0.30950134913745353]
	[RESULT 18] [1 10.269289724309953 6 1.3509672974021498]
	[RESULT 19] [89 163.1936590296774 10 1.9597969139048885]
	[RESULT 20] [33 24.2794812319666 10 1.9885918906394113]
	[RESULT 21] [36 10.219791047625147 7 1.7099585733566534]
[OBJECTIVES]
	[RESULT 1] [0.01106044 0.01264344 0.02129613 0.0032     0.         0.0032    ]
	[RESULT 2] [1.26373414e-02 2.05402333e-02 7.90289187e-03 1.00000000e-04
 0.00000000e+00 1.00000000e-04]
	[RESULT 3] [0.00789737 0.0111096  0.00321223 0.005      0.0044     0.0094    ]
	[RESULT 4] [ 0.01334304 -0.00167688  0.01666616  0.0033      0.          0.0033    ]
	[RESULT 5] [ 0.01432195 -0.0036379   0.01568405  0.0016      0.          0.0016    ]
	[RESULT 6] [0.00777784 0.01085198 0.00307414 0.005      0.0048     0.0098    ]
	[RESULT 7] [0.00804111 0.01341931 0.02353958 0.005      0.0042     0.0092    ]
	[RESULT 8] [0.01090549 0.01711042 0.00620492 0.0034     0.         0.0034    ]
	[RESULT 9] [ 0.01542264 -0.00583223  0.01459041  0.0022      0.          0.0022    ]
	[RESULT 10] [0.01097168 0.01750473 0.01652359 0.0033     0.         0.0033    ]
	[RESULT 11] [0.00807329 0.0114092  0.00333591 0.005      0.0041     0.0091    ]
	[RESULT 12] [ 0.01482986 -0.00422048  0.01560939  0.0032      0.          0.0032    ]
	[RESULT 13] [0.01542266 0.01885345 0.01072389 0.0022     0.         0.0022    ]
	[RESULT 14] [0.00818537 0.01163022 0.00344486 0.005      0.0038     0.0088    ]
	[RESULT 15] [0.010884  0.0221223 0.0112383 0.0034    0.        0.0034   ]
	[RESULT 16] [0.00802105 0.02062433 0.01635462 0.005      0.0042     0.0092    ]
	[RESULT 17] [ 1.61813624e-02 -7.31142737e-03  1.38699351e-02  1.00000000e-04
  0.00000000e+00  1.00000000e-04]
	[RESULT 18] [ 1.52242417e-02 -5.38134181e-03  1.48428999e-02  1.00000000e-04
  0.00000000e+00  1.00000000e-04]
	[RESULT 19] [0.00817395 0.02122177 0.01304782 0.005      0.0039     0.0089    ]
	[RESULT 20] [0.01094483 0.00623414 0.02217898 0.0033     0.         0.0033    ]
	[RESULT 21] [ 0.01295762 -0.00086042  0.0170972   0.0036      0.          0.0036    ]
