[METRICS]
	[DISEQUILIBRIUM COUNT] 118
	[MINIMUM S0 e1 S1 DISTANCE]0.007585071148244032
	[MINIMUM S0 e1 S2 DISTANCE]-0.006991454895982185
	[MINIMUM S0 e1 S6 DISTANCE]0.002839033870214402
	[MINIMUM S3 e1 S1 DISTANCE]9.99999999999994e-05
	[MINIMUM S3 e1 S4 DISTANCE]0.0
	[MINIMUM S3 e1 S5 DISTANCE]9.999999999998899e-05
	[AVERAGE S0 e1 S1 DISTANCE]0.01193012915904574
	[AVERAGE S0 e1 S2 DISTANCE]0.011823102113951297
	[AVERAGE S0 e1 S6 DISTANCE]0.012569804202323223
	[AVERAGE S3 e1 S1 DISTANCE]0.003136877076411958
	[AVERAGE S3 e1 S4 DISTANCE]0.001296788482834996
	[AVERAGE S3 e1 S5 DISTANCE]0.004433665559246969
[VARIABLES]
	[RESULT 1] [83 9502.040302553145 10 1.9291793129441586]
	[RESULT 2] [31 1230.78519459547 10 1.8383839946632379]
	[RESULT 3] [21 11.170298742116195 4 0.8101082354261291]
	[RESULT 4] [95 8388.349101940485 10 1.997915708632876]
	[RESULT 5] [3 11.170298742116195 4 0.8101082354261291]
	[RESULT 6] [21 10.069379218383716 9 0.8934154027120637]
	[RESULT 7] [33 10.03750674036311 5 1.7904794012612668]
	[RESULT 8] [34 8968.43191836698 10 1.9953205294133387]
	[RESULT 9] [13 9459.839495635451 10 1.9291793129441586]
	[RESULT 10] [34 161.16504030128834 10 1.995479128239683]
	[RESULT 11] [1 10.006623595471556 5 1.7904794012612668]
	[RESULT 12] [34 10.00897555076462 5 1.8435936759235019]
	[RESULT 13] [95 10.346788269892684 3 0.49711630004764923]
	[RESULT 14] [100 10.026848512662287 6 0.6726092859064995]
	[RESULT 15] [98 1295.0815608641947 10 1.9997994036873121]
	[RESULT 16] [13 123.45658931113195 10 1.997796425633225]
	[RESULT 17] [100 8468.965587029663 10 1.9896334430230265]
	[RESULT 18] [30 10.03750674036311 10 1.7925767105476142]
	[RESULT 19] [21 428.1755716102532 10 1.9775776856767497]
	[RESULT 20] [34 23.267112086372293 10 1.9925562030487538]
	[RESULT 21] [95 10.003720562847983 6 0.6667371154000693]
[OBJECTIVES]
	[RESULT 1] [0.00850507 0.01227077 0.0037657  0.005      0.0033     0.0083    ]
	[RESULT 2] [0.01119829 0.0192894  0.00809111 0.0031     0.         0.0031    ]
	[RESULT 3] [ 0.01500623 -0.00472327  0.01528296  0.0021      0.          0.0021    ]
	[RESULT 4] [0.00783543 0.01096573 0.0031303  0.005      0.0045     0.0095    ]
	[RESULT 5] [ 0.01590623 -0.00652327  0.01438296  0.0003      0.          0.0003    ]
	[RESULT 6] [ 0.01401079 -0.00300425  0.01600654  0.0021      0.          0.0021    ]
	[RESULT 7] [ 0.01323139 -0.00145341  0.01677798  0.0033      0.          0.0033    ]
	[RESULT 8] [0.01088805 0.01705208 0.00616403 0.0034     0.         0.0034    ]
	[RESULT 9] [0.01200507 0.01927192 0.00726685 0.0013     0.         0.0013    ]
	[RESULT 10] [0.01088789 0.01827061 0.0158415  0.0034     0.         0.0034    ]
	[RESULT 11] [ 1.48313914e-02 -4.66112696e-03  1.51702644e-02  1.00000000e-04
  0.00000000e+00  1.00000000e-04]
	[RESULT 12] [ 0.01312624 -0.00125023  0.016876    0.0034      0.          0.0034    ]
	[RESULT 13] [0.01175082 0.00158476 0.01833558 0.005      0.0045     0.0095    ]
	[RESULT 14] [0.01108618 0.00283435 0.01892053 0.005      0.005      0.01      ]
	[RESULT 15] [0.00768354 0.01217202 0.00448848 0.005      0.0048     0.0098    ]
	[RESULT 16] [0.01193555 0.01441691 0.01864754 0.0013     0.         0.0013    ]
	[RESULT 17] [0.00759378 0.01047965 0.00288587 0.005      0.005      0.01      ]
	[RESULT 18] [0.01129587 0.00241763 0.0187135  0.003      0.         0.003     ]
	[RESULT 19] [0.01155595 0.02206347 0.01138057 0.0021     0.         0.0021    ]
	[RESULT 20] [0.01089083 0.00614661 0.02203745 0.0034     0.         0.0034    ]
	[RESULT 21] [0.01134366 0.00231361 0.01865727 0.005      0.0045     0.0095    ]
