[METRICS]
	[DISEQUILIBRIUM COUNT] 112
[VARIABLES]
	[RESULT 1] [24 10.079520583543921 7 1.3266415189567926]
	[RESULT 2] [35 3146.481033934045 10 1.994315480373766]
	[RESULT 3] [63 3823.2895982207738 10 1.8940520733394024]
	[RESULT 4] [85 11.094967665566584 10 1.9402476249025131]
	[RESULT 5] [90 5308.7258721005 10 1.9689617654403242]
	[RESULT 6] [94 5084.113148392591 10 1.9427353894358095]
	[RESULT 7] [1 10.013442356776288 6 1.9886637609162137]
	[RESULT 8] [18 10.023685088378075 6 0.5332506246360816]
	[RESULT 9] [34 109.57097839019762 10 1.9949477134297646]
	[RESULT 10] [2 129.15005246131773 6 1.981922139218082]
	[RESULT 11] [34 12.733573410363263 10 1.996421783092379]
	[RESULT 12] [96 3802.755122408408 10 1.9996741455329547]
	[RESULT 13] [93 3625.335532793889 10 1.9999117473319932]
	[RESULT 14] [82 394.8088986017028 10 1.9825830699581952]
	[RESULT 15] [2 10.166849038110968 8 0.16227171216265923]
	[RESULT 16] [8 3342.103704748997 10 1.9975300805064427]
	[RESULT 17] [1 10.021342360374502 5 0.9927314055179789]
	[RESULT 18] [1 5207.8960198001305 6 1.940259687229087]
	[RESULT 19] [31 51.93386268700372 10 1.997825333528574]
	[RESULT 20] [1 10.22007210726847 4 0.11089927906990817]
	[RESULT 21] [91 5626.7399269442285 10 1.9966419277334095]
[OBJECTIVES]
	[RESULT 1] [ 0.01397668 -0.00293349  0.01604319  0.0024      0.          0.0024    ]
	[RESULT 2] [0.01083906 0.01745056 0.0066115  0.0035     0.         0.0035    ]
	[RESULT 3] [0.00954097 0.01472078 0.00517982 0.005      0.0013     0.0063    ]
	[RESULT 4] [0.0083938  0.00848317 0.02187698 0.005      0.0035     0.0085    ]
	[RESULT 5] [0.00811467 0.01169241 0.00357774 0.005      0.004      0.009     ]
	[RESULT 6] [0.00794127 0.01136572 0.00342445 0.005      0.0044     0.0094    ]
	[RESULT 7] [ 1.45447591e-02 -4.08615804e-03  1.54586010e-02  1.00000000e-04
  0.00000000e+00  1.00000000e-04]
	[RESULT 8] [ 0.01536593 -0.00572594  0.01463999  0.0018      0.          0.0018    ]
	[RESULT 9] [0.01088842 0.01569628 0.01841529 0.0034     0.         0.0034    ]
	[RESULT 10] [0.01450156 0.00958916 0.02090927 0.0002     0.         0.0002    ]
	[RESULT 11] [0.01088694 0.00389133 0.01977827 0.0034     0.         0.0034    ]
	[RESULT 12] [0.00778366 0.01120954 0.00342588 0.005      0.0046     0.0096    ]
	[RESULT 13] [0.00793342 0.01153973 0.00360631 0.005      0.0043     0.0093    ]
	[RESULT 14] [0.0085009  0.01715846 0.00865757 0.005      0.0032     0.0082    ]
	[RESULT 15] [ 0.01633513 -0.00762862  0.01370651  0.0002      0.          0.0002    ]
	[RESULT 16] [0.01218582 0.02010006 0.00791424 0.0008     0.         0.0008    ]
	[RESULT 17] [ 1.57238676e-02 -6.44240070e-03  1.42814669e-02  1.00000000e-04
  0.00000000e+00  1.00000000e-04]
	[RESULT 18] [1.45937895e-02 2.03405356e-02 1.00656749e-02 1.00000000e-04
 0.00000000e+00 1.00000000e-04]
	[RESULT 19] [0.01103552 0.01031512 0.02364936 0.0031     0.         0.0031    ]
	[RESULT 20] [ 1.69338169e-02 -8.81273665e-03  1.31210803e-02  1.00000000e-04
  0.00000000e+00  1.00000000e-04]
	[RESULT 21] [0.00803672 0.01151074 0.00347403 0.005      0.0041     0.0091    ]
