[METRICS]
	[DISEQUILIBRIUM COUNT] 130
[VARIABLES]
	[RESULT 1] [84 9900.8542075755 10 1.9948788976037526]
	[RESULT 2] [87 10.0909474504144 6 0.4866788522538522]
	[RESULT 3] [76 7004.595079591538 10 1.943436877457081]
	[RESULT 4] [1 10.020513136946832 7 0.4501448246042129]
	[RESULT 5] [87 10.053370851890401 6 0.4392283492452627]
	[RESULT 6] [34 9647.531540914733 10 1.9948788976037526]
	[RESULT 7] [97 1552.0513766736433 10 1.9948788976037526]
	[RESULT 8] [13 10.00606339538171 7 0.36005642999505805]
	[RESULT 9] [7 11.582001689712207 7 1.9724633636520525]
	[RESULT 10] [30 10.00606339538171 7 0.36005642999505805]
	[RESULT 11] [86 10.0909474504144 6 0.6119198233175949]
	[RESULT 12] [1 528.0831349409846 10 1.9476621696295469]
	[RESULT 13] [2 256.8547640675841 7 1.9952093126393533]
	[RESULT 14] [34 11.43989789480152 10 1.9969322812398684]
	[RESULT 15] [11 10.0008270021227 7 1.4615901342631061]
	[RESULT 16] [6 66.60487765911805 7 0.4689735929515384]
	[RESULT 17] [100 325.37536897840994 10 1.97264172376538]
	[RESULT 18] [99 7518.865230926853 10 1.9992662204674765]
	[RESULT 19] [30 549.6137184064299 10 1.9995559285189974]
	[RESULT 20] [89 41.05884473505375 10 1.976514489271701]
	[RESULT 21] [94 10.0909474504144 6 0.4866788522538522]
[OBJECTIVES]
	[RESULT 1] [0.00838849 0.01202721 0.00363872 0.005      0.0034     0.0084    ]
	[RESULT 2] [0.01197707 0.00106858 0.01804565 0.005      0.0037     0.0087    ]
	[RESULT 3] [0.00884056 0.0130335  0.00419294 0.005      0.0026     0.0076    ]
	[RESULT 4] [ 1.62004058e-02 -7.39568435e-03  1.38047214e-02  1.00000000e-04
  0.00000000e+00  1.00000000e-04]
	[RESULT 5] [0.01203992 0.0009335  0.01797342 0.005      0.0037     0.0087    ]
	[RESULT 6] [0.01088849 0.01703372 0.00614523 0.0034     0.         0.0034    ]
	[RESULT 7] [0.00773849 0.01199947 0.00426098 0.005      0.0047     0.0097    ]
	[RESULT 8] [ 0.01572106 -0.00644061  0.01428045  0.0013      0.          0.0013    ]
	[RESULT 9] [ 0.01413612 -0.00288291  0.01625322  0.0007      0.          0.0007    ]
	[RESULT 10] [ 0.01487106 -0.00474061  0.01513045  0.003       0.          0.003     ]
	[RESULT 11] [0.01186388 0.00129496 0.01815884 0.005      0.0036     0.0086    ]
	[RESULT 12] [1.25862655e-02 2.07827057e-02 1.16310288e-02 1.00000000e-04
 0.00000000e+00 1.00000000e-04]
	[RESULT 13] [0.01436316 0.01406605 0.01657079 0.0002     0.         0.0002    ]
	[RESULT 14] [0.01088642 0.00358202 0.01946844 0.0034     0.         0.0034    ]
	[RESULT 15] [ 0.01447595 -0.00395169  0.01552426  0.0011      0.          0.0011    ]
	[RESULT 16] [0.01592545 0.00218536 0.02311081 0.0006     0.         0.0006    ]
	[RESULT 17] [0.00761094 0.01624054 0.0086296  0.005      0.005      0.01      ]
	[RESULT 18] [0.00763407 0.01059671 0.00296264 0.005      0.0049     0.0099    ]
	[RESULT 19] [0.01108378 0.02107617 0.00999239 0.003      0.         0.003     ]
	[RESULT 20] [0.00815703 0.01461054 0.02223243 0.005      0.0039     0.0089    ]
	[RESULT 21] [0.01162707 0.00176858 0.01839565 0.005      0.0044     0.0094    ]
