[METRICS]
	[DISEQUILIBRIUM COUNT] 114
[VARIABLES]
	[RESULT 1] [1 10.64071332763619 8 1.9215323221062046]
	[RESULT 2] [61 10.259821856705283 7 0.31162560718461413]
	[RESULT 3] [48 10.259821856705283 7 0.2833684237515563]
	[RESULT 4] [87 10.129754826036535 7 0.2946251066268041]
	[RESULT 5] [85 9364.82506377034 10 1.9999832651433982]
	[RESULT 6] [97 487.0830069067456 10 1.999052516723199]
	[RESULT 7] [48 343.1752731103618 10 1.8541088234489278]
	[RESULT 8] [4 10.143350687713642 6 0.31204054529875036]
	[RESULT 9] [23 10.259821856705283 7 0.4069527741132165]
	[RESULT 10] [28 10.044641621252115 8 0.26827055861446436]
	[RESULT 11] [30 173.5113890190314 10 1.9996714676166154]
	[RESULT 12] [94 6753.333874834236 10 1.980490378479602]
	[RESULT 13] [28 32.11563307346296 10 1.9990337250047945]
	[RESULT 14] [98 9094.728475425423 10 1.9342493945860788]
	[RESULT 15] [30 11.76906644799309 10 1.9990337250047945]
	[RESULT 16] [91 8982.693851948026 10 1.9827790598190425]
	[RESULT 17] [28 9333.234905054496 9 1.8972815113425474]
	[RESULT 18] [1 45.0388357793585 10 1.9999113664376469]
	[RESULT 19] [34 9182.009260588216 10 1.99635187380617]
	[RESULT 20] [28 95.92010286733512 10 0.34575692800204355]
	[RESULT 21] [8 9622.459320877693 7 1.9014445074855986]
[OBJECTIVES]
	[RESULT 1] [ 1.42795327e-02 -3.39990673e-03  1.58796259e-02  1.00000000e-04
  0.00000000e+00  1.00000000e-04]
	[RESULT 2] [ 0.0133868  -0.00170881  0.01667799  0.005       0.0011      0.0061    ]
	[RESULT 3] [ 0.01407544 -0.00308609  0.01598935  0.0048      0.          0.0048    ]
	[RESULT 4] [0.01211002 0.00081236 0.01792238 0.005      0.0037     0.0087    ]
	[RESULT 5] [0.00833335 0.01193112 0.00359777 0.005      0.0035     0.0085    ]
	[RESULT 6] [0.00773429 0.01480071 0.00706642 0.005      0.0047     0.0097    ]
	[RESULT 7] [0.01033205 0.02143543 0.01110338 0.0048     0.         0.0048    ]
	[RESULT 8] [ 0.01636123 -0.00768668  0.01367455  0.0004      0.          0.0004    ]
	[RESULT 9] [ 0.01515799 -0.0052512   0.01490679  0.0023      0.          0.0023    ]
	[RESULT 10] [ 0.01488784 -0.00476452  0.01512332  0.0028      0.          0.0028    ]
	[RESULT 11] [0.01108366 0.01834542 0.01557092 0.003      0.         0.003     ]
	[RESULT 12] [0.00790301 0.01117134 0.00326833 0.005      0.0044     0.0094    ]
	[RESULT 13] [0.01118431 0.00715899 0.02334329 0.0028     0.         0.0028    ]
	[RESULT 14] [0.00774991 0.010772   0.0030221  0.005      0.0048     0.0098    ]
	[RESULT 15] [0.01108431 0.00326597 0.01935027 0.003      0.         0.003     ]
	[RESULT 16] [0.0080507  0.01137695 0.00332625 0.005      0.0041     0.0091    ]
	[RESULT 17] [0.01253766 0.02034062 0.00780296 0.0028     0.         0.0028    ]
	[RESULT 18] [1.25334226e-02 6.41996205e-03 2.39533846e-02 1.00000000e-04
 0.00000000e+00 1.00000000e-04]
	[RESULT 19] [0.01088701 0.01704364 0.00615664 0.0034     0.         0.0034    ]
	[RESULT 20] [0.01311541 0.01032255 0.02156204 0.0028     0.         0.0028    ]
	[RESULT 21] [0.0141584  0.02142581 0.0094158  0.0008     0.         0.0008    ]
