[METRICS]
	[DISEQUILIBRIUM COUNT] 197
[VARIABLES]
	[RESULT 1] [2 10.527867671688133 6 1.5656758334704408]
	[RESULT 2] [1 10.001195540488586 6 0.45407630206284544]
	[RESULT 3] [56 83.2698060276279 10 1.4863284865349564]
	[RESULT 4] [20 17.9210623374533 10 1.9610057929560523]
	[RESULT 5] [14 10.000893717428962 6 1.102999543991918]
	[RESULT 6] [1 10.001195540488586 10 0.4677208127207794]
	[RESULT 7] [57 32.78729053130172 9 1.6242601234630099]
	[RESULT 8] [19 1580.1403598237557 5 0.46073825519442196]
	[RESULT 9] [87 64.05372436471566 10 0.8713808867331079]
	[RESULT 10] [7 10.245374338056452 6 0.8967314758381686]
	[RESULT 11] [1 1100.8723762685981 6 0.467743055690399]
	[RESULT 12] [3 17.043194810561786 8 0.3635977982738763]
	[RESULT 13] [20 122.18770627999695 10 1.9071815846815448]
	[RESULT 14] [55 564.4898377543936 10 1.956755811805715]
	[RESULT 15] [53 4264.725965912741 10 1.9374949524171354]
	[RESULT 16] [16 10.003676184641767 5 0.4576628157317472]
	[RESULT 17] [13 10.001195540488586 10 0.42261775331078655]
	[RESULT 18] [8 1615.266355130745 10 1.968055826145529]
	[RESULT 19] [16 57.95274766121592 10 1.9997933407810358]
	[RESULT 20] [15 1512.4100233705165 5 1.881849136052716]
	[RESULT 21] [20 4453.361815380276 10 1.990112230218868]
[OBJECTIVES]
	[RESULT 1] [ 0.0149371  -0.00474292  0.01519418  0.0002      0.          0.0002    ]
	[RESULT 2] [ 1.63201876e-02 -7.64007642e-03  1.36801112e-02  1.00000000e-04
  0.00000000e+00  1.00000000e-04]
	[RESULT 3] [0.0103237  0.01492423 0.01975207 0.005      0.0006     0.0056    ]
	[RESULT 4] [0.01162273 0.00358947 0.02021219 0.002      0.         0.002     ]
	[RESULT 5] [ 0.01485953 -0.00471884  0.01514069  0.0014      0.          0.0014    ]
	[RESULT 6] [ 1.43021081e-02 -3.60391727e-03  1.56981908e-02  1.00000000e-04
  0.00000000e+00  1.00000000e-04]
	[RESULT 7] [0.01137391 0.00689176 0.02326567 0.005      0.0007     0.0057    ]
	[RESULT 8] [0.01549469 0.01751374 0.01199157 0.0019     0.         0.0019    ]
	[RESULT 9] [0.00948777 0.01479635 0.02071588 0.005      0.0037     0.0087    ]
	[RESULT 10] [ 0.01545674 -0.00585229  0.01460445  0.0007      0.          0.0007    ]
	[RESULT 11] [1.63020786e-02 1.52965414e-02 1.34013800e-02 1.00000000e-04
 0.00000000e+00 1.00000000e-04]
	[RESULT 12] [ 0.01600795 -0.00537095  0.015637    0.0003      0.          0.0003    ]
	[RESULT 13] [0.01167752 0.01486293 0.01845955 0.002      0.         0.002     ]
	[RESULT 14] [0.00987704 0.01857384 0.0086968  0.005      0.0005     0.0055    ]
	[RESULT 15] [0.0099966  0.01556729 0.00557069 0.005      0.0003     0.0053    ]
	[RESULT 16] [ 0.01564876 -0.00629661  0.01435215  0.0016      0.          0.0016    ]
	[RESULT 17] [ 0.01376205 -0.00252381  0.01623825  0.0013      0.          0.0013    ]
	[RESULT 18] [0.01221559 0.02089722 0.00868163 0.0008     0.         0.0008    ]
	[RESULT 19] [0.01178354 0.00953563 0.02368083 0.0016     0.         0.0016    ]
	[RESULT 20] [0.01403682 0.02036621 0.01059697 0.0015     0.         0.0015    ]
	[RESULT 21] [0.0115933  0.01873685 0.00714355 0.002      0.         0.002     ]
