[METRICS]
	[DISEQUILIBRIUM COUNT] 14
	[MINIMUM S0 e1 S1 DISTANCE]0.007603226248908702
	[MINIMUM S0 e1 S2 DISTANCE]-0.006513385323410392
	[MINIMUM S0 e1 S6 DISTANCE]0.0031316978005575657
	[MINIMUM S3 e1 S1 DISTANCE]9.99999999999994e-05
	[MINIMUM S3 e1 S4 DISTANCE]0.0
	[MINIMUM S3 e1 S5 DISTANCE]9.999999999998899e-05
	[AVERAGE S0 e1 S1 DISTANCE]0.012315204091176741
	[AVERAGE S0 e1 S2 DISTANCE]0.016750633908597604
	[AVERAGE S0 e1 S6 DISTANCE]0.009299350881676697
	[AVERAGE S3 e1 S1 DISTANCE]0.0028347729789590286
	[AVERAGE S3 e1 S4 DISTANCE]0.0006448504983388713
	[AVERAGE S3 e1 S5 DISTANCE]0.0034796234772978955
[VARIABLES]
	[RESULT 1] [5 146.1361847104199 10 1.9966132755526496]
	[RESULT 2] [84 5018.21697388902 10 1.9957755703121167]
	[RESULT 3] [71 11.364059713140257 2 0.23026335836192768]
	[RESULT 4] [1 16.291017677842824 3 0.46249511877672433]
	[RESULT 5] [68 11.364059713140257 2 0.23026335836192768]
	[RESULT 6] [2 30.248630551846798 2 1.803365327952062]
	[RESULT 7] [46 185.78669509733044 10 1.9429977385296622]
	[RESULT 8] [71 11.391044818940834 2 0.19549345036633226]
	[RESULT 9] [33 11.364059713140257 1 0.22262803770689898]
	[RESULT 10] [6 41.13574485281491 2 0.3404366380948093]
	[RESULT 11] [46 56.53836135900505 10 1.9251537411284527]
	[RESULT 12] [7 11.533395299021862 10 1.9779488493911501]
	[RESULT 13] [34 5170.246685439667 10 1.9891879456835133]
	[RESULT 14] [98 382.2289277754274 10 1.9969928670468184]
	[RESULT 15] [97 5013.361184645388 10 1.9957755703121167]
	[RESULT 16] [35 103.16073313319832 10 1.9540328104529965]
	[RESULT 17] [71 11.364059713140257 3 0.3801134024908474]
	[RESULT 18] [42 550.2413825936039 10 1.9828624154741838]
	[RESULT 19] [83 207.12009481947734 10 1.9787702804122096]
	[RESULT 20] [82 5568.0980716345275 10 1.89422572220147]
	[RESULT 21] [6 5087.995079500346 10 1.9891879456835133]
[OBJECTIVES]
	[RESULT 1] [0.01233674 0.0147394  0.01792386 0.0005     0.         0.0005    ]
	[RESULT 2] [0.00838759 0.01226458 0.003877   0.005      0.0034     0.0084    ]
	[RESULT 3] [ 0.01334586 -0.00135528  0.01699057  0.005       0.0021      0.0071    ]
	[RESULT 4] [ 1.64965268e-02 -6.51338532e-03  1.49831415e-02  1.00000000e-04
  0.00000000e+00  1.00000000e-04]
	[RESULT 5] [ 0.01349586 -0.00165528  0.01684057  0.005       0.0018      0.0068    ]
	[RESULT 6] [ 0.01490685 -0.00060397  0.01930289  0.0002      0.          0.0002    ]
	[RESULT 7] [0.01034101 0.02025301 0.01440598 0.0046     0.         0.0046    ]
	[RESULT 8] [ 0.01339419 -0.00144539  0.0169488   0.005       0.0021      0.0071    ]
	[RESULT 9] [ 0.01528422 -0.00523201  0.01505221  0.0033      0.          0.0033    ]
	[RESULT 10] [ 0.01644484 -0.0019539   0.01949094  0.0006      0.          0.0006    ]
	[RESULT 11] [0.01035917 0.01222128 0.02241955 0.0046     0.         0.0046    ]
	[RESULT 12] [0.01225558 0.0008664  0.01812198 0.0007     0.         0.0007    ]
	[RESULT 13] [0.01089423 0.01726372 0.00636949 0.0034     0.         0.0034    ]
	[RESULT 14] [0.00768636 0.01566677 0.0079804  0.005      0.0048     0.0098    ]
	[RESULT 15] [0.00773759 0.01096505 0.00322746 0.005      0.0047     0.0097    ]
	[RESULT 16] [0.0108798  0.01529782 0.01882239 0.0035     0.         0.0035    ]
	[RESULT 17] [ 0.01310652 -0.00087661  0.01722991  0.005       0.0021      0.0071    ]
	[RESULT 18] [0.01050061 0.01990601 0.00940539 0.0042     0.         0.0042    ]
	[RESULT 19] [0.00845475 0.0203236  0.01186885 0.005      0.0033     0.0083    ]
	[RESULT 20] [0.00859079 0.01262342 0.00403263 0.005      0.0032     0.0082    ]
	[RESULT 21] [0.01229423 0.02007127 0.00777704 0.0006     0.         0.0006    ]
