[METRICS]
	[DISEQUILIBRIUM COUNT] 127
[VARIABLES]
	[RESULT 1] [33 10.34108328749107 10 1.552707907219028]
	[RESULT 2] [97 10.05229716623143 2 0.793228591380198]
	[RESULT 3] [42 10.05229716623143 2 0.7666544307580798]
	[RESULT 4] [84 10.066458127035336 1 0.7942594460979361]
	[RESULT 5] [25 10.002451192985445 1 1.011755742009517]
	[RESULT 6] [99 6819.964812109611 10 1.8743067003170297]
	[RESULT 7] [1 10.0523379996762 2 0.864682624998214]
	[RESULT 8] [96 1769.6381880215345 10 1.975149852069595]
	[RESULT 9] [1 10.0523379996762 2 1.5597565513667595]
	[RESULT 10] [75 10.05229716623143 2 0.7731708867563518]
	[RESULT 11] [76 315.0588288744808 10 1.5871251198958585]
	[RESULT 12] [92 10.05229716623143 2 0.793228591380198]
	[RESULT 13] [34 122.1318447270128 10 1.8802764680183344]
	[RESULT 14] [71 10.038657003791036 10 1.9522040443012951]
	[RESULT 15] [75 4361.085751526998 10 0.7963727237873521]
	[RESULT 16] [93 9707.521437091853 10 1.8060900550409142]
	[RESULT 17] [33 9447.527043482765 10 1.9473185928401975]
	[RESULT 18] [2 6885.250667840877 10 0.9769473568133773]
	[RESULT 19] [86 4527.32336294563 10 1.8352047193287246]
	[RESULT 20] [2 10.32100024594061 10 1.5522086161019502]
	[RESULT 21] [12 10.052337263138812 2 1.573375773595141]
[OBJECTIVES]
	[RESULT 1] [0.01140117 0.00228264 0.01868381 0.0033     0.         0.0033    ]
	[RESULT 2] [0.01130657 0.00239992 0.0187065  0.005      0.0047     0.0097    ]
	[RESULT 3] [ 0.01408973 -0.00316639  0.01592334  0.0042      0.          0.0042    ]
	[RESULT 4] [0.01198307 0.00105047 0.01803354 0.005      0.0034     0.0084    ]
	[RESULT 5] [ 0.01466775 -0.00433488  0.01533287  0.0025      0.          0.0025    ]
	[RESULT 6] [0.00776124 0.01088427 0.00312304 0.005      0.0049     0.0099    ]
	[RESULT 7] [ 1.60182172e-02 -7.02335679e-03  1.39948604e-02  1.00000000e-04
  0.00000000e+00  1.00000000e-04]
	[RESULT 8] [0.00780841 0.01196116 0.00415276 0.005      0.0046     0.0096    ]
	[RESULT 9] [ 1.52157390e-02 -5.41840030e-03  1.47973387e-02  1.00000000e-04
  0.00000000e+00  1.00000000e-04]
	[RESULT 10] [0.01243158 0.0001499  0.01758148 0.005      0.0025     0.0075    ]
	[RESULT 11] [0.00921389 0.01959972 0.01038583 0.005      0.0026     0.0076    ]
	[RESULT 12] [0.01155657 0.00189992 0.0184565  0.005      0.0042     0.0092    ]
	[RESULT 13] [0.0110051  0.01620467 0.01779023 0.0034     0.         0.0034    ]
	[RESULT 14] [0.00908165 0.00684635 0.02092801 0.005      0.0021     0.0071    ]
	[RESULT 15] [0.01018044 0.01592253 0.0057421  0.005      0.0025     0.0075    ]
	[RESULT 16] [0.0081318  0.01151876 0.00338696 0.005      0.0043     0.0093    ]
	[RESULT 17] [0.01098661 0.01723535 0.00624874 0.0033     0.         0.0033    ]
	[RESULT 18] [0.0136095  0.02242259 0.00896791 0.0002     0.         0.0002    ]
	[RESULT 19] [0.00845158 0.01244461 0.00399302 0.005      0.0036     0.0086    ]
	[RESULT 20] [ 0.01295171 -0.00082343  0.01712828  0.0002      0.          0.0002    ]
	[RESULT 21] [ 0.01465098 -0.00428888  0.0153621   0.0012      0.          0.0012    ]
