[METRICS]
	[DISEQUILIBRIUM COUNT] 106
	[MINIMUM S0 e1 S1 DISTANCE]0.007583352807818801
	[MINIMUM S0 e1 S2 DISTANCE]-0.004545147596613841
	[MINIMUM S0 e1 S6 DISTANCE]0.0029033772514247204
	[MINIMUM S3 e1 S1 DISTANCE]9.99999999999994e-05
	[MINIMUM S3 e1 S4 DISTANCE]0.0
	[MINIMUM S3 e1 S5 DISTANCE]9.999999999998899e-05
	[AVERAGE S0 e1 S1 DISTANCE]0.011665520935645705
	[AVERAGE S0 e1 S2 DISTANCE]0.012309945373681904
	[AVERAGE S0 e1 S6 DISTANCE]0.012624755385745595
	[AVERAGE S3 e1 S1 DISTANCE]0.002765891472868211
	[AVERAGE S3 e1 S4 DISTANCE]0.0009959025470653395
	[AVERAGE S3 e1 S5 DISTANCE]0.0037617940199335615
[VARIABLES]
	[RESULT 1] [98 440.9472450859985 10 1.8548694695385175]
	[RESULT 2] [21 10.011347175813663 8 1.540982609907464]
	[RESULT 3] [27 10.034253100001926 9 1.9489559408720705]
	[RESULT 4] [35 5926.918798358739 10 1.9994501537632954]
	[RESULT 5] [64 9623.916056135797 10 1.991387306805407]
	[RESULT 6] [1 10.016536593656681 8 1.4552298461817383]
	[RESULT 7] [10 10.016536593656681 10 1.3232243284664187]
	[RESULT 8] [33 10.005043605404834 10 1.9999725731164817]
	[RESULT 9] [3 10.804848949674687 10 1.9766064663743983]
	[RESULT 10] [1 10.295263518591309 9 1.4696537337996947]
	[RESULT 11] [10 10.006699484952588 9 1.9989689277926]
	[RESULT 12] [1 10.009316962244249 10 1.4552298461817383]
	[RESULT 13] [76 4895.736710551655 10 1.9999842273468393]
	[RESULT 14] [37 54.92279347650128 10 1.9994501537632954]
	[RESULT 15] [95 930.0929304798092 10 1.8437252217062585]
	[RESULT 16] [3 470.56271182741403 10 1.9819881669855484]
	[RESULT 17] [7 10.006699484952588 7 1.9990480423483656]
	[RESULT 18] [17 5755.644849782076 10 1.7383572239161171]
	[RESULT 19] [73 61.00893741507298 10 1.7826624928858863]
	[RESULT 20] [100 275.53763333024045 10 1.9999806598524983]
	[RESULT 21] [33 214.1499632943658 10 1.9999725731164817]
[OBJECTIVES]
	[RESULT 1] [0.00783126 0.01537109 0.00753983 0.005      0.0048     0.0098    ]
	[RESULT 2] [ 0.01368059 -0.00235834  0.01632225  0.0021      0.          0.0021    ]
	[RESULT 3] [ 1.25349514e-02 -6.13425202e-05  1.74736089e-02  2.70000000e-03
  0.00000000e+00  2.70000000e-03]
	[RESULT 4] [0.01083389 0.01708327 0.00624938 0.0035     0.         0.0035    ]
	[RESULT 5] [0.00939201 0.01404139 0.00464937 0.005      0.0014     0.0064    ]
	[RESULT 6] [ 1.47746405e-02 -4.54514760e-03  1.52294929e-02  1.00000000e-04
  0.00000000e+00  1.00000000e-04]
	[RESULT 7] [ 0.01280554 -0.00060695  0.01719859  0.001       0.          0.001     ]
	[RESULT 8] [0.01093336 0.00313454 0.0190679  0.0033     0.         0.0033    ]
	[RESULT 9] [0.01245694 0.00028574 0.01774267 0.0003     0.         0.0003    ]
	[RESULT 10] [ 1.43420556e-02 -3.61051259e-03  1.57315430e-02  1.00000000e-04
  0.00000000e+00  1.00000000e-04]
	[RESULT 11] [ 0.01333437 -0.00166707  0.0166673   0.001       0.          0.001     ]
	[RESULT 12] [ 1.31079739e-02 -1.21361870e-03  1.68943552e-02  1.00000000e-04
  0.00000000e+00  1.00000000e-04]
	[RESULT 13] [0.00878335 0.01306813 0.00428478 0.005      0.0026     0.0076    ]
	[RESULT 14] [0.01073389 0.01128166 0.02298445 0.0037     0.         0.0037    ]
	[RESULT 15] [0.00799277 0.0134363  0.00544353 0.005      0.0045     0.0095    ]
	[RESULT 16] [0.0124515 0.0206372 0.0119113 0.0003    0.        0.0003   ]
	[RESULT 17] [ 0.01410929 -0.00321691  0.01589238  0.0007      0.          0.0007    ]
	[RESULT 18] [0.01200267 0.019433   0.00743033 0.0017     0.         0.0017    ]
	[RESULT 19] [0.00915622 0.01513225 0.02071153 0.005      0.0023     0.0073    ]
	[RESULT 20] [0.00758335 0.01700595 0.00942259 0.005      0.005      0.01      ]
	[RESULT 21] [0.01093336 0.01991365 0.01415299 0.0033     0.         0.0033    ]
