[METRICS]
	[DISEQUILIBRIUM COUNT] 76
[VARIABLES]
	[RESULT 1] [37 10.018102366914883 9 1.0659959862292594]
	[RESULT 2] [80 10.061529304527511 6 0.9355318791014213]
	[RESULT 3] [15 10.020714725992171 10 0.9446402806813781]
	[RESULT 4] [36 10.01175600843952 6 0.9503905190937478]
	[RESULT 5] [98 461.8032893568075 10 1.9950896983960036]
	[RESULT 6] [78 7302.669879072888 10 1.9887159896529776]
	[RESULT 7] [1 10.046881312576987 7 1.8342408378613104]
	[RESULT 8] [2 10.006573408646592 10 1.7356482112966667]
	[RESULT 9] [89 8967.309217880074 10 1.9985948910455813]
	[RESULT 10] [97 8548.95920622774 10 1.9992031047461132]
	[RESULT 11] [4 40.15229884413836 10 1.996431896117861]
	[RESULT 12] [33 83.94564796080125 10 1.9975673311559259]
	[RESULT 13] [34 10.415757412469361 10 1.9993372690992566]
	[RESULT 14] [3 10.061529304527511 6 0.9360864367541377]
	[RESULT 15] [100 1294.1080099291466 10 1.9950896983960036]
	[RESULT 16] [100 194.20953916928343 10 1.9989925787306846]
	[RESULT 17] [5 8102.628071503159 10 1.988856129987046]
	[RESULT 18] [93 10.061529304527511 10 1.4748222376433082]
	[RESULT 19] [15 10.046242007216966 7 0.8814008037562959]
	[RESULT 20] [86 10.054519878490744 6 0.8451202323040514]
	[RESULT 21] [34 7147.990840244237 10 1.9992682050793518]
[OBJECTIVES]
	[RESULT 1] [ 0.0130032  -0.00100188  0.01700132  0.0037      0.          0.0037    ]
	[RESULT 2] [0.01175953 0.00149632 0.01825584 0.005      0.003      0.008     ]
	[RESULT 3] [ 0.01299849 -0.00099181  0.01700668  0.0015      0.          0.0015    ]
	[RESULT 4] [ 0.01394154 -0.00288014  0.0160614   0.0036      0.          0.0036    ]
	[RESULT 5] [0.00768828 0.01490716 0.00721888 0.005      0.0048     0.0098    ]
	[RESULT 6] [0.00869471 0.01272759 0.00403288 0.005      0.0028     0.0078    ]
	[RESULT 7] [ 1.45775815e-02 -4.14344810e-03  1.54341334e-02  1.00000000e-04
  0.00000000e+00  1.00000000e-04]
	[RESULT 8] [ 0.01275552 -0.00050939  0.01724613  0.0002      0.          0.0002    ]
	[RESULT 9] [0.00813475 0.01154552 0.00341077 0.005      0.0039     0.0089    ]
	[RESULT 10] [0.00773414 0.01075766 0.00302352 0.005      0.0047     0.0097    ]
	[RESULT 11] [0.01238693 0.00601788 0.02340481 0.0004     0.         0.0004    ]
	[RESULT 12] [0.01093578 0.01375613 0.02030809 0.0033     0.         0.0033    ]
	[RESULT 13] [0.010884   0.00333551 0.01921951 0.0034     0.         0.0034    ]
	[RESULT 14] [ 0.01560886 -0.00620234  0.01440652  0.0003      0.          0.0003    ]
	[RESULT 15] [0.00758828 0.01198278 0.0043945  0.005      0.005      0.01      ]
	[RESULT 16] [0.00758435 0.01896502 0.01138067 0.005      0.005      0.01      ]
	[RESULT 17] [0.01234457 0.01999428 0.00764972 0.0005     0.         0.0005    ]
	[RESULT 18] [0.00848636 0.00804265 0.02152901 0.005      0.0043     0.0093    ]
	[RESULT 19] [ 0.01495049 -0.00488943  0.01506106  0.0015      0.          0.0015    ]
	[RESULT 20] [0.01157007 0.00187349 0.01844355 0.005      0.0036     0.0086    ]
	[RESULT 21] [0.01088407 0.01711354 0.00622947 0.0034     0.         0.0034    ]
