[METRICS]
	[DISEQUILIBRIUM COUNT] 84
[VARIABLES]
	[RESULT 1] [60 8922.100514677897 10 1.9590277367885192]
	[RESULT 2] [92 8500.72209067153 10 1.8422230531153716]
	[RESULT 3] [99 9270.261387339677 10 1.9991183562753676]
	[RESULT 4] [14 10.772510151944687 2 0.13972825725434956]
	[RESULT 5] [94 40.200798160363796 10 1.9995039917413364]
	[RESULT 6] [33 17.821802228575432 10 1.9996976198609078]
	[RESULT 7] [1 10.37043690747673 2 0.29782602693448024]
	[RESULT 8] [96 10.547119412471554 2 0.1344987608175355]
	[RESULT 9] [1 10.412660898491925 2 1.2343589571688658]
	[RESULT 10] [34 87.37792405709652 10 1.9938977401108224]
	[RESULT 11] [94 1704.99613861174 10 1.9978070422292022]
	[RESULT 12] [14 10.772510151944687 2 1.9606761246673794]
	[RESULT 13] [95 9142.458854265038 10 1.98863496057472]
	[RESULT 14] [34 10.279317697897813 10 0.30386696847238326]
	[RESULT 15] [4 1098.8423568495728 2 0.22792294386774947]
	[RESULT 16] [96 586.434306611643 10 1.9939173131107792]
	[RESULT 17] [86 452.1822375583116 10 1.9997408692349359]
	[RESULT 18] [4 1098.8423568495728 10 0.2551456112189896]
	[RESULT 19] [33 10.652508913357622 1 0.20134422690096593]
	[RESULT 20] [28 7589.746075204173 9 1.9995733982032449]
	[RESULT 21] [34 9276.701199914989 10 1.9873338926016701]
[OBJECTIVES]
	[RESULT 1] [0.00962473 0.01452687 0.00490214 0.005      0.001      0.006     ]
	[RESULT 2] [0.00814432 0.01157966 0.00343533 0.005      0.0042     0.0092    ]
	[RESULT 3] [0.00763422 0.01053553 0.00290131 0.005      0.0049     0.0099    ]
	[RESULT 4] [ 0.01632241 -0.00745317  0.01386924  0.0014      0.          0.0014    ]
	[RESULT 5] [0.00788383 0.01503122 0.02208494 0.005      0.0044     0.0094    ]
	[RESULT 6] [0.01093364 0.00494632 0.02087996 0.0033     0.         0.0033    ]
	[RESULT 7] [ 1.67528641e-02 -8.41346069e-03  1.33394034e-02  1.00000000e-04
  0.00000000e+00  1.00000000e-04]
	[RESULT 8] [0.01222979 0.00067646 0.01790625 0.005      0.0046     0.0096    ]
	[RESULT 9] [ 1.55790557e-02 -6.05537010e-03  1.45236856e-02  1.00000000e-04
  0.00000000e+00  1.00000000e-04]
	[RESULT 10] [0.01088948 0.01412684 0.01998368 0.0034     0.         0.0034    ]
	[RESULT 11] [0.00788554 0.01216384 0.0042783  0.005      0.0044     0.0094    ]
	[RESULT 12] [ 0.01414528 -0.00309892  0.01604636  0.0014      0.          0.0014    ]
	[RESULT 13] [0.00784479 0.01096036 0.00311557 0.005      0.0045     0.0095    ]
	[RESULT 14] [ 0.01287239 -0.00067514  0.01719725  0.0034      0.          0.0034    ]
	[RESULT 15] [0.0166991  0.01449892 0.01380198 0.0004     0.         0.0004    ]
	[RESULT 16] [0.00778946 0.01427477 0.00648531 0.005      0.0046     0.0096    ]
	[RESULT 17] [0.00828359 0.01617818 0.00789459 0.005      0.0036     0.0086    ]
	[RESULT 18] [0.01443924 0.01901863 0.01154213 0.0004     0.         0.0004    ]
	[RESULT 19] [ 0.01531381 -0.00546556  0.01484826  0.0033      0.          0.0033    ]
	[RESULT 20] [0.01243376 0.02019306 0.00775929 0.0028     0.         0.0028    ]
	[RESULT 21] [0.0108961 0.0170591 0.006163  0.0034    0.        0.0034   ]
