[METRICS]
	[DISEQUILIBRIUM COUNT] 0
	[MINIMUM S0 e1 S1 DISTANCE]0.008216547514757984
	[MINIMUM S0 e1 S2 DISTANCE]0.011778020805203737
	[MINIMUM S0 e1 S6 DISTANCE]0.0035614732904457468
	[MINIMUM S3 e1 S1 DISTANCE]9.99999999999994e-05
	[MINIMUM S3 e1 S4 DISTANCE]0.0
	[MINIMUM S3 e1 S5 DISTANCE]9.999999999998899e-05
	[AVERAGE S0 e1 S1 DISTANCE]0.011992273731854512
	[AVERAGE S0 e1 S2 DISTANCE]0.018207447442297426
	[AVERAGE S0 e1 S6 DISTANCE]0.007367003148541374
	[AVERAGE S3 e1 S1 DISTANCE]0.0029230343300110768
	[AVERAGE S3 e1 S4 DISTANCE]0.0004130675526024365
	[AVERAGE S3 e1 S5 DISTANCE]0.0033361018826135185
[VARIABLES]
	[RESULT 1] [11 7536.797472984222 3 0.11258172141474287]
	[RESULT 2] [1 5971.38847235769 4 1.9844099511658484]
	[RESULT 3] [61 9442.98729652908 10 1.990916894702118]
	[RESULT 4] [35 9727.953018796294 10 1.999807001468762]
	[RESULT 5] [34 8637.322318644849 10 1.9998125938988802]
	[RESULT 6] [32 9776.77493395769 10 1.999986657918125]
	[RESULT 7] [30 9950.82764392415 10 1.999927816008587]
	[RESULT 8] [42 9913.450679276646 10 1.9999957367097445]
	[RESULT 9] [5 6654.317285600483 10 1.999999293360847]
	[RESULT 10] [33 9956.353619814141 10 1.9998381296391854]
	[RESULT 11] [83 9249.893522506338 10 1.9745434710175291]
	[RESULT 12] [1 7921.0673667370775 4 0.1252687283434999]
	[RESULT 13] [11 9783.346483174591 10 1.975300409276439]
	[RESULT 14] [20 9610.161280166523 10 1.9992397183559851]
	[RESULT 15] [68 9571.14081655345 10 1.996784797903256]
	[RESULT 16] [10 7756.4796555649655 8 0.11038449529370922]
	[RESULT 17] [13 9956.629967333345 10 1.9999961906370358]
	[RESULT 18] [39 9913.450679276646 10 1.9999957367097445]
	[RESULT 19] [51 9950.996974207523 10 1.9733460621147232]
	[RESULT 20] [1 5236.516619549292 10 1.9947890338156717]
	[RESULT 21] [29 9836.271838979917 10 1.9998424765928595]
[OBJECTIVES]
	[RESULT 1] [0.01647607 0.01672006 0.01180387 0.0011     0.         0.0011    ]
	[RESULT 2] [1.46919092e-02 2.02037348e-02 1.01043560e-02 1.00000000e-04
 0.00000000e+00 1.00000000e-04]
	[RESULT 3] [0.00954249 0.01434722 0.00480473 0.005      0.0011     0.0061    ]
	[RESULT 4] [0.01083353 0.01692169 0.00608816 0.0035     0.         0.0035    ]
	[RESULT 5] [0.01088352 0.0170535  0.00616998 0.0034     0.         0.0034    ]
	[RESULT 6] [0.01098335 0.01722007 0.00623672 0.0032     0.         0.0032    ]
	[RESULT 7] [0.01108341 0.0174158  0.00633239 0.003      0.         0.003     ]
	[RESULT 8] [0.01048334 0.01621659 0.00573325 0.0042     0.         0.0042    ]
	[RESULT 9] [0.01233333 0.02003735 0.00770402 0.0005     0.         0.0005    ]
	[RESULT 10] [0.0109335  0.01711584 0.00618234 0.0033     0.         0.0033    ]
	[RESULT 11] [0.00845902 0.01218571 0.00372669 0.005      0.0033     0.0083    ]
	[RESULT 12] [1.69134647e-02 1.58610023e-02 1.22255330e-02 1.00000000e-04
 0.00000000e+00 1.00000000e-04]
	[RESULT 13] [0.01205826 0.01936972 0.00731146 0.0011     0.         0.0011    ]
	[RESULT 14] [0.0115841  0.01842593 0.00684183 0.002      0.         0.002     ]
	[RESULT 15] [0.00918657 0.01363191 0.00444534 0.005      0.0018     0.0068    ]
	[RESULT 16] [0.01600836 0.01766467 0.01132697 0.001      0.         0.001     ]
	[RESULT 17] [0.01193334 0.01911551 0.00718218 0.0013     0.         0.0013    ]
	[RESULT 18] [0.01063334 0.01651659 0.00588325 0.0039     0.         0.0039    ]
	[RESULT 19] [0.01006023 0.01536944 0.00530921 0.005      0.0001     0.0051    ]
	[RESULT 20] [1.25385828e-02 2.05465154e-02 8.00793266e-03 1.00000000e-04
 0.00000000e+00 1.00000000e-04]
	[RESULT 21] [0.01113349 0.01751884 0.00638535 0.0029     0.         0.0029    ]
