[METRICS]
	[DISEQUILIBRIUM COUNT] 117
	[MINIMUM S0 e1 S1 DISTANCE]0.00758336372967963
	[MINIMUM S0 e1 S2 DISTANCE]-0.0090516859290245
	[MINIMUM S0 e1 S6 DISTANCE]0.002838085824839935
	[MINIMUM S3 e1 S1 DISTANCE]9.99999999999994e-05
	[MINIMUM S3 e1 S4 DISTANCE]0.0
	[MINIMUM S3 e1 S5 DISTANCE]9.999999999998899e-05
	[AVERAGE S0 e1 S1 DISTANCE]0.012181475367125657
	[AVERAGE S0 e1 S2 DISTANCE]0.012069739833958192
	[AVERAGE S0 e1 S6 DISTANCE]0.012050065081075988
	[AVERAGE S3 e1 S1 DISTANCE]0.003176633444075307
	[AVERAGE S3 e1 S4 DISTANCE]0.001322148394241417
	[AVERAGE S3 e1 S5 DISTANCE]0.004498781838316736
[VARIABLES]
	[RESULT 1] [9 10.024024657836197 4 0.413298974031831]
	[RESULT 2] [29 10.00714296717864 3 0.10406533153354759]
	[RESULT 3] [96 9005.100762385664 10 1.9933575771476995]
	[RESULT 4] [96 2274.0014498299865 10 1.9974820027087972]
	[RESULT 5] [1 10.634239411812567 10 1.6445542307863799]
	[RESULT 6] [99 9759.65986089025 10 1.9990699113777013]
	[RESULT 7] [1 10.001005940805756 2 0.10189222482156601]
	[RESULT 8] [1 10.007598429137866 4 1.5423562258906862]
	[RESULT 9] [36 38.574365457793355 10 1.979407439453198]
	[RESULT 10] [82 9273.365351848523 10 1.999428975405181]
	[RESULT 11] [100 2111.225684352628 10 1.9999698133596142]
	[RESULT 12] [33 98.91698003648253 10 1.9581979269142262]
	[RESULT 13] [1 8516.977298080867 10 1.9474218363672344]
	[RESULT 14] [33 335.10089446520743 10 1.6434850598452333]
	[RESULT 15] [91 9425.994590059086 10 1.9820557494815974]
	[RESULT 16] [91 296.09981658367656 10 1.994359990888059]
	[RESULT 17] [34 9561.709765536922 10 1.9747384861545747]
	[RESULT 18] [80 10.000364629949802 9 1.5445287216509496]
	[RESULT 19] [34 10.037429607674836 10 1.979407439453198]
	[RESULT 20] [1 10.00053850480626 10 0.2290037909229317]
	[RESULT 21] [97 9528.773314727909 10 1.9999384629895745]
[OBJECTIVES]
	[RESULT 1] [ 0.01611736 -0.00722871  0.01388865  0.0009      0.          0.0009    ]
	[RESULT 2] [ 0.01558816 -0.00617453  0.01441363  0.0029      0.          0.0029    ]
	[RESULT 3] [0.00779003 0.01085492 0.0030649  0.005      0.0046     0.0096    ]
	[RESULT 4] [0.00778587 0.01162927 0.0038434  0.005      0.0046     0.0096    ]
	[RESULT 5] [ 1.29021727e-02 -6.46784807e-04  1.72553879e-02  1.00000000e-04
  0.00000000e+00  1.00000000e-04]
	[RESULT 6] [0.00763427 0.01052236 0.00288809 0.005      0.0049     0.0099    ]
	[RESULT 7] [ 1.70259687e-02 -9.05168593e-03  1.29742828e-02  1.00000000e-04
  0.00000000e+00  1.00000000e-04]
	[RESULT 8] [ 1.51552835e-02 -5.30866752e-03  1.48466160e-02  1.00000000e-04
  0.00000000e+00  1.00000000e-04]
	[RESULT 9] [0.0108041  0.00894779 0.0247519  0.0036     0.         0.0036    ]
	[RESULT 10] [0.00848391 0.01223481 0.00375091 0.005      0.0032     0.0082    ]
	[RESULT 11] [0.00758336 0.01130246 0.00371909 0.005      0.005      0.01      ]
	[RESULT 12] [0.01097557 0.01481553 0.0192089  0.0033     0.         0.0033    ]
	[RESULT 13] [1.25865096e-02 2.04634813e-02 7.87697163e-03 1.00000000e-04
 0.00000000e+00 1.00000000e-04]
	[RESULT 14] [0.01130332 0.02151241 0.01218427 0.0033     0.         0.0033    ]
	[RESULT 15] [0.00805143 0.01136557 0.00331414 0.005      0.0041     0.0091    ]
	[RESULT 16] [0.00803902 0.01755304 0.00951402 0.005      0.0041     0.0091    ]
	[RESULT 17] [0.01090882 0.01707667 0.00616785 0.0034     0.         0.0034    ]
	[RESULT 18] [0.01031006 0.00437997 0.01969003 0.005      0.003      0.008     ]
	[RESULT 19] [0.0109041  0.00320114 0.01910525 0.0034     0.         0.0034    ]
	[RESULT 20] [ 1.46253785e-02 -4.25062229e-03  1.53747562e-02  1.00000000e-04
  0.00000000e+00  1.00000000e-04]
	[RESULT 21] [0.0077334 0.0107267 0.0029933 0.005     0.0047    0.0097   ]
