[METRICS]
	[DISEQUILIBRIUM COUNT] 100
	[MINIMUM S0 e1 S1 DISTANCE]0.007598885435026966
	[MINIMUM S0 e1 S2 DISTANCE]-0.0072399657240077575
	[MINIMUM S0 e1 S6 DISTANCE]0.0029066291005079683
	[MINIMUM S3 e1 S1 DISTANCE]9.99999999999994e-05
	[MINIMUM S3 e1 S4 DISTANCE]0.0
	[MINIMUM S3 e1 S5 DISTANCE]9.999999999998899e-05
	[AVERAGE S0 e1 S1 DISTANCE]0.011853709212667658
	[AVERAGE S0 e1 S2 DISTANCE]0.013138177465348917
	[AVERAGE S0 e1 S6 DISTANCE]0.012257047028209856
	[AVERAGE S3 e1 S1 DISTANCE]0.002858914728682172
	[AVERAGE S3 e1 S4 DISTANCE]0.001082392026578074
	[AVERAGE S3 e1 S5 DISTANCE]0.003941306755260252
[VARIABLES]
	[RESULT 1] [8 10.711987355270598 6 1.0780837600676807]
	[RESULT 2] [8 10.071141720323725 10 1.0001304491372307]
	[RESULT 3] [7 10.395565165692151 8 0.10272237561387987]
	[RESULT 4] [97 7810.115113184173 10 1.9998349467749323]
	[RESULT 5] [8 10.071141720323725 10 0.9808612192120818]
	[RESULT 6] [8 10.071141720323725 9 0.9808612192120818]
	[RESULT 7] [34 8512.840218476884 10 1.9518736773994951]
	[RESULT 8] [82 9992.20189715416 10 1.9999279780679182]
	[RESULT 9] [33 110.55367351144014 10 1.9710533435778668]
	[RESULT 10] [34 32.529774044691806 10 1.9519030502908161]
	[RESULT 11] [34 499.57111564096454 10 1.9710533435778668]
	[RESULT 12] [88 9934.918936480894 10 1.9998148472633819]
	[RESULT 13] [92 9172.254567783493 10 1.9997345688360475]
	[RESULT 14] [2 468.18346799127744 10 0.11517517904396454]
	[RESULT 15] [81 10.46715000304448 10 1.9534015582494983]
	[RESULT 16] [89 2292.992459383789 10 1.999927073886341]
	[RESULT 17] [8 2281.076091315618 8 1.999927073886341]
	[RESULT 18] [1 20.01762999448059 10 0.10210269533646202]
	[RESULT 19] [1 21.77522211667616 10 1.8707293593012442]
	[RESULT 20] [59 9438.51105800331 10 1.998868760175]
	[RESULT 21] [1 18.352154301150897 6 0.10170526748307217]
[OBJECTIVES]
	[RESULT 1] [ 0.01518891 -0.00520107  0.01498783  0.0008      0.          0.0008    ]
	[RESULT 2] [ 0.01328166 -0.00154555  0.01673611  0.0008      0.          0.0008    ]
	[RESULT 3] [ 0.01616923 -0.00723997  0.01392927  0.0007      0.          0.0007    ]
	[RESULT 4] [0.0077335  0.01078345 0.00304995 0.005      0.0047     0.0097    ]
	[RESULT 5] [ 0.01330479 -0.00159181  0.01671298  0.0008      0.          0.0008    ]
	[RESULT 6] [ 0.01455479 -0.00409181  0.01546298  0.0008      0.          0.0008    ]
	[RESULT 7] [0.01093199 0.01715458 0.00622259 0.0034     0.         0.0034    ]
	[RESULT 8] [0.00848341 0.01221477 0.00373137 0.005      0.0032     0.0082    ]
	[RESULT 9] [0.01096255 0.01560941 0.01842804 0.0033     0.         0.0033    ]
	[RESULT 10] [0.01093196 0.00773288 0.02366484 0.0034     0.         0.0034    ]
	[RESULT 11] [0.01091255 0.02106547 0.01015292 0.0034     0.         0.0034    ]
	[RESULT 12] [0.00818352 0.01161642 0.0034329  0.005      0.0038     0.0088    ]
	[RESULT 13] [0.0079836  0.01123711 0.00325351 0.005      0.0042     0.0092    ]
	[RESULT 14] [0.0147349  0.01605139 0.01421371 0.0002     0.         0.0002    ]
	[RESULT 15] [0.00858044 0.00795537 0.02153581 0.005      0.0031     0.0081    ]
	[RESULT 16] [0.00813341 0.01231591 0.00418251 0.005      0.0039     0.0089    ]
	[RESULT 17] [0.01385007 0.02124548 0.00990445 0.0008     0.         0.0008    ]
	[RESULT 18] [ 1.48034474e-02 -2.33052562e-03  1.74729218e-02  1.00000000e-04
  0.00000000e+00  1.00000000e-04]
	[RESULT 19] [1.26649192e-02 2.30384505e-03 1.99687643e-02 1.00000000e-04
 0.00000000e+00 1.00000000e-04]
	[RESULT 20] [0.00963447 0.01453132 0.00489684 0.005      0.0009     0.0059    ]
	[RESULT 21] [ 1.68040121e-02 -6.68093884e-03  1.51230733e-02  1.00000000e-04
  0.00000000e+00  1.00000000e-04]
