[METRICS]
	[DISEQUILIBRIUM COUNT] 123
	[MINIMUM S0 e1 S1 DISTANCE]0.007634007738698753
	[MINIMUM S0 e1 S2 DISTANCE]-0.006917821835525029
	[MINIMUM S0 e1 S6 DISTANCE]0.0029940483851640942
	[MINIMUM S3 e1 S1 DISTANCE]9.99999999999994e-05
	[MINIMUM S3 e1 S4 DISTANCE]0.0
	[MINIMUM S3 e1 S5 DISTANCE]9.999999999998899e-05
	[AVERAGE S0 e1 S1 DISTANCE]0.012030003921027021
	[AVERAGE S0 e1 S2 DISTANCE]0.01206967086136575
	[AVERAGE S0 e1 S6 DISTANCE]0.012997621913080664
	[AVERAGE S3 e1 S1 DISTANCE]0.0034635658914728674
	[AVERAGE S3 e1 S4 DISTANCE]0.0010241417497231437
	[AVERAGE S3 e1 S5 DISTANCE]0.004487707641196018
[VARIABLES]
	[RESULT 1] [34 6271.88788212168 10 1.983078846265739]
	[RESULT 2] [25 10.119001748330186 8 0.5308624617178646]
	[RESULT 3] [34 51.33053671319067 10 1.9981231652245548]
	[RESULT 4] [65 218.1751916734696 10 1.9970561573727723]
	[RESULT 5] [92 6200.538236751785 10 1.999330283084881]
	[RESULT 6] [29 142.06092367014918 10 1.9375540769410695]
	[RESULT 7] [79 5195.779812127879 10 1.9927209567036304]
	[RESULT 8] [12 6850.90493940703 10 1.92463286430917]
	[RESULT 9] [99 10.087656946936217 7 0.464143020348945]
	[RESULT 10] [34 520.2297899886942 10 1.9862837208145088]
	[RESULT 11] [6 10.42542700370267 10 0.6490679678727661]
	[RESULT 12] [13 10.08611236242878 7 0.5554660215244313]
	[RESULT 13] [68 10.053180963533821 6 0.5665591578586557]
	[RESULT 14] [34 10.11115931892333 10 1.9375540769410695]
	[RESULT 15] [11 19.168802059546692 7 0.5554660215244313]
	[RESULT 16] [86 6331.464986701361 10 1.999330283084881]
	[RESULT 17] [1 10.831234196116075 7 0.5554660215244313]
	[RESULT 18] [15 14.093548950568131 10 0.5554660215244313]
	[RESULT 19] [99 6653.780280382157 10 1.9915150496337404]
	[RESULT 20] [99 6416.79328530693 10 1.999330283084881]
	[RESULT 21] [91 11.253279944834503 10 1.999330283084881]
[OBJECTIVES]
	[RESULT 1] [0.0109004  0.01719376 0.00629336 0.0034     0.         0.0034    ]
	[RESULT 2] [ 0.01468572 -0.00434172  0.015344    0.0025      0.          0.0025    ]
	[RESULT 3] [0.01088522 0.01054052 0.02357425 0.0034     0.         0.0034    ]
	[RESULT 4] [0.0093363  0.02178487 0.01244857 0.005      0.0015     0.0065    ]
	[RESULT 5] [0.00798401 0.01136544 0.00338143 0.005      0.0042     0.0092    ]
	[RESULT 6] [0.01119654 0.01683388 0.01696957 0.0029     0.         0.0029    ]
	[RESULT 7] [0.00864067 0.0127543  0.00411363 0.005      0.0029     0.0079    ]
	[RESULT 8] [0.0120597  0.01947959 0.00741989 0.0012     0.         0.0012    ]
	[RESULT 9] [0.01128184 0.00245821 0.01874005 0.005      0.0049     0.0099    ]
	[RESULT 10] [0.01089716 0.02089114 0.00999398 0.0034     0.         0.0034    ]
	[RESULT 11] [ 0.01381622 -0.00252652  0.01628969  0.0006      0.          0.0006    ]
	[RESULT 12] [ 0.01546196 -0.00590241  0.01455955  0.0013      0.          0.0013    ]
	[RESULT 13] [ 0.01282254 -0.00063179  0.01719075  0.005       0.0018      0.0068    ]
	[RESULT 14] [0.01094654 0.00313468 0.01908122 0.0034     0.         0.0034    ]
	[RESULT 15] [ 0.01556196 -0.00402423  0.01653773  0.0011      0.          0.0011    ]
	[RESULT 16] [0.00828401 0.01195733 0.00367333 0.005      0.0036     0.0086    ]
	[RESULT 17] [ 1.60619586e-02 -6.91782184e-03  1.41441368e-02  1.00000000e-04
  0.00000000e+00  1.00000000e-04]
	[RESULT 18] [ 0.01348696 -0.00099078  0.01749618  0.0015      0.          0.0015    ]
	[RESULT 19] [0.00764188 0.01065448 0.0030126  0.005      0.0049     0.0099    ]
	[RESULT 20] [0.00763401 0.01065223 0.00301822 0.005      0.0049     0.0099    ]
	[RESULT 21] [0.00803401 0.00924143 0.02227543 0.005      0.0041     0.0091    ]
