[METRICS]
	[DISEQUILIBRIUM COUNT] 148
[VARIABLES]
	[RESULT 1] [78 10.08553473133907 1 0.1449446137340122]
	[RESULT 2] [33 9284.868330402505 10 1.9810596174941009]
	[RESULT 3] [34 164.78250872367425 10 1.9999067558273438]
	[RESULT 4] [93 175.6178328803424 10 1.9979640995688042]
	[RESULT 5] [96 1019.9735847803215 10 1.968866914888664]
	[RESULT 6] [68 10.296824079027262 4 0.10509218651109399]
	[RESULT 7] [27 10.290434830929538 1 0.13978112864874648]
	[RESULT 8] [6 10.021175991016614 8 0.5969359002328358]
	[RESULT 9] [34 11.449291314216993 10 1.9999067558273438]
	[RESULT 10] [1 10.045741949418135 3 0.10695691895932116]
	[RESULT 11] [95 8649.879925250914 10 1.9872562611860303]
	[RESULT 12] [3 10.043436187338836 3 1.9653645527754156]
	[RESULT 13] [1 29.542506609222073 4 0.10680252652171962]
	[RESULT 14] [83 11.449291314216993 10 1.9999067558273438]
	[RESULT 15] [68 10.038027680016803 1 0.10509218651109399]
	[RESULT 16] [75 9353.28316174386 10 1.9154229974694608]
	[RESULT 17] [34 10.600805775907116 10 1.9538313073696376]
	[RESULT 18] [1 2878.356643031799 4 0.10680252652171962]
	[RESULT 19] [98 9271.774181321025 10 1.9915381292373424]
	[RESULT 20] [97 630.4476020772927 10 1.968866914888664]
	[RESULT 21] [88 9261.573860749757 10 1.9915381292373424]
[OBJECTIVES]
	[RESULT 1] [ 0.01314283 -0.0012643   0.01687853  0.005       0.0028      0.0078    ]
	[RESULT 2] [0.01095244 0.01717154 0.00621911 0.0033     0.         0.0033    ]
	[RESULT 3] [0.01088343 0.01842086 0.01569572 0.0034     0.         0.0034    ]
	[RESULT 4] [0.00793538 0.02028279 0.0123474  0.005      0.0043     0.0093    ]
	[RESULT 5] [0.00781476 0.01288183 0.00506707 0.005      0.0046     0.0096    ]
	[RESULT 6] [ 0.01359206 -0.00211013  0.01648193  0.005       0.0018      0.0068    ]
	[RESULT 7] [ 0.01570011 -0.00632782  0.01437229  0.0027      0.          0.0027    ]
	[RESULT 8] [ 0.01554987 -0.00609444  0.01445543  0.0006      0.          0.0006    ]
	[RESULT 9] [0.01088343 0.00359029 0.01947372 0.0034     0.         0.0034    ]
	[RESULT 10] [ 1.69840537e-02 -8.95667711e-03  1.30273766e-02  1.00000000e-04
  0.00000000e+00  1.00000000e-04]
	[RESULT 11] [0.00784618 0.0109784  0.00313222 0.005      0.0045     0.0095    ]
	[RESULT 12] [ 0.01465581 -0.00430077  0.01535504  0.0003      0.          0.0003    ]
	[RESULT 13] [ 1.69396300e-02 -4.79232320e-03  1.71473068e-02  1.00000000e-04
  0.00000000e+00  1.00000000e-04]
	[RESULT 14] [0.00843343 0.00849029 0.02192372 0.005      0.0033     0.0083    ]
	[RESULT 15] [ 0.0136992 -0.0023889  0.0163103  0.005      0.0018     0.0068   ]
	[RESULT 16] [0.0089191  0.01310294 0.00418384 0.005      0.0025     0.0075    ]
	[RESULT 17] [0.01093   0.0032893 0.0192193 0.0034    0.        0.0034   ]
	[RESULT 18] [1.69396300e-02 1.52785232e-02 1.27818468e-02 1.00000000e-04
 0.00000000e+00 1.00000000e-04]
	[RESULT 19] [0.00769186 0.01065076 0.0029589  0.005      0.0048     0.0098    ]
	[RESULT 20] [0.00776476 0.01399959 0.00623483 0.005      0.0047     0.0097    ]
	[RESULT 21] [0.00819186 0.01165105 0.00345919 0.005      0.0038     0.0088    ]
