[METRICS]
	[DISEQUILIBRIUM COUNT] 89
[VARIABLES]
	[RESULT 1] [11 10.338981181249768 10 1.3501408345504702]
	[RESULT 2] [3 10.607509726711523 5 0.9220470941974529]
	[RESULT 3] [4 10.12661138139458 10 1.3501408345504702]
	[RESULT 4] [33 9832.206097851787 10 1.9984772848189012]
	[RESULT 5] [97 550.7821185399671 10 1.9992130020871581]
	[RESULT 6] [28 10.23782045856886 5 1.4212978174976403]
	[RESULT 7] [2 10.269784612501194 2 1.7282909975958336]
	[RESULT 8] [37 10.036484882717307 5 1.9423249565577183]
	[RESULT 9] [76 119.64943580826912 10 1.999715520143298]
	[RESULT 10] [18 10.018861219210958 5 1.319472441436103]
	[RESULT 11] [76 14.897260151963842 10 1.999807263613253]
	[RESULT 12] [92 9737.54257375951 10 1.9815983534755734]
	[RESULT 13] [33 10.538401029044081 10 1.9994782916896976]
	[RESULT 14] [2 14.82133920671886 4 1.8958308801877513]
	[RESULT 15] [72 799.6273946157445 9 1.9998178750825366]
	[RESULT 16] [45 582.5199951391119 10 1.9974084736411635]
	[RESULT 17] [86 1403.1797111526917 10 1.990634347911009]
	[RESULT 18] [13 9813.579279732287 8 1.8583194966021355]
	[RESULT 19] [82 9980.367004960892 10 1.997109965478254]
	[RESULT 20] [34 259.061778623992 5 1.9906045597943656]
	[RESULT 21] [34 10.240848945916301 5 1.9990456226886077]
[OBJECTIVES]
	[RESULT 1] [ 0.01272517 -0.00036588  0.01735929  0.0011      0.          0.0011    ]
	[RESULT 2] [ 0.01570923 -0.00626751  0.01444173  0.0003      0.          0.0003    ]
	[RESULT 3] [ 0.01307517 -0.00111873  0.01695644  0.0004      0.          0.0004    ]
	[RESULT 4] [0.01093487 0.01712169 0.00618683 0.0033     0.         0.0033    ]
	[RESULT 5] [0.00773413 0.01436973 0.00663561 0.005      0.0047     0.0097    ]
	[RESULT 6] [ 0.01387891 -0.00269851  0.0161804   0.0028      0.          0.0028    ]
	[RESULT 7] [ 0.01498549 -0.00490371  0.01508177  0.0002      0.          0.0002    ]
	[RESULT 8] [ 0.01287502 -0.00074093  0.0171341   0.0037      0.          0.0037    ]
	[RESULT 9] [0.00878362 0.02050809 0.01570829 0.005      0.0026     0.0076    ]
	[RESULT 10] [ 0.01449312 -0.00398152  0.0155116   0.0018      0.          0.0018    ]
	[RESULT 11] [0.00878353 0.0086001  0.02238363 0.005      0.0026     0.0076    ]
	[RESULT 12] [0.00800189 0.01125817 0.00325628 0.005      0.0042     0.0092    ]
	[RESULT 13] [0.01093386 0.00326616 0.01920002 0.0033     0.         0.0033    ]
	[RESULT 14] [ 0.014732   -0.00331411  0.01641789  0.0002      0.          0.0002    ]
	[RESULT 15] [0.01023352 0.0182772  0.00804368 0.005      0.0022     0.0072    ]
	[RESULT 16] [0.01033594 0.01938925 0.00905331 0.0045     0.         0.0045    ]
	[RESULT 17] [0.00829277 0.01325982 0.00496705 0.005      0.0036     0.0086    ]
	[RESULT 18] [0.01374437 0.02225883 0.0089968  0.0013     0.         0.0013    ]
	[RESULT 19] [0.00848624 0.01222074 0.0037345  0.005      0.0032     0.0082    ]
	[RESULT 20] [0.01297613 0.01688567 0.01513819 0.0034     0.         0.0034    ]
	[RESULT 21] [ 0.01296763 -0.00087519  0.01709244  0.0034      0.          0.0034    ]
