[METRICS]
	[DISEQUILIBRIUM COUNT] 0
	[MINIMUM S0 e1 S1 DISTANCE]0.007933358102849555
	[MINIMUM S0 e1 S2 DISTANCE]0.00615801890153056
	[MINIMUM S0 e1 S6 DISTANCE]0.0031811306680556983
	[MINIMUM S3 e1 S1 DISTANCE]0.00020000000000000052
	[MINIMUM S3 e1 S4 DISTANCE]0.0
	[MINIMUM S3 e1 S5 DISTANCE]0.00019999999999997797
	[AVERAGE S0 e1 S1 DISTANCE]0.009791166746325406
	[AVERAGE S0 e1 S2 DISTANCE]0.014670167873019722
	[AVERAGE S0 e1 S6 DISTANCE]0.005151563804238815
	[AVERAGE S3 e1 S1 DISTANCE]0.004710267857142853
	[AVERAGE S3 e1 S4 DISTANCE]0.0017744419642857147
	[AVERAGE S3 e1 S5 DISTANCE]0.006484709821428583
[VARIABLES]
	[RESULT 1] [93 9999.89836271838 10 1.9999754013584525]
	[RESULT 2] [90 9996.346257336747 10 1.9999845975548325]
	[RESULT 3] [68 9999.10748475017 10 1.9999564701524946]
	[RESULT 4] [93 9999.89836271838 10 1.9999754013584525]
	[RESULT 5] [76 9999.714115638673 10 1.9999997299176768]
	[RESULT 6] [72 9997.19701154236 10 1.9999846074170922]
	[RESULT 7] [69 9999.699736409017 10 1.9999992500986454]
	[RESULT 8] [79 9999.995627341246 10 1.9998658015693729]
	[RESULT 9] [81 9998.879994309971 10 1.9998433674194434]
	[RESULT 10] [67 9971.530724030912 10 1.9999476635522395]
	[RESULT 11] [69 9999.993105869018 10 1.999998840730637]
	[RESULT 12] [69 9999.993105869018 10 1.999998840730637]
	[RESULT 13] [68 9999.877032673166 10 1.9999413710042804]
	[RESULT 14] [70 9997.063744524263 10 1.999845857542998]
	[RESULT 15] [79 9999.995627341246 10 1.9998658015693729]
	[RESULT 16] [83 9999.903616834914 10 1.9998510662915545]
	[RESULT 17] [73 9999.708071108427 10 1.999998840730637]
	[RESULT 18] [61 9998.856822699669 10 1.9998452446787893]
	[RESULT 19] [62 9993.679853314341 10 1.9999955058696508]
	[RESULT 20] [66 9998.869968619383 10 1.9999973471401291]
	[RESULT 21] [51 9998.936816586684 10 1.9999790884567192]
	[RESULT 22] [63 9996.016691081539 10 1.9999654024171203]
	[RESULT 23] [42 9986.547288108457 10 1.9997022643025442]
	[RESULT 24] [40 9991.897377278634 10 1.9998484133315035]
	[RESULT 25] [42 9986.547288108457 10 1.9997022643025442]
	[RESULT 26] [21 9674.629869585418 10 1.999996892673698]
	[RESULT 27] [79 9999.995627341246 10 1.9998658015693729]
	[RESULT 28] [71 9998.926490603628 10 1.9999985786014347]
	[RESULT 29] [67 9999.708282946309 10 1.9999470483178388]
	[RESULT 30] [69 9999.993105869018 10 1.999998840730637]
	[RESULT 31] [66 9998.869968619383 10 1.9999973471401291]
	[RESULT 32] [70 9997.063744524263 10 1.999845857542998]
	[RESULT 33] [62 9998.10936085293 10 1.9999797129436525]
	[RESULT 34] [65 9989.375306141932 10 1.9999835120039744]
	[RESULT 35] [51 9998.936816586684 10 1.9999790884567192]
	[RESULT 36] [7 6862.047040226666 9 0.2185397258898989]
	[RESULT 37] [16 9996.035643394045 10 1.9999852065519406]
	[RESULT 38] [67 9999.708282946309 10 1.9999470483178388]
	[RESULT 39] [62 9996.035643394045 10 1.9999852065519406]
[OBJECTIVES]
	[RESULT 1] [0.00793336 0.01111449 0.00318113 0.005      0.0043     0.0093    ]
	[RESULT 2] [0.00808335 0.01141456 0.00333121 0.005      0.004      0.009     ]
	[RESULT 3] [0.00918338 0.01361455 0.00443117 0.005      0.0018     0.0068    ]
	[RESULT 4] [0.00793336 0.01111449 0.00318113 0.005      0.0043     0.0093    ]
	[RESULT 5] [0.00878333 0.01281444 0.00403111 0.005      0.0026     0.0076    ]
	[RESULT 6] [0.00898335 0.01321454 0.00423119 0.005      0.0022     0.0072    ]
	[RESULT 7] [0.00913333 0.01351445 0.00438111 0.005      0.0019     0.0069    ]
	[RESULT 8] [0.00863347 0.01251471 0.00388124 0.005      0.0029     0.0079    ]
	[RESULT 9] [0.00853349 0.01231478 0.00378129 0.005      0.0031     0.0081    ]
	[RESULT 10] [0.00923339 0.01371524 0.00448186 0.005      0.0017     0.0067    ]
	[RESULT 11] [0.00913333 0.01351444 0.0043811  0.005      0.0019     0.0069    ]
	[RESULT 12] [0.00913333 0.01351444 0.0043811  0.005      0.0019     0.0069    ]
	[RESULT 13] [0.00918339 0.01361456 0.00443117 0.005      0.0018     0.0068    ]
	[RESULT 14] [0.00908349 0.01341482 0.00433133 0.005      0.002      0.007     ]
	[RESULT 15] [0.00863347 0.01251471 0.00388124 0.005      0.0029     0.0079    ]
	[RESULT 16] [0.00843348 0.01211474 0.00368126 0.005      0.0033     0.0083    ]
	[RESULT 17] [0.00893333 0.01311445 0.00418111 0.005      0.0023     0.0073    ]
	[RESULT 18] [0.00953349 0.01431478 0.00478129 0.005      0.0011     0.0061    ]
	[RESULT 19] [0.00948334 0.0142146  0.00473126 0.005      0.0012     0.0062    ]
	[RESULT 20] [0.00928334 0.01381447 0.00453113 0.005      0.0016     0.0066    ]
	[RESULT 21] [0.01003335 0.0153145  0.00528115 0.005      0.0001     0.0051    ]
	[RESULT 22] [0.00943337 0.0141146  0.00468124 0.005      0.0013     0.0063    ]
	[RESULT 23] [0.01048363 0.01621537 0.00573173 0.0042     0.         0.0042    ]
	[RESULT 24] [0.01058349 0.01641494 0.00583146 0.004      0.         0.004     ]
	[RESULT 25] [0.01048363 0.01621537 0.00573173 0.0042     0.         0.0042    ]
	[RESULT 26] [0.01153334 0.0183227  0.00678936 0.0021     0.         0.0021    ]
	[RESULT 27] [0.00863347 0.01251471 0.00388124 0.005      0.0029     0.0079    ]
	[RESULT 28] [0.00903333 0.01331447 0.00428113 0.005      0.0021     0.0071    ]
	[RESULT 29] [0.00923339 0.01371455 0.00448116 0.005      0.0017     0.0067    ]
	[RESULT 30] [0.00913333 0.01351444 0.0043811  0.005      0.0019     0.0069    ]
	[RESULT 31] [0.00928334 0.01381447 0.00453113 0.005      0.0016     0.0066    ]
	[RESULT 32] [0.00908349 0.01341482 0.00433133 0.005      0.002      0.007     ]
	[RESULT 33] [0.00948335 0.01421452 0.00473117 0.005      0.0012     0.0062    ]
	[RESULT 34] [0.00933335 0.01391473 0.00458138 0.005      0.0015     0.0065    ]
	[RESULT 35] [0.01003335 0.0153145  0.00528115 0.005      0.0001     0.0051    ]
	[RESULT 36] [0.01558989 0.0184606  0.0109495  0.0007     0.         0.0007    ]
	[RESULT 37] [0.01178335 0.01881456 0.00703122 0.0016     0.         0.0016    ]
	[RESULT 38] [0.00923339 0.01371455 0.00448116 0.005      0.0017     0.0067    ]
	[RESULT 39] [0.00948335 0.01421456 0.00473122 0.005      0.0012     0.0062    ]
