[METRICS]
	[DISEQUILIBRIUM COUNT] 0
	[MINIMUM S0 e1 S1 DISTANCE]0.009384670732098527
	[MINIMUM S0 e1 S2 DISTANCE]0.015376147055332967
	[MINIMUM S0 e1 S6 DISTANCE]0.005346520647311231
	[MINIMUM S3 e1 S1 DISTANCE]9.99999999999994e-05
	[MINIMUM S3 e1 S4 DISTANCE]0.0
	[MINIMUM S3 e1 S5 DISTANCE]9.999999999998899e-05
	[AVERAGE S0 e1 S1 DISTANCE]0.011643912180032875
	[AVERAGE S0 e1 S2 DISTANCE]0.0184516656104377
	[AVERAGE S0 e1 S6 DISTANCE]0.006945454086016138
	[AVERAGE S3 e1 S1 DISTANCE]0.0024843749999999996
	[AVERAGE S3 e1 S4 DISTANCE]7.421875000000012e-05
	[AVERAGE S3 e1 S5 DISTANCE]0.0025585937500000036
[VARIABLES]
	[RESULT 1] [30 9997.793801589842 10 1.9999922519259765]
	[RESULT 2] [43 9997.327445218732 10 1.9999986664017122]
	[RESULT 3] [33 9999.884889268218 10 1.9999959598398467]
	[RESULT 4] [44 9999.587593705855 10 1.9994935832000587]
	[RESULT 5] [27 9998.631362340997 10 1.9999972666972818]
	[RESULT 6] [29 9998.631362340997 10 1.9999992736848848]
	[RESULT 7] [31 9995.92015760945 10 1.9995819515619926]
	[RESULT 8] [27 9998.631362340997 10 1.9999972666972818]
	[RESULT 9] [23 9999.965784234884 10 1.999999530081538]
	[RESULT 10] [22 9998.9173430369 10 1.9999929476573135]
	[RESULT 11] [23 9999.965784234884 10 1.999999530081538]
	[RESULT 12] [27 9998.631362340997 10 1.9999972666972818]
	[RESULT 13] [21 9999.967580664386 10 1.9999984209318267]
	[RESULT 14] [18 9999.979949969093 10 1.9999975070513427]
	[RESULT 15] [21 9999.933708548246 10 1.9999989784043393]
	[RESULT 16] [12 9733.836311987823 10 1.9996265861581697]
	[RESULT 17] [24 9999.9579714805 10 1.9999972869964542]
	[RESULT 18] [24 9999.9579714805 10 1.9999972869964542]
	[RESULT 19] [28 9999.204219419744 10 1.9999989458031027]
	[RESULT 20] [21 9999.967580664386 10 1.9999984209318267]
	[RESULT 21] [23 9999.965784234884 10 1.999999530081538]
	[RESULT 22] [20 9999.608179999585 10 1.9999996363234422]
	[RESULT 23] [20 9999.999249543704 10 1.9999947950002854]
	[RESULT 24] [17 9999.890491536731 10 1.9999950732218406]
	[RESULT 25] [20 9999.999249543704 10 1.9999947950002854]
	[RESULT 26] [4 9997.898678970561 10 1.9999702462113025]
	[RESULT 27] [9 9996.265013455888 10 1.9999997259880917]
	[RESULT 28] [19 9999.967580664386 10 1.9999984209318267]
	[RESULT 29] [15 9999.580880420042 10 1.9999730315784057]
[OBJECTIVES]
	[RESULT 1] [0.01108334 0.01741451 0.00633117 0.003      0.         0.003     ]
	[RESULT 2] [0.01043333 0.01611451 0.00568117 0.0043     0.         0.0043    ]
	[RESULT 3] [0.01093334 0.01711445 0.00618111 0.0033     0.         0.0033    ]
	[RESULT 4] [0.01038384 0.01601547 0.00563162 0.0044     0.         0.0044    ]
	[RESULT 5] [0.01123334 0.01771448 0.00648114 0.0027     0.         0.0027    ]
	[RESULT 6] [0.01113333 0.01751447 0.00638114 0.0029     0.         0.0029    ]
	[RESULT 7] [0.01103375 0.01731538 0.00628162 0.0031     0.         0.0031    ]
	[RESULT 8] [0.01123334 0.01771448 0.00648114 0.0027     0.         0.0027    ]
	[RESULT 9] [0.01143333 0.01811444 0.0066811  0.0023     0.         0.0023    ]
	[RESULT 10] [0.01148334 0.01821448 0.00673114 0.0022     0.         0.0022    ]
	[RESULT 11] [0.01143333 0.01811444 0.0066811  0.0023     0.         0.0023    ]
	[RESULT 12] [0.01123334 0.01771448 0.00648114 0.0027     0.         0.0027    ]
	[RESULT 13] [0.01153333 0.01831444 0.00678111 0.0021     0.         0.0021    ]
	[RESULT 14] [0.01168334 0.01861444 0.00693111 0.0018     0.         0.0018    ]
	[RESULT 15] [0.01153333 0.01831444 0.00678111 0.0021     0.         0.0021    ]
	[RESULT 16] [0.01198371 0.0192219  0.00723819 0.0012     0.         0.0012    ]
	[RESULT 17] [0.01138334 0.01801444 0.00663111 0.0024     0.         0.0024    ]
	[RESULT 18] [0.01138334 0.01801444 0.00663111 0.0024     0.         0.0024    ]
	[RESULT 19] [0.01118333 0.01761446 0.00643112 0.0028     0.         0.0028    ]
	[RESULT 20] [0.01153333 0.01831444 0.00678111 0.0021     0.         0.0021    ]
	[RESULT 21] [0.01143333 0.01811444 0.0066811  0.0023     0.         0.0023    ]
	[RESULT 22] [0.01158333 0.01841445 0.00683111 0.002      0.         0.002     ]
	[RESULT 23] [0.01158334 0.01841445 0.00683111 0.002      0.         0.002     ]
	[RESULT 24] [0.01173334 0.01871445 0.00698111 0.0017     0.         0.0017    ]
	[RESULT 25] [0.01158334 0.01841445 0.00683111 0.002      0.         0.002     ]
	[RESULT 26] [0.01238336 0.02001455 0.00763118 0.0004     0.         0.0004    ]
	[RESULT 27] [0.01213333 0.01951453 0.0073812  0.0009     0.         0.0009    ]
	[RESULT 28] [0.01163333 0.01851444 0.00688111 0.0019     0.         0.0019    ]
	[RESULT 29] [0.01183336 0.0189145  0.00708114 0.0015     0.         0.0015    ]
