[METRICS]
	[DISEQUILIBRIUM COUNT] 0
[VARIABLES]
	[RESULT 1] [73 9999.33543711524 10 1.9999898852867746]
	[RESULT 2] [86 9999.998769953043 10 1.9999923253111587]
	[RESULT 3] [43 9999.910518908648 10 1.9999999875808283]
	[RESULT 4] [72 9994.574653334756 10 1.9999966652574512]
	[RESULT 5] [62 9998.004197126602 10 1.9999999697039716]
	[RESULT 6] [57 9999.804222841713 10 1.9999998651288013]
	[RESULT 7] [62 9998.004197126602 10 1.9999999697039716]
	[RESULT 8] [57 9999.804222841713 10 1.9999998651288013]
	[RESULT 9] [55 9998.352567603457 10 1.999996176880112]
	[RESULT 10] [57 9998.001528836206 10 1.9999999963301751]
	[RESULT 11] [37 9999.956140632812 10 1.999999988245394]
	[RESULT 12] [43 9999.910518908648 10 1.9999999875808283]
	[RESULT 13] [22 9999.99666006868 10 1.9999993554627709]
	[RESULT 14] [23 9999.962690240887 10 1.9999999981622587]
	[RESULT 15] [60 9999.675967522187 10 1.9999998793303828]
	[RESULT 16] [57 9999.804222841713 10 1.9999998651288013]
	[RESULT 17] [55 9998.352567603457 10 1.999996176880112]
	[RESULT 18] [39 9999.853809672364 10 1.9999993697069411]
	[RESULT 19] [42 9999.907510981146 10 1.9999998952371785]
[OBJECTIVES]
	[RESULT 1] [0.00893334 0.01311447 0.00418113 0.005      0.0023     0.0073    ]
	[RESULT 2] [0.00828334 0.01181445 0.00353111 0.005      0.0036     0.0086    ]
	[RESULT 3] [0.01043333 0.01611444 0.00568111 0.0043     0.         0.0043    ]
	[RESULT 4] [0.00898334 0.01321458 0.00423124 0.005      0.0022     0.0072    ]
	[RESULT 5] [0.00948333 0.01421449 0.00473115 0.005      0.0012     0.0062    ]
	[RESULT 6] [0.00973333 0.01471444 0.00498111 0.005      0.0007     0.0057    ]
	[RESULT 7] [0.00948333 0.01421449 0.00473115 0.005      0.0012     0.0062    ]
	[RESULT 8] [0.00973333 0.01471444 0.00498111 0.005      0.0007     0.0057    ]
	[RESULT 9] [0.00983334 0.01491448 0.00508115 0.005      0.0005     0.0055    ]
	[RESULT 10] [0.00973333 0.01471449 0.00498115 0.005      0.0007     0.0057    ]
	[RESULT 11] [0.01073333 0.01671444 0.0059811  0.0037     0.         0.0037    ]
	[RESULT 12] [0.01043333 0.01611444 0.00568111 0.0043     0.         0.0043    ]
	[RESULT 13] [0.01148333 0.01821444 0.0067311  0.0022     0.         0.0022    ]
	[RESULT 14] [0.01143333 0.01811444 0.0066811  0.0023     0.         0.0023    ]
	[RESULT 15] [0.00958333 0.01441444 0.00483111 0.005      0.001      0.006     ]
	[RESULT 16] [0.00973333 0.01471444 0.00498111 0.005      0.0007     0.0057    ]
	[RESULT 17] [0.00983334 0.01491448 0.00508115 0.005      0.0005     0.0055    ]
	[RESULT 18] [0.01063333 0.01651444 0.00588111 0.0039     0.         0.0039    ]
	[RESULT 19] [0.01048333 0.01621444 0.00573111 0.0042     0.         0.0042    ]
