[METRICS]
	[DISEQUILIBRIUM COUNT] 228
[VARIABLES]
	[RESULT 1] [1 10.000003138286537 1 0.1000000086045757]
	[RESULT 2] [1 10.000003138286537 1 0.1000000086045757]
	[RESULT 3] [1 10.00071893343599 1 0.10000009090987598]
	[RESULT 4] [1 10.000003138286537 1 0.1000000086045757]
	[RESULT 5] [1 10.000003138286537 1 0.10000000860473103]
	[RESULT 6] [1 10.000001646578248 1 0.10110284251356688]
	[RESULT 7] [21 10.000949347792249 1 0.10008465159344926]
	[RESULT 8] [1 10.000001161180949 1 0.41116940105482597]
	[RESULT 9] [21 10.000949347792249 1 0.10008465159344926]
	[RESULT 10] [10 10.00070771475022 3 0.39915377741929015]
	[RESULT 11] [1 10.000003138286537 1 0.10000000840639563]
	[RESULT 12] [1 10.000003138286537 1 0.10000000840639563]
	[RESULT 13] [1 10.000003138286537 1 0.10000000840639563]
	[RESULT 14] [1 90.81475874323036 10 1.9897929261497556]
	[RESULT 15] [20 9999.533343401332 10 1.9999909915030913]
	[RESULT 16] [4 10.00010368782675 1 0.10110751899633033]
	[RESULT 17] [1 10.000003138286537 1 0.10000000840639563]
	[RESULT 18] [4 10.000103682008737 1 0.10031188920535761]
	[RESULT 19] [1 10.000003138286537 1 0.10000000840639563]
	[RESULT 20] [1 10.000708065100785 1 0.3983994560571277]
	[RESULT 21] [1 10.000003138286537 1 0.10000000840639563]
[OBJECTIVES]
	[RESULT 1] [ 1.70564356e-02 -9.11287048e-03  1.29435652e-02  1.00000000e-04
  0.00000000e+00  1.00000000e-04]
	[RESULT 2] [ 1.70564356e-02 -9.11287048e-03  1.29435652e-02  1.00000000e-04
  0.00000000e+00  1.00000000e-04]
	[RESULT 3] [ 1.70564355e-02 -9.11269130e-03  1.29437442e-02  1.00000000e-04
  0.00000000e+00  1.00000000e-04]
	[RESULT 4] [ 1.70564356e-02 -9.11287048e-03  1.29435652e-02  1.00000000e-04
  0.00000000e+00  1.00000000e-04]
	[RESULT 5] [ 1.70564356e-02 -9.11287048e-03  1.29435652e-02  1.00000000e-04
  0.00000000e+00  1.00000000e-04]
	[RESULT 6] [ 1.70548682e-02 -9.10973599e-03  1.29451322e-02  1.00000000e-04
  0.00000000e+00  1.00000000e-04]
	[RESULT 7] [ 0.01605632 -0.00711239  0.01394392  0.0021      0.          0.0021    ]
	[RESULT 8] [ 1.66273500e-02 -8.25469968e-03  1.33726503e-02  1.00000000e-04
  0.00000000e+00  1.00000000e-04]
	[RESULT 9] [ 0.01605632 -0.00711239  0.01394392  0.0021      0.          0.0021    ]
	[RESULT 10] [ 0.01613094 -0.00726171  0.01386923  0.001       0.          0.001     ]
	[RESULT 11] [ 1.70564356e-02 -9.11287048e-03  1.29435652e-02  1.00000000e-04
  0.00000000e+00  1.00000000e-04]
	[RESULT 12] [ 1.70564356e-02 -9.11287048e-03  1.29435652e-02  1.00000000e-04
  0.00000000e+00  1.00000000e-04]
	[RESULT 13] [ 1.70564356e-02 -9.11287048e-03  1.29435652e-02  1.00000000e-04
  0.00000000e+00  1.00000000e-04]
	[RESULT 14] [1.25436200e-02 1.10864549e-02 2.13699250e-02 1.00000000e-04
 0.00000000e+00 1.00000000e-04]
	[RESULT 15] [0.01158334 0.01841447 0.00683112 0.002      0.         0.002     ]
	[RESULT 16] [ 0.01690486 -0.0088097   0.01309516  0.0004      0.          0.0004    ]
	[RESULT 17] [ 1.70564356e-02 -9.11287048e-03  1.29435652e-02  1.00000000e-04
  0.00000000e+00  1.00000000e-04]
	[RESULT 18] [ 0.01690599 -0.00881196  0.01309403  0.0004      0.          0.0004    ]
	[RESULT 19] [ 1.70564356e-02 -9.11287048e-03  1.29435652e-02  1.00000000e-04
  0.00000000e+00  1.00000000e-04]
	[RESULT 20] [ 1.66444537e-02 -8.28873043e-03  1.33557233e-02  1.00000000e-04
  0.00000000e+00  1.00000000e-04]
	[RESULT 21] [ 1.70564356e-02 -9.11287048e-03  1.29435652e-02  1.00000000e-04
  0.00000000e+00  1.00000000e-04]
