[METRICS]
	[DISEQUILIBRIUM COUNT] 0
[VARIABLES]
	[RESULT 1] [32 9999.999998953974 10 2.0]
	[RESULT 2] [27 9999.999998549047 10 1.9999999999365152]
	[RESULT 3] [52 9999.999467417818 10 1.9999999999100508]
	[RESULT 4] [27 9999.999998549047 10 1.9999999999365152]
	[RESULT 5] [28 9999.999993057421 10 1.999999999991522]
	[RESULT 6] [26 9999.999999921614 10 1.9999999998024378]
	[RESULT 7] [28 9999.999993057421 10 1.999999999991522]
	[RESULT 8] [25 9999.999836701505 10 1.999999961865263]
	[RESULT 9] [26 9999.999999921614 10 1.9999999998024378]
	[RESULT 10] [23 9999.999993057421 10 1.9999999999996874]
	[RESULT 11] [14 9999.99952515995 10 2.0]
	[RESULT 12] [16 9999.999203053098 10 1.9999999999752642]
	[RESULT 13] [28 9999.999993057421 10 1.999999999991522]
	[RESULT 14] [28 9999.999993057421 10 1.999999999991522]
	[RESULT 15] [23 9999.999993057421 10 1.9999999999996874]
	[RESULT 16] [14 9999.99952515995 10 2.0]
	[RESULT 17] [24 9999.999998715022 10 1.9999999998573184]
[OBJECTIVES]
	[RESULT 1] [0.01098333 0.01721444 0.0062311  0.0032     0.         0.0032    ]
	[RESULT 2] [0.01123333 0.01771444 0.0064811  0.0027     0.         0.0027    ]
	[RESULT 3] [0.00998333 0.01521444 0.0052311  0.005      0.0002     0.0052    ]
	[RESULT 4] [0.01123333 0.01771444 0.0064811  0.0027     0.         0.0027    ]
	[RESULT 5] [0.01118333 0.01761444 0.0064311  0.0028     0.         0.0028    ]
	[RESULT 6] [0.01128333 0.01781444 0.0065311  0.0026     0.         0.0026    ]
	[RESULT 7] [0.01118333 0.01761444 0.0064311  0.0028     0.         0.0028    ]
	[RESULT 8] [0.01133333 0.01791444 0.0065811  0.0025     0.         0.0025    ]
	[RESULT 9] [0.01128333 0.01781444 0.0065311  0.0026     0.         0.0026    ]
	[RESULT 10] [0.01143333 0.01811444 0.0066811  0.0023     0.         0.0023    ]
	[RESULT 11] [0.01188333 0.01901444 0.0071311  0.0014     0.         0.0014    ]
	[RESULT 12] [0.01178333 0.01881444 0.0070311  0.0016     0.         0.0016    ]
	[RESULT 13] [0.01118333 0.01761444 0.0064311  0.0028     0.         0.0028    ]
	[RESULT 14] [0.01118333 0.01761444 0.0064311  0.0028     0.         0.0028    ]
	[RESULT 15] [0.01143333 0.01811444 0.0066811  0.0023     0.         0.0023    ]
	[RESULT 16] [0.01188333 0.01901444 0.0071311  0.0014     0.         0.0014    ]
	[RESULT 17] [0.01138333 0.01801444 0.0066311  0.0024     0.         0.0024    ]
