[METRICS]
	[DISEQUILIBRIUM COUNT] 0
[VARIABLES]
	[RESULT 1] [32 9999.997188277164 10 1.9999999990709232]
	[RESULT 2] [28 9999.999592076209 10 1.9999999999588238]
	[RESULT 3] [26 9999.998143370323 10 1.9999999999189804]
	[RESULT 4] [52 9633.826192844972 10 1.9999999997421225]
	[RESULT 5] [33 9999.999676499936 10 1.9999999998718039]
	[RESULT 6] [28 9999.999661742344 10 1.9999999997421225]
	[RESULT 7] [26 9999.998143370323 10 1.9999999999189804]
	[RESULT 8] [28 9999.999661742344 10 1.9999999997421225]
	[RESULT 9] [26 9999.99833771645 10 1.9999999998257496]
	[RESULT 10] [23 9999.999661742344 10 1.9999999997421225]
	[RESULT 11] [26 9999.99833771645 10 1.9999999998257496]
	[RESULT 12] [12 9999.977238382951 10 1.9999999996571944]
	[RESULT 13] [16 9999.999165943758 10 1.9999998012117577]
	[RESULT 14] [28 9999.999661742344 10 1.9999999997421225]
	[RESULT 15] [26 9999.99833771645 10 1.9999999998257496]
	[RESULT 16] [28 9999.999661742344 10 1.9999999997421225]
	[RESULT 17] [1 2351.16583910163 1 0.40543007826656297]
	[RESULT 18] [12 9999.999725820062 10 1.9999997964136484]
	[RESULT 19] [25 9999.971534959846 10 1.9999989065230872]
[OBJECTIVES]
	[RESULT 1] [0.01098333 0.01721444 0.0062311  0.0032     0.         0.0032    ]
	[RESULT 2] [0.01118333 0.01761444 0.0064311  0.0028     0.         0.0028    ]
	[RESULT 3] [0.01128333 0.01781444 0.0065311  0.0026     0.         0.0026    ]
	[RESULT 4] [0.00998333 0.01522377 0.00524043 0.005      0.0002     0.0052    ]
	[RESULT 5] [0.01093333 0.01711444 0.0061811  0.0033     0.         0.0033    ]
	[RESULT 6] [0.01118333 0.01761444 0.0064311  0.0028     0.         0.0028    ]
	[RESULT 7] [0.01128333 0.01781444 0.0065311  0.0026     0.         0.0026    ]
	[RESULT 8] [0.01118333 0.01761444 0.0064311  0.0028     0.         0.0028    ]
	[RESULT 9] [0.01128333 0.01781444 0.0065311  0.0026     0.         0.0026    ]
	[RESULT 10] [0.01143333 0.01811444 0.0066811  0.0023     0.         0.0023    ]
	[RESULT 11] [0.01128333 0.01781444 0.0065311  0.0026     0.         0.0026    ]
	[RESULT 12] [0.01198333 0.01921444 0.0072311  0.0012     0.         0.0012    ]
	[RESULT 13] [0.01178333 0.01881444 0.0070311  0.0016     0.         0.0016    ]
	[RESULT 14] [0.01118333 0.01761444 0.0064311  0.0028     0.         0.0028    ]
	[RESULT 15] [0.01128333 0.01781444 0.0065311  0.0026     0.         0.0026    ]
	[RESULT 16] [0.01118333 0.01761444 0.0064311  0.0028     0.         0.0028    ]
	[RESULT 17] [1.66350319e-02 1.57058354e-02 1.26591327e-02 1.00000000e-04
 0.00000000e+00 1.00000000e-04]
	[RESULT 18] [0.01198333 0.01921444 0.0072311  0.0012     0.         0.0012    ]
	[RESULT 19] [0.01133333 0.01791444 0.00658111 0.0025     0.         0.0025    ]
