[METRICS]
	[DISEQUILIBRIUM COUNT] 0
[VARIABLES]
	[RESULT 1] [30 9999.999985811839 10 1.999999999944267]
	[RESULT 2] [52 9999.999812162023 10 1.999999999861642]
	[RESULT 3] [26 9999.999999731692 10 1.9999999999738862]
	[RESULT 4] [26 9999.999999731692 10 1.9999999999738862]
	[RESULT 5] [24 9999.999925779788 10 1.9999999998769007]
	[RESULT 6] [26 9999.999999731692 10 1.9999999999738862]
	[RESULT 7] [23 9999.999999978083 10 1.9999999995883702]
	[RESULT 8] [24 9999.999925779788 10 1.9999999998769007]
	[RESULT 9] [21 9999.999065639486 10 1.999999982081801]
	[RESULT 10] [24 9999.999925779788 10 1.9999999998769007]
	[RESULT 11] [12 9999.999505977657 10 1.9999999999796654]
	[RESULT 12] [15 9999.99998761612 10 1.9999999970562263]
	[RESULT 13] [26 9999.999999731692 10 1.9999999999738862]
	[RESULT 14] [21 9999.999065639486 10 1.999999982081801]
	[RESULT 15] [12 9999.999505977657 10 1.9999999999796654]
[OBJECTIVES]
	[RESULT 1] [0.01108333 0.01741444 0.0063311  0.003      0.         0.003     ]
	[RESULT 2] [0.00998333 0.01521444 0.0052311  0.005      0.0002     0.0052    ]
	[RESULT 3] [0.01128333 0.01781444 0.0065311  0.0026     0.         0.0026    ]
	[RESULT 4] [0.01128333 0.01781444 0.0065311  0.0026     0.         0.0026    ]
	[RESULT 5] [0.01138333 0.01801444 0.0066311  0.0024     0.         0.0024    ]
	[RESULT 6] [0.01128333 0.01781444 0.0065311  0.0026     0.         0.0026    ]
	[RESULT 7] [0.01143333 0.01811444 0.0066811  0.0023     0.         0.0023    ]
	[RESULT 8] [0.01138333 0.01801444 0.0066311  0.0024     0.         0.0024    ]
	[RESULT 9] [0.01153333 0.01831444 0.0067811  0.0021     0.         0.0021    ]
	[RESULT 10] [0.01138333 0.01801444 0.0066311  0.0024     0.         0.0024    ]
	[RESULT 11] [0.01198333 0.01921444 0.0072311  0.0012     0.         0.0012    ]
	[RESULT 12] [0.01183333 0.01891444 0.0070811  0.0015     0.         0.0015    ]
	[RESULT 13] [0.01128333 0.01781444 0.0065311  0.0026     0.         0.0026    ]
	[RESULT 14] [0.01153333 0.01831444 0.0067811  0.0021     0.         0.0021    ]
	[RESULT 15] [0.01198333 0.01921444 0.0072311  0.0012     0.         0.0012    ]
