[METRICS]
	[DISEQUILIBRIUM COUNT] 0
[VARIABLES]
	[RESULT 1] [100 9999.999987144696 10 1.9999999998704903]
	[RESULT 2] [88 9999.99935223885 10 1.9999999973532463]
	[RESULT 3] [96 9999.995428978113 10 1.999999997938187]
	[RESULT 4] [90 9999.999922368808 10 1.999999999860394]
	[RESULT 5] [84 9999.999936991966 10 1.999999999911437]
	[RESULT 6] [87 9999.999957261987 10 1.9999999999827116]
	[RESULT 7] [84 9999.999985935372 10 1.9999999998840183]
	[RESULT 8] [83 9999.999941006881 10 1.999999999977697]
	[RESULT 9] [84 9999.999985935372 10 1.9999999998840183]
	[RESULT 10] [84 9999.999985935372 10 1.9999999998840183]
	[RESULT 11] [66 9999.998512584183 10 1.9999999962556332]
	[RESULT 12] [60 9999.999987880557 10 1.9999999998704903]
	[RESULT 13] [41 9999.999956109255 10 1.9999999998886668]
	[RESULT 14] [87 9999.999957261987 10 1.9999999999827116]
	[RESULT 15] [84 9999.999985935372 10 1.9999999998840183]
	[RESULT 16] [83 9999.999941006881 10 1.999999999977697]
	[RESULT 17] [87 9999.999957261987 10 1.9999999999827116]
	[RESULT 18] [60 9999.999987880557 10 1.9999999998704903]
	[RESULT 19] [86 9999.999988313 10 1.9999999998586506]
[OBJECTIVES]
	[RESULT 1] [0.00758333 0.01041444 0.0028311  0.005      0.005      0.01      ]
	[RESULT 2] [0.00818333 0.01161444 0.0034311  0.005      0.0038     0.0088    ]
	[RESULT 3] [0.00778333 0.01081444 0.0030311  0.005      0.0046     0.0096    ]
	[RESULT 4] [0.00808333 0.01141444 0.0033311  0.005      0.004      0.009     ]
	[RESULT 5] [0.00838333 0.01201444 0.0036311  0.005      0.0034     0.0084    ]
	[RESULT 6] [0.00823333 0.01171444 0.0034811  0.005      0.0037     0.0087    ]
	[RESULT 7] [0.00838333 0.01201444 0.0036311  0.005      0.0034     0.0084    ]
	[RESULT 8] [0.00843333 0.01211444 0.0036811  0.005      0.0033     0.0083    ]
	[RESULT 9] [0.00838333 0.01201444 0.0036311  0.005      0.0034     0.0084    ]
	[RESULT 10] [0.00838333 0.01201444 0.0036311  0.005      0.0034     0.0084    ]
	[RESULT 11] [0.00928333 0.01381444 0.0045311  0.005      0.0016     0.0066    ]
	[RESULT 12] [0.00958333 0.01441444 0.0048311  0.005      0.001      0.006     ]
	[RESULT 13] [0.01053333 0.01631444 0.0057811  0.0041     0.         0.0041    ]
	[RESULT 14] [0.00823333 0.01171444 0.0034811  0.005      0.0037     0.0087    ]
	[RESULT 15] [0.00838333 0.01201444 0.0036311  0.005      0.0034     0.0084    ]
	[RESULT 16] [0.00843333 0.01211444 0.0036811  0.005      0.0033     0.0083    ]
	[RESULT 17] [0.00823333 0.01171444 0.0034811  0.005      0.0037     0.0087    ]
	[RESULT 18] [0.00958333 0.01441444 0.0048311  0.005      0.001      0.006     ]
	[RESULT 19] [0.00828333 0.01181444 0.0035311  0.005      0.0036     0.0086    ]
