[METRICS]
	[DISEQUILIBRIUM COUNT] 0
[VARIABLES]
	[RESULT 1] [70 9999.701177308234 10 1.999990916264852]
	[RESULT 2] [80 9999.701177308234 10 1.999999583877417]
	[RESULT 3] [69 9988.013060940817 10 1.9999909751787959]
	[RESULT 4] [59 9999.898678364936 10 1.9999999870611673]
	[RESULT 5] [54 9999.89865934228 10 1.9999999945617193]
	[RESULT 6] [58 9999.973270469556 10 1.9999999993894748]
	[RESULT 7] [41 9999.970336763357 10 1.9999999983707515]
	[RESULT 8] [44 9999.97922270248 10 1.999999921158664]
	[RESULT 9] [39 9999.975986649102 10 1.99999999898104]
	[RESULT 10] [41 9999.970336763357 10 1.9999999983707515]
	[RESULT 11] [36 9999.979514079556 10 1.9999999679470863]
	[RESULT 12] [41 9999.970336763357 10 1.9999999983707515]
	[RESULT 13] [21 9999.97922270248 10 1.9999999206385695]
	[RESULT 14] [25 9946.995713145068 10 1.9999962464752261]
	[RESULT 15] [58 9999.973270469556 10 1.9999999993894748]
	[RESULT 16] [41 9999.970336763357 10 1.9999999983707515]
	[RESULT 17] [44 9999.97922270248 10 1.999999921158664]
	[RESULT 18] [36 9999.979514079556 10 1.9999999679470863]
	[RESULT 19] [21 9999.97922270248 10 1.9999999206385695]
[OBJECTIVES]
	[RESULT 1] [0.00908334 0.01341446 0.00433112 0.005      0.002      0.007     ]
	[RESULT 2] [0.00858333 0.01241444 0.00383111 0.005      0.003      0.008     ]
	[RESULT 3] [0.00913334 0.01351475 0.00438141 0.005      0.0019     0.0069    ]
	[RESULT 4] [0.00963333 0.01451444 0.00488111 0.005      0.0009     0.0059    ]
	[RESULT 5] [0.00988333 0.01501444 0.00513111 0.005      0.0004     0.0054    ]
	[RESULT 6] [0.00968333 0.01461444 0.0049311  0.005      0.0008     0.0058    ]
	[RESULT 7] [0.01053333 0.01631444 0.0057811  0.0041     0.         0.0041    ]
	[RESULT 8] [0.01038333 0.01601444 0.0056311  0.0044     0.         0.0044    ]
	[RESULT 9] [0.01063333 0.01651444 0.0058811  0.0039     0.         0.0039    ]
	[RESULT 10] [0.01053333 0.01631444 0.0057811  0.0041     0.         0.0041    ]
	[RESULT 11] [0.01078333 0.01681444 0.0060311  0.0036     0.         0.0036    ]
	[RESULT 12] [0.01053333 0.01631444 0.0057811  0.0041     0.         0.0041    ]
	[RESULT 13] [0.01153333 0.01831444 0.0067811  0.0021     0.         0.0021    ]
	[RESULT 14] [0.01133334 0.01791575 0.00658242 0.0025     0.         0.0025    ]
	[RESULT 15] [0.00968333 0.01461444 0.0049311  0.005      0.0008     0.0058    ]
	[RESULT 16] [0.01053333 0.01631444 0.0057811  0.0041     0.         0.0041    ]
	[RESULT 17] [0.01038333 0.01601444 0.0056311  0.0044     0.         0.0044    ]
	[RESULT 18] [0.01078333 0.01681444 0.0060311  0.0036     0.         0.0036    ]
	[RESULT 19] [0.01153333 0.01831444 0.0067811  0.0021     0.         0.0021    ]
