[METRICS]
	[DISEQUILIBRIUM COUNT] 0
	[MINIMUM S0 e1 S1 DISTANCE]0.007633549323885807
	[MINIMUM S0 e1 S2 DISTANCE]0.0069116483181110855
	[MINIMUM S0 e1 S6 DISTANCE]0.0029314838000747126
	[MINIMUM S3 e1 S1 DISTANCE]9.99999999999994e-05
	[MINIMUM S3 e1 S4 DISTANCE]0.0
	[MINIMUM S3 e1 S5 DISTANCE]9.999999999998899e-05
	[AVERAGE S0 e1 S1 DISTANCE]0.009787730525530303
	[AVERAGE S0 e1 S2 DISTANCE]0.014629548707734873
	[AVERAGE S0 e1 S6 DISTANCE]0.005146849713406666
	[AVERAGE S3 e1 S1 DISTANCE]0.004773102678571433
	[AVERAGE S3 e1 S4 DISTANCE]0.0016727678571428573
	[AVERAGE S3 e1 S5 DISTANCE]0.0064458705357143065
[VARIABLES]
	[RESULT 1] [87 9996.273274632566 10 1.999980273677642]
	[RESULT 2] [96 9636.098462861934 10 1.9999336686372633]
	[RESULT 3] [65 9998.386899219671 10 1.9999919268457507]
	[RESULT 4] [90 9996.273274632566 10 1.99999133496928]
	[RESULT 5] [72 9999.907986357437 10 1.9999997495939894]
	[RESULT 6] [76 9996.805704785482 10 1.9998413874511136]
	[RESULT 7] [78 9960.38071420944 10 1.9999879223634165]
	[RESULT 8] [80 9999.940908376624 10 1.9999818743260491]
	[RESULT 9] [67 9999.941402531214 10 1.9999997495939894]
	[RESULT 10] [72 9999.907986357437 10 1.9999997495939894]
	[RESULT 11] [70 9999.954130378297 10 1.999999828683]
	[RESULT 12] [67 9999.941402531214 10 1.9999997495939894]
	[RESULT 13] [67 9999.941402531214 10 1.9999997495939894]
	[RESULT 14] [68 9998.5691360342 10 1.9999447246941986]
	[RESULT 15] [81 9999.919620028937 10 1.9999976156439008]
	[RESULT 16] [71 9997.981658177883 10 1.9999812862016935]
	[RESULT 17] [62 9999.997220213652 10 1.9999962001517921]
	[RESULT 18] [64 9999.897205412337 10 1.9999977135523979]
	[RESULT 19] [47 9987.624499099153 10 1.9999965762754237]
	[RESULT 20] [60 9999.929907695054 10 1.999998074117731]
	[RESULT 21] [43 9220.447500164495 10 1.9988667167004863]
	[RESULT 22] [32 9226.421777861828 10 1.9988631176035556]
	[RESULT 23] [43 9220.447500164495 10 1.9988667167004863]
	[RESULT 24] [15 9989.943172943254 10 1.9999059559926826]
	[RESULT 25] [24 9998.207551353553 10 1.9998699620519766]
	[RESULT 26] [72 9999.907986357437 10 1.9999997495939894]
	[RESULT 27] [70 9999.954130378297 10 1.999999828683]
	[RESULT 28] [66 9999.902837633239 10 1.999991804639513]
	[RESULT 29] [67 9999.941402531214 10 1.9999997495939894]
	[RESULT 30] [63 9999.986469451793 10 1.9999948336162223]
	[RESULT 31] [62 9999.997220213652 10 1.9999962001517921]
	[RESULT 32] [64 9999.959388272015 10 1.9999972580872118]
	[RESULT 33] [47 9987.624499099153 10 1.9999965762754237]
	[RESULT 34] [1 8841.264590081915 2 0.5302841417025008]
	[RESULT 35] [15 9989.943172943254 10 1.9999059559926826]
	[RESULT 36] [65 9998.386899219671 10 1.9999919268457507]
	[RESULT 37] [60 9999.929907695054 10 1.999998074117731]
	[RESULT 38] [68 9980.352763845895 10 1.999997829876557]
[OBJECTIVES]
	[RESULT 1] [0.00823335 0.01171457 0.00348121 0.005      0.0037     0.0087    ]
	[RESULT 2] [0.0077834  0.01082384 0.00304044 0.005      0.0046     0.0096    ]
	[RESULT 3] [0.00933334 0.01391449 0.00458115 0.005      0.0015     0.0065    ]
	[RESULT 4] [0.00808334 0.01141455 0.0033312  0.005      0.004      0.009     ]
	[RESULT 5] [0.00898333 0.01321444 0.00423111 0.005      0.0022     0.0072    ]
	[RESULT 6] [0.00878349 0.01281483 0.00403134 0.005      0.0026     0.0076    ]
	[RESULT 7] [0.00868335 0.01261544 0.00393209 0.005      0.0028     0.0078    ]
	[RESULT 8] [0.00858335 0.01241447 0.00383112 0.005      0.003      0.008     ]
	[RESULT 9] [0.00923333 0.01371444 0.00448111 0.005      0.0017     0.0067    ]
	[RESULT 10] [0.00898333 0.01321444 0.00423111 0.005      0.0022     0.0072    ]
	[RESULT 11] [0.00908333 0.01341444 0.0043311  0.005      0.002      0.007     ]
	[RESULT 12] [0.00923333 0.01371444 0.00448111 0.005      0.0017     0.0067    ]
	[RESULT 13] [0.00923333 0.01371444 0.00448111 0.005      0.0017     0.0067    ]
	[RESULT 14] [0.00918339 0.01361458 0.00443119 0.005      0.0018     0.0068    ]
	[RESULT 15] [0.00853334 0.01231444 0.00378111 0.005      0.0031     0.0081    ]
	[RESULT 16] [0.00903335 0.01331452 0.00428117 0.005      0.0021     0.0071    ]
	[RESULT 17] [0.00948334 0.01421444 0.00473111 0.005      0.0012     0.0062    ]
	[RESULT 18] [0.00938334 0.01401444 0.00463111 0.005      0.0014     0.0064    ]
	[RESULT 19] [0.01023334 0.01571475 0.00548141 0.0047     0.         0.0047    ]
	[RESULT 20] [0.00958334 0.01441444 0.00483111 0.005      0.001      0.006     ]
	[RESULT 21] [0.01043447 0.01613746 0.00570299 0.0043     0.         0.0043    ]
	[RESULT 22] [0.01098448 0.0172373  0.00625282 0.0032     0.         0.0032    ]
	[RESULT 23] [0.01043447 0.01613746 0.00570299 0.0043     0.         0.0043    ]
	[RESULT 24] [0.01183343 0.01891487 0.00708145 0.0015     0.         0.0015    ]
	[RESULT 25] [0.01138346 0.01801474 0.00663128 0.0024     0.         0.0024    ]
	[RESULT 26] [0.00898333 0.01321444 0.00423111 0.005      0.0022     0.0072    ]
	[RESULT 27] [0.00908333 0.01341444 0.0043311  0.005      0.002      0.007     ]
	[RESULT 28] [0.00928334 0.01381446 0.00453111 0.005      0.0016     0.0066    ]
	[RESULT 29] [0.00923333 0.01371444 0.00448111 0.005      0.0017     0.0067    ]
	[RESULT 30] [0.00943334 0.01411445 0.00468111 0.005      0.0013     0.0063    ]
	[RESULT 31] [0.00948334 0.01421444 0.00473111 0.005      0.0012     0.0062    ]
	[RESULT 32] [0.00938334 0.01401444 0.00463111 0.005      0.0014     0.0064    ]
	[RESULT 33] [0.01023334 0.01571475 0.00548141 0.0047     0.         0.0047    ]
	[RESULT 34] [1.64420311e-02 1.68360222e-02 1.17219467e-02 1.00000000e-04
 0.00000000e+00 1.00000000e-04]
	[RESULT 35] [0.01183343 0.01891487 0.00708145 0.0015     0.         0.0015    ]
	[RESULT 36] [0.00933334 0.01391449 0.00458115 0.005      0.0015     0.0065    ]
	[RESULT 37] [0.00958334 0.01441444 0.00483111 0.005      0.001      0.006     ]
	[RESULT 38] [0.00918334 0.01361492 0.00443159 0.005      0.0018     0.0068    ]
