[METRICS]
	[DISEQUILIBRIUM COUNT] 470
	[MINIMUM S0 e1 S1 DISTANCE]0.007583354252020669
	[MINIMUM S0 e1 S2 DISTANCE]-0.009112870479901392
	[MINIMUM S0 e1 S6 DISTANCE]0.0028336884529039635
	[MINIMUM S3 e1 S1 DISTANCE]9.99999999999994e-05
	[MINIMUM S3 e1 S4 DISTANCE]0.0
	[MINIMUM S3 e1 S5 DISTANCE]9.999999999998899e-05
	[AVERAGE S0 e1 S1 DISTANCE]0.01420814440055159
	[AVERAGE S0 e1 S2 DISTANCE]0.002761510018454574
	[AVERAGE S0 e1 S6 DISTANCE]0.012403885641610022
	[AVERAGE S3 e1 S1 DISTANCE]0.0018729910714285686
	[AVERAGE S3 e1 S4 DISTANCE]0.0007867187500000013
	[AVERAGE S3 e1 S5 DISTANCE]0.002659709821428573
[VARIABLES]
	[RESULT 1] [1 10.001088301717452 1 0.10000077531971038]
	[RESULT 2] [1 10.001088301717452 1 0.10000077531971038]
	[RESULT 3] [1 10.000002634075479 1 0.10000005230944448]
	[RESULT 4] [1 10.000002634075479 1 0.10000005230944448]
	[RESULT 5] [1 10.000002634075479 1 0.10000005230944448]
	[RESULT 6] [8 10.000500495755443 1 0.10000275937222931]
	[RESULT 7] [11 10.000003403637832 2 0.10000006996844663]
	[RESULT 8] [1 10.000125161240309 1 0.1182343275456266]
	[RESULT 9] [31 10.001088301717452 1 0.10000009349421256]
	[RESULT 10] [10 10.000183796149152 1 0.10000011146267611]
	[RESULT 11] [24 10.013240400989568 1 0.14401136032969597]
	[RESULT 12] [1 10.013495125876249 2 1.0780148075748792]
	[RESULT 13] [24 10.013240400989568 1 0.14401136032969597]
	[RESULT 14] [2 10.00624026402908 1 1.2983612870831553]
	[RESULT 15] [1 10.000002634075479 1 0.10000005974870069]
	[RESULT 16] [1 10.000002634075479 1 0.10000005974870069]
	[RESULT 17] [1 10.000002634075479 1 0.10000005230944448]
	[RESULT 18] [29 10.00607574319395 1 1.7882686902732279]
	[RESULT 19] [1 10.00123656894845 1 1.7119044007711952]
	[RESULT 20] [34 10.013947818264707 1 1.7124014346421488]
	[RESULT 21] [16 10.00086684552564 1 1.8538426563520043]
	[RESULT 22] [85 9914.350151506525 10 1.9999106594498315]
	[RESULT 23] [56 9510.509280563809 10 1.9979227661992083]
	[RESULT 24] [4 418.9087971683154 1 1.932569248075431]
	[RESULT 25] [16 9863.043179038968 10 1.9995721102116244]
	[RESULT 26] [4 10.000025722589696 1 0.10000002679325955]
	[RESULT 27] [2 10.000009560710083 1 0.10000005226148014]
	[RESULT 28] [1 10.000263167720313 1 0.10000012330685912]
	[RESULT 29] [8 10.000500495755443 1 0.10000275937222931]
	[RESULT 30] [3 10.001088301717452 1 0.10000080141479563]
	[RESULT 31] [17 10.000679024011156 1 0.11744552635166813]
	[RESULT 32] [17 10.000679024011156 1 0.11744552635166813]
	[RESULT 33] [1 10.00002495394844 1 0.6669386291268512]
	[RESULT 34] [11 10.000166073452933 1 0.10102001944035247]
	[RESULT 35] [1 10.000002586235269 1 0.24619132238756963]
	[RESULT 36] [8 10.001014967764826 2 0.10000253426666553]
	[RESULT 37] [5 10.000307247109705 2 1.8748439111489394]
	[RESULT 38] [1 10.001321420727056 1 0.35202398684575475]
[OBJECTIVES]
	[RESULT 1] [ 1.70564345e-02 -9.11259701e-03  1.29438375e-02  1.00000000e-04
  0.00000000e+00  1.00000000e-04]
	[RESULT 2] [ 1.70564345e-02 -9.11259701e-03  1.29438375e-02  1.00000000e-04
  0.00000000e+00  1.00000000e-04]
	[RESULT 3] [ 1.70564356e-02 -9.11287048e-03  1.29435651e-02  1.00000000e-04
  0.00000000e+00  1.00000000e-04]
	[RESULT 4] [ 1.70564356e-02 -9.11287048e-03  1.29435651e-02  1.00000000e-04
  0.00000000e+00  1.00000000e-04]
	[RESULT 5] [ 1.70564356e-02 -9.11287048e-03  1.29435651e-02  1.00000000e-04
  0.00000000e+00  1.00000000e-04]
	[RESULT 6] [ 0.01670643 -0.00841274  0.01329369  0.0008      0.          0.0008    ]
	[RESULT 7] [ 0.01652866 -0.00805731  0.01347134  0.0011      0.          0.0011    ]
	[RESULT 8] [ 1.70305635e-02 -9.06109580e-03  1.29694677e-02  1.00000000e-04
  0.00000000e+00  1.00000000e-04]
	[RESULT 9] [ 0.01555644 -0.0061126   0.01444384  0.0031      0.          0.0031    ]
	[RESULT 10] [ 0.01660644 -0.00821283  0.01339361  0.001       0.          0.001     ]
	[RESULT 11] [ 0.01584415 -0.00668499  0.01415916  0.0024      0.          0.0024    ]
	[RESULT 12] [ 1.57612100e-02 -6.51904660e-03  1.42421634e-02  1.00000000e-04
  0.00000000e+00  1.00000000e-04]
	[RESULT 13] [ 0.01584415 -0.00668499  0.01415916  0.0024      0.          0.0024    ]
	[RESULT 14] [ 0.01548372 -0.00596588  0.01451784  0.0002      0.          0.0002    ]
	[RESULT 15] [ 1.70564356e-02 -9.11287046e-03  1.29435651e-02  1.00000000e-04
  0.00000000e+00  1.00000000e-04]
	[RESULT 16] [ 1.70564356e-02 -9.11287046e-03  1.29435651e-02  1.00000000e-04
  0.00000000e+00  1.00000000e-04]
	[RESULT 17] [ 1.70564356e-02 -9.11287048e-03  1.29435651e-02  1.00000000e-04
  0.00000000e+00  1.00000000e-04]
	[RESULT 18] [ 0.01360036 -0.00219921  0.01640115  0.0029      0.          0.0029    ]
	[RESULT 19] [ 1.50805655e-02 -5.16082194e-03  1.49197436e-02  1.00000000e-04
  0.00000000e+00  1.00000000e-04]
	[RESULT 20] [ 0.01343004 -0.00185659  0.01657345  0.0034      0.          0.0034    ]
	[RESULT 21] [ 0.01418232 -0.00336442  0.0158179   0.0016      0.          0.0016    ]
	[RESULT 22] [0.00833342 0.01191674 0.00358331 0.005      0.0035     0.0085    ]
	[RESULT 23] [0.00978543 0.01483125 0.00504583 0.005      0.0006     0.0056    ]
	[RESULT 24] [0.01470162 0.0156843  0.01461409 0.0004     0.         0.0004    ]
	[RESULT 25] [0.01178376 0.01881871 0.00703494 0.0016     0.         0.0016    ]
	[RESULT 26] [ 0.01690644 -0.00881286  0.01309357  0.0004      0.          0.0004    ]
	[RESULT 27] [ 0.01700644 -0.00901287  0.01299357  0.0002      0.          0.0002    ]
	[RESULT 28] [ 1.70564355e-02 -9.11280514e-03  1.29436303e-02  1.00000000e-04
  0.00000000e+00  1.00000000e-04]
	[RESULT 29] [ 0.01670643 -0.00841274  0.01329369  0.0008      0.          0.0008    ]
	[RESULT 30] [ 0.01695643 -0.0089126   0.01304384  0.0003      0.          0.0003    ]
	[RESULT 31] [ 0.01623168 -0.00746319  0.01376849  0.0017      0.          0.0017    ]
	[RESULT 32] [ 0.01623168 -0.00746319  0.01376849  0.0017      0.          0.0017    ]
	[RESULT 33] [ 1.62934034e-02 -7.58680059e-03  1.37066028e-02  1.00000000e-04
  0.00000000e+00  1.00000000e-04]
	[RESULT 34] [ 0.01655499 -0.00810993  0.01344506  0.0011      0.          0.0011    ]
	[RESULT 35] [ 1.68515999e-02 -8.70319914e-03  1.31484008e-02  1.00000000e-04
  0.00000000e+00  1.00000000e-04]
	[RESULT 36] [ 0.01667865 -0.00835705  0.0133216   0.0008      0.          0.0008    ]
	[RESULT 37] [ 0.01468291 -0.00436574  0.01531717  0.0005      0.          0.0005    ]
	[RESULT 38] [ 1.67069227e-02 -8.41351509e-03  1.32934076e-02  1.00000000e-04
  0.00000000e+00  1.00000000e-04]
