[METRICS]
	[DISEQUILIBRIUM COUNT] 0
[VARIABLES]
	[RESULT 1] [62 9999.99964199815 10 1.9999999999999005]
	[RESULT 2] [66 9999.999997971918 10 2.0]
	[RESULT 3] [62 9999.99964199815 10 1.9999999999999005]
	[RESULT 4] [39 9999.999999989352 10 2.0]
	[RESULT 5] [45 9999.999999997206 10 2.0]
	[RESULT 6] [40 9999.999999997211 10 2.0]
	[RESULT 7] [37 9999.999999999718 10 2.0]
	[RESULT 8] [37 9999.999999999718 10 2.0]
	[RESULT 9] [37 9999.999999999718 10 2.0]
	[RESULT 10] [22 9999.999999999869 10 2.0]
	[RESULT 11] [25 9999.999998543379 10 2.0]
	[RESULT 12] [40 9999.999999997211 10 2.0]
	[RESULT 13] [37 9999.999999999718 10 2.0]
	[RESULT 14] [40 9999.999999997211 10 2.0]
	[RESULT 15] [33 9999.999999988122 10 2.0]
	[RESULT 16] [22 9999.999999999869 10 2.0]
	[RESULT 17] [36 9999.999999998994 10 2.0]
[OBJECTIVES]
	[RESULT 1] [0.00948333 0.01421444 0.0047311  0.005      0.0012     0.0062    ]
	[RESULT 2] [0.00928333 0.01381444 0.0045311  0.005      0.0016     0.0066    ]
	[RESULT 3] [0.00948333 0.01421444 0.0047311  0.005      0.0012     0.0062    ]
	[RESULT 4] [0.01063333 0.01651444 0.0058811  0.0039     0.         0.0039    ]
	[RESULT 5] [0.01033333 0.01591444 0.0055811  0.0045     0.         0.0045    ]
	[RESULT 6] [0.01058333 0.01641444 0.0058311  0.004      0.         0.004     ]
	[RESULT 7] [0.01073333 0.01671444 0.0059811  0.0037     0.         0.0037    ]
	[RESULT 8] [0.01073333 0.01671444 0.0059811  0.0037     0.         0.0037    ]
	[RESULT 9] [0.01073333 0.01671444 0.0059811  0.0037     0.         0.0037    ]
	[RESULT 10] [0.01148333 0.01821444 0.0067311  0.0022     0.         0.0022    ]
	[RESULT 11] [0.01133333 0.01791444 0.0065811  0.0025     0.         0.0025    ]
	[RESULT 12] [0.01058333 0.01641444 0.0058311  0.004      0.         0.004     ]
	[RESULT 13] [0.01073333 0.01671444 0.0059811  0.0037     0.         0.0037    ]
	[RESULT 14] [0.01058333 0.01641444 0.0058311  0.004      0.         0.004     ]
	[RESULT 15] [0.01093333 0.01711444 0.0061811  0.0033     0.         0.0033    ]
	[RESULT 16] [0.01148333 0.01821444 0.0067311  0.0022     0.         0.0022    ]
	[RESULT 17] [0.01078333 0.01681444 0.0060311  0.0036     0.         0.0036    ]
