[METRICS]
	[DISEQUILIBRIUM COUNT] 0
[VARIABLES]
	[RESULT 1] [70 9855.957494559654 10 1.9999996956982387]
	[RESULT 2] [80 9999.676457815855 10 1.9999992719689448]
	[RESULT 3] [68 9999.971048175747 10 1.9999999505084318]
	[RESULT 4] [61 9999.891066605598 10 1.9999999524284597]
	[RESULT 5] [57 9999.999955670479 10 1.9999999840897453]
	[RESULT 6] [60 9999.999690984461 10 1.9999999996474724]
	[RESULT 7] [54 9999.998604820623 10 1.9999999285152705]
	[RESULT 8] [57 9999.998629522584 10 1.9999999995204691]
	[RESULT 9] [42 9999.994326423031 10 1.9999999951333611]
	[RESULT 10] [46 9999.943571093469 10 1.9999999762842284]
	[RESULT 11] [31 9999.923585425613 10 1.9999999631742529]
	[RESULT 12] [32 9999.994908211393 10 1.9999997247446621]
	[RESULT 13] [60 9999.999690984461 10 1.9999999996474724]
	[RESULT 14] [57 9999.999955670479 10 1.9999999840897453]
	[RESULT 15] [54 9999.998604820623 10 1.9999999285152705]
	[RESULT 16] [42 9999.9990413647 10 1.9999999896791674]
	[RESULT 17] [56 9999.967567704809 10 1.9999993120443444]
[OBJECTIVES]
	[RESULT 1] [0.00908333 0.01341803 0.00433469 0.005      0.002      0.007     ]
	[RESULT 2] [0.00858333 0.01241445 0.00383111 0.005      0.003      0.008     ]
	[RESULT 3] [0.00918333 0.01361444 0.0044311  0.005      0.0018     0.0068    ]
	[RESULT 4] [0.00953333 0.01431444 0.00478111 0.005      0.0011     0.0061    ]
	[RESULT 5] [0.00973333 0.01471444 0.0049811  0.005      0.0007     0.0057    ]
	[RESULT 6] [0.00958333 0.01441444 0.0048311  0.005      0.001      0.006     ]
	[RESULT 7] [0.00988333 0.01501444 0.0051311  0.005      0.0004     0.0054    ]
	[RESULT 8] [0.00973333 0.01471444 0.0049811  0.005      0.0007     0.0057    ]
	[RESULT 9] [0.01048333 0.01621444 0.0057311  0.0042     0.         0.0042    ]
	[RESULT 10] [0.01028333 0.01581444 0.0055311  0.0046     0.         0.0046    ]
	[RESULT 11] [0.01103333 0.01731444 0.00628111 0.0031     0.         0.0031    ]
	[RESULT 12] [0.01098333 0.01721444 0.0062311  0.0032     0.         0.0032    ]
	[RESULT 13] [0.00958333 0.01441444 0.0048311  0.005      0.001      0.006     ]
	[RESULT 14] [0.00973333 0.01471444 0.0049811  0.005      0.0007     0.0057    ]
	[RESULT 15] [0.00988333 0.01501444 0.0051311  0.005      0.0004     0.0054    ]
	[RESULT 16] [0.01048333 0.01621444 0.0057311  0.0042     0.         0.0042    ]
	[RESULT 17] [0.00978333 0.01481444 0.0050311  0.005      0.0006     0.0056    ]
