[METRICS]
	[DISEQUILIBRIUM COUNT] 0
	[MINIMUM S0 e1 S1 DISTANCE]0.0075833339273812025
	[MINIMUM S0 e1 S2 DISTANCE]0.00718656564150999
	[MINIMUM S0 e1 S6 DISTANCE]0.0028311140962852255
	[MINIMUM S3 e1 S1 DISTANCE]9.99999999999994e-05
	[MINIMUM S3 e1 S4 DISTANCE]0.0
	[MINIMUM S3 e1 S5 DISTANCE]9.999999999998899e-05
	[AVERAGE S0 e1 S1 DISTANCE]0.0097707654627933
	[AVERAGE S0 e1 S2 DISTANCE]0.0146368026098615
	[AVERAGE S0 e1 S6 DISTANCE]0.005152660186124232
	[AVERAGE S3 e1 S1 DISTANCE]0.004815178571428572
	[AVERAGE S3 e1 S4 DISTANCE]0.0016928571428571444
	[AVERAGE S3 e1 S5 DISTANCE]0.006508035714285733
[VARIABLES]
	[RESULT 1] [98 9414.357724364516 10 1.9999994100490415]
	[RESULT 2] [92 9997.136647607605 10 1.9999994100490415]
	[RESULT 3] [65 9996.938357880206 10 1.9999999930576264]
	[RESULT 4] [88 9999.95964954165 10 1.9999999022463493]
	[RESULT 5] [98 9870.707460461943 10 1.9999643315742444]
	[RESULT 6] [72 9998.483912049798 10 1.9999999612871142]
	[RESULT 7] [67 9999.933910675583 10 1.9999993548564923]
	[RESULT 8] [77 9999.793302043498 10 1.9999988007990444]
	[RESULT 9] [79 9998.339859496495 10 1.9999994100490415]
	[RESULT 10] [67 9999.566101518398 10 1.9999995506490684]
	[RESULT 11] [71 9999.972869201176 10 1.9999998404904593]
	[RESULT 12] [65 9999.421391846121 10 1.9999995563587272]
	[RESULT 13] [66 9999.942616756305 10 1.9999999721288695]
	[RESULT 14] [66 9999.942616756305 10 1.9999999721288695]
	[RESULT 15] [64 9999.837397291834 10 1.9999997418525828]
	[RESULT 16] [77 9999.793302043498 10 1.9999988007990444]
	[RESULT 17] [80 9999.801417102404 10 1.9999999083638984]
	[RESULT 18] [70 9998.127214181888 10 1.9999998966087216]
	[RESULT 19] [66 9999.942616756305 10 1.9999999721288695]
	[RESULT 20] [60 9999.609141638406 10 1.9999995458715665]
	[RESULT 21] [43 9999.964702731202 10 1.9999995506490684]
	[RESULT 22] [41 9999.421391846121 10 1.9999999639322763]
	[RESULT 23] [35 9996.395265401357 10 1.9999939504129542]
	[RESULT 24] [41 9999.421391846121 10 1.9999999639322763]
	[RESULT 25] [18 3044.9025289167657 10 1.9004160994383115]
	[RESULT 26] [35 9714.584758590496 10 1.9999999709520064]
	[RESULT 27] [77 9999.793302043498 10 1.9999988007990444]
	[RESULT 28] [67 9999.566101518398 10 1.9999995506490684]
	[RESULT 29] [68 9999.849758988452 10 1.9999998067504958]
	[RESULT 30] [66 9999.942616756305 10 1.9999999721288695]
	[RESULT 31] [66 9999.942616756305 10 1.9999999721288695]
	[RESULT 32] [61 9999.47624877916 10 1.999999944110203]
	[RESULT 33] [66 9999.942616756305 10 1.9999999721288695]
	[RESULT 34] [63 9999.942616756305 10 1.9999999721288695]
	[RESULT 35] [46 9999.550411654895 10 1.9999999861506192]
	[RESULT 36] [18 3044.9025289167657 8 0.22813136063024675]
	[RESULT 37] [35 9714.584758590496 10 1.9999999709520064]
	[RESULT 38] [66 9999.942616756305 10 1.9999999721288695]
	[RESULT 39] [66 9999.942616756305 10 1.9999999721288695]
	[RESULT 40] [44 9999.550411654895 10 1.9999999861506192]
	[RESULT 41] [68 9999.849758988452 10 1.9999998067504958]
[OBJECTIVES]
	[RESULT 1] [0.00768333 0.01062971 0.00294637 0.005      0.0048     0.0098    ]
	[RESULT 2] [0.00798333 0.01121451 0.00323117 0.005      0.0042     0.0092    ]
	[RESULT 3] [0.00933333 0.01391451 0.00458118 0.005      0.0015     0.0065    ]
	[RESULT 4] [0.00818333 0.01161444 0.0034311  0.005      0.0038     0.0088    ]
	[RESULT 5] [0.00768337 0.01061772 0.00293436 0.005      0.0048     0.0098    ]
	[RESULT 6] [0.00898333 0.01321447 0.00423114 0.005      0.0022     0.0072    ]
	[RESULT 7] [0.00923333 0.01371444 0.00448111 0.005      0.0017     0.0067    ]
	[RESULT 8] [0.00873333 0.01271444 0.00398111 0.005      0.0027     0.0077    ]
	[RESULT 9] [0.00863333 0.01251448 0.00388114 0.005      0.0029     0.0079    ]
	[RESULT 10] [0.00923333 0.01371445 0.00448111 0.005      0.0017     0.0067    ]
	[RESULT 11] [0.00903333 0.01331444 0.0042811  0.005      0.0021     0.0071    ]
	[RESULT 12] [0.00933333 0.01391445 0.00458112 0.005      0.0015     0.0065    ]
	[RESULT 13] [0.00928333 0.01381444 0.0045311  0.005      0.0016     0.0066    ]
	[RESULT 14] [0.00928333 0.01381444 0.0045311  0.005      0.0016     0.0066    ]
	[RESULT 15] [0.00938333 0.01401444 0.00463111 0.005      0.0014     0.0064    ]
	[RESULT 16] [0.00873333 0.01271444 0.00398111 0.005      0.0027     0.0077    ]
	[RESULT 17] [0.00858333 0.01241444 0.00383111 0.005      0.003      0.008     ]
	[RESULT 18] [0.00908333 0.01341448 0.00433115 0.005      0.002      0.007     ]
	[RESULT 19] [0.00928333 0.01381444 0.0045311  0.005      0.0016     0.0066    ]
	[RESULT 20] [0.00958333 0.01441445 0.00483111 0.005      0.001      0.006     ]
	[RESULT 21] [0.01043333 0.01611444 0.0056811  0.0043     0.         0.0043    ]
	[RESULT 22] [0.01053333 0.01631445 0.00578112 0.0041     0.         0.0041    ]
	[RESULT 23] [0.01083334 0.01691454 0.0060812  0.0035     0.         0.0035    ]
	[RESULT 24] [0.01053333 0.01631445 0.00578112 0.0041     0.         0.0041    ]
	[RESULT 25] [0.01178445 0.01936637 0.00758192 0.0018     0.         0.0018    ]
	[RESULT 26] [0.01083333 0.01692165 0.00608832 0.0035     0.         0.0035    ]
	[RESULT 27] [0.00873333 0.01271444 0.00398111 0.005      0.0027     0.0077    ]
	[RESULT 28] [0.00923333 0.01371445 0.00448111 0.005      0.0017     0.0067    ]
	[RESULT 29] [0.00918333 0.01361444 0.00443111 0.005      0.0018     0.0068    ]
	[RESULT 30] [0.00928333 0.01381444 0.0045311  0.005      0.0016     0.0066    ]
	[RESULT 31] [0.00928333 0.01381444 0.0045311  0.005      0.0016     0.0066    ]
	[RESULT 32] [0.00953333 0.01431445 0.00478112 0.005      0.0011     0.0061    ]
	[RESULT 33] [0.00928333 0.01381444 0.0045311  0.005      0.0016     0.0066    ]
	[RESULT 34] [0.00943333 0.01411444 0.0046811  0.005      0.0013     0.0063    ]
	[RESULT 35] [0.01028333 0.01581445 0.00553111 0.0046     0.         0.0046    ]
	[RESULT 36] [0.01544325 0.01831602 0.01124073 0.0018     0.         0.0018    ]
	[RESULT 37] [0.01083333 0.01692165 0.00608832 0.0035     0.         0.0035    ]
	[RESULT 38] [0.00928333 0.01381444 0.0045311  0.005      0.0016     0.0066    ]
	[RESULT 39] [0.00928333 0.01381444 0.0045311  0.005      0.0016     0.0066    ]
	[RESULT 40] [0.01038333 0.01601445 0.00563111 0.0044     0.         0.0044    ]
	[RESULT 41] [0.00918333 0.01361444 0.00443111 0.005      0.0018     0.0068    ]
