[METRICS]
	[DISEQUILIBRIUM COUNT] 0
[VARIABLES]
	[RESULT 1] [37 9999.999935195305 10 1.9999999999916245]
	[RESULT 2] [58 9999.999998782092 10 1.9999999999998017]
	[RESULT 3] [38 9999.99999299904 10 1.999999999999812]
	[RESULT 4] [33 9999.999999939299 10 2.0]
	[RESULT 5] [30 9999.999998531219 10 2.0]
	[RESULT 6] [31 9999.999998450288 10 1.999999999815261]
	[RESULT 7] [28 9999.999995713564 10 2.0]
	[RESULT 8] [31 9999.999998450288 10 1.999999999815261]
	[RESULT 9] [18 9999.999998450288 10 1.999999999828194]
	[RESULT 10] [21 9999.99999856943 10 1.9999999999434528]
	[RESULT 11] [34 9999.999999990356 10 2.0]
	[RESULT 12] [30 9999.999998531219 10 2.0]
	[RESULT 13] [27 9999.999999506139 10 1.9999999999512503]
	[RESULT 14] [16 9999.999997075796 10 1.99999999999974]
	[RESULT 15] [29 9999.99999998638 10 1.9999999999995708]
[OBJECTIVES]
	[RESULT 1] [0.01073333 0.01671444 0.0059811  0.0037     0.         0.0037    ]
	[RESULT 2] [0.00968333 0.01461444 0.0049311  0.005      0.0008     0.0058    ]
	[RESULT 3] [0.01068333 0.01661444 0.0059311  0.0038     0.         0.0038    ]
	[RESULT 4] [0.01093333 0.01711444 0.0061811  0.0033     0.         0.0033    ]
	[RESULT 5] [0.01108333 0.01741444 0.0063311  0.003      0.         0.003     ]
	[RESULT 6] [0.01103333 0.01731444 0.0062811  0.0031     0.         0.0031    ]
	[RESULT 7] [0.01118333 0.01761444 0.0064311  0.0028     0.         0.0028    ]
	[RESULT 8] [0.01103333 0.01731444 0.0062811  0.0031     0.         0.0031    ]
	[RESULT 9] [0.01168333 0.01861444 0.0069311  0.0018     0.         0.0018    ]
	[RESULT 10] [0.01153333 0.01831444 0.0067811  0.0021     0.         0.0021    ]
	[RESULT 11] [0.01088333 0.01701444 0.0061311  0.0034     0.         0.0034    ]
	[RESULT 12] [0.01108333 0.01741444 0.0063311  0.003      0.         0.003     ]
	[RESULT 13] [0.01123333 0.01771444 0.0064811  0.0027     0.         0.0027    ]
	[RESULT 14] [0.01178333 0.01881444 0.0070311  0.0016     0.         0.0016    ]
	[RESULT 15] [0.01113333 0.01751444 0.0063811  0.0029     0.         0.0029    ]
