[METRICS]
	[DISEQUILIBRIUM COUNT] 0
	[MINIMUM S0 e1 S1 DISTANCE]0.008584807745799105
	[MINIMUM S0 e1 S2 DISTANCE]0.013619318692705384
	[MINIMUM S0 e1 S6 DISTANCE]0.004434055612125867
	[MINIMUM S3 e1 S1 DISTANCE]0.00020000000000000052
	[MINIMUM S3 e1 S4 DISTANCE]0.0
	[MINIMUM S3 e1 S5 DISTANCE]0.00019999999999997797
	[AVERAGE S0 e1 S1 DISTANCE]0.011347359561688832
	[AVERAGE S0 e1 S2 DISTANCE]0.01786315160033278
	[AVERAGE S0 e1 S6 DISTANCE]0.006681714951401373
	[AVERAGE S3 e1 S1 DISTANCE]0.0031128348214285715
	[AVERAGE S3 e1 S4 DISTANCE]0.00019620535714285698
	[AVERAGE S3 e1 S5 DISTANCE]0.003309040178571439
[VARIABLES]
	[RESULT 1] [39 9989.526175189001 10 1.9999999204812293]
	[RESULT 2] [36 9994.09678763761 10 1.999995127246065]
	[RESULT 3] [30 9992.838659689796 10 1.9999954385994936]
	[RESULT 4] [30 9833.82618975549 10 1.9999988300675948]
	[RESULT 5] [62 9994.137278020682 10 1.9946240291068076]
	[RESULT 6] [68 9958.533147120525 10 1.9980838673681054]
	[RESULT 7] [52 9977.430749292282 10 1.99998538444112]
	[RESULT 8] [35 9998.303972731566 10 1.999961590490134]
	[RESULT 9] [39 9991.266767423402 10 1.9999954149341341]
	[RESULT 10] [36 9994.09678763761 10 1.999995127246065]
	[RESULT 11] [31 9998.031042816861 10 1.99999234579048]
	[RESULT 12] [42 9946.6816430553 10 1.999982075981855]
	[RESULT 13] [33 9998.031042816861 10 1.99999234579048]
	[RESULT 14] [35 9998.303972731566 10 1.999961590490134]
	[RESULT 15] [31 9998.031042816861 10 1.99999234579048]
	[RESULT 16] [31 9998.031042816861 10 1.99999234579048]
	[RESULT 17] [31 9998.031042816861 10 1.99999234579048]
	[RESULT 18] [31 9998.031042816861 10 1.99999234579048]
	[RESULT 19] [36 9994.09678763761 10 1.999995127246065]
	[RESULT 20] [31 9969.447770530984 10 1.9999988300675948]
	[RESULT 21] [30 9833.82618975549 10 1.9999988300675948]
	[RESULT 22] [40 9998.019530220758 10 1.9998603126960117]
	[RESULT 23] [31 9969.447770530984 10 1.9999988300675948]
	[RESULT 24] [35 9998.303972731566 10 1.999961590490134]
	[RESULT 25] [28 9989.526175189001 10 1.9999998374273695]
	[RESULT 26] [24 9999.122263524423 10 1.9999934604683485]
	[RESULT 27] [28 9999.930804547572 10 1.999992558661425]
	[RESULT 28] [23 9994.637369459882 10 1.999930697086257]
	[RESULT 29] [26 9999.02901168488 10 1.9999991614243153]
	[RESULT 30] [26 9999.02901168488 10 1.9999991614243153]
	[RESULT 31] [13 9998.06756588764 10 1.9999979174388995]
	[RESULT 32] [19 9971.831179694589 10 1.9999981767095085]
	[RESULT 33] [37 9994.084118570696 10 1.9999836657530046]
	[RESULT 34] [33 9998.031042816861 10 1.99999234579048]
	[RESULT 35] [43 9998.01805444198 10 1.9998564618637595]
	[RESULT 36] [33 9998.031042816861 10 1.99999234579048]
	[RESULT 37] [38 9937.448640648663 10 1.999961590490134]
	[RESULT 38] [32 9999.826157393458 10 1.9999969807239562]
	[RESULT 39] [28 9999.930804547572 10 1.999992558661425]
	[RESULT 40] [32 9996.243574401567 10 1.999997410980873]
	[RESULT 41] [28 9999.930804547572 10 1.999992558661425]
	[RESULT 42] [28 9989.526175189001 10 1.9999998374273695]
	[RESULT 43] [27 9997.833401730257 10 1.9999939828411628]
	[RESULT 44] [9 9999.645945513976 10 1.9999847714437489]
	[RESULT 45] [32 9999.826157393458 10 1.9999969807239562]
	[RESULT 46] [29 9999.333357099966 10 1.999999757464917]
	[RESULT 47] [32 9996.243574401567 10 1.999997410980873]
	[RESULT 48] [22 9999.569714131207 10 1.9999999779746809]
	[RESULT 49] [29 9999.333357099966 10 1.999999757464917]
[OBJECTIVES]
	[RESULT 1] [0.01063333 0.01651469 0.00588136 0.0039     0.         0.0039    ]
	[RESULT 2] [0.01078334 0.01681459 0.00603125 0.0036     0.         0.0036    ]
	[RESULT 3] [0.01108334 0.01741462 0.00633128 0.003      0.         0.003     ]
	[RESULT 4] [0.01108333 0.01741859 0.00633525 0.003      0.         0.003     ]
	[RESULT 5] [0.00948875 0.01422541 0.00473666 0.005      0.0012     0.0062    ]
	[RESULT 6] [0.00918526 0.01361932 0.00443406 0.005      0.0018     0.0068    ]
	[RESULT 7] [0.00998335 0.01521502 0.00523167 0.005      0.0002     0.0052    ]
	[RESULT 8] [0.01083337 0.01691456 0.00608118 0.0035     0.         0.0035    ]
	[RESULT 9] [0.01063334 0.01651466 0.00588132 0.0039     0.         0.0039    ]
	[RESULT 10] [0.01078334 0.01681459 0.00603125 0.0036     0.         0.0036    ]
	[RESULT 11] [0.01103334 0.0173145  0.00628116 0.0031     0.         0.0031    ]
	[RESULT 12] [0.01048335 0.01621579 0.00573244 0.0042     0.         0.0042    ]
	[RESULT 13] [0.01093334 0.0171145  0.00618116 0.0033     0.         0.0033    ]
	[RESULT 14] [0.01083337 0.01691456 0.00608118 0.0035     0.         0.0035    ]
	[RESULT 15] [0.01103334 0.0173145  0.00628116 0.0031     0.         0.0031    ]
	[RESULT 16] [0.01103334 0.0173145  0.00628116 0.0031     0.         0.0031    ]
	[RESULT 17] [0.01103334 0.0173145  0.00628116 0.0031     0.         0.0031    ]
	[RESULT 18] [0.01103334 0.0173145  0.00628116 0.0031     0.         0.0031    ]
	[RESULT 19] [0.01078334 0.01681459 0.00603125 0.0036     0.         0.0036    ]
	[RESULT 20] [0.01103333 0.01731519 0.00628186 0.0031     0.         0.0031    ]
	[RESULT 21] [0.01108333 0.01741859 0.00633525 0.003      0.         0.003     ]
	[RESULT 22] [0.01058347 0.01641477 0.00583129 0.004      0.         0.004     ]
	[RESULT 23] [0.01103333 0.01731519 0.00628186 0.0031     0.         0.0031    ]
	[RESULT 24] [0.01083337 0.01691456 0.00608118 0.0035     0.         0.0035    ]
	[RESULT 25] [0.01118333 0.01761469 0.00643136 0.0028     0.         0.0028    ]
	[RESULT 26] [0.01138334 0.01801447 0.00663113 0.0024     0.         0.0024    ]
	[RESULT 27] [0.01118334 0.01761445 0.00643111 0.0028     0.         0.0028    ]
	[RESULT 28] [0.0114334  0.01811471 0.0066813  0.0023     0.         0.0023    ]
	[RESULT 29] [0.01128333 0.01781446 0.00653113 0.0026     0.         0.0026    ]
	[RESULT 30] [0.01128333 0.01781446 0.00653113 0.0026     0.         0.0026    ]
	[RESULT 31] [0.01193334 0.01911449 0.00718115 0.0013     0.         0.0013    ]
	[RESULT 32] [0.01163334 0.01851513 0.0068818  0.0019     0.         0.0019    ]
	[RESULT 33] [0.01073335 0.01671461 0.00598127 0.0037     0.         0.0037    ]
	[RESULT 34] [0.01093334 0.0171145  0.00618116 0.0033     0.         0.0033    ]
	[RESULT 35] [0.01043348 0.01611477 0.0056813  0.0043     0.         0.0043    ]
	[RESULT 36] [0.01093334 0.0171145  0.00618116 0.0033     0.         0.0033    ]
	[RESULT 37] [0.01068337 0.01661606 0.00593269 0.0038     0.         0.0038    ]
	[RESULT 38] [0.01098334 0.01721445 0.00623111 0.0032     0.         0.0032    ]
	[RESULT 39] [0.01118334 0.01761445 0.00643111 0.0028     0.         0.0028    ]
	[RESULT 40] [0.01098334 0.01721453 0.0062312  0.0032     0.         0.0032    ]
	[RESULT 41] [0.01118334 0.01761445 0.00643111 0.0028     0.         0.0028    ]
	[RESULT 42] [0.01118333 0.01761469 0.00643136 0.0028     0.         0.0028    ]
	[RESULT 43] [0.01123334 0.0177145  0.00648116 0.0027     0.         0.0027    ]
	[RESULT 44] [0.01213335 0.01951448 0.00738113 0.0009     0.         0.0009    ]
	[RESULT 45] [0.01098334 0.01721445 0.00623111 0.0032     0.         0.0032    ]
	[RESULT 46] [0.01113333 0.01751445 0.00638112 0.0029     0.         0.0029    ]
	[RESULT 47] [0.01098334 0.01721453 0.0062312  0.0032     0.         0.0032    ]
	[RESULT 48] [0.01148333 0.01821445 0.00673111 0.0022     0.         0.0022    ]
	[RESULT 49] [0.01113333 0.01751445 0.00638112 0.0029     0.         0.0029    ]
