[METRICS]
	[DISEQUILIBRIUM COUNT] 0
[VARIABLES]
	[RESULT 1] [36 9999.999999999989 10 2.0]
	[RESULT 2] [30 9999.999999999989 10 2.0]
	[RESULT 3] [28 9999.999999999573 10 2.0]
	[RESULT 4] [51 9998.60550862576 10 1.9999999839783356]
	[RESULT 5] [30 9999.999999999989 10 2.0]
	[RESULT 6] [31 9999.999999999776 10 2.0]
	[RESULT 7] [28 9999.999999999573 10 2.0]
	[RESULT 8] [28 9999.999999999573 10 2.0]
	[RESULT 9] [25 9999.999999999549 10 2.0]
	[RESULT 10] [28 9999.999999999573 10 2.0]
	[RESULT 11] [15 9280.63189306314 10 2.0]
	[RESULT 12] [17 9976.502187529331 10 1.9999999998375535]
	[RESULT 13] [30 9999.999999999989 10 2.0]
	[RESULT 14] [28 9999.999999999573 10 2.0]
	[RESULT 15] [14 9999.999999999342 10 2.0]
	[RESULT 16] [27 9999.999999999793 10 2.0]
[OBJECTIVES]
	[RESULT 1] [0.01078333 0.01681444 0.0060311  0.0036     0.         0.0036    ]
	[RESULT 2] [0.01108333 0.01741444 0.0063311  0.003      0.         0.003     ]
	[RESULT 3] [0.01118333 0.01761444 0.0064311  0.0028     0.         0.0028    ]
	[RESULT 4] [0.01003333 0.01531447 0.00528114 0.005      0.0001     0.0051    ]
	[RESULT 5] [0.01108333 0.01741444 0.0063311  0.003      0.         0.003     ]
	[RESULT 6] [0.01103333 0.01731444 0.0062811  0.0031     0.         0.0031    ]
	[RESULT 7] [0.01118333 0.01761444 0.0064311  0.0028     0.         0.0028    ]
	[RESULT 8] [0.01118333 0.01761444 0.0064311  0.0028     0.         0.0028    ]
	[RESULT 9] [0.01133333 0.01791444 0.0065811  0.0025     0.         0.0025    ]
	[RESULT 10] [0.01118333 0.01761444 0.0064311  0.0028     0.         0.0028    ]
	[RESULT 11] [0.01183333 0.01893346 0.00710012 0.0015     0.         0.0015    ]
	[RESULT 12] [0.01173333 0.01871502 0.00698168 0.0017     0.         0.0017    ]
	[RESULT 13] [0.01108333 0.01741444 0.0063311  0.003      0.         0.003     ]
	[RESULT 14] [0.01118333 0.01761444 0.0064311  0.0028     0.         0.0028    ]
	[RESULT 15] [0.01188333 0.01901444 0.0071311  0.0014     0.         0.0014    ]
	[RESULT 16] [0.01123333 0.01771444 0.0064811  0.0027     0.         0.0027    ]
