[METRICS]
	[DISEQUILIBRIUM COUNT] 0
[VARIABLES]
	[RESULT 1] [29 9999.955640361175 10 1.9999997918056311]
	[RESULT 2] [58 9999.95685432829 10 1.9999999868543104]
	[RESULT 3] [29 9999.955640361175 10 1.9999997918056311]
	[RESULT 4] [34 9999.984672419472 10 1.9999999995012878]
	[RESULT 5] [27 9999.984635156206 10 1.9999999815629408]
	[RESULT 6] [30 9999.996645858047 10 1.9999999997361848]
	[RESULT 7] [26 9999.995635477528 10 1.9999999394416241]
	[RESULT 8] [27 9999.984635156206 10 1.9999999815629408]
	[RESULT 9] [24 9999.984664640775 10 1.9999999346530677]
	[RESULT 10] [27 9999.984635156206 10 1.9999999815629408]
	[RESULT 11] [14 9999.995483839688 10 1.9999999991319934]
	[RESULT 12] [16 9999.694461031982 10 1.9999495022412825]
	[RESULT 13] [30 9999.996645858047 10 1.9999999997361848]
	[RESULT 14] [30 9999.996645858047 10 1.9999999997361848]
	[RESULT 15] [24 9999.969177113317 10 1.9999999991319934]
	[RESULT 16] [14 9999.972190067665 10 1.999999999566421]
	[RESULT 17] [26 9999.969174457688 10 1.9999999991319934]
[OBJECTIVES]
	[RESULT 1] [0.01113333 0.01751444 0.0063811  0.0029     0.         0.0029    ]
	[RESULT 2] [0.00968333 0.01461444 0.0049311  0.005      0.0008     0.0058    ]
	[RESULT 3] [0.01113333 0.01751444 0.0063811  0.0029     0.         0.0029    ]
	[RESULT 4] [0.01088333 0.01701444 0.0061311  0.0034     0.         0.0034    ]
	[RESULT 5] [0.01123333 0.01771444 0.0064811  0.0027     0.         0.0027    ]
	[RESULT 6] [0.01108333 0.01741444 0.0063311  0.003      0.         0.003     ]
	[RESULT 7] [0.01128333 0.01781444 0.0065311  0.0026     0.         0.0026    ]
	[RESULT 8] [0.01123333 0.01771444 0.0064811  0.0027     0.         0.0027    ]
	[RESULT 9] [0.01138333 0.01801444 0.0066311  0.0024     0.         0.0024    ]
	[RESULT 10] [0.01123333 0.01771444 0.0064811  0.0027     0.         0.0027    ]
	[RESULT 11] [0.01188333 0.01901444 0.0071311  0.0014     0.         0.0014    ]
	[RESULT 12] [0.01178338 0.01881455 0.00703116 0.0016     0.         0.0016    ]
	[RESULT 13] [0.01108333 0.01741444 0.0063311  0.003      0.         0.003     ]
	[RESULT 14] [0.01108333 0.01741444 0.0063311  0.003      0.         0.003     ]
	[RESULT 15] [0.01138333 0.01801444 0.0066311  0.0024     0.         0.0024    ]
	[RESULT 16] [0.01188333 0.01901444 0.0071311  0.0014     0.         0.0014    ]
	[RESULT 17] [0.01128333 0.01781444 0.0065311  0.0026     0.         0.0026    ]
