[METRICS]
	[DISEQUILIBRIUM COUNT] 0
[VARIABLES]
	[RESULT 1] [66 9999.99074318533 10 1.9999998831939025]
	[RESULT 2] [70 9999.837021767651 10 1.9999994979288749]
	[RESULT 3] [64 9999.817265486352 10 1.9997392580513342]
	[RESULT 4] [42 9999.999999980611 10 1.999999999776503]
	[RESULT 5] [48 9999.999999981806 10 1.999999999892056]
	[RESULT 6] [42 9999.997626980585 10 1.9999999999556064]
	[RESULT 7] [40 9999.999999998854 10 2.0]
	[RESULT 8] [42 9999.999999980611 10 1.999999999776503]
	[RESULT 9] [40 9999.999999998854 10 2.0]
	[RESULT 10] [40 9999.999999998854 10 2.0]
	[RESULT 11] [25 9999.997623464704 10 1.9999999999506368]
	[RESULT 12] [27 9999.99986090744 10 1.9999999985282535]
	[RESULT 13] [39 9999.999999827847 10 1.9999999997896143]
	[RESULT 14] [43 9999.999999998854 10 1.999999999997154]
	[RESULT 15] [36 9999.999999961266 10 2.0]
	[RESULT 16] [23 9999.997623464704 10 1.9999999999506368]
	[RESULT 17] [39 9999.999999827847 10 1.9999999997896143]
[OBJECTIVES]
	[RESULT 1] [0.00928333 0.01381444 0.0045311  0.005      0.0016     0.0066    ]
	[RESULT 2] [0.00908333 0.01341444 0.00433111 0.005      0.002      0.007     ]
	[RESULT 3] [0.0093836  0.01401497 0.00463137 0.005      0.0014     0.0064    ]
	[RESULT 4] [0.01048333 0.01621444 0.0057311  0.0042     0.         0.0042    ]
	[RESULT 5] [0.01018333 0.01561444 0.0054311  0.0048     0.         0.0048    ]
	[RESULT 6] [0.01048333 0.01621444 0.0057311  0.0042     0.         0.0042    ]
	[RESULT 7] [0.01058333 0.01641444 0.0058311  0.004      0.         0.004     ]
	[RESULT 8] [0.01048333 0.01621444 0.0057311  0.0042     0.         0.0042    ]
	[RESULT 9] [0.01058333 0.01641444 0.0058311  0.004      0.         0.004     ]
	[RESULT 10] [0.01058333 0.01641444 0.0058311  0.004      0.         0.004     ]
	[RESULT 11] [0.01133333 0.01791444 0.0065811  0.0025     0.         0.0025    ]
	[RESULT 12] [0.01123333 0.01771444 0.0064811  0.0027     0.         0.0027    ]
	[RESULT 13] [0.01063333 0.01651444 0.0058811  0.0039     0.         0.0039    ]
	[RESULT 14] [0.01043333 0.01611444 0.0056811  0.0043     0.         0.0043    ]
	[RESULT 15] [0.01078333 0.01681444 0.0060311  0.0036     0.         0.0036    ]
	[RESULT 16] [0.01143333 0.01811444 0.0066811  0.0023     0.         0.0023    ]
	[RESULT 17] [0.01063333 0.01651444 0.0058811  0.0039     0.         0.0039    ]
