[METRICS]
	[DISEQUILIBRIUM COUNT] 0
	[MINIMUM S0 e1 S1 DISTANCE]0.008142018884047605
	[MINIMUM S0 e1 S2 DISTANCE]0.011546612835123704
	[MINIMUM S0 e1 S6 DISTANCE]0.003404593951076085
	[MINIMUM S3 e1 S1 DISTANCE]9.99999999999994e-05
	[MINIMUM S3 e1 S4 DISTANCE]0.0
	[MINIMUM S3 e1 S5 DISTANCE]9.999999999998899e-05
	[AVERAGE S0 e1 S1 DISTANCE]0.011131965362172808
	[AVERAGE S0 e1 S2 DISTANCE]0.01700732459844046
	[AVERAGE S0 e1 S6 DISTANCE]0.006490908447805723
	[AVERAGE S3 e1 S1 DISTANCE]0.0038697544642857153
	[AVERAGE S3 e1 S4 DISTANCE]0.000572209821428571
	[AVERAGE S3 e1 S5 DISTANCE]0.004441964285714293
[VARIABLES]
	[RESULT 1] [69 9739.058818909953 10 1.999346688821315]
	[RESULT 2] [85 9449.693603948506 10 1.9969321532128927]
	[RESULT 3] [69 9739.058818909953 10 1.999346688821315]
	[RESULT 4] [39 9999.896819344305 10 1.9999950704442224]
	[RESULT 5] [61 9995.104713420245 10 1.9999973638927009]
	[RESULT 6] [57 9995.247924852201 10 1.9999816366029621]
	[RESULT 7] [47 9994.648619988131 10 1.999997624420682]
	[RESULT 8] [62 9580.129124442019 10 1.9999979028815846]
	[RESULT 9] [58 9993.119933374095 10 1.9999982314258786]
	[RESULT 10] [47 9994.648619988131 10 1.999997624420682]
	[RESULT 11] [38 9999.706372259325 10 1.9999996679227916]
	[RESULT 12] [37 9998.69716539651 10 1.9998833175174935]
	[RESULT 13] [39 9999.896819344305 10 1.9999950704442224]
	[RESULT 14] [53 9901.545559435146 10 1.9999853670787326]
	[RESULT 15] [39 9999.896819344305 10 1.9999950704442224]
	[RESULT 16] [47 9994.648619988131 10 1.999997624420682]
	[RESULT 17] [34 9999.363665428184 10 1.999985262512646]
	[RESULT 18] [34 9995.660928642003 10 1.9999903787242586]
	[RESULT 19] [27 9985.486346731126 10 1.9999831486731958]
	[RESULT 20] [27 9985.486346731126 10 1.9999831486731958]
	[RESULT 21] [32 9996.15462152839 10 1.9999568831069665]
	[RESULT 22] [19 9999.43283549742 10 1.9999864360138342]
	[RESULT 23] [22 9819.836007261327 10 1.9998547448946258]
	[RESULT 24] [63 9997.010783213444 10 1.9999992098272816]
	[RESULT 25] [58 9993.119933374095 10 1.9999982314258786]
	[RESULT 26] [40 9998.947666916907 10 1.9999974902135953]
	[RESULT 27] [47 9994.648619988131 10 1.999997624420682]
	[RESULT 28] [36 9976.722363298595 10 1.9999850261023555]
	[RESULT 29] [35 9975.360822945702 10 1.9999998713924865]
	[RESULT 30] [34 9999.363665428184 10 1.999985262512646]
	[RESULT 31] [29 9994.185517466221 10 1.9999983815986506]
	[RESULT 32] [34 9999.363665428184 10 1.999985262512646]
	[RESULT 33] [1 9903.971750817122 1 1.3028733258595948]
	[RESULT 34] [22 9994.763821246259 10 1.9996482651927316]
	[RESULT 35] [34 9992.012039774394 10 1.999994166804255]
	[RESULT 36] [29 9994.185517466221 10 1.9999983815986506]
	[RESULT 37] [37 9983.687760941875 10 1.9999990958489307]
[OBJECTIVES]
	[RESULT 1] [0.00913399 0.01352233 0.00438834 0.005      0.0019     0.0069    ]
	[RESULT 2] [0.00833642 0.01193491 0.00359849 0.005      0.0035     0.0085    ]
	[RESULT 3] [0.00913399 0.01352233 0.00438834 0.005      0.0019     0.0069    ]
	[RESULT 4] [0.01063334 0.01651445 0.00588111 0.0039     0.         0.0039    ]
	[RESULT 5] [0.00953334 0.01431456 0.00478123 0.005      0.0011     0.0061    ]
	[RESULT 6] [0.00973335 0.01471459 0.00498124 0.005      0.0007     0.0057    ]
	[RESULT 7] [0.01023334 0.01571457 0.00548124 0.0047     0.         0.0047    ]
	[RESULT 8] [0.00948334 0.0142252  0.00474186 0.005      0.0012     0.0062    ]
	[RESULT 9] [0.00968334 0.01461461 0.00493127 0.005      0.0008     0.0058    ]
	[RESULT 10] [0.01023334 0.01571457 0.00548124 0.0047     0.         0.0047    ]
	[RESULT 11] [0.01068333 0.01661444 0.00593111 0.0038     0.         0.0038    ]
	[RESULT 12] [0.01073345 0.0167147  0.00598125 0.0037     0.         0.0037    ]
	[RESULT 13] [0.01063334 0.01651445 0.00588111 0.0039     0.         0.0039    ]
	[RESULT 14] [0.00993335 0.01511691 0.00518356 0.005      0.0003     0.0053    ]
	[RESULT 15] [0.01063334 0.01651445 0.00588111 0.0039     0.         0.0039    ]
	[RESULT 16] [0.01023334 0.01571457 0.00548124 0.0047     0.         0.0047    ]
	[RESULT 17] [0.01088335 0.01701448 0.00613113 0.0034     0.         0.0034    ]
	[RESULT 18] [0.01088334 0.01701456 0.00613122 0.0034     0.         0.0034    ]
	[RESULT 19] [0.01123335 0.01771483 0.00648148 0.0027     0.         0.0027    ]
	[RESULT 20] [0.01123335 0.01771483 0.00648148 0.0027     0.         0.0027    ]
	[RESULT 21] [0.01098338 0.01721462 0.00623124 0.0032     0.         0.0032    ]
	[RESULT 22] [0.01163335 0.01851448 0.00688113 0.0019     0.         0.0019    ]
	[RESULT 23] [0.01148348 0.01821923 0.00673575 0.0022     0.         0.0022    ]
	[RESULT 24] [0.00943333 0.01411451 0.00468118 0.005      0.0013     0.0063    ]
	[RESULT 25] [0.00968334 0.01461461 0.00493127 0.005      0.0008     0.0058    ]
	[RESULT 26] [0.01058334 0.01641447 0.00583113 0.004      0.         0.004     ]
	[RESULT 27] [0.01023334 0.01571457 0.00548124 0.0047     0.         0.0047    ]
	[RESULT 28] [0.01078335 0.01681504 0.00603169 0.0036     0.         0.0036    ]
	[RESULT 29] [0.01083333 0.01691504 0.00608171 0.0035     0.         0.0035    ]
	[RESULT 30] [0.01088335 0.01701448 0.00613113 0.0034     0.         0.0034    ]
	[RESULT 31] [0.01113333 0.01751458 0.00638125 0.0029     0.         0.0029    ]
	[RESULT 32] [0.01088335 0.01701448 0.00613113 0.0034     0.         0.0034    ]
	[RESULT 33] [1.55285964e-02 1.86926564e-02 1.07787472e-02 1.00000000e-04
 0.00000000e+00 1.00000000e-04]
	[RESULT 34] [0.01148369 0.01821527 0.00673159 0.0022     0.         0.0022    ]
	[RESULT 35] [0.01088334 0.01701464 0.00613131 0.0034     0.         0.0034    ]
	[RESULT 36] [0.01113333 0.01751458 0.00638125 0.0029     0.         0.0029    ]
	[RESULT 37] [0.01073333 0.01671484 0.00598151 0.0037     0.         0.0037    ]
