[METRICS]
	[DISEQUILIBRIUM COUNT] 118
[VARIABLES]
	[RESULT 1] [33 10.199608247800498 10 1.5093282170883162]
	[RESULT 2] [2 10.056162665394627 9 1.5062169282178852]
	[RESULT 3] [32 10.006537097323225 8 0.1184171193998458]
	[RESULT 4] [15 189.12638376878704 10 1.7453101476262511]
	[RESULT 5] [1 5846.909482349078 10 1.6191459375127064]
	[RESULT 6] [72 6325.906653353136 10 1.9496094010832605]
	[RESULT 7] [31 6917.562564249745 10 1.7867451507768208]
[OBJECTIVES]
	[RESULT 1] [0.01144848 0.00215285 0.01860133 0.0033     0.         0.0033    ]
	[RESULT 2] [ 0.01425188 -0.00348973  0.01576215  0.0002      0.          0.0002    ]
	[RESULT 3] [ 0.01489697 -0.00479231  0.01510466  0.0032      0.          0.0032    ]
	[RESULT 4] [0.01209535 0.01685278 0.01605187 0.0015     0.         0.0015    ]
	[RESULT 5] [1.29294026e-02 2.12798997e-02 8.35049711e-03 1.00000000e-04
 0.00000000e+00 1.00000000e-04]
	[RESULT 6] [0.00903429 0.01345823 0.00442394 0.005      0.0022     0.0072    ]
	[RESULT 7] [0.01125195 0.01786067 0.00660871 0.0031     0.         0.0031    ]
