[METRICS]
	[DISEQUILIBRIUM COUNT] 80
[VARIABLES]
	[RESULT 1] [40 8597.972085800662 10 1.9966704937296573]
	[RESULT 2] [1 10.060680799253554 10 1.781803281828417]
	[RESULT 3] [39 10.070191575965652 9 0.545540455072986]
	[RESULT 4] [37 10.604178830278126 10 1.9805901037127773]
	[RESULT 5] [3 10.488450867686275 10 1.9922520841446858]
	[RESULT 6] [2 9705.511847645286 10 1.901523629772422]
	[RESULT 7] [18 91.2745720188118 10 1.9959684378354796]
	[RESULT 8] [76 9835.886512883231 10 1.912667604018405]
[OBJECTIVES]
	[RESULT 1] [0.01058669 0.01646113 0.00587444 0.004      0.         0.004     ]
	[RESULT 2] [ 1.27571143e-02 -4.99067659e-04  1.72580467e-02  1.00000000e-04
  0.00000000e+00  1.00000000e-04]
	[RESULT 3] [ 0.01354989 -0.00208224  0.01646765  0.0039      0.          0.0039    ]
	[RESULT 4] [0.01075291 0.00364432 0.01939723 0.0037     0.         0.0037    ]
	[RESULT 5] [0.01244114 0.00023924 0.01768038 0.0003     0.         0.0003    ]
	[RESULT 6] [0.01258331 0.02042185 0.00783853 0.0002     0.         0.0002    ]
	[RESULT 7] [0.01168739 0.01283398 0.02047863 0.0018     0.         0.0018    ]
	[RESULT 8] [0.00887192 0.0129957  0.00412378 0.005      0.0026     0.0076    ]
