[METRICS]
	[DISEQUILIBRIUM COUNT] 31
[VARIABLES]
	[RESULT 1] [33 10.362063342837999 10 1.9958874345203834]
	[RESULT 2] [1 10.55326948410793 10 1.581999479755063]
	[RESULT 3] [20 132.7901380702022 10 1.9341065305523004]
	[RESULT 4] [41 6680.713494700878 10 1.9994489221671727]
	[RESULT 5] [2 6449.396570935938 10 1.9932723758587418]
	[RESULT 6] [18 10.20179741726156 9 1.5347539023297483]
	[RESULT 7] [4 10.524317330518585 10 1.5724078878063206]
	[RESULT 8] [65 6938.1895511264265 10 1.9863293383959237]
[OBJECTIVES]
	[RESULT 1] [0.01093748 0.00321524 0.01915271 0.0033     0.         0.0033    ]
	[RESULT 2] [ 1.29694273e-02 -8.01298204e-04  1.71681291e-02  1.00000000e-04
  0.00000000e+00  1.00000000e-04]
	[RESULT 3] [0.01165005 0.01547858 0.01787137 0.002      0.         0.002     ]
	[RESULT 4] [0.01053389 0.01643701 0.00590313 0.0041     0.         0.0041    ]
	[RESULT 5] [0.01249011 0.02036252 0.00787241 0.0002     0.         0.0002    ]
	[RESULT 6] [ 0.01342071 -0.00179106  0.01662964  0.0018      0.          0.0018    ]
	[RESULT 7] [ 0.0128298  -0.00052921  0.01730059  0.0004      0.          0.0004    ]
	[RESULT 8] [0.00934711 0.01404994 0.00470283 0.005      0.0015     0.0065    ]
