[METRICS]
	[DISEQUILIBRIUM COUNT] 0
[VARIABLES]
	[RESULT 1] [65 9804.486411080763 10 1.999898207897097]
	[RESULT 2] [3 1982.8291278596514 3 0.11387829341189687]
	[RESULT 3] [6 1901.5941429629363 10 1.9990711006632222]
	[RESULT 4] [100 9985.751010952266 10 1.9999979371940457]
	[RESULT 5] [30 9206.789703806864 10 1.9999589492643284]
	[RESULT 6] [7 9943.278623550226 10 1.9999680219842415]
[OBJECTIVES]
	[RESULT 1] [0.00933344 0.01391954 0.0045861  0.005      0.0015     0.0065    ]
	[RESULT 2] [0.01687424 0.01504545 0.01308032 0.0003     0.         0.0003    ]
	[RESULT 3] [0.01228427 0.02082381 0.00853954 0.0006     0.         0.0006    ]
	[RESULT 4] [0.00758334 0.01041479 0.00283146 0.005      0.005      0.01      ]
	[RESULT 5] [0.01108337 0.01743566 0.00635228 0.003      0.         0.003     ]
	[RESULT 6] [0.01223337 0.0197159  0.00748254 0.0007     0.         0.0007    ]
