[METRICS]
	[DISEQUILIBRIUM COUNT] 86
[VARIABLES]
	[RESULT 1] [1 7667.204767761653 10 1.9469590407956967]
	[RESULT 2] [38 8736.054546709376 10 1.9997413458182063]
	[RESULT 3] [1 10.001785977402614 8 1.803981239531464]
	[RESULT 4] [32 10.11797806449933 5 0.14316031549224734]
	[RESULT 5] [71 7001.571299341969 10 1.9461349434548472]
	[RESULT 6] [12 127.32071619384526 10 1.9983348216323054]
	[RESULT 7] [31 10.016827697133472 10 1.9756715949785664]
[OBJECTIVES]
	[RESULT 1] [1.25869798e-02 2.04962405e-02 7.90926079e-03 1.00000000e-04
 0.00000000e+00 1.00000000e-04]
	[RESULT 2] [0.01068359 0.01665044 0.00596685 0.0038     0.         0.0038    ]
	[RESULT 3] [ 1.44006577e-02 -3.80086896e-03  1.55997888e-02  1.00000000e-04
  0.00000000e+00  1.00000000e-04]
	[RESULT 4] [ 0.01527868 -0.0055279   0.01475078  0.0032      0.          0.0032    ]
	[RESULT 5] [0.00908782 0.01352817 0.00444035 0.005      0.0021     0.0071    ]
	[RESULT 6] [0.01198501 0.01452624 0.01848875 0.0012     0.         0.0012    ]
	[RESULT 7] [0.01105788 0.00288845 0.01894633 0.0031     0.         0.0031    ]
