[METRICS]
	[DISEQUILIBRIUM COUNT] 77
[VARIABLES]
	[RESULT 1] [38 8726.954928028159 10 1.9944825025881108]
	[RESULT 2] [33 10.565485184252212 10 1.8465872556394287]
	[RESULT 3] [1 141.53188967473943 10 1.7436593941432215]
	[RESULT 4] [1 9313.081611168314 10 1.7982360826185957]
	[RESULT 5] [1 27.167358254734253 3 1.8586713487888633]
	[RESULT 6] [4 10.018512899023307 4 1.795560557869969]
	[RESULT 7] [78 3451.767083854788 10 1.6458536645098059]
[OBJECTIVES]
	[RESULT 1] [0.01068889 0.01666133 0.00597244 0.0038     0.         0.0038    ]
	[RESULT 2] [0.01108981 0.00296095 0.01905076 0.0033     0.         0.0033    ]
	[RESULT 3] [1.27970883e-02 1.36081746e-02 1.85947370e-02 1.00000000e-04
 0.00000000e+00 1.00000000e-04]
	[RESULT 4] [1.27399728e-02 2.07458158e-02 8.00584304e-03 1.00000000e-04
 0.00000000e+00 1.00000000e-04]
	[RESULT 5] [ 1.48648394e-02 -1.06667956e-03  1.87981599e-02  1.00000000e-04
  0.00000000e+00  1.00000000e-04]
	[RESULT 6] [ 0.01473562 -0.00446661  0.01526901  0.0004      0.          0.0004    ]
	[RESULT 7] [0.00905078 0.01380743 0.00475665 0.005      0.0028     0.0078    ]
