[METRICS]
	[DISEQUILIBRIUM COUNT] 98
[VARIABLES]
	[RESULT 1] [38 7239.3754592216865 10 1.9758899649121444]
	[RESULT 2] [1 10.047923492364237 10 0.994292318627375]
	[RESULT 3] [1 6836.439753310318 10 1.9388266199358806]
	[RESULT 4] [29 10.025900742392658 10 1.9913671621224738]
	[RESULT 5] [2 148.4158793016481 10 1.7967733265354844]
	[RESULT 6] [31 10.000469204677554 2 1.967462000293534]
[OBJECTIVES]
	[RESULT 1] [0.01070766 0.01675641 0.00604875 0.0038     0.         0.0038    ]
	[RESULT 2] [ 1.36386615e-02 -2.26534790e-03  1.63733136e-02  1.00000000e-04
  0.00000000e+00  1.00000000e-04]
	[RESULT 3] [1.25952472e-02 2.05514301e-02 7.95618294e-03 1.00000000e-04
 0.00000000e+00 1.00000000e-04]
	[RESULT 4] [0.01114203 0.00272241 0.01886444 0.0029     0.         0.0029    ]
	[RESULT 5] [0.0126915  0.01413113 0.01817738 0.0002     0.         0.0002    ]
	[RESULT 6] [ 0.01328841 -0.0015767   0.01671171  0.0031      0.          0.0031    ]
