[METRICS]
	[DISEQUILIBRIUM COUNT] 18
[VARIABLES]
	[RESULT 1] [2 10.621466367813632 10 1.5159568967115438]
	[RESULT 2] [32 10.218388616729799 10 1.6979920939663466]
	[RESULT 3] [65 9965.216269071716 10 1.9998389582545242]
	[RESULT 4] [1 9961.372923918205 10 1.9998596777246591]
	[RESULT 5] [3 10.621466367813632 10 1.5159568967115438]
	[RESULT 6] [34 9371.283350061532 10 1.997978669140553]
	[RESULT 7] [4 233.55470315115133 10 1.9981031727865393]
[OBJECTIVES]
	[RESULT 1] [ 0.01299122 -0.00082804  0.01716318  0.0002      0.          0.0002    ]
	[RESULT 2] [0.01129529 0.0024639  0.01875919 0.0032     0.         0.0032    ]
	[RESULT 3] [0.0093335  0.01391562 0.00458212 0.005      0.0015     0.0065    ]
	[RESULT 4] [1.25334746e-02 2.03156715e-02 7.78219687e-03 1.00000000e-04
 0.00000000e+00 1.00000000e-04]
	[RESULT 5] [ 0.01294122 -0.00072804  0.01721318  0.0003      0.          0.0003    ]
	[RESULT 6] [0.01088537 0.01703497 0.0061496  0.0034     0.         0.0034    ]
	[RESULT 7] [0.01238524 0.01750284 0.01511191 0.0004     0.         0.0004    ]
