[METRICS]
	[DISEQUILIBRIUM COUNT] 43
[VARIABLES]
	[RESULT 1] [46 2548.1411478371506 10 1.9980954055255808]
	[RESULT 2] [2 9985.100883107792 10 1.975826203082315]
	[RESULT 3] [2 12.918923937470726 10 1.2403501449324434]
	[RESULT 4] [32 10.461032892266777 10 1.723346357483032]
	[RESULT 5] [1 10.060610997025687 10 1.9824655182086361]
	[RESULT 6] [60 9986.609820026031 10 1.975826203082315]
	[RESULT 7] [1 150.60541449127234 10 1.9894509946071455]
	[RESULT 8] [23 10.361894676287545 10 1.3865574717359175]
[OBJECTIVES]
	[RESULT 1] [0.01028525 0.01651814 0.00623289 0.0046     0.         0.0046    ]
	[RESULT 2] [0.01250772 0.02026358 0.00775586 0.0002     0.         0.0002    ]
	[RESULT 3] [ 0.01329995 -0.00089087  0.01740908  0.0002      0.          0.0002    ]
	[RESULT 4] [0.01126848 0.00257777 0.01884625 0.0032     0.         0.0032    ]
	[RESULT 5] [ 1.25510154e-02 -8.68872685e-05  1.74641282e-02  1.00000000e-04
  0.00000000e+00  1.00000000e-04]
	[RESULT 6] [0.00960772 0.01446355 0.00485582 0.005      0.001      0.006     ]
	[RESULT 7] [1.25439649e-02 1.45216140e-02 1.79344211e-02 1.00000000e-04
 0.00000000e+00 1.00000000e-04]
	[RESULT 8] [0.01208431 0.00092152 0.01800583 0.0023     0.         0.0023    ]
