[METRICS]
	[DISEQUILIBRIUM COUNT] 11
[VARIABLES]
	[RESULT 1] [2 9891.59143970257 10 1.9992056868957824]
	[RESULT 2] [73 9777.309301054038 10 1.9922879565494807]
	[RESULT 3] [35 10.012859218105968 10 1.955250764563243]
	[RESULT 4] [100 9914.487273092373 10 1.9999902323321954]
	[RESULT 5] [42 9992.832928593942 10 1.9999777752988535]
	[RESULT 6] [3 10.000053478097085 10 1.9993842363236016]
[OBJECTIVES]
	[RESULT 1] [0.01248413 0.02021873 0.00773459 0.0002     0.         0.0002    ]
	[RESULT 2] [0.0089411  0.01313557 0.00419447 0.005      0.0023     0.0073    ]
	[RESULT 3] [0.01087856 0.00324609 0.01912465 0.0035     0.         0.0035    ]
	[RESULT 4] [0.00758334 0.01041657 0.00283323 0.005      0.005      0.01      ]
	[RESULT 5] [0.01048336 0.01621466 0.0057313  0.0042     0.         0.0042    ]
	[RESULT 6] [0.01243395 0.00013211 0.01756606 0.0003     0.         0.0003    ]
