[METRICS]
	[DISEQUILIBRIUM COUNT] 57
[VARIABLES]
	[RESULT 1] [37 6729.056178408283 10 1.999397692918624]
	[RESULT 2] [28 10.355977166348246 10 1.984313830214462]
	[RESULT 3] [32 10.96977132689733 9 0.22494577352270684]
	[RESULT 4] [1 8063.136474017601 10 1.9925813193871031]
	[RESULT 5] [7 138.73330698364094 10 1.9898691020259385]
	[RESULT 6] [1 10.096459454457012 10 1.8964997014265483]
	[RESULT 7] [1 10.055895685691349 4 1.990614257527084]
	[RESULT 8] [75 9041.201228301517 10 1.9723462328213721]
[OBJECTIVES]
	[RESULT 1] [0.01073394 0.0168345  0.00610056 0.0037     0.         0.0037    ]
	[RESULT 2] [0.01119915 0.00269038 0.01888953 0.0028     0.         0.0028    ]
	[RESULT 3] [ 0.014331   -0.00342189  0.01590911  0.0032      0.          0.0032    ]
	[RESULT 4] [1.25408082e-02 2.03882468e-02 7.84743862e-03 1.00000000e-04
 0.00000000e+00 1.00000000e-04]
	[RESULT 5] [0.01224354 0.01458315 0.0181733  0.0007     0.         0.0007    ]
	[RESULT 6] [ 1.26384591e-02 -2.52826568e-04  1.73856325e-02  1.00000000e-04
  0.00000000e+00  1.00000000e-04]
	[RESULT 7] [ 1.46856488e-02 -4.35733148e-03  1.53283173e-02  1.00000000e-04
  0.00000000e+00  1.00000000e-04]
	[RESULT 8] [0.00886124 0.01299627 0.00413503 0.005      0.0025     0.0075    ]
