[METRICS]
	[DISEQUILIBRIUM COUNT] 32
[VARIABLES]
	[RESULT 1] [38 10.96577194065599 10 1.998980220571244]
	[RESULT 2] [72 9018.04890307949 10 1.9991997557149626]
	[RESULT 3] [14 139.50055468428764 10 1.8838581424138252]
	[RESULT 4] [37 7646.346425754929 10 1.9417063754004589]
	[RESULT 5] [1 9576.696108732109 10 1.9948234838929808]
	[RESULT 6] [1 10.313854042989744 10 1.8392368088711315]
[OBJECTIVES]
	[RESULT 1] [0.01068436 0.00387041 0.01955477 0.0038     0.         0.0038    ]
	[RESULT 2] [0.00898414 0.01324276 0.00425862 0.005      0.0022     0.0072    ]
	[RESULT 3] [0.01200142 0.01510393 0.01789464 0.0014     0.         0.0014    ]
	[RESULT 4] [0.01079232 0.01690779 0.00611547 0.0037     0.         0.0037    ]
	[RESULT 5] [1.25385480e-02 2.03357160e-02 7.79716795e-03 1.00000000e-04
 0.00000000e+00 1.00000000e-04]
	[RESULT 6] [ 1.26974111e-02 -3.16604128e-04  1.73808069e-02  1.00000000e-04
  0.00000000e+00  1.00000000e-04]
