[METRICS]
	[DISEQUILIBRIUM COUNT] 90
[VARIABLES]
	[RESULT 1] [1 11.523530694653715 10 1.6790974286294318]
	[RESULT 2] [26 10.012526589415467 10 1.911753765063036]
	[RESULT 3] [36 9879.980081413025 10 1.9200915869071513]
	[RESULT 4] [5 166.0721761215485 10 1.652709586993331]
	[RESULT 5] [2 9014.353078766497 10 1.4836407918397783]
	[RESULT 6] [26 10.012526589415467 2 1.911753765063036]
[OBJECTIVES]
	[RESULT 1] [ 1.28653430e-02 -3.55519022e-04  1.75098239e-02  1.00000000e-04
  0.00000000e+00  1.00000000e-04]
	[RESULT 2] [0.01137285 0.00225743 0.01863028 0.0026     0.         0.0026    ]
	[RESULT 3] [0.01086434 0.01697942 0.00611509 0.0036     0.         0.0036    ]
	[RESULT 4] [0.01269346 0.01485021 0.01745633 0.0005     0.         0.0005    ]
	[RESULT 5] [0.01302666 0.02132791 0.00830125 0.0002     0.         0.0002    ]
	[RESULT 6] [ 0.01359507 -0.00218701  0.01640806  0.0026      0.          0.0026    ]
