[METRICS]
	[DISEQUILIBRIUM COUNT] 108
[VARIABLES]
	[RESULT 1] [39 5778.18146084503 10 1.9981708612389188]
	[RESULT 2] [29 10.266436985495108 10 1.9380282003235525]
	[RESULT 3] [32 10.109461093702697 5 0.3852563070108095]
	[RESULT 4] [1 8321.328005728326 10 1.9710170927452972]
	[RESULT 5] [48 5817.746302735269 10 1.9915654270871772]
	[RESULT 6] [1 10.109461093702697 10 1.9596857833776695]
	[RESULT 7] [8 155.12324364640318 10 1.9937590341781353]
	[RESULT 8] [8 10.029091175863535 10 1.9380282003235525]
[OBJECTIVES]
	[RESULT 1] [0.01063518 0.01669638 0.0060612  0.0039     0.         0.0039    ]
	[RESULT 2] [0.01119606 0.00267431 0.01887037 0.0029     0.         0.0029    ]
	[RESULT 3] [ 0.01494543 -0.00486353  0.0150819   0.0032      0.          0.0032    ]
	[RESULT 4] [1.25625882e-02 2.04223946e-02 7.85980640e-03 1.00000000e-04
 0.00000000e+00 1.00000000e-04]
	[RESULT 5] [0.01019183 0.01580684 0.00561501 0.0048     0.         0.0048    ]
	[RESULT 6] [ 1.25740643e-02 -1.20793341e-04  1.74532710e-02  1.00000000e-04
  0.00000000e+00  1.00000000e-04]
	[RESULT 7] [0.01218962 0.01542181 0.01738857 0.0008     0.         0.0008    ]
	[RESULT 8] [0.01224606 0.00051515 0.01776121 0.0008     0.         0.0008    ]
