[METRICS]
	[DISEQUILIBRIUM COUNT] 17
[VARIABLES]
	[RESULT 1] [72 8341.353842250823 10 1.9396472106716465]
	[RESULT 2] [2 8644.01287242906 10 1.996226208430777]
	[RESULT 3] [42 8546.168014344968 10 1.994053959401641]
	[RESULT 4] [2 10.003499059217619 10 1.8815559097593433]
	[RESULT 5] [10 10.482258080258525 10 1.9985753315264427]
	[RESULT 6] [38 10.002369413578199 10 1.9996981282199906]
[OBJECTIVES]
	[RESULT 1] [0.00904441 0.01338534 0.00434092 0.005      0.0022     0.0072    ]
	[RESULT 2] [0.01248713 0.02026051 0.00777337 0.0002     0.         0.0002    ]
	[RESULT 3] [0.01048932 0.01626813 0.0057788  0.0042     0.         0.0042    ]
	[RESULT 4] [ 0.01260379 -0.0002067   0.01739709  0.0002      0.          0.0002    ]
	[RESULT 5] [0.01208477 0.00095045 0.01803522 0.001      0.         0.001     ]
	[RESULT 6] [0.01068364 0.00363332 0.01931696 0.0038     0.         0.0038    ]
