[METRICS]
	[DISEQUILIBRIUM COUNT] 48
[VARIABLES]
	[RESULT 1] [35 9923.446392990792 10 1.993299492652039]
	[RESULT 2] [69 9786.004664085962 10 1.9276798542950444]
	[RESULT 3] [1 10.595194865400659 10 1.840294337903007]
	[RESULT 4] [35 11.149781082368124 10 1.9088704407441466]
	[RESULT 5] [1 9782.961425980056 10 1.9859390674580404]
[OBJECTIVES]
	[RESULT 1] [0.01084008 0.01692983 0.00608975 0.0035     0.         0.0035    ]
	[RESULT 2] [0.0092066  0.01366633 0.00445974 0.005      0.0019     0.0069    ]
	[RESULT 3] [ 1.26963172e-02 -2.44716052e-04  1.74516011e-02  1.00000000e-04
  0.00000000e+00  1.00000000e-04]
	[RESULT 4] [0.0109258  0.00343258 0.01935838 0.0035     0.         0.0035    ]
	[RESULT 5] [1.25475085e-02 2.03482339e-02 7.80072535e-03 1.00000000e-04
 0.00000000e+00 1.00000000e-04]
