[METRICS]
	[DISEQUILIBRIUM COUNT] 65
[VARIABLES]
	[RESULT 1] [2 9363.477716381103 10 1.9307146466025535]
	[RESULT 2] [1 11.26879043024018 2 1.9977627602267976]
	[RESULT 3] [34 10.7503698982125 2 0.22005970851792034]
	[RESULT 4] [36 9018.310562331937 10 1.9020271071068546]
	[RESULT 5] [7 151.73407746662178 10 1.978828268685286]
	[RESULT 6] [8 10.800079086233573 10 1.978828268685286]
	[RESULT 7] [28 11.45196509015697 10 1.7205098342440854]
	[RESULT 8] [72 7643.046604345303 10 1.8210602199809875]
[OBJECTIVES]
	[RESULT 1] [0.0125535  0.02037146 0.00781796 0.0002     0.         0.0002    ]
	[RESULT 2] [ 1.47578088e-02 -4.20239405e-03  1.55554147e-02  1.00000000e-04
  0.00000000e+00  1.00000000e-04]
	[RESULT 3] [ 0.01521001 -0.00523382  0.01497619  0.0034      0.          0.0034    ]
	[RESULT 4] [0.0108828  0.01704007 0.00615727 0.0036     0.         0.0036    ]
	[RESULT 5] [0.01225469 0.01514868 0.01759663 0.0007     0.         0.0007    ]
	[RESULT 6] [0.01220469 0.00078905 0.01799374 0.0008     0.         0.0008    ]
	[RESULT 7] [0.01147148 0.00241485 0.01888632 0.0028     0.         0.0028    ]
	[RESULT 8] [0.00916624 0.01365577 0.00448953 0.005      0.0022     0.0072    ]
