[METRICS]
	[DISEQUILIBRIUM COUNT] 12
[VARIABLES]
	[RESULT 1] [40 9549.514676921917 10 1.999866917209428]
	[RESULT 2] [3 20.168772157778807 10 1.9984504297410912]
	[RESULT 3] [68 9622.061716386474 10 1.9967471994665886]
	[RESULT 4] [2 9046.088895597053 10 1.9923919391962692]
	[RESULT 5] [22 115.69841485742387 10 1.9688359472418415]
	[RESULT 6] [41 10.060112841146315 10 1.996737318038019]
	[RESULT 7] [96 9463.67576341763 10 1.8783243083351884]
[OBJECTIVES]
	[RESULT 1] [0.01058347 0.01642628 0.00584282 0.004      0.         0.004     ]
	[RESULT 2] [0.01243489 0.00243776 0.01987265 0.0003     0.         0.0003    ]
	[RESULT 3] [0.00918661 0.01363063 0.00444402 0.005      0.0018     0.0068    ]
	[RESULT 4] [0.012491   0.02025564 0.00776464 0.0002     0.         0.0002    ]
	[RESULT 5] [0.0115148  0.01481669 0.01866851 0.0022     0.         0.0022    ]
	[RESULT 6] [0.01053662 0.00394178 0.0194784  0.0041     0.         0.0041    ]
	[RESULT 7] [0.00790711 0.0110759  0.00316879 0.005      0.0046     0.0096    ]
