[METRICS]
	[DISEQUILIBRIUM COUNT] 59
[VARIABLES]
	[RESULT 1] [24 147.48684532390058 10 1.9632574565384224]
	[RESULT 2] [28 10.329472203476385 10 1.750580861485696]
	[RESULT 3] [29 10.350101550624395 8 1.5978801937324683]
	[RESULT 4] [1 10.042727279453532 10 1.547141905920634]
	[RESULT 5] [37 9991.282753244255 10 1.9889079361968702]
	[RESULT 6] [1 8700.240344516447 10 1.7205343122773389]
	[RESULT 7] [5 10.133007758929576 10 1.7210429242307133]
	[RESULT 8] [72 8851.425430998737 10 1.899552415838063]
[OBJECTIVES]
	[RESULT 1] [0.01142044 0.01663221 0.01694734 0.0024     0.         0.0024    ]
	[RESULT 2] [0.01143982 0.00220247 0.01864228 0.0028     0.         0.0028    ]
	[RESULT 3] [ 0.01321895 -0.00135068  0.01686827  0.0029      0.          0.0029    ]
	[RESULT 4] [ 1.30072199e-02 -1.00376252e-03  1.70034574e-02  1.00000000e-04
  0.00000000e+00  1.00000000e-04]
	[RESULT 5] [0.01074451 0.01673701 0.0059925  0.0037     0.         0.0037    ]
	[RESULT 6] [1.28214496e-02 2.09273056e-02 8.10585597e-03 1.00000000e-04
 0.00000000e+00 1.00000000e-04]
	[RESULT 7] [ 0.01262091 -0.00020862  0.01741229  0.0005      0.          0.0005    ]
	[RESULT 8] [0.00908533 0.01345026 0.00436493 0.005      0.0022     0.0072    ]
