[METRICS]
	[DISEQUILIBRIUM COUNT] 33
[VARIABLES]
	[RESULT 1] [74 4157.97506650312 10 1.8713205837174707]
	[RESULT 2] [33 10.256462677004075 10 1.9959038242680371]
	[RESULT 3] [1 10.130488609332252 10 1.920526254253795]
	[RESULT 4] [48 4385.798601959687 10 1.9283726681816222]
	[RESULT 5] [25 116.89386698829256 10 1.8822267145281242]
	[RESULT 6] [1 7507.700817767621 10 1.9765318402925445]
[OBJECTIVES]
	[RESULT 1] [0.00901431 0.01361714 0.00460283 0.005      0.0024     0.0074    ]
	[RESULT 2] [0.01093746 0.00318903 0.01912649 0.0033     0.         0.0033    ]
	[RESULT 3] [ 1.26138925e-02 -1.95205377e-04  1.74186871e-02  1.00000000e-04
  0.00000000e+00  1.00000000e-04]
	[RESULT 4] [0.01025589 0.01607034 0.00581445 0.0048     0.         0.0048    ]
	[RESULT 5] [0.0114531  0.01501031 0.01853659 0.0025     0.         0.0025    ]
	[RESULT 6] [1.25570108e-02 2.04430685e-02 7.88605768e-03 1.00000000e-04
 0.00000000e+00 1.00000000e-04]
