[METRICS]
	[DISEQUILIBRIUM COUNT] 77
[VARIABLES]
	[RESULT 1] [29 10.157041440249799 10 1.9298448698158617]
	[RESULT 2] [33 8425.449080015813 10 1.9712564549864835]
	[RESULT 3] [2 11.345832773140664 9 1.9434445377305227]
	[RESULT 4] [12 144.64388219529428 10 1.938779223678826]
	[RESULT 5] [72 9927.016271022978 10 1.8936271796874748]
	[RESULT 6] [1 8245.346127879846 10 1.9375558757200233]
	[RESULT 7] [39 10.006457915984111 8 0.6286835029936223]
	[RESULT 8] [17 10.069174271277472 10 1.798608112852252]
[OBJECTIVES]
	[RESULT 1] [0.01120439 0.00263042 0.01883481 0.0029     0.         0.0029    ]
	[RESULT 2] [0.01096235 0.01721828 0.00625593 0.0033     0.         0.0033    ]
	[RESULT 3] [ 0.01379055 -0.00224911  0.01654144  0.0002      0.          0.0002    ]
	[RESULT 4] [0.0120453  0.01525497 0.01769974 0.0012     0.         0.0012    ]
	[RESULT 5] [0.0090914  0.01343238 0.00434098 0.005      0.0022     0.0072    ]
	[RESULT 6] [1.25965400e-02 2.04930076e-02 7.89646756e-03 1.00000000e-04
 0.00000000e+00 1.00000000e-04]
	[RESULT 7] [ 0.013859   -0.00271638  0.01614262  0.0039      0.          0.0039    ]
	[RESULT 8] [0.01193959 0.00113811 0.0180777  0.0017     0.         0.0017    ]
