[METRICS]
	[DISEQUILIBRIUM COUNT] 80
[VARIABLES]
	[RESULT 1] [34 10.112056038598846 4 0.29937894049064795]
	[RESULT 2] [1 9927.419054205875 5 1.8388122568980352]
	[RESULT 3] [37 7636.115808215461 10 1.9797885853806667]
	[RESULT 4] [55 9392.556403495775 10 1.9910338480397916]
	[RESULT 5] [4 154.5172358431501 10 1.9796427824508354]
	[RESULT 6] [4 13.832640944322737 10 1.711218529275868]
	[RESULT 7] [3 11.522136018326787 4 1.7603380142625151]
	[RESULT 8] [31 10.010417337460531 10 1.9636541114583745]
[OBJECTIVES]
	[RESULT 1] [ 0.01502138 -0.00501477  0.01500661  0.0034      0.          0.0034    ]
	[RESULT 2] [1.47811836e-02 2.01880675e-02 1.00307489e-02 1.00000000e-04
 0.00000000e+00 1.00000000e-04]
	[RESULT 3] [0.01075372 0.01683102 0.0060773  0.0037     0.         0.0037    ]
	[RESULT 4] [0.00984237 0.01494838 0.00510601 0.005      0.0005     0.0055    ]
	[RESULT 5] [0.01240387 0.01496804 0.01762809 0.0004     0.         0.0004    ]
	[RESULT 6] [0.01268129 0.00056021 0.0182415  0.0004     0.         0.0004    ]
	[RESULT 7] [ 0.01482243 -0.00427004  0.01555239  0.0003      0.          0.0003    ]
	[RESULT 8] [0.01107004 0.00286252 0.01893256 0.0031     0.         0.0031    ]
