[METRICS]
	[DISEQUILIBRIUM COUNT] 30
[VARIABLES]
	[RESULT 1] [38 6159.065193417913 10 1.9999463664107178]
	[RESULT 2] [1 10.001830814559055 9 1.510489756711248]
	[RESULT 3] [11 141.27343907957308 10 1.9975147998362695]
	[RESULT 4] [19 10.004149823042058 10 1.8229167854055441]
	[RESULT 5] [72 8149.67223203735 10 1.9993957238557258]
	[RESULT 6] [31 10.01843198289784 10 1.9529473592485236]
	[RESULT 7] [1 7939.317350222723 10 1.998355199503383]
[OBJECTIVES]
	[RESULT 1] [0.01068339 0.01676683 0.00608345 0.0038     0.         0.0038    ]
	[RESULT 2] [ 1.42972051e-02 -3.59395246e-03  1.57032526e-02  1.00000000e-04
  0.00000000e+00  1.00000000e-04]
	[RESULT 3] [0.01203584 0.01511861 0.01784555 0.0011     0.         0.0011    ]
	[RESULT 4] [0.01181432 0.0013724  0.01818672 0.0019     0.         0.0019    ]
	[RESULT 5] [0.00898394 0.01327129 0.00428735 0.005      0.0022     0.0072    ]
	[RESULT 6] [0.0110809  0.00284281 0.01892371 0.0031     0.         0.0031    ]
	[RESULT 7] [1.25349898e-02 2.03813385e-02 7.84634876e-03 1.00000000e-04
 0.00000000e+00 1.00000000e-04]
