[METRICS]
	[DISEQUILIBRIUM COUNT] 19
[VARIABLES]
	[RESULT 1] [1 10.308054057653276 10 1.9703161346764009]
	[RESULT 2] [70 8344.479449126015 10 1.9832794997402594]
	[RESULT 3] [2 8322.360530571203 10 1.9997029852741317]
	[RESULT 4] [39 10.259705092461797 10 1.9988385784966791]
	[RESULT 5] [100 8041.612389096289 10 1.9984812438012247]
	[RESULT 6] [26 123.31980630823656 10 1.9999411077355254]
	[RESULT 7] [43 8692.477785918505 10 1.9984812438012247]
	[RESULT 8] [20 10.193210317940316 10 1.9988410938949883]
[OBJECTIVES]
	[RESULT 1] [ 1.25632975e-02 -4.98179153e-05  1.75134795e-02  1.00000000e-04
  0.00000000e+00  1.00000000e-04]
	[RESULT 2] [0.00910019 0.01349679 0.0043966  0.005      0.002      0.007     ]
	[RESULT 3] [0.01248363 0.02026445 0.00778081 0.0002     0.         0.0002    ]
	[RESULT 4] [0.0106345  0.00379575 0.01943026 0.0039     0.         0.0039    ]
	[RESULT 5] [0.00758486 0.01047717 0.0028923  0.005      0.005      0.01      ]
	[RESULT 6] [0.01128339 0.01571372 0.01800289 0.0026     0.         0.0026    ]
	[RESULT 7] [0.01043486 0.01615438 0.00571952 0.0043     0.         0.0043    ]
	[RESULT 8] [0.0115845  0.00187921 0.01846371 0.002      0.         0.002     ]
