[METRICS]
	[DISEQUILIBRIUM COUNT] 36
[VARIABLES]
	[RESULT 1] [29 11.700128253685161 10 1.9983387341283345]
	[RESULT 2] [35 10.631108456937746 2 0.9316402546470931]
	[RESULT 3] [1 9047.296849973398 10 1.9966725298877728]
	[RESULT 4] [39 9977.70951767017 10 1.988758916600103]
	[RESULT 5] [1 10.604122176110124 10 0.9602652370705179]
	[RESULT 6] [78 6170.8838592580605 10 1.9755892708422242]
	[RESULT 7] [6 170.3743685851381 10 1.9965547345830963]
[OBJECTIVES]
	[RESULT 1] [0.01113501 0.00314791 0.01928292 0.0029     0.         0.0029    ]
	[RESULT 2] [ 0.01423647 -0.00331616  0.01592032  0.0035      0.          0.0035    ]
	[RESULT 3] [1.25366848e-02 2.03469736e-02 7.81028873e-03 1.00000000e-04
 0.00000000e+00 1.00000000e-04]
	[RESULT 4] [0.01064466 0.01653764 0.00589298 0.0039     0.         0.0039    ]
	[RESULT 5] [ 1.36796068e-02 -2.20909008e-03  1.64705168e-02  1.00000000e-04
  0.00000000e+00  1.00000000e-04]
	[RESULT 6] [0.00870796 0.01281523 0.00410727 0.005      0.0028     0.0078    ]
	[RESULT 7] [0.0122868  0.01582483 0.01688836 0.0006     0.         0.0006    ]
