[METRICS]
	[DISEQUILIBRIUM COUNT] 38
[VARIABLES]
	[RESULT 1] [2 9995.963929670777 10 1.9986517764836729]
	[RESULT 2] [42 8418.625669105977 10 1.9986516136559371]
	[RESULT 3] [42 10.04756532713308 10 1.9996595850239705]
	[RESULT 4] [13 173.56199871946885 10 1.959986461797309]
	[RESULT 5] [63 6778.767204781501 10 1.9985349057933888]
	[RESULT 6] [1 10.993994497870798 10 1.8732373526414372]
[OBJECTIVES]
	[RESULT 1] [0.01248469 0.02021725 0.00773256 0.0002     0.         0.0002    ]
	[RESULT 2] [0.01048469 0.0162632  0.00577851 0.0042     0.         0.0042    ]
	[RESULT 3] [0.01048368 0.00404453 0.01952821 0.0042     0.         0.0042    ]
	[RESULT 4] [0.01197376 0.01656705 0.01645919 0.0013     0.         0.0013    ]
	[RESULT 5] [0.00943481 0.01423358 0.00479878 0.005      0.0013     0.0063    ]
	[RESULT 6] [ 1.26623390e-02 -7.86251986e-05  1.75837138e-02  1.00000000e-04
  0.00000000e+00  1.00000000e-04]
