[METRICS]
	[DISEQUILIBRIUM COUNT] 66
[VARIABLES]
	[RESULT 1] [38 8501.154110611875 10 1.9997231614634434]
	[RESULT 2] [15 116.2606373878515 10 1.8906485913398294]
	[RESULT 3] [34 10.07271884651076 10 1.9908087526615994]
	[RESULT 4] [37 10.292000005647466 3 1.5253062181101773]
	[RESULT 5] [75 9046.042016382049 10 1.9996434193089516]
	[RESULT 6] [1 10.028156461137296 10 1.9487296378841543]
	[RESULT 7] [1 10.226985308702982 10 1.976612077071031]
	[RESULT 8] [1 9124.368272470767 10 1.9994524953526633]
[OBJECTIVES]
	[RESULT 1] [0.01068361 0.01665822 0.00597461 0.0038     0.         0.0038    ]
	[RESULT 2] [0.01194446 0.0139905  0.01906504 0.0015     0.         0.0015    ]
	[RESULT 3] [0.0108926  0.00323298 0.01912557 0.0034     0.         0.0034    ]
	[RESULT 4] [ 0.01341851 -0.00176423  0.01665428  0.0037      0.          0.0037    ]
	[RESULT 5] [0.00883369 0.01294103 0.00410733 0.005      0.0025     0.0075    ]
	[RESULT 6] [ 1.25851813e-02 -1.63325389e-04  1.74218559e-02  1.00000000e-04
  0.00000000e+00  1.00000000e-04]
	[RESULT 7] [ 1.25569297e-02 -5.72415099e-05  1.74996882e-02  1.00000000e-04
  0.00000000e+00  1.00000000e-04]
	[RESULT 8] [1.25338847e-02 2.03390847e-02 7.80520006e-03 1.00000000e-04
 0.00000000e+00 1.00000000e-04]
