[METRICS]
	[DISEQUILIBRIUM COUNT] 40
[VARIABLES]
	[RESULT 1] [73 5294.046509661291 10 1.9985521015233818]
	[RESULT 2] [1 5211.08992223363 10 1.9982080647266591]
	[RESULT 3] [4 11.243755753324763 9 1.9279304170274159]
	[RESULT 4] [9 129.01605108888026 10 1.9992652850344153]
	[RESULT 5] [34 10.210059753195495 6 1.2164953038719428]
	[RESULT 6] [30 11.243755753324763 10 1.9994573269867908]
	[RESULT 7] [39 5737.7997074200575 10 1.997737522573205]
[OBJECTIVES]
	[RESULT 1] [0.00893479 0.01333392 0.00439913 0.005      0.0023     0.0073    ]
	[RESULT 2] [1.25351380e-02 2.05418771e-02 8.00673911e-03 1.00000000e-04
 0.00000000e+00 1.00000000e-04]
	[RESULT 3] [ 0.01370634 -0.00210556  0.01660078  0.0004      0.          0.0004    ]
	[RESULT 4] [0.01213407 0.01431717 0.01854876 0.0009     0.         0.0009    ]
	[RESULT 5] [ 0.01372739 -0.00240237  0.01632502  0.0034      0.          0.0034    ]
	[RESULT 6] [0.01108388 0.00313936 0.01922324 0.003      0.         0.003     ]
	[RESULT 7] [0.01063561 0.0167002  0.00606459 0.0039     0.         0.0039    ]
