[METRICS]
	[DISEQUILIBRIUM COUNT] 37
[VARIABLES]
	[RESULT 1] [73 7449.418883056937 10 1.9906704281547032]
	[RESULT 2] [7 124.33658830692751 10 1.95560767211762]
	[RESULT 3] [1 9994.136854314032 10 1.9718661367130836]
	[RESULT 4] [38 7276.301256260762 10 1.9729380735459066]
	[RESULT 5] [29 10.061372886898292 10 1.9147744538304876]
	[RESULT 6] [2 11.639098005402658 10 0.1670226007971492]
	[RESULT 7] [10 10.061372886898292 10 1.9147744538304876]
[OBJECTIVES]
	[RESULT 1] [0.00894274 0.01321706 0.00427433 0.005      0.0023     0.0073    ]
	[RESULT 2] [0.0122782 0.0137797 0.0189421 0.0007    0.        0.0007   ]
	[RESULT 3] [1.25617291e-02 2.03713724e-02 7.80964327e-03 1.00000000e-04
 0.00000000e+00 1.00000000e-04]
	[RESULT 4] [0.01071064 0.01676067 0.00605003 0.0038     0.         0.0038    ]
	[RESULT 5] [0.01121976 0.0025758  0.01879557 0.0029     0.         0.0029    ]
	[RESULT 6] [ 0.0146618  -0.00392043  0.01574137  0.0002      0.          0.0002    ]
	[RESULT 7] [0.01216976 0.0006758  0.01784557 0.001      0.         0.001     ]
