[METRICS]
	[DISEQUILIBRIUM COUNT] 2
[VARIABLES]
	[RESULT 1] [2 92.57351990050378 1 0.14797747741381972]
	[RESULT 2] [1 9916.578319400414 2 1.9565500376540086]
	[RESULT 3] [35 9586.235113015937 10 1.999045093911377]
	[RESULT 4] [66 9701.015123382378 10 1.9998668442171572]
	[RESULT 5] [39 52.24774547459103 10 1.8281298558878145]
	[RESULT 6] [12 9518.146780058405 10 1.8800093773626256]
[OBJECTIVES]
	[RESULT 1] [0.01693856 0.00242976 0.02436832 0.0002     0.         0.0002    ]
	[RESULT 2] [1.47994662e-02 2.01512319e-02 1.00493019e-02 1.00000000e-04
 0.00000000e+00 1.00000000e-04]
	[RESULT 3] [0.01083429 0.01692695 0.00609266 0.0035     0.         0.0035    ]
	[RESULT 4] [0.00928347 0.01382227 0.0045388  0.005      0.0016     0.0066    ]
	[RESULT 5] [0.01080891 0.01080721 0.02338388 0.0039     0.         0.0039    ]
	[RESULT 6] [0.01210538 0.01947095 0.00736557 0.0012     0.         0.0012    ]
