[METRICS]
	[DISEQUILIBRIUM COUNT] 53
[VARIABLES]
	[RESULT 1] [76 9108.219558346733 10 1.9988645245337773]
	[RESULT 2] [33 10.156137348445474 9 0.10123239797385993]
	[RESULT 3] [38 9066.38826160303 10 1.9988645245337773]
	[RESULT 4] [19 96.89023896790474 10 1.907741430910091]
	[RESULT 5] [6 10.6203942162173 9 1.8103368835716367]
	[RESULT 6] [35 10.105017548321216 10 1.9568348285738384]
	[RESULT 7] [8 10.002350490091352 10 1.9931416685426355]
	[RESULT 8] [1 8727.033491594866 10 1.994876218447735]
[OBJECTIVES]
	[RESULT 1] [0.00878448 0.01284075 0.00405627 0.005      0.0026     0.0076    ]
	[RESULT 2] [ 0.01445468 -0.00387039  0.01558429  0.0033      0.          0.0033    ]
	[RESULT 3] [0.01068448 0.01664199 0.00595751 0.0038     0.         0.0038    ]
	[RESULT 4] [0.01172695 0.01316926 0.02010379 0.0019     0.         0.0019    ]
	[RESULT 5] [ 0.01372738 -0.00230062  0.01642676  0.0006      0.          0.0006    ]
	[RESULT 6] [0.01087696 0.00327232 0.01914927 0.0035     0.         0.0035    ]
	[RESULT 7] [0.01219024 0.0006201  0.01781034 0.0008     0.         0.0008    ]
	[RESULT 8] [1.25384949e-02 2.03605319e-02 7.82203698e-03 1.00000000e-04
 0.00000000e+00 1.00000000e-04]
