[METRICS]
	[DISEQUILIBRIUM COUNT] 95
[VARIABLES]
	[RESULT 1] [1 5792.555721322594 10 1.9924719019068124]
	[RESULT 2] [5 156.82354379823317 10 1.940254983670646]
	[RESULT 3] [40 9825.249090491016 10 1.9931485866782421]
	[RESULT 4] [72 9982.527424780892 10 1.9984348727636132]
	[RESULT 5] [33 10.394356327556865 2 0.5984099113548664]
	[RESULT 6] [31 10.233599803989371 10 1.9928728831256701]
	[RESULT 7] [4 14.715725513082988 10 1.9514448849552632]
	[RESULT 8] [1 16.896863514868382 10 0.5201368238541816]
[OBJECTIVES]
	[RESULT 1] [1.25409185e-02 2.05068223e-02 7.96590382e-03 1.00000000e-04
 0.00000000e+00 1.00000000e-04]
	[RESULT 2] [0.01239379 0.01508372 0.01752249 0.0005     0.         0.0005    ]
	[RESULT 3] [0.01059024 0.01643261 0.00584237 0.004      0.         0.004     ]
	[RESULT 4] [0.00898491 0.01321802 0.00423311 0.005      0.0022     0.0072    ]
	[RESULT 5] [ 0.01475352 -0.00440884  0.01534468  0.0033      0.          0.0033    ]
	[RESULT 6] [0.01104051 0.00297724 0.01901775 0.0031     0.         0.0031    ]
	[RESULT 7] [0.01243242 0.00126099 0.01869342 0.0004     0.         0.0004    ]
	[RESULT 8] [ 1.42330907e-02 -1.85320996e-03  1.73798807e-02  1.00000000e-04
  0.00000000e+00  1.00000000e-04]
