[METRICS]
	[DISEQUILIBRIUM COUNT] 69
[VARIABLES]
	[RESULT 1] [39 6458.13475132306 10 1.997182502814205]
	[RESULT 2] [2 121.37022826163728 10 1.998988930335402]
	[RESULT 3] [28 10.149268081670911 10 1.9028453247491817]
	[RESULT 4] [1 6102.539923064804 2 1.9957520151796857]
	[RESULT 5] [33 10.658843237992482 1 0.2556915585348315]
	[RESULT 6] [1 10.643388296917205 10 0.48330113026565213]
	[RESULT 7] [5 10.181338787637825 10 1.9958011470007069]
	[RESULT 8] [71 4689.184978870846 10 1.999062160854204]
[OBJECTIVES]
	[RESULT 1] [0.01063617 0.01665413 0.00601796 0.0039     0.         0.0039    ]
	[RESULT 2] [0.01248435 0.01320371 0.01931194 0.0002     0.         0.0002    ]
	[RESULT 3] [0.01128196 0.00247334 0.0187553  0.0028     0.         0.0028    ]
	[RESULT 4] [1.47598346e-02 2.00766193e-02 1.01635461e-02 1.00000000e-04
 0.00000000e+00 1.00000000e-04]
	[RESULT 5] [ 0.01523849 -0.00531335  0.01492514  0.0033      0.          0.0033    ]
	[RESULT 6] [ 1.42815210e-02 -3.40322323e-03  1.58782978e-02  1.00000000e-04
  0.00000000e+00  1.00000000e-04]
	[RESULT 7] [0.01233756 0.00037013 0.01770769 0.0005     0.         0.0005    ]
	[RESULT 8] [0.00903428 0.01359166 0.00455738 0.005      0.0021     0.0071    ]
