[METRICS]
	[DISEQUILIBRIUM COUNT] 89
[VARIABLES]
	[RESULT 1] [30 11.500180190100242 10 1.857434768595275]
	[RESULT 2] [1 8726.82217337274 10 1.8942922401158675]
	[RESULT 3] [17 163.38085544596885 10 1.5594675313806114]
	[RESULT 4] [36 10.00563657218925 4 0.15584747220353046]
	[RESULT 5] [34 9027.227117636246 10 1.9998615743471035]
	[RESULT 6] [5 10.011832237565674 10 0.3253493878809239]
	[RESULT 7] [1 10.348788236743621 10 1.870396978148227]
	[RESULT 8] [69 5646.592191111871 10 1.989119509087668]
[OBJECTIVES]
	[RESULT 1] [0.01122861 0.00291227 0.01914089 0.003      0.         0.003     ]
	[RESULT 2] [1.26407212e-02 2.05649912e-02 7.92427003e-03 1.00000000e-04
 0.00000000e+00 1.00000000e-04]
	[RESULT 3] [0.01219383 0.01574577 0.0170604  0.0017     0.         0.0017    ]
	[RESULT 4] [ 0.01512035 -0.00523928  0.01488106  0.0036      0.          0.0036    ]
	[RESULT 5] [0.01088347 0.01704115 0.00615768 0.0034     0.         0.0034    ]
	[RESULT 6] [ 0.01429311 -0.00358326  0.01570985  0.0005      0.          0.0005    ]
	[RESULT 7] [ 1.26652612e-02 -2.43628478e-04  1.74216328e-02  1.00000000e-04
  0.00000000e+00  1.00000000e-04]
	[RESULT 8] [0.0091443 0.0137244 0.0045801 0.005     0.0019    0.0069   ]
