[METRICS]
	[DISEQUILIBRIUM COUNT] 34
[VARIABLES]
	[RESULT 1] [2 7985.6827983902085 10 1.9999799294872558]
	[RESULT 2] [1 10.731419993432079 10 1.9887955172446485]
	[RESULT 3] [39 7865.651013322744 10 1.9975314047147295]
	[RESULT 4] [42 10.022904920746491 10 1.881153627552684]
	[RESULT 5] [8 138.56768581565413 10 1.987695963702569]
	[RESULT 6] [1 10.481335824123889 10 1.895324853412025]
	[RESULT 7] [73 8422.988238108002 10 1.9999991614069703]
[OBJECTIVES]
	[RESULT 1] [0.01248335 0.02027628 0.00779292 0.0002     0.         0.0002    ]
	[RESULT 2] [1.25446262e-02 9.22749332e-05 1.76369011e-02 1.00000000e-04
 0.00000000e+00 1.00000000e-04]
	[RESULT 3] [0.01063582 0.01658588 0.00595006 0.0039     0.         0.0039    ]
	[RESULT 4] [0.0106042  0.00379732 0.01940152 0.0042     0.         0.0042    ]
	[RESULT 5] [0.01219574 0.01467085 0.01813341 0.0008     0.         0.0008    ]
	[RESULT 6] [ 1.26396629e-02 -1.59568272e-04  1.74800946e-02  1.00000000e-04
  0.00000000e+00  1.00000000e-04]
	[RESULT 7] [0.00893333 0.01316034 0.004227   0.005      0.0023     0.0073    ]
