[METRICS]
	[DISEQUILIBRIUM COUNT] 31
[VARIABLES]
	[RESULT 1] [1 10.085333804459577 10 1.7756876617993278]
	[RESULT 2] [2 9628.280424433306 10 1.962303653290403]
	[RESULT 3] [13 10.174543694836188 10 1.88851005140993]
	[RESULT 4] [67 9858.032097372281 10 1.9951025474327562]
	[RESULT 5] [30 10.037196306242794 10 1.9950488953099303]
	[RESULT 6] [38 9209.68562182241 10 1.9999307323839934]
[OBJECTIVES]
	[RESULT 1] [ 1.27635059e-02 -5.05696623e-04  1.72578093e-02  1.00000000e-04
  0.00000000e+00  1.00000000e-04]
	[RESULT 2] [0.01252141 0.02030007 0.00777866 0.0002     0.         0.0002    ]
	[RESULT 3] [0.01204665 0.00095026 0.01799691 0.0013     0.         0.0013    ]
	[RESULT 4] [0.00923827 0.01372784 0.00448957 0.005      0.0017     0.0067    ]
	[RESULT 5] [0.01108832 0.00283265 0.01892097 0.003      0.         0.003     ]
	[RESULT 6] [0.0106834  0.01663563 0.00595223 0.0038     0.         0.0038    ]
