[METRICS]
	[DISEQUILIBRIUM COUNT] 19
[VARIABLES]
	[RESULT 1] [1 11.47402846749813 10 1.678507789922629]
	[RESULT 2] [19 12.631061089455024 9 1.8210704224298762]
	[RESULT 3] [7 106.78240281426827 10 1.9943513763467124]
	[RESULT 4] [1 7934.097265187149 10 1.9982066646199934]
	[RESULT 5] [33 10.39302767560807 10 1.99893317229132]
	[RESULT 6] [40 8615.542668796044 10 1.9992034346386844]
	[RESULT 7] [75 6643.046581774103 10 1.999906396391187]
[OBJECTIVES]
	[RESULT 1] [ 1.28659698e-02 -3.68785473e-04  1.74971843e-02  1.00000000e-04
  0.00000000e+00  1.00000000e-04]
	[RESULT 2] [ 0.01306623 -0.00049156  0.01757467  0.0019      0.          0.0019    ]
	[RESULT 3] [0.01223902 0.01281756 0.01994341 0.0007     0.         0.0007    ]
	[RESULT 4] [1.25351394e-02 2.03818403e-02 7.84670092e-03 1.00000000e-04
 0.00000000e+00 1.00000000e-04]
	[RESULT 5] [0.01093441 0.00322906 0.01916346 0.0033     0.         0.0033    ]
	[RESULT 6] [0.01058414 0.01645544 0.00587131 0.004      0.         0.004     ]
	[RESULT 7] [0.00883343 0.01303816 0.00420473 0.005      0.0025     0.0075    ]
