[METRICS]
	[DISEQUILIBRIUM COUNT] 10
[VARIABLES]
	[RESULT 1] [1 12.297295749508978 10 1.902655463456516]
	[RESULT 2] [16 132.95855942042857 10 1.9929092746387502]
	[RESULT 3] [39 9877.714279654465 10 1.9878384486353624]
	[RESULT 4] [1 9309.597884723691 10 1.9980797698398112]
	[RESULT 5] [85 9938.707345873016 10 1.9878384486353624]
	[RESULT 6] [40 10.81888980381341 10 1.9991295112228922]
	[RESULT 7] [23 10.205931227574947 10 1.918822848493095]
[OBJECTIVES]
	[RESULT 1] [1.26321555e-02 2.97115267e-04 1.79292708e-02 1.00000000e-04
 0.00000000e+00 1.00000000e-04]
	[RESULT 2] [0.01179048 0.0152062  0.01800332 0.0016     0.         0.0016    ]
	[RESULT 3] [0.01064559 0.01654199 0.0058964  0.0039     0.         0.0039    ]
	[RESULT 4] [1.25352672e-02 2.03365032e-02 7.80123603e-03 1.00000000e-04
 0.00000000e+00 1.00000000e-04]
	[RESULT 5] [0.00834559 0.01194047 0.00359488 0.005      0.0035     0.0085    ]
	[RESULT 6] [0.01058421 0.00403464 0.01961885 0.004      0.         0.004     ]
	[RESULT 7] [0.01151563 0.00202012 0.01853575 0.0023     0.         0.0023    ]
