[METRICS]
	[DISEQUILIBRIUM COUNT] 31
[VARIABLES]
	[RESULT 1] [1 10.52192732071748 10 1.9975469318920211]
	[RESULT 2] [1 8303.860985767795 10 1.9773004315494247]
	[RESULT 3] [31 10.045151675995253 10 1.920836867438307]
	[RESULT 4] [1 10.52192732071748 10 1.9772300026285736]
	[RESULT 5] [68 5448.88531975559 10 1.999800539767758]
	[RESULT 6] [2 230.15280029189756 10 1.999943614697511]
	[RESULT 7] [35 8486.294119902386 10 1.9246943897134263]
[OBJECTIVES]
	[RESULT 1] [1.25358039e-02 5.81964625e-05 1.75940004e-02 1.00000000e-04
 0.00000000e+00 1.00000000e-04]
	[RESULT 2] [1.25562339e-02 2.04103044e-02 7.85407057e-03 1.00000000e-04
 0.00000000e+00 1.00000000e-04]
	[RESULT 3] [0.01111358 0.00278413 0.01889771 0.0031     0.         0.0031    ]
	[RESULT 4] [1.25563050e-02 1.71942568e-05 1.75734993e-02 1.00000000e-04
 0.00000000e+00 1.00000000e-04]
	[RESULT 5] [0.00918353 0.01381842 0.00463489 0.005      0.0018     0.0068    ]
	[RESULT 6] [0.01248339 0.01722445 0.01529216 0.0002     0.         0.0002    ]
	[RESULT 7] [0.01090964 0.01711078 0.00620114 0.0035     0.         0.0035    ]
