[METRICS]
	[DISEQUILIBRIUM COUNT] 68
[VARIABLES]
	[RESULT 1] [78 8121.445517215327 10 1.9998395521177725]
	[RESULT 2] [38 9974.082236086897 10 1.999892678662357]
	[RESULT 3] [34 10.05747703614344 4 1.3957744725955985]
	[RESULT 4] [35 10.431929800994181 10 1.8690389741594702]
	[RESULT 5] [1 9842.672539600431 10 1.9984237473578115]
	[RESULT 6] [7 177.47256783806228 10 1.7377568628707643]
	[RESULT 7] [5 12.357643746180687 10 1.7417809007453224]
	[RESULT 8] [3 10.045812644267711 10 1.2628979907328]
[OBJECTIVES]
	[RESULT 1] [0.00868349 0.01267144 0.00398795 0.005      0.0028     0.0078    ]
	[RESULT 2] [0.01068344 0.01661529 0.00593185 0.0038     0.         0.0038    ]
	[RESULT 3] [ 0.01366687 -0.00231938  0.01634749  0.0034      0.          0.0034    ]
	[RESULT 4] [0.01096666 0.0031742  0.01914086 0.0035     0.         0.0035    ]
	[RESULT 5] [1.25349207e-02 2.03215361e-02 7.78661534e-03 1.00000000e-04
 0.00000000e+00 1.00000000e-04]
	[RESULT 6] [0.0125033  0.01564665 0.01685005 0.0007     0.         0.0007    ]
	[RESULT 7] [0.01259906 0.00037771 0.01797677 0.0005     0.         0.0005    ]
	[RESULT 8] [ 0.01322413 -0.00143681  0.01678732  0.0003      0.          0.0003    ]
