[METRICS]
	[DISEQUILIBRIUM COUNT] 2
[VARIABLES]
	[RESULT 1] [0 5.699112414245029 1 1 3 1030.1441963915245 10]
	[RESULT 2] [1 5.787495758601472 0 2 20 2586.220013497871 99]
	[RESULT 3] [0 6.80139363335517 1 1 10 1119.08924856535 10]
	[RESULT 4] [0 49.98550727749984 1 4 14 1024.8570908326385 2]
	[RESULT 5] [0 49.813931589158706 0 1 2 1001.2250518528609 1]
	[RESULT 6] [0 5.864336867528179 1 4 10 1126.2714821803802 99]
	[RESULT 7] [0 5.015375126025531 1 4 12 1842.7796933287514 99]
	[RESULT 8] [0 5.00013709431377 1 1 1 2130.9790223363048 5]
	[RESULT 9] [0 45.5884713991334 0 1 14 1330.8437710642083 99]
	[RESULT 10] [1 5.787495758601472 0 2 20 2586.220013497871 100]
	[RESULT 11] [0 49.995223231032675 1 4 14 1024.8570908326385 2]
	[RESULT 12] [0 5.015375126025531 0 1 6 1759.1653848901585 100]
	[RESULT 13] [0 49.979222768375045 1 4 13 1012.0666343043591 2]
	[RESULT 14] [0 5.864336867528179 1 4 10 1126.6127446473424 100]
	[RESULT 15] [0 28.95596096002325 0 1 12 1216.7830873917435 96]
	[RESULT 16] [0 49.997809812532026 1 4 13 1008.8019762013934 2]
	[RESULT 17] [0 49.99884079310769 1 4 15 1967.881486352148 100]
	[RESULT 18] [0 29.868044447904207 0 1 6 1252.4543394114203 100]
	[RESULT 19] [0 49.995797312338226 1 1 13 1012.9315733049357 2]
	[RESULT 20] [0 49.895333054224935 1 4 14 1005.3271640710718 1]
	[RESULT 21] [0 49.99859817267459 1 4 14 1024.8410080083095 2]
	[RESULT 22] [0 49.99383086132927 1 4 15 1024.8570908326385 2]
	[RESULT 23] [0 7.431362062596409 0 1 14 1005.1050487609114 1]
	[RESULT 24] [0 49.995223594693464 1 4 14 1012.8654947847206 2]
	[RESULT 25] [0 49.907449202029554 1 4 14 1002.8037623508665 1]
	[RESULT 26] [0 49.979491648621256 1 4 13 1011.2009122882598 2]
	[RESULT 27] [0 49.99830196873239 1 4 13 1008.8019762013934 2]
	[RESULT 28] [0 49.98624160629991 1 4 13 1009.6768991040923 2]
	[RESULT 29] [0 49.92513715346489 1 4 15 1704.9762041679935 98]
	[RESULT 30] [0 6.269119546711866 0 1 13 1006.342671126292 90]
[OBJECTIVES]
	[RESULT 1] [0.01337118 0.0213139  0.01794271 0.00977152 0.00565695 0.09588543
 0.         0.00205729 0.00794271 0.00588543 0.         0.01287118
 0.00042847 0.00755729]
	[RESULT 2] [0.02923161 0.01297119 0.01779721 0.01816999 0.01376441 0.09559442
 0.         0.00220279 0.00779721 0.00559442 0.         0.02723161
 0.0104344  0.00320279]
	[RESULT 3] [0.01221969 0.01900451 0.01678483 0.0109326  0.00450226 0.09356965
 0.         0.00514552 0.00678483 0.00356965 0.         0.01171969
 0.00043486 0.00871517]
	[RESULT 4] [0.01051907 0.0156278  0.01510873 0.01259644 0.0028139  0.09021746
 0.         0.00832619 0.00510873 0.00021746 0.         0.00851907
 0.00041034 0.01189127]
	[RESULT 5] [0.01551583 0.02062497 0.01510914 0.01509421 0.00531248 0.09021827
 0.         0.00517259 0.00510914 0.00021827 0.         0.01501583
 0.0004067  0.00539086]
	[RESULT 6] [0.02289753 0.01942055 0.01768192 0.01492589 0.01028972 0.09536384
 0.         0.00395424 0.00768192 0.00536384 0.         0.02089753
 0.01021561 0.00931808]
	[RESULT 7] [2.52106940e-02 1.48650176e-02 1.99242884e-02 1.27189143e-02
 1.25674912e-02 9.98485769e-02 0.00000000e+00 7.57115554e-05
 9.92428844e-03 9.84857689e-03 0.00000000e+00 2.32106940e-02
 1.02864055e-02 7.07571156e-03]
	[RESULT 8] [1.55376337e-02 2.44630516e-02 1.99993146e-02 7.76984494e-03
 7.76847418e-03 9.99986292e-02 0.00000000e+00 6.85377608e-07
 9.99931462e-03 9.99862924e-03 0.00000000e+00 1.50376337e-02
 5.38319119e-04 5.50068538e-03]
	[RESULT 9] [0.02535221 0.01952757 0.01512023 0.01999577 0.01023622 0.09024045
 0.         0.00513932 0.00512023 0.00024045 0.         0.02485221
 0.01023198 0.00537977]
	[RESULT 10] [0.03076839 0.00297119 0.01779721 0.02316999 0.01876441 0.09559442
 0.         0.00220279 0.00779721 0.00559442 0.         0.03276839
 0.0025656  0.00320279]
	[RESULT 11] [0.01051905 0.01562776 0.01510871 0.01259646 0.00281388 0.09021741
 0.         0.00832612 0.00510871 0.00021741 0.         0.00851905
 0.00041034 0.01189129]
	[RESULT 12] [ 2.97998750e-02 -1.24413438e-04  1.99242884e-02  2.02136298e-02
  2.00622067e-02  9.98485769e-02  0.00000000e+00  7.57115554e-05
  9.92428844e-03  9.84857689e-03  0.00000000e+00  3.02998750e-02
 -1.62441344e-03  4.92428844e-03]
	[RESULT 13] [0.0105182  0.01562695 0.01510874 0.01259598 0.00281347 0.09021749
 0.         0.00832623 0.00510874 0.00021749 0.         0.0085182
 0.00040946 0.01189126]
	[RESULT 14] [0.03289756 0.00942053 0.01768192 0.0199259  0.01528974 0.09536384
 0.         0.00395424 0.00768192 0.00536384 0.         0.03089756
 0.00278436 0.00931808]
	[RESULT 15] [0.01942291 0.02462327 0.01520035 0.01691093 0.00731163 0.09040071
 0.         0.00489894 0.00520035 0.00040071 0.         0.01892291
 0.00422256 0.00529965]
	[RESULT 16] [0.01051794 0.01562664 0.0151087  0.01259592 0.00281332 0.0902174
 0.         0.0083261  0.0051087  0.0002174  0.         0.00851794
 0.00040923 0.0118913 ]
	[RESULT 17] [0.03041252 0.01447878 0.0151087  0.02254321 0.01276061 0.0902174
 0.         0.0083261  0.0051087  0.0002174  0.         0.02841252
 0.00269618 0.0118913 ]
	[RESULT 18] [0.03458129 0.009388   0.01519329 0.02491942 0.015306   0.09038658
 0.         0.00492013 0.00519329 0.00038658 0.         0.03491871
 0.00277458 0.00530671]
	[RESULT 19] [0.01051822 0.01562693 0.01510871 0.01259605 0.00281346 0.09021741
 0.         0.00982612 0.00510871 0.00021741 0.         0.01001822
 0.00040952 0.01039129]
	[RESULT 20] [0.01051592 0.01562486 0.01510894 0.01259454 0.00281243 0.09021789
 0.         0.00832683 0.00510894 0.00021789 0.         0.00851592
 0.00040698 0.01189106]
	[RESULT 21] [0.01051904 0.01562774 0.0151087  0.01259647 0.00281387 0.0902174
 0.         0.0083261  0.0051087  0.0002174  0.         0.00851904
 0.00041034 0.0118913 ]
	[RESULT 22] [0.01051905 0.01562776 0.01510871 0.01259646 0.00281388 0.09021742
 0.         0.00832613 0.00510871 0.00021742 0.         0.00851905
 0.00041034 0.01189129]
	[RESULT 23] [0.01686411 0.02332126 0.01645715 0.01374633 0.00666063 0.09291429
 0.         0.00354285 0.00645715 0.00291429 0.         0.01636411
 0.00040696 0.00404285]
	[RESULT 24] [0.01051822 0.01562693 0.01510871 0.01259605 0.00281346 0.09021741
 0.         0.00832612 0.00510871 0.00021741 0.         0.00851822
 0.00040951 0.01189129]
	[RESULT 25] [0.01051572 0.01562463 0.01510891 0.01259449 0.00281232 0.09021783
 0.         0.00832674 0.00510891 0.00021783 0.         0.00851572
 0.0004068  0.01189109]
	[RESULT 26] [0.01051814 0.01562689 0.01510874 0.01259596 0.00281344 0.09021749
 0.         0.00832623 0.00510874 0.00021749 0.         0.00851814
 0.0004094  0.01189126]
	[RESULT 27] [0.01051793 0.01562663 0.0151087  0.01259592 0.00281332 0.0902174
 0.         0.0083261  0.0051087  0.0002174  0.         0.00851793
 0.00040923 0.0118913 ]
	[RESULT 28] [0.01051802 0.01562675 0.01510873 0.01259592 0.00281338 0.09021746
 0.         0.00832618 0.00510873 0.00021746 0.         0.00851802
 0.00040929 0.01189127]
	[RESULT 29] [0.01704493 0.02215381 0.01510887 0.01585916 0.0060769  0.09021775
 0.         0.00832662 0.00510887 0.00021775 0.         0.01504493
 0.00693606 0.01189113]
	[RESULT 30] [0.01922873 0.02356778 0.0172035  0.01380912 0.00821611 0.094407
 0.         0.0027965  0.0072035  0.004407   0.         0.01872873
 0.00202523 0.0032965 ]
