[METRICS]
	[DISEQUILIBRIUM COUNT] 115
[VARIABLES]
	[RESULT 1] [0 5.003082396837543 1 3 19 1086.2790762515358 1]
	[RESULT 2] [1 7.57345598782827 1 2 17 3999.7977795088336 100]
	[RESULT 3] [0 6.8470371170195 1 4 23 1095.1237154686476 1]
	[RESULT 4] [0 49.99981400863762 1 3 24 1000.1900684954585 1]
	[RESULT 5] [1 7.57067303627311 0 1 17 3998.805081565651 71]
	[RESULT 6] [1 49.9937929067726 0 1 24 1000.6435791958007 69]
	[RESULT 7] [0 6.7291215424220985 0 1 7 1190.4379533942454 1]
	[RESULT 8] [1 6.454464296733395 1 2 19 3999.479738181476 100]
	[RESULT 9] [1 5.822064943063589 1 2 19 3999.982201669502 100]
	[RESULT 10] [0 49.64054214850151 1 2 16 3918.949776857243 100]
	[RESULT 11] [1 6.172402334653164 1 2 19 3999.987461849206 99]
	[RESULT 12] [1 5.108140587779755 1 2 19 3999.982201669502 100]
	[RESULT 13] [1 7.712732790442665 0 2 18 3999.763994020236 99]
	[RESULT 14] [1 5.905265693143626 0 1 19 3999.9961988228447 99]
	[RESULT 15] [1 6.386174508270832 1 2 19 1002.0747667888289 99]
	[RESULT 16] [1 5.824907796011841 1 2 19 3999.982201669502 100]
	[RESULT 17] [1 5.251104106473027 1 3 19 3999.7853281889397 100]
	[RESULT 18] [1 5.63481468382325 1 3 19 3714.0387790053655 100]
	[RESULT 19] [1 47.30163294967545 0 1 19 1515.1467223703887 99]
	[RESULT 20] [1 49.61767524764741 1 2 17 3998.73141035228 100]
	[RESULT 21] [1 5.827467471548855 1 2 19 3999.982201669502 100]
	[RESULT 22] [1 5.018229231192563 1 3 19 3999.995760730975 100]
	[RESULT 23] [1 49.83542827006186 1 2 17 3974.7210209237064 100]
	[RESULT 24] [1 6.342908240593586 1 2 19 3999.7977795088336 100]
	[RESULT 25] [1 5.004489683802585 1 1 18 1009.0098083564076 100]
	[RESULT 26] [1 6.455957900016554 1 2 19 3999.9707048102596 100]
	[RESULT 27] [1 7.519537653856283 1 2 19 3999.8236856424 100]
	[RESULT 28] [1 5.891220456764134 0 1 19 3998.776787995396 100]
	[RESULT 29] [1 5.3259938817832975 1 2 19 3999.9807972641906 100]
	[RESULT 30] [1 5.249610730565919 1 3 19 3999.479738181476 100]
[OBJECTIVES]
	[RESULT 1] [1.53973129e-02 2.46180517e-02 1.99846354e-02 7.72170341e-03
 7.69097416e-03 9.99692708e-02 0.00000000e+00 1.53646243e-05
 9.98463538e-03 9.96927075e-03 0.00000000e+00 1.38973129e-02
 4.12677562e-04 6.51536462e-03]
	[RESULT 2] [ 0.01280139 -0.01359781  0.01639921  0.0157495   0.02295109  0.09279841
  0.          0.00680238  0.00639921  0.00279841  0.          0.01480139
 -0.0217994   0.00960079]
	[RESULT 3] [0.01216953 0.01892574 0.01675621 0.01095045 0.00446287 0.09351242
 0.         0.00673136 0.00675621 0.00351242 0.         0.01016953
 0.00041332 0.01024379]
	[RESULT 4] [0.01051532 0.01562402 0.0151087  0.01259462 0.00281201 0.09021739
 0.         0.00882609 0.0051087  0.00021739 0.         0.00901532
 0.00040662 0.0113913 ]
	[RESULT 5] [ 0.02807345  0.00167315  0.0164003   0.02338717  0.01941342  0.09280059
  0.          0.0035997   0.0064003   0.00280059  0.          0.02957345
 -0.00152626  0.0040997 ]
	[RESULT 6] [0.01694037 0.02204908 0.01510871 0.01605712 0.00627454 0.09021742
 0.         0.00517387 0.00510871 0.00021742 0.         0.01544037
 0.00083166 0.00539129]
	[RESULT 7] [0.01725258 0.02408468 0.01683209 0.01337815 0.00704234 0.09366418
 0.         0.00316791 0.00683209 0.00366418 0.         0.01675258
 0.00042049 0.00366791]
	[RESULT 8] [ 0.01247255 -0.01456455  0.0170371   0.01654193  0.02246772  0.09407421
  0.          0.00488869  0.0070371   0.00407421  0.          0.01447255
 -0.02149034  0.0089629 ]
	[RESULT 9] [ 0.01127365 -0.01647049  0.01774414  0.01700303  0.02151475  0.09548828
  0.          0.00276758  0.00774414  0.00548828  0.          0.01327365
 -0.02198221  0.00825586]
	[RESULT 10] [ 0.03399701  0.00888746  0.01510955  0.02466283  0.01555627  0.0902191
  0.          0.00932866  0.00510955  0.0002191   0.          0.03499701
 -0.00289343  0.01089045]
	[RESULT 11] [ 0.02171093 -0.00559067  0.0173016   0.02155787  0.02304533  0.0946032
  0.          0.0040952   0.0073016   0.0046032   0.          0.02371093
 -0.01198747  0.0086984 ]
	[RESULT 12] [ 0.00950572 -0.02000634  0.01951206  0.01877096  0.01974683  0.09902413
  0.          0.00048794  0.00951206  0.00902413  0.          0.01150572
 -0.02198221  0.00648794]
	[RESULT 13] [ 0.01788708 -0.00845963  0.01634672  0.01821362  0.02447982  0.09269343
  0.          0.00365328  0.00634672  0.00269343  0.          0.01988708
 -0.0117662   0.00465328]
	[RESULT 14] [ 0.01637949 -0.01124481  0.01762431  0.01937621  0.02412759  0.09524861
  0.          0.00237569  0.00762431  0.00524861  0.          0.01787949
 -0.0119962   0.00287569]
	[RESULT 15] [0.02330216 0.01960244 0.0170954  0.01625797 0.01044878 0.09419081
 0.         0.00471379 0.0070954  0.00419081 0.         0.02130216
 0.01020675 0.0089046 ]
	[RESULT 16] [ 0.01127792 -0.01646194  0.01773986  0.01699876  0.02151903  0.09547973
  0.          0.00278041  0.00773986  0.00547973  0.          0.01327792
 -0.02198221  0.00826014]
	[RESULT 17] [ 0.01021637 -0.0187801   0.01899647  0.01835289  0.02035995  0.09799294
  0.          0.00100353  0.00899647  0.00799294  0.          0.01271637
 -0.02178716  0.00750353]
	[RESULT 18] [0.03393165 0.0058732  0.01805845 0.0211965  0.0173134  0.0961169
 0.         0.00232465 0.00805845 0.0061169  0.         0.03356835
 0.0009901  0.00844155]
	[RESULT 19] [0.02636449 0.01852004 0.01511547 0.02075904 0.01098998 0.09023094
 0.         0.00515359 0.00511547 0.00023094 0.         0.02486449
 0.01024902 0.00538453]
	[RESULT 20] [ 0.01509772 -0.01001189  0.01510961  0.01496327  0.02474406  0.09021921
  0.          0.00932882  0.00510961  0.00021921  0.          0.01709772
 -0.02079267  0.01089039]
	[RESULT 21] [ 0.01128176 -0.01645427  0.01773603  0.01699492  0.02152287  0.09547205
  0.          0.00279192  0.00773603  0.00547205  0.          0.01328176
 -0.02198221  0.00826397]
	[RESULT 22] [ 9.09375293e-03 -2.08167327e-02  1.99104856e-02  1.91626049e-02
  1.93416337e-02  9.98209712e-02  0.00000000e+00  8.95143777e-05
  9.91048562e-03  9.82097124e-03  0.00000000e+00  1.15937529e-02
 -2.19957614e-02  6.58951438e-03]
	[RESULT 23] [ 0.02646027  0.00135119  0.01510909  0.02064376  0.01957441  0.09021817
  0.          0.00932726  0.00510909  0.00021817  0.          0.02846027
 -0.00943064  0.01089091]
	[RESULT 24] [ 0.0120665 -0.0150676  0.0171341  0.0164844  0.0222162  0.0942682
  0.         0.0045977  0.0071341  0.0042682  0.         0.0140665
 -0.0217994  0.0088659]
	[RESULT 25] [3.38151193e-02 3.83746738e-03 1.99776519e-02 1.83759625e-02
 1.83312663e-02 9.99553038e-02 0.00000000e+00 2.23480832e-05
 9.97765192e-03 9.95530383e-03 0.00000000e+00 3.46848807e-02
 2.79277121e-03 5.52234808e-03]
	[RESULT 26] [ 0.0119934  -0.01504247  0.01703587  0.0163005   0.02222876  0.09407173
  0.          0.0048924   0.00703587  0.00407173  0.          0.0139934
 -0.02197074  0.00896413]
	[RESULT 27] [ 0.01275444 -0.0136662   0.01642064  0.01575818  0.0229169   0.09284128
  0.          0.00673808  0.00642064  0.00284128  0.          0.01475444
 -0.02182492  0.00957936]
	[RESULT 28] [ 0.00752236 -0.02012144  0.0176438   0.01497687  0.01968928  0.09528759
  0.          0.0023562   0.0076438   0.00528759  0.          0.00902236
 -0.02083385  0.0028562 ]
	[RESULT 29] [ 0.01024843 -0.01852232  0.01877076  0.01803035  0.02048884  0.09754151
  0.          0.00122924  0.00877076  0.00754151  0.          0.01224843
 -0.02198081  0.00722924]
	[RESULT 30] [ 0.01050841 -0.01849284  0.01900125  0.01850607  0.02050358  0.09800249
  0.          0.00099875  0.00900125  0.00800249  0.          0.01300841
 -0.02149034  0.00749875]
