[METRICS]
	[DISEQUILIBRIUM COUNT] 18
[VARIABLES]
	[RESULT 1] [0 5.826503652998798 1 1 7 3975.042754613656 87]
	[RESULT 2] [0 6.511763941574585 1 1 6 3918.411352255468 3]
	[RESULT 3] [0 6.663311505109665 1 1 6 1041.124102211933 1]
	[RESULT 4] [0 5.702515754263922 1 1 6 1038.8638241521287 4]
	[RESULT 5] [0 5.001214980022462 1 1 7 2275.915596530764 8]
	[RESULT 6] [0 43.791258162021336 1 1 6 3919.742953677486 88]
	[RESULT 7] [0 30.098184785407355 0 1 7 3997.1114179644833 3]
	[RESULT 8] [0 8.051758901321204 1 1 5 3990.721963790145 3]
	[RESULT 9] [0 29.9581455071111 0 1 9 3867.7113458745184 20]
	[RESULT 10] [0 49.875902213262044 1 4 11 1029.544940703591 3]
	[RESULT 11] [0 9.555641252634677 1 1 6 1032.8344234689628 1]
	[RESULT 12] [0 9.273539609346905 1 1 7 1011.3613451062928 3]
	[RESULT 13] [0 9.395578811240142 1 1 6 1046.1538721661937 1]
	[RESULT 14] [0 49.436891900287634 1 1 6 3971.6564083586586 3]
	[RESULT 15] [0 5.238675621363744 1 1 7 3992.4571841366137 2]
	[RESULT 16] [0 44.35637599611772 1 1 6 3999.89494274559 3]
	[RESULT 17] [0 9.014465272019143 1 1 8 1005.8367848246736 1]
	[RESULT 18] [0 7.804214016798176 0 1 6 3901.6871446623754 6]
	[RESULT 19] [0 9.881131396395709 1 1 5 1006.0240406165137 1]
	[RESULT 20] [0 6.16040688121862 0 1 6 1043.291282778296 37]
	[RESULT 21] [0 27.579978914693235 0 1 7 3972.9923294942837 1]
	[RESULT 22] [0 5.1855969745087815 0 1 9 3867.7113458745184 1]
	[RESULT 23] [0 8.731067252807726 1 1 5 1033.3253657191005 1]
	[RESULT 24] [0 8.765060283536547 1 1 7 1158.6780542909514 1]
	[RESULT 25] [0 38.171908284668845 0 1 6 1014.864435456834 1]
	[RESULT 26] [0 49.70021532893527 1 1 8 1003.7987856116906 1]
	[RESULT 27] [0 9.690921478842291 1 1 7 1003.3720929736488 1]
	[RESULT 28] [0 9.295535896957073 1 1 6 1032.8344234689628 3]
	[RESULT 29] [0 10.213317836072633 1 1 6 1000.3498319187672 1]
	[RESULT 30] [0 9.27963671852573 1 1 7 1008.777968923729 3]
[OBJECTIVES]
	[RESULT 1] [0.02667674 0.01558579 0.01773747 0.01673216 0.01220711 0.09547494
 0.         0.00228759 0.00773747 0.00547494 0.         0.02617674
 0.00906073 0.00776253]
	[RESULT 2] [0.01805838 0.02495099 0.01699063 0.01354324 0.00752451 0.09398127
 0.         0.0045281  0.00699063 0.00398127 0.         0.01755838
 0.00606775 0.00850937]
	[RESULT 3] [0.01228682 0.01916418 0.01687736 0.01082737 0.00458209 0.09375472
 0.         0.00486791 0.00687736 0.00375472 0.         0.01178682
 0.00040946 0.00862264]
	[RESULT 4] [0.01335232 0.02128915 0.01793683 0.00977091 0.00564457 0.09587366
 0.         0.00206317 0.00793683 0.00587366 0.         0.01285232
 0.00041549 0.00756317]
	[RESULT 5] [1.55663160e-02 2.44397515e-02 1.99939325e-02 7.79225932e-03
 7.78012426e-03 9.99878649e-02 0.00000000e+00 6.06752819e-06
 9.99393247e-03 9.98786494e-03 0.00000000e+00 1.50663160e-02
 5.72383575e-04 5.50606753e-03]
	[RESULT 6] [0.01760196 0.02272762 0.01512566 0.0161125  0.00636381 0.09025131
 0.         0.00987697 0.00512566 0.00025131 0.         0.01710196
 0.00747631 0.01037434]
	[RESULT 7] [0.03219373 0.00700214 0.01519158 0.02388424 0.01649893 0.09038317
 0.         0.00492525 0.00519158 0.00038317 0.         0.03269373
 0.00038531 0.00530842]
	[RESULT 8] [0.02967136 0.0140946  0.01623403 0.02048463 0.0129527  0.09246806
 0.         0.0067979  0.00623403 0.00246806 0.         0.02917136
 0.00456267 0.00926597]
	[RESULT 9] [0.01941312 0.02460574 0.01519262 0.01691763 0.00730287 0.09038524
 0.         0.00492215 0.00519262 0.00038524 0.         0.01891312
 0.0042205  0.00530738]
	[RESULT 10] [0.01052172 0.01563071 0.01510899 0.01259738 0.00281536 0.09021798
 0.         0.00832697 0.00510899 0.00021798 0.         0.00852172
 0.00041273 0.01189101]
	[RESULT 11] [0.01130886 0.01720885 0.01589999 0.01180445 0.00360443 0.09179997
 0.         0.00780004 0.00589999 0.00179997 0.         0.01080886
 0.00040888 0.00960001]
	[RESULT 12] [0.0113596  0.01730773 0.01594813 0.01175761 0.00365387 0.09189626
 0.         0.00765561 0.00594813 0.00189626 0.         0.0108596
 0.00041147 0.00955187]
	[RESULT 13] [0.0113365  0.01726318 0.01592668 0.01177822 0.00363159 0.09185337
 0.         0.00771995 0.00592668 0.00185337 0.         0.0108365
 0.00040981 0.00957332]
	[RESULT 14] [0.02203062 0.02285934 0.01511004 0.01835025 0.00857033 0.09022009
 0.         0.00983013 0.00511004 0.00022009 0.         0.02153062
 0.01107942 0.01038996]
	[RESULT 15] [0.03344406 0.00751937 0.01903657 0.01816717 0.01624031 0.09807314
 0.         0.00096343 0.00903657 0.00807314 0.         0.03294406
 0.00359251 0.00646343]
	[RESULT 16] [ 0.03477664  0.00965274  0.0151239   0.02492584  0.01517363  0.09024779
  0.          0.00987169  0.0051239   0.00024779  0.          0.03472336
 -0.00209946  0.0103761 ]
	[RESULT 17] [0.01140413 0.01740124 0.01599712 0.01170639 0.00370062 0.09199423
 0.         0.00750865 0.00599712 0.00199423 0.         0.01090413
 0.00040701 0.00950288]
	[RESULT 18] [0.02159327 0.0220924  0.01631433 0.01632514 0.0089538  0.09262866
 0.         0.00368567 0.00631433 0.00262866 0.         0.02109327
 0.00527894 0.00418567]
	[RESULT 19] [0.0112572  0.01710738 0.01585018 0.01185334 0.00355369 0.09170035
 0.         0.00794947 0.00585018 0.00170035 0.         0.0107572
 0.00040702 0.00964982]
	[RESULT 20] [0.01783649 0.02484913 0.01731438 0.01294668 0.00757543 0.09462876
 0.         0.00268562 0.00731438 0.00462876 0.         0.01733649
 0.00052211 0.00318562]
	[RESULT 21] [0.0274295  0.01735845 0.01521204 0.02089668 0.01132077 0.09042409
 0.         0.00486387 0.00521204 0.00042409 0.         0.0269295
 0.01078254 0.00528796]
	[RESULT 22] [0.02339087 0.01739184 0.01921728 0.01286951 0.01130408 0.09843457
 0.         0.00078272 0.00921728 0.00843457 0.         0.02289087
 0.00710816 0.00421728]
	[RESULT 23] [0.01146576 0.0175226  0.01605684 0.01164761 0.0037613  0.09211369
 0.         0.00732947 0.00605684 0.00211369 0.         0.01096576
 0.00040891 0.00944316]
	[RESULT 24] [0.01146735 0.01751666 0.0160493  0.01165972 0.00375833 0.09209861
 0.         0.00735209 0.0060493  0.00209861 0.         0.01096735
 0.00041805 0.0094507 ]
	[RESULT 25] [0.01555395 0.02070027 0.01514632 0.0150575  0.00535013 0.09029264
 0.         0.00506104 0.00514632 0.00029264 0.         0.01505395
 0.00040763 0.00535368]
	[RESULT 26] [0.01051628 0.01562569 0.01510941 0.01259403 0.00281284 0.09021882
 0.         0.00982823 0.00510941 0.00021882 0.         0.01001628
 0.00040687 0.01039059]
	[RESULT 27] [0.01128543 0.01716403 0.01587859 0.01182483 0.00358201 0.09175718
 0.         0.00786422 0.00587859 0.00175718 0.         0.01078543
 0.00040684 0.00962141]
	[RESULT 28] [0.01135715 0.01730134 0.01594419 0.01176229 0.00365067 0.09188838
 0.         0.00766743 0.00594419 0.00188838 0.         0.01085715
 0.00041296 0.00955581]
	[RESULT 29] [0.01121136 0.01701608 0.01580472 0.01189859 0.00350804 0.09160945
 0.         0.00808583 0.00580472 0.00160945 0.         0.01071136
 0.00040664 0.00969528]
	[RESULT 30] [0.01135833 0.01730536 0.01594703 0.01175861 0.00365268 0.09189407
 0.         0.0076589  0.00594703 0.00189407 0.         0.01085833
 0.00041129 0.00955297]
