[METRICS]
	[DISEQUILIBRIUM COUNT] 1304
[VARIABLES]
	[RESULT 1] [1 5.797958181339958 0 1 10 3978.863955482111 87]
	[RESULT 2] [0 5.553680146122753 1 4 21 1570.1887010677262 60]
	[RESULT 3] [1 5.389210482232462 1 4 24 3999.593952726094 99]
	[RESULT 4] [1 5.000066666754126 0 1 22 3941.6357857601897 98]
	[RESULT 5] [0 10.931055683244313 0 1 21 3991.506220298495 100]
	[RESULT 6] [1 6.793925962567524 0 1 22 3999.99958646993 100]
	[RESULT 7] [1 7.238737568473398 0 4 20 3999.9964096742797 100]
	[RESULT 8] [1 5.160200629496597 1 4 22 3865.7217579380285 100]
	[RESULT 9] [0 9.971325279956389 1 4 24 1852.3823113525777 100]
	[RESULT 10] [0 5.395145200092125 0 1 22 3887.34090322258 97]
	[RESULT 11] [1 5.150361614063899 1 4 22 3887.672937981398 99]
	[RESULT 12] [1 8.092739772850145 1 1 20 3972.114577733233 100]
	[RESULT 13] [1 49.60800105191319 0 1 22 3991.908979771177 100]
	[RESULT 14] [1 5.811238759150047 1 4 24 3981.666329797882 99]
	[RESULT 15] [0 5.979987469002762 0 1 21 1009.8145950030429 62]
	[RESULT 16] [0 10.360859323066402 0 1 22 3865.1439473383098 93]
	[RESULT 17] [0 5.978040525777358 0 1 22 1652.9598547845505 98]
	[RESULT 18] [1 8.513475841529953 0 1 22 3999.9999820929324 100]
	[RESULT 19] [0 8.244695514615936 0 1 22 3990.2605441284227 1]
	[RESULT 20] [0 5.403400684180072 0 4 16 1541.8266197790354 100]
	[RESULT 21] [1 5.696884261670595 0 4 11 3981.154755615846 100]
	[RESULT 22] [1 6.908945831229565 0 4 10 3667.641832989878 100]
	[RESULT 23] [1 47.30265273647047 1 1 1 3863.9767089146326 100]
	[RESULT 24] [1 5.7464538883311205 1 1 24 3998.783387593801 100]
	[RESULT 25] [1 9.316927005030081 0 1 22 3999.9730127314724 99]
	[RESULT 26] [1 6.96600661036684 1 4 9 3906.981434240151 100]
	[RESULT 27] [1 49.88878110857605 0 4 20 3999.985887356588 98]
	[RESULT 28] [1 6.105461203030401 1 1 8 3858.877889377745 99]
	[RESULT 29] [0 6.024532992754814 1 1 21 1039.054753161024 62]
	[RESULT 30] [1 7.843810067725382 0 4 10 3901.180421616258 95]
	[RESULT 31] [1 14.817596726367052 0 1 10 3999.9707238957935 100]
	[RESULT 32] [1 5.643239402435581 0 1 10 3999.998880389566 100]
	[RESULT 33] [1 5.291615506638967 1 1 24 3999.9909443908446 100]
	[RESULT 34] [0 48.75509941140132 1 4 22 3999.9867912408945 93]
	[RESULT 35] [1 47.80978713700855 0 4 10 3981.3091209334284 39]
	[RESULT 36] [0 46.85359619634114 0 1 8 3999.9979211719306 97]
	[RESULT 37] [1 10.117347459076171 0 1 11 1178.7021124520204 6]
	[RESULT 38] [1 5.411571630391499 0 1 22 3999.9982671412677 100]
	[RESULT 39] [1 8.220146763930284 0 4 22 3999.593952726094 99]
	[RESULT 40] [1 49.32565457590067 0 1 20 3981.81896186479 100]
	[RESULT 41] [0 49.29538589218271 1 4 3 1034.896775753346 1]
	[RESULT 42] [1 49.595176021325386 1 1 22 3908.517619789668 4]
	[RESULT 43] [1 5.59884581613475 0 1 22 3999.9999333827122 100]
	[RESULT 44] [1 6.528531127167366 0 4 10 3993.1826727699067 100]
	[RESULT 45] [1 6.012670118286472 0 4 24 3979.9922631677264 98]
	[RESULT 46] [0 49.09816372340512 0 1 3 1996.474552703599 100]
	[RESULT 47] [0 10.387665294637213 1 1 22 1652.9598547845505 39]
	[RESULT 48] [1 9.762260535930674 0 1 18 3971.014836307886 100]
	[RESULT 49] [0 5.596163983417624 0 1 10 3999.762335951759 87]
	[RESULT 50] [1 49.58016826938621 1 1 24 3994.081405126421 100]
	[RESULT 51] [1 49.88920942648222 1 1 24 3971.3272616158565 100]
	[RESULT 52] [1 5.17081308188798 0 1 22 3864.1019611872593 100]
	[RESULT 53] [0 6.257969351099462 1 4 21 1570.1887010677262 58]
	[RESULT 54] [1 34.846604247076485 1 4 20 3985.4149444229984 100]
	[RESULT 55] [1 6.890018599021803 0 1 23 3888.7191115338815 3]
	[RESULT 56] [1 6.465780026198354 1 4 22 3666.3638441075686 99]
	[RESULT 57] [1 7.234617293532238 0 1 10 3965.804051645083 87]
	[RESULT 58] [1 5.959413543723546 0 4 9 3991.313141146004 100]
	[RESULT 59] [1 7.634560854605305 0 4 22 3994.392133549758 100]
	[RESULT 60] [1 5.8674453454266455 0 1 8 3999.9988697311687 100]
	[RESULT 61] [0 10.989196731671427 0 1 21 3996.5022427726526 100]
	[RESULT 62] [1 5.591581884352319 0 1 24 3999.993719426284 100]
	[RESULT 63] [0 5.000401650349079 1 1 7 1389.4339684967335 15]
	[RESULT 64] [1 5.14469561860233 0 1 24 3999.9994671696613 100]
	[RESULT 65] [0 5.509794309791195 1 1 8 3962.046606296659 88]
	[RESULT 66] [1 6.1738141132566335 0 1 10 3996.17118312186 100]
	[RESULT 67] [0 8.244695514615936 0 1 22 3945.853789783771 100]
	[RESULT 68] [1 5.434345580938153 0 1 22 3999.9999537407402 100]
	[RESULT 69] [0 49.97515399184351 1 1 16 1392.016639002399 2]
	[RESULT 70] [0 5.762505702275684 1 1 10 3579.874596461656 96]
	[RESULT 71] [0 6.257969351099462 0 4 9 2203.1546756614484 50]
	[RESULT 72] [1 5.000018518379784 0 1 22 3999.5536838152234 98]
	[RESULT 73] [1 9.873694670294855 0 1 22 3682.1484104336223 99]
	[RESULT 74] [0 9.756503920469935 1 4 16 1247.651654162304 61]
	[RESULT 75] [1 5.5770331315907535 0 1 22 3989.213774185725 100]
	[RESULT 76] [0 10.416013367244776 1 4 24 3978.190162012499 100]
	[RESULT 77] [1 5.237482771587033 0 1 23 3999.9909443908446 99]
	[RESULT 78] [0 7.4252060215120155 0 4 20 1005.7449849000818 6]
	[RESULT 79] [0 7.505300435912453 1 1 7 1423.5593867117261 8]
	[RESULT 80] [0 49.96490516394613 1 1 24 3999.973480050799 100]
	[RESULT 81] [1 5.389210482232462 1 4 16 3970.7273800156872 98]
	[RESULT 82] [0 46.85359619634114 0 1 8 3999.9979211719306 100]
	[RESULT 83] [1 5.6747912298661225 0 1 22 3999.994838420859 100]
	[RESULT 84] [0 5.121901224997307 0 1 21 1036.9408310286317 62]
	[RESULT 85] [1 5.160200629496597 1 4 22 3865.1957995819057 94]
	[RESULT 86] [1 6.323600244030507 0 4 22 3666.3638441075686 99]
	[RESULT 87] [0 49.16789106351508 0 4 8 1184.435149037447 1]
	[RESULT 88] [0 47.416924619516294 1 4 24 3999.8767910694564 100]
	[RESULT 89] [0 5.010932792769754 1 1 21 3945.5069519800245 96]
	[RESULT 90] [1 49.321901691151325 1 4 22 3908.517619789668 4]
	[RESULT 91] [1 5.679950926739336 0 1 22 3999.9931400231626 100]
	[RESULT 92] [1 8.278902865691064 0 4 22 3816.1525233652824 59]
	[RESULT 93] [1 5.533488322359395 0 1 23 3999.9997892991237 100]
	[RESULT 94] [1 5.019712430851978 0 1 22 3989.3754746396135 100]
	[RESULT 95] [1 5.325544121735647 0 1 22 3972.332489690047 100]
	[RESULT 96] [1 9.168892338725975 1 1 22 3967.403653109131 88]
	[RESULT 97] [1 6.254315355113512 0 1 22 3999.99958646993 86]
	[RESULT 98] [0 49.383917594569496 0 1 3 3884.7642944047197 97]
	[RESULT 99] [0 7.5564175467830275 0 1 10 3997.4319879338987 100]
	[RESULT 100] [1 49.669591849702364 0 4 22 3907.497052427912 100]
	[RESULT 101] [1 6.79340907227803 0 4 22 3996.8388004301423 100]
	[RESULT 102] [0 5.200701686771628 0 1 23 3996.5023092434376 100]
	[RESULT 103] [1 5.654612718292809 0 1 7 3999.998876646337 100]
	[RESULT 104] [1 5.4537456202170755 0 1 22 3999.9990812815554 100]
	[RESULT 105] [0 5.314116129015609 1 1 8 1004.6006925095179 71]
	[RESULT 106] [1 5.7464538883311205 0 1 24 3996.0084363657033 100]
	[RESULT 107] [0 6.147394953604686 1 1 21 3894.9037578875223 95]
	[RESULT 108] [1 6.6419602696390365 0 1 23 3977.0579613795408 100]
	[RESULT 109] [1 8.267262227879936 0 4 22 3999.9982671412677 100]
	[RESULT 110] [1 5.823344696864808 1 4 24 3937.885991558298 99]
	[RESULT 111] [1 5.181967819713871 1 4 24 3999.679976734841 99]
	[RESULT 112] [1 48.08951283240934 1 4 18 3986.863473076088 1]
	[RESULT 113] [1 5.454818228427255 1 1 24 3993.1861997557444 100]
	[RESULT 114] [1 14.817596726367052 0 2 22 3894.9432843998975 100]
	[RESULT 115] [0 7.881556667250745 1 1 22 3987.0047409975646 96]
	[RESULT 116] [1 5.002430661960546 0 1 10 3999.9974424238176 100]
	[RESULT 117] [0 5.3842290580907335 0 1 20 1045.3046416671696 7]
	[RESULT 118] [1 5.6747912298661225 0 1 2 3999.994838420859 100]
	[RESULT 119] [1 6.349542750525591 0 1 1 3999.9991437617896 100]
	[RESULT 120] [0 48.371986089755374 0 1 2 1975.0805603210056 94]
[OBJECTIVES]
	[RESULT 1] [0.0337564  0.00846267 0.01778093 0.0204568  0.01601866 0.09556186
 0.         0.00221907 0.00778093 0.00556186 0.         0.0322564
 0.00796267 0.00278093]
	[RESULT 2] [0.01396057 0.02217874 0.01821817 0.00965304 0.00608937 0.09643633
 0.         0.0023455  0.00821817 0.00643633 0.         0.01196057
 0.00074241 0.00878183]
	[RESULT 3] [ 0.02080039 -0.00779878  0.01859917  0.02304895  0.02414939  0.09719833
  0.          0.00140083  0.00859917  0.00719833  0.          0.02380039
 -0.01160044  0.00840083]
	[RESULT 4] [3.48364449e-02 4.83677821e-03 1.99996667e-02 1.78322775e-02
 1.78316109e-02 9.99993334e-02 0.00000000e+00 3.33311550e-07
 9.99966669e-03 9.99933338e-03 0.00000000e+00 3.36635551e-02
 4.33677821e-03 4.99966669e-03]
	[RESULT 5] [ 0.01561843 -0.01010296  0.01572139  0.0163913   0.02494852  0.09144278
  0.          0.00427861  0.00572139  0.00144278  0.          0.01611843
 -0.01566018  0.00477861]
	[RESULT 6] [ 0.00721082 -0.01957878  0.0167896   0.0135398   0.01996061  0.09357919
  0.          0.0032104   0.0067896   0.00357919  0.          0.00871082
 -0.02199959  0.0037104 ]
	[RESULT 7] [ 0.00745978 -0.01908403  0.01654381  0.01329561  0.02020798  0.09308762
  0.          0.00345619  0.00654381  0.00308762  0.          0.01045978
 -0.02199641  0.00545619]
	[RESULT 8] [ 0.03076645  0.00145685  0.0193096   0.02090238  0.01952157  0.0986192
  0.          0.0006904   0.0093096   0.0086192   0.          0.03376645
 -0.00092395  0.0076904 ]
	[RESULT 9] [0.03112501 0.01303766 0.01583734 0.0218065  0.01348117 0.09167467
 0.         0.00948799 0.00583734 0.00167467 0.         0.02912501
 0.00271233 0.01116266]
	[RESULT 10] [0.02812406 0.01329209 0.01858386 0.01618624 0.01335396 0.09716771
 0.         0.00141614 0.00858386 0.00716771 0.         0.02762406
 0.01120791 0.00358386]
	[RESULT 11] [0.02989764 0.0107559  0.01934646 0.01617913 0.01487205 0.09869292
 0.         0.00065354 0.00934646 0.00869292 0.         0.02689764
 0.00844882 0.00765354]
	[RESULT 12] [ 0.02596032 -0.00026135  0.01622168  0.02206267  0.02038068  0.09244335
  0.          0.00683497  0.00622168  0.00244335  0.          0.02746032
 -0.008818    0.00927832]
	[RESULT 13] [ 0.01500307 -0.01010656  0.01510963  0.01491598  0.02469672  0.09021926
  0.          0.00517111  0.00510963  0.00021926  0.          0.01650307
 -0.0158873   0.00539037]
	[RESULT 14] [ 0.03181649  0.00405595  0.01776054  0.02270094  0.01822202  0.09552108
  0.          0.00371838  0.00776054  0.00552108  0.          0.03481649
 -0.00142296  0.00923946]
	[RESULT 15] [0.01824537 0.02422936 0.01752527 0.01283478 0.00788532 0.09505054
 0.         0.00247473 0.00752527 0.00505054 0.         0.01774537
 0.0007201  0.00297473]
	[RESULT 16] [0.02219582 0.02201812 0.01578606 0.01741883 0.00899094 0.09157211
 0.         0.00421394 0.00578606 0.00157211 0.         0.02169582
 0.00640977 0.00471394]
	[RESULT 17] [0.02445791 0.01801434 0.01752775 0.01593732 0.01099283 0.09505551
 0.         0.00247225 0.00752775 0.00505551 0.         0.02395791
 0.00693015 0.00297225]
	[RESULT 18] [ 0.00789222 -0.01821557  0.01610779  0.0128578   0.02064222  0.09221559
  0.          0.00389221  0.00610779  0.00221559  0.          0.00939222
 -0.02199998  0.00439221]
	[RESULT 19] [0.03436901 0.00945305 0.01617794 0.02291759 0.01527348 0.09235588
 0.         0.00382206 0.00617794 0.00235588 0.         0.03386901
 0.00480893 0.00432206]
	[RESULT 20] [0.03118553 0.00262276 0.01856277 0.02156307 0.01868862 0.09712555
 0.         0.00143723 0.00856277 0.00712555 0.         0.03318553
 0.00262276 0.00356277]
	[RESULT 21] [ 0.01679874 -0.01114784  0.01794658  0.02006924  0.02417608  0.09589315
  0.          0.00205342  0.00794658  0.00589315  0.          0.01979874
 -0.01125468  0.00405342]
	[RESULT 22] [0.03053222 0.00381338 0.01671884 0.02490564 0.01834331 0.09343767
 0.         0.00328116 0.00671884 0.00343767 0.         0.03353222
 0.00125105 0.00528116]
	[RESULT 23] [ 0.03499689  0.00988764  0.01511547  0.02492475  0.01530618  0.09023093
  0.          0.0098464   0.00511547  0.00023093  0.          0.03349689
 -0.00088143  0.01038453]
	[RESULT 24] [ 0.01229721 -0.01556573  0.01786294  0.01769302  0.02196713  0.09572589
  0.          0.00213706  0.00786294  0.00572589  0.          0.01379721
 -0.02083985  0.00763706]
	[RESULT 25] [ 0.01808657 -0.00785383  0.01594039  0.01770387  0.02417691  0.09188079
  0.          0.00405961  0.00594039  0.00188079  0.          0.01958657
 -0.01197304  0.00455961]
	[RESULT 26] [ 0.03201845  0.00533269  0.01668577  0.02421212  0.01758366  0.09337154
  0.          0.0069427   0.00668577  0.00337154  0.          0.03498155
 -0.00229578  0.01031423]
	[RESULT 27] [ 0.02223848 -0.00287048  0.01510896  0.01853268  0.02168524  0.09021792
  0.          0.00667312  0.00510896  0.00021792  0.          0.02523848
 -0.00865256  0.00689104]
	[RESULT 28] [0.02713707 0.01548815 0.01737478 0.01775637 0.01250592 0.09474955
 0.         0.00337567 0.00737478 0.00474955 0.         0.02563707
 0.00923771 0.00812522]
	[RESULT 29] [0.01319184 0.02066155 0.01746971 0.01039136 0.00533077 0.09493941
 0.         0.00309088 0.00746971 0.00493941 0.         0.01269184
 0.00072213 0.00803029]
	[RESULT 30] [0.02568179 0.01801741 0.01630079 0.01863971 0.01124129 0.09260159
 0.         0.00369921 0.00630079 0.00260159 0.         0.02268179
 0.008381   0.00569921]
	[RESULT 31] [ 0.00856703 -0.01689518  0.01546221  0.01222683  0.02130241  0.09092442
  0.          0.00453779  0.00546221  0.00092442  0.          0.01006703
 -0.02197076  0.00503779]
	[RESULT 32] [ 0.00595835 -0.02208442  0.01804277  0.01479333  0.01870779  0.09608554
  0.          0.00195723  0.00804277  0.00608554  0.          0.00745835
 -0.02258442  0.00304277]
	[RESULT 33] [ 0.01013793 -0.01873319  0.01887112  0.01812565  0.02038341  0.09774224
  0.          0.00112888  0.00887112  0.00774224  0.          0.01163793
 -0.02199095  0.00662888]
	[RESULT 34] [ 0.03240148  0.00728976  0.01511172  0.02386832  0.01635512  0.09022344
  0.          0.00833516  0.00511172  0.00022344  0.          0.03440148
 -0.0044868   0.01188828]
	[RESULT 35] [0.03074176 0.01414411 0.01511413 0.02294968 0.01317794 0.09022826
 0.         0.00665761 0.00511413 0.00022826 0.         0.02774176
 0.00837237 0.00688587]
	[RESULT 36] [ 0.0248854  -0.00023127  0.01511668  0.02011772  0.02011564  0.09023335
  0.          0.00514997  0.00511668  0.00023335  0.          0.0253854
 -0.00699792  0.00538332]
	[RESULT 37] [0.01724746 0.02306481 0.01581735 0.01514771 0.0067824  0.0916347
 0.         0.00418265 0.00581735 0.0016347  0.         0.01574746
 0.00043011 0.00468265]
	[RESULT 38] [ 0.00545958 -0.02308257  0.01854215  0.01529302  0.01820872  0.0970843
  0.          0.00145785  0.00854215  0.0070843   0.          0.00695958
 -0.02358257  0.00354215]
	[RESULT 39] [ 0.01821476 -0.00797003  0.01618479  0.01813457  0.02423501  0.09236959
  0.          0.00381521  0.00618479  0.00236959  0.          0.02121476
 -0.01160044  0.00581521]
	[RESULT 40] [ 0.01941574 -0.00569457  0.01511031  0.01712334  0.02309729  0.09022063
  0.          0.00516906  0.00511031  0.00022063  0.          0.02091574
 -0.01147395  0.00538969]
	[RESULT 41] [0.01051941 0.0156298  0.01511039 0.01259412 0.0028149  0.09022077
 0.         0.00833116 0.00511039 0.00022077 0.         0.00851941
 0.00040902 0.01188961]
	[RESULT 42] [0.01668146 0.02179113 0.01510966 0.01592624 0.00614556 0.09021932
 0.         0.00982898 0.00510966 0.00021932 0.         0.01518146
 0.0055718  0.01039034]
	[RESULT 43] [ 0.00587281 -0.02225445  0.01812726  0.01487729  0.01862278  0.09625451
  0.          0.00187274  0.00812726  0.00625451  0.          0.00737281
 -0.02275445  0.00312726]
	[RESULT 44] [ 0.01237918 -0.01459825  0.01697743  0.01640574  0.02245087  0.09395487
  0.          0.00302257  0.00697743  0.00395487  0.          0.01537918
 -0.01664338  0.00502257]
	[RESULT 45] [0.03096257 0.00347831 0.01748426 0.02354232 0.01851085 0.09496852
 0.         0.00251574 0.00748426 0.00496852 0.         0.03396257
 0.00244683 0.00451574]
	[RESULT 46] [0.03458103 0.00947016 0.01511087 0.02495682 0.01526492 0.09022174
 0.         0.00516739 0.00511087 0.00022174 0.         0.03491897
 0.00269189 0.00538913]
	[RESULT 47] [0.01136883 0.01715158 0.01578276 0.01201027 0.00357579 0.09156552
 0.         0.00815172 0.00578276 0.00156552 0.         0.01086883
 0.00058607 0.00971724]
	[RESULT 48] [ 0.02155503 -0.00431268  0.01586772  0.01932909  0.02240634  0.09173543
  0.          0.00413228  0.00586772  0.00173543  0.          0.02305503
 -0.00857725  0.00463228]
	[RESULT 49] [ 0.02567434 -0.00245817  0.01813251  0.02496406  0.02122908  0.09626502
  0.          0.00186749  0.00813251  0.00626502  0.          0.02617434
 -0.00395817  0.00313251]
	[RESULT 50] [ 0.01867593 -0.00643377  0.0151097   0.01675251  0.02346688  0.09021939
  0.          0.00982909  0.0051097   0.00021939  0.          0.02017593
 -0.01721437  0.0103903 ]
	[RESULT 51] [ 0.0272464   0.00213744  0.01510896  0.02103664  0.01918128  0.09021792
  0.          0.00982687  0.00510896  0.00021792  0.          0.0287464
 -0.00864465  0.01039104]
	[RESULT 52] [ 0.02584502 -0.00342552  0.01927054  0.02342169  0.02196276  0.09854107
  0.          0.00072946  0.00927054  0.00854107  0.          0.02734502
 -0.00392552  0.00427054]
	[RESULT 53] [0.0129341  0.02014848 0.01721438 0.01064548 0.00507424 0.09442876
 0.         0.00535686 0.00721438 0.00442876 0.         0.0109341
 0.00071972 0.00978562]
	[RESULT 54] [ 0.02304912 -0.00211297  0.01516209  0.0190177   0.02130649  0.09032418
  0.          0.00848628  0.00516209  0.00032418  0.          0.02604912
 -0.01278879  0.01183791]
	[RESULT 55] [0.02252029 0.02074962 0.01673009 0.01641501 0.00987519 0.09346019
 0.         0.00326991 0.00673009 0.00346019 0.         0.02102029
 0.0047902  0.00376991]
	[RESULT 56] [0.02477047 0.01820177 0.01702776 0.0170936  0.01114911 0.09405551
 0.         0.00591673 0.00702776 0.00405551 0.         0.02177047
 0.01125729 0.00997224]
	[RESULT 57] [0.0295325  0.01392172 0.01654578 0.02019759 0.01328914 0.09309156
 0.         0.00345422 0.00654578 0.00309156 0.         0.0280325
 0.01101327 0.00395422]
	[RESULT 58] [ 0.01289499 -0.0146568   0.01755178  0.01752517  0.0224216   0.09510357
  0.          0.00244822  0.00755178  0.00510357  0.          0.01589499
 -0.01555323  0.00444822]
	[RESULT 59] [ 0.01220473 -0.01417095  0.01637568  0.01541589  0.02266452  0.09275136
  0.          0.00362432  0.00637568  0.00275136  0.          0.01520473
 -0.01741959  0.00562432]
	[RESULT 60] [ 0.00632368 -0.02135378  0.01767745  0.01442802  0.01907311  0.09535491
  0.          0.00232255  0.00767745  0.00535491  0.          0.00782368
 -0.02199887  0.00282255]
	[RESULT 61] [ 0.01235306 -0.01336233  0.01571539  0.01474961  0.02331883  0.09143078
  0.          0.00428461  0.00571539  0.00143078  0.          0.01285306
 -0.01893155  0.00478461]
	[RESULT 62] [ 0.00586475 -0.02227678  0.01814153  0.01489467  0.01861161  0.09628306
  0.          0.00185847  0.00814153  0.00628306  0.          0.00736475
 -0.02277678  0.00314153]
	[RESULT 63] [1.54676914e-02 2.45343160e-02 1.99979926e-02 7.73685687e-03
 7.73284198e-03 9.99959851e-02 0.00000000e+00 2.00744545e-06
 9.99799255e-03 9.99598511e-03 0.00000000e+00 1.49676914e-02
 4.69698850e-04 5.50200745e-03]
	[RESULT 64] [ 0.00463256 -0.02473541  0.01936797  0.01611824  0.01738229  0.09873595
  0.          0.00063203  0.00936797  0.00873595  0.          0.00613256
 -0.02523541  0.00436797]
	[RESULT 65] [0.02477815 0.01691014 0.01831171 0.01492151 0.01154493 0.09662342
 0.         0.00168829 0.00831171 0.00662342 0.         0.02427815
 0.01146644 0.00718829]
	[RESULT 66] [ 0.0100202  -0.01727991  0.0173001   0.01571026  0.02111005  0.09460021
  0.          0.0026999   0.0073001   0.00460021  0.          0.0115202
 -0.0186797   0.0031999 ]
	[RESULT 67] [ 0.02592528 -0.00025266  0.01617794  0.02222955  0.02012633  0.09235588
  0.          0.00382206  0.00617794  0.00235588  0.          0.02642528
 -0.00489678  0.00432206]
	[RESULT 68] [ 0.00551414 -0.02297177  0.01848591  0.01523593  0.01826411  0.09697182
  0.          0.00151409  0.00848591  0.00697182  0.          0.00701414
 -0.02347177  0.00348591]
	[RESULT 69] [0.01054815 0.0156569  0.01510875 0.01261094 0.00282845 0.09021751
 0.         0.00982626 0.00510875 0.00021751 0.         0.01004815
 0.00043939 0.01039125]
	[RESULT 70] [0.01824097 0.02392216 0.01783687 0.01236518 0.00803892 0.09567374
 0.         0.00216313 0.00783687 0.00567374 0.         0.01774097
 0.0054041  0.00766313]
	[RESULT 71] [0.01794959 0.02483603 0.01721438 0.01315323 0.00758199 0.09442876
 0.         0.00278562 0.00721438 0.00442876 0.         0.01594959
 0.00073522 0.00478562]
	[RESULT 72] [ 1.77719139e-02 -1.22279935e-02  1.99999074e-02  2.36358181e-02
  2.36360033e-02  9.99998148e-02  0.00000000e+00  9.25901843e-08
  9.99990741e-03  9.99981482e-03  0.00000000e+00  1.92719139e-02
 -1.27279935e-02  4.99990741e-03]
	[RESULT 73] [0.0286742  0.01547455 0.01585125 0.02081022 0.01251273 0.09170251
 0.         0.00414875 0.00585125 0.00170251 0.         0.0271742
 0.01117705 0.00464875]
	[RESULT 74] [0.01159362 0.0174622  0.01586858 0.01199393 0.0037311  0.09173717
 0.         0.00939425 0.00586858 0.00173717 0.         0.00959362
 0.00072503 0.01113142]
	[RESULT 75] [ 0.01336467 -0.01480584  0.01817051  0.0186881   0.02234708  0.09634102
  0.          0.00182949  0.00817051  0.00634102  0.          0.01486467
 -0.01530584  0.00317051]
	[RESULT 76] [ 2.58688058e-02  8.95056484e-05  1.57793001e-02  2.16033531e-02
  1.99552472e-02  9.15586002e-02  0.00000000e+00  9.66209963e-03
  5.77930012e-03  1.55860024e-03  0.00000000e+00  2.78688058e-02
 -1.03518941e-02  1.12206999e-02]
	[RESULT 77] [ 0.01496859 -0.01407187  0.01904046  0.02079499  0.02271407  0.09808092
  0.          0.00095954  0.00904046  0.00808092  0.          0.01646859
 -0.01457187  0.00404046]
	[RESULT 78] [0.0168773  0.02333706 0.01645977 0.013749   0.00666853 0.09291953
 0.         0.00354023 0.00645977 0.00291953 0.         0.0148773
 0.00041753 0.00554023]
	[RESULT 79] [0.01188172 0.01830813 0.01642641 0.01130124 0.00415406 0.09285282
 0.         0.00622077 0.00642641 0.00285282 0.         0.01138172
 0.00045531 0.00907359]
	[RESULT 80] [ 0.01491771 -0.01019107  0.01510878  0.01512202  0.02490447  0.09021756
  0.          0.00982634  0.00510878  0.00021756  0.          0.01541771
 -0.02197351  0.01039122]
	[RESULT 81] [0.03278177 0.00861906 0.01859917 0.01874213 0.01594047 0.09719833
 0.         0.00140083 0.00859917 0.00719833 0.         0.02978177
 0.0048174  0.00840083]
	[RESULT 82] [ 0.0098854  -0.01523127  0.01511668  0.01261772  0.02238436  0.09023335
  0.          0.00514997  0.00511668  0.00023335  0.          0.0103854
 -0.02199792  0.00538332]
	[RESULT 83] [ 0.00601971 -0.02196573  0.01798545  0.01473803  0.01876713  0.09597089
  0.          0.00201455  0.00798545  0.00597089  0.          0.00751971
 -0.02246573  0.00298545]
	[RESULT 84] [0.02017871 0.02036457 0.01945672 0.01090427 0.00981771 0.09891344
 0.         0.00054328 0.00945672 0.00891344 0.         0.01967871
 0.00413543 0.00445672]
	[RESULT 85] [0.02207778 0.01861262 0.0193096  0.01232449 0.01094369 0.0986192
 0.         0.0006904  0.0093096  0.0086192  0.         0.01907778
 0.00676818 0.0076904 ]
	[RESULT 86] [0.02989455 0.01295362 0.01715183 0.01946952 0.01377319 0.09430367
 0.         0.00284817 0.00715183 0.00430367 0.         0.02689455
 0.01125729 0.00484817]
	[RESULT 87] [0.01553072 0.02064142 0.0151107  0.01509932 0.00532071 0.0902214
 0.         0.00666791 0.0051107  0.0002214  0.         0.01353072
 0.00042003 0.0068893 ]
	[RESULT 88] [ 0.01500744 -0.01010772  0.01511516  0.01517646  0.02494614  0.09023032
  0.          0.00834549  0.00511516  0.00023032  0.          0.01700744
 -0.0218774   0.01188484]
	[RESULT 89] [2.68082500e-02 1.32458228e-02 1.99459272e-02 1.34852342e-02
 1.33770886e-02 9.98918544e-02 0.00000000e+00 5.40727972e-05
 9.94592720e-03 9.89185441e-03 0.00000000e+00 2.63082500e-02
 1.11376772e-02 5.55407280e-03]
	[RESULT 90] [0.01668213 0.02179245 0.01511032 0.01592558 0.00614622 0.09022064
 0.         0.00833097 0.00511032 0.00022064 0.         0.01368213
 0.0055718  0.01188968]
	[RESULT 91] [ 0.00603058 -0.0219457   0.01797628  0.01472971  0.01877715  0.09595255
  0.          0.00202372  0.00797628  0.00595255  0.          0.00753058
 -0.0224457   0.00297628]
	[RESULT 92] [0.02063733 0.02319415 0.01616852 0.01631588 0.00865293 0.09233705
 0.         0.00383148 0.00616852 0.00233705 0.         0.01763733
 0.00346881 0.00583148]
	[RESULT 93] [ 0.00573967 -0.02252087  0.01826054  0.01501065  0.01848957  0.09652108
  0.          0.00173946  0.00826054  0.00652108  0.          0.00723967
 -0.02302087  0.00326054]
	[RESULT 94] [ 1.15525634e-02 -1.83507798e-02  1.99033432e-02  2.03812965e-02
  2.05746101e-02  9.98066864e-02  0.00000000e+00  9.66568135e-05
  9.90334319e-03  9.80668637e-03  0.00000000e+00  1.30525634e-02
 -1.88507798e-02  4.90334319e-03]
	[RESULT 95] [ 0.01836107 -0.01041097  0.01877204  0.02208859  0.02454451  0.09754407
  0.          0.00122796  0.00877204  0.00754407  0.          0.01986107
 -0.01091097  0.00377204]
	[RESULT 96] [0.02435717 0.01967551 0.01596733 0.0184776  0.01041225 0.09193465
 0.         0.00759802 0.00596733 0.00193465 0.         0.02285717
 0.01061016 0.00953267]
	[RESULT 97] [ 0.02544911 -0.00176886  0.01721797  0.02330151  0.02113443  0.09443594
  0.          0.00278203  0.00721797  0.00443594  0.          0.02694911
 -0.00333292  0.00328203]
	[RESULT 98] [0.02456695 0.02032288 0.01511017 0.01961822 0.00983856 0.09022034
 0.         0.00516949 0.00511017 0.00022034 0.         0.02406695
 0.00945678 0.00538983]
	[RESULT 99] [ 0.01092289 -0.01548302  0.01640591  0.01507031  0.02225849  0.09281182
  0.          0.00359409  0.00640591  0.00281182  0.          0.01142289
 -0.0196712   0.00409409]
	[RESULT 100] [ 0.0285715   0.00346202  0.01510948  0.02169997  0.01851899  0.09021896
  0.          0.00667155  0.00510948  0.00021896  0.          0.0315715
 -0.00231902  0.00689052]
	[RESULT 101] [ 0.01001642 -0.01677351  0.01678993  0.0149431   0.02136324  0.09357986
  0.          0.00321007  0.00678993  0.00357986  0.          0.01301642
 -0.01919366  0.00521007]
	[RESULT 102] [ 0.00890417 -0.02026006  0.01916423  0.01819843  0.01986997  0.09832846
  0.          0.00083577  0.00916423  0.00832846  0.          0.00940417
 -0.02176006  0.00416423]
	[RESULT 103] [ 0.00597927 -0.02204259  0.01802186  0.01477242  0.01872871  0.09604371
  0.          0.00197814  0.00802186  0.00604371  0.          0.00747927
 -0.02254259  0.00302186]
	[RESULT 104] [ 0.00556153 -0.02287786  0.01843939  0.01518985  0.01831107  0.09687878
  0.          0.00156061  0.00843939  0.00687878  0.          0.00706153
 -0.02337786  0.00343939]
	[RESULT 105] [0.01467843 0.02348327 0.01880484 0.00913196 0.00674164 0.09760968
 0.         0.00119516 0.00880484 0.00760968 0.         0.01417843
 0.00087359 0.00669516]
	[RESULT 106] [ 0.00957906 -0.01828388  0.01786294  0.01633395  0.02060806  0.09572589
  0.          0.00213706  0.00786294  0.00572589  0.          0.01107906
 -0.01878388  0.00286294]
	[RESULT 107] [0.02046587 0.02220573 0.0173284  0.01424033 0.00889714 0.09465681
 0.         0.00351479 0.0073284  0.00465681 0.         0.01996587
 0.00813747 0.0081716 ]
	[RESULT 108] [ 0.01907089 -0.00782164  0.01689253  0.01962425  0.02416082  0.09378507
  0.          0.00310747  0.00689253  0.00378507  0.          0.02057089
 -0.01003658  0.00360747]
	[RESULT 109] [ 0.00783002 -0.01834169  0.01617171  0.01292258  0.02057915  0.09234342
  0.          0.00382829  0.00617171  0.00234342  0.          0.01083002
 -0.02199827  0.00582829]
	[RESULT 110] [0.03091672 0.01134107 0.01774221 0.01909504 0.01457947 0.09548443
 0.         0.00377336 0.00774221 0.00548443 0.         0.02791672
 0.00582549 0.00925779]
	[RESULT 111] [ 0.02008574 -0.00914449  0.01923023  0.02363822  0.02482224  0.09846047
  0.          0.00076977  0.00923023  0.00846047  0.          0.02308574
 -0.01168402  0.00776977]
	[RESULT 112] [0.02770189 0.0171847  0.01511341 0.02143084 0.01165765 0.09022681
 0.         0.00834022 0.00511341 0.00022681 0.         0.02470189
 0.00641151 0.01188659]
	[RESULT 113] [ 0.01591758 -0.01251927  0.01843686  0.02036407  0.02349036  0.09687371
  0.          0.00156314  0.00843686  0.00687371  0.          0.01741758
 -0.01664556  0.00706314]
	[RESULT 114] [ 0.02873219  0.00326998  0.01546221  0.02230941  0.01861501  0.09092442
  0.          0.00461337  0.00546221  0.00092442  0.          0.03073219
 -0.0018056   0.00553779]
	[RESULT 115] [0.03173756 0.01197429 0.01628814 0.02143657 0.01401285 0.09257629
 0.         0.00663557 0.00628814 0.00257629 0.         0.03123756
 0.00255058 0.00921186]
	[RESULT 116] [ 4.01468116e-03 -2.59731950e-02  1.99878762e-02  1.67391548e-02
  1.67634025e-02  9.99757523e-02  0.00000000e+00  1.21238408e-05
  9.98787616e-03  9.97575232e-03  0.00000000e+00  5.51468116e-03
 -2.64731950e-02  4.98787616e-03]
	[RESULT 117] [0.01903464 0.02235324 0.01861212 0.01159914 0.00882338 0.09722424
 0.         0.00138788 0.00861212 0.00722424 0.         0.01853464
 0.00214676 0.00361212]
	[RESULT 118] [ 0.00601971 -0.02196573  0.01798545  0.01473803  0.01876713  0.09597089
  0.          0.00201455  0.00798545  0.00597089  0.          0.00751971
 -0.02246573  0.00298545]
	[RESULT 119] [ 0.00687278 -0.02025529  0.01712807  0.0138785   0.01962235  0.09425615
  0.          0.00287193  0.00712807  0.00425615  0.          0.00837278
 -0.02199914  0.00337193]
	[RESULT 120] [0.01827472 0.0233874  0.01511268 0.01646833 0.0066937  0.09022537
 0.         0.00516195 0.00511268 0.00022537 0.         0.01777472
 0.00316203 0.00538732]
