[METRICS]
	[DISEQUILIBRIUM COUNT] 18
[VARIABLES]
	[RESULT 1] [1 5.748909773988183 0 2 9 3966.993644008213 8]
	[RESULT 2] [0 10.47417415226716 0 1 19 3993.220850578941 45]
	[RESULT 3] [0 6.678810900217973 0 1 19 1025.1128952838299 45]
	[RESULT 4] [0 47.428047679070076 0 1 0 1013.2644322695849 11]
	[RESULT 5] [0 6.243021634303723 0 4 18 3996.356466541306 9]
	[RESULT 6] [1 7.019086847707667 1 4 9 3886.3246666889913 8]
	[RESULT 7] [1 5.113164991877382 1 4 0 3972.247774057856 9]
	[RESULT 8] [0 49.999586824398776 1 4 18 1000.2922856449471 1]
	[RESULT 9] [1 5.10248052336355 1 4 24 3996.4439419920095 1]
	[RESULT 10] [0 21.102793332121554 0 1 23 3999.9944795755755 88]
	[RESULT 11] [0 49.999758092786315 1 4 0 1000.3554526464441 1]
	[RESULT 12] [0 49.999586824398776 1 4 19 1000.2922856449471 1]
	[RESULT 13] [1 49.007513181110255 1 2 1 3999.409069014639 7]
	[RESULT 14] [0 5.661056364468154 1 4 9 1003.6173556502172 1]
	[RESULT 15] [0 49.999860019335074 1 4 19 1000.1068371441039 1]
	[RESULT 16] [0 48.72465054474922 0 1 19 3964.2281382149667 1]
	[RESULT 17] [0 49.99983046753498 1 4 1 1000.2199764126142 1]
	[RESULT 18] [1 49.89397010178819 1 4 19 3927.644302009826 8]
	[RESULT 19] [0 49.99970029096559 1 4 21 1000.1826610221038 1]
	[RESULT 20] [0 49.9990371934389 1 1 18 1000.3080057468162 1]
	[RESULT 21] [1 49.73195541680956 1 4 1 3991.518856849763 10]
	[RESULT 22] [0 49.99970023685798 1 4 24 1000.095043675513 1]
	[RESULT 23] [0 5.0001209961323765 1 1 19 1076.8650031783457 1]
	[RESULT 24] [0 49.9990218499164 1 4 18 1000.2730814226243 1]
	[RESULT 25] [0 5.8656580903023805 1 4 21 3968.8147956813004 89]
	[RESULT 26] [0 49.9998908600545 1 4 24 1000.0221456866807 1]
	[RESULT 27] [0 6.920284046141518 1 1 1 1002.2251042619571 1]
	[RESULT 28] [0 49.9990218499164 1 4 1 1000.2730814226243 1]
	[RESULT 29] [0 49.99921433939761 1 4 21 1000.1048757193389 1]
	[RESULT 30] [0 49.999593437843096 1 4 18 1000.2928438873209 1]
[OBJECTIVES]
	[RESULT 1] [0.02984866 0.01229242 0.01785892 0.01838594 0.01410379 0.09571785
 0.         0.00214108 0.00785892 0.00571785 0.         0.02784866
 0.01098974 0.00314108]
	[RESULT 2] [0.03420357 0.00843128 0.0157723  0.02423976 0.01578436 0.0915446
 0.         0.0042277  0.0057723  0.0015446  0.         0.03470357
 0.00297587 0.0047277 ]
	[RESULT 3] [0.01743198 0.02429848 0.0168665  0.01341624 0.00714924 0.093733
 0.         0.0031335  0.0068665  0.003733   0.         0.01693198
 0.00056548 0.0036335 ]
	[RESULT 4] [0.01554488 0.02066001 0.01511513 0.01509974 0.00533    0.09023027
 0.         0.0051546  0.00511513 0.00023027 0.         0.01504488
 0.00042974 0.00538487]
	[RESULT 5] [0.03073354 0.0035044  0.01722914 0.02378953 0.0182478  0.09445827
 0.         0.00277086 0.00722914 0.00445827 0.         0.03273354
 0.00096268 0.00477086]
	[RESULT 6] [0.01737811 0.02403424 0.01665613 0.01395486 0.00726712 0.09331226
 0.         0.00703161 0.00665613 0.00331226 0.         0.01437811
 0.00472198 0.01034387]
	[RESULT 7] [0.02755693 0.01295137 0.0194917  0.01479092 0.01377431 0.09898339
 0.         0.0005083  0.0094917  0.00898339 0.         0.02455693
 0.01093477 0.0075083 ]
	[RESULT 8] [0.01051533 0.01562402 0.0151087  0.01259462 0.00281201 0.09021739
 0.         0.00832609 0.0051087  0.00021739 0.         0.00851533
 0.00040663 0.0118913 ]
	[RESULT 9] [0.032378   0.00284277 0.01953523 0.01975816 0.01882861 0.09907046
 0.         0.00046477 0.00953523 0.00907046 0.         0.034622
 0.00091323 0.00746477]
	[RESULT 10] [ 0.02817471  0.00288236  0.01529235  0.02202588  0.01855882  0.0905847
  0.          0.00470765  0.00529235  0.0005847   0.          0.02867471
 -0.00353294  0.00520765]
	[RESULT 11] [0.01051533 0.01562403 0.0151087  0.01259462 0.00281201 0.09021739
 0.         0.00832609 0.0051087  0.00021739 0.         0.00851533
 0.00040664 0.0118913 ]
	[RESULT 12] [0.01051533 0.01562402 0.0151087  0.01259462 0.00281201 0.09021739
 0.         0.00832609 0.0051087  0.00021739 0.         0.00851533
 0.00040663 0.0118913 ]
	[RESULT 13] [ 0.03425343  0.00914233  0.01511109  0.02454335  0.01567883  0.09022219
  0.          0.00933328  0.00511109  0.00022219  0.          0.03374657
 -0.00163548  0.01088891]
	[RESULT 14] [0.01341699 0.02142712 0.01801013 0.0096933  0.00571356 0.09602027
 0.         0.0029696  0.00801013 0.00602027 0.         0.01141699
 0.00040686 0.00898987]
	[RESULT 15] [0.01051531 0.01562401 0.0151087  0.01259461 0.00281201 0.09021739
 0.         0.00832609 0.0051087  0.00021739 0.         0.00851531
 0.00040662 0.0118913 ]
	[RESULT 16] [0.02559616 0.01929204 0.0151118  0.02013039 0.01035398 0.09022359
 0.         0.00516461 0.0051118  0.00022359 0.         0.02509616
 0.01048436 0.0053882 ]
	[RESULT 17] [0.01051532 0.01562402 0.0151087  0.01259462 0.00281201 0.09021739
 0.         0.00832609 0.0051087  0.00021739 0.         0.00851532
 0.00040663 0.0118913 ]
	[RESULT 18] [0.01774376 0.02285271 0.01510895 0.01645846 0.00667635 0.09021789
 0.         0.00832684 0.00510895 0.00021789 0.         0.01474376
 0.00663481 0.01189105]
	[RESULT 19] [0.01051532 0.01562402 0.0151087  0.01259462 0.00281201 0.09021739
 0.         0.00832609 0.0051087  0.00021739 0.         0.00851532
 0.00040662 0.0118913 ]
	[RESULT 20] [0.01051533 0.01562403 0.0151087  0.01259462 0.00281201 0.0902174
 0.         0.00982609 0.0051087  0.0002174  0.         0.01001533
 0.00040663 0.0103913 ]
	[RESULT 21] [0.02999634 0.01489433 0.01510933 0.02258417 0.01280283 0.09021867
 0.         0.008328   0.00510933 0.00021867 0.         0.02699634
 0.004113   0.01189067]
	[RESULT 22] [0.01051531 0.01562401 0.0151087  0.01259461 0.00281201 0.09021739
 0.         0.00832609 0.0051087  0.00021739 0.         0.00851531
 0.00040662 0.0118913 ]
	[RESULT 23] [1.54113935e-02 2.45892114e-02 1.99993951e-02 7.70660412e-03
 7.70539431e-03 9.99987902e-02 0.00000000e+00 6.04907470e-07
 9.99939509e-03 9.99879019e-03 0.00000000e+00 1.49113935e-02
 4.11998433e-04 5.50060491e-03]
	[RESULT 24] [0.01051533 0.01562403 0.0151087  0.01259462 0.00281201 0.0902174
 0.         0.00832609 0.0051087  0.0002174  0.         0.00851533
 0.00040663 0.0118913 ]
	[RESULT 25] [0.02547061 0.01684937 0.01768002 0.01621528 0.01157532 0.09536004
 0.         0.00395994 0.00768002 0.00536004 0.         0.02347061
 0.01020941 0.00931998]
	[RESULT 26] [0.01051531 0.015624   0.0151087  0.01259461 0.002812   0.09021739
 0.         0.00832609 0.0051087  0.00021739 0.         0.00851531
 0.00040661 0.0118913 ]
	[RESULT 27] [0.01211893 0.01883109 0.01671216 0.01099122 0.00441554 0.09342432
 0.         0.00536351 0.00671216 0.00342432 0.         0.01161893
 0.00040676 0.00878784]
	[RESULT 28] [0.01051533 0.01562403 0.0151087  0.01259462 0.00281201 0.0902174
 0.         0.00832609 0.0051087  0.0002174  0.         0.00851533
 0.00040663 0.0118913 ]
	[RESULT 29] [0.01051532 0.01562401 0.0151087  0.01259461 0.00281201 0.0902174
 0.         0.00832609 0.0051087  0.0002174  0.         0.00851532
 0.00040662 0.0118913 ]
	[RESULT 30] [0.01051533 0.01562402 0.0151087  0.01259462 0.00281201 0.09021739
 0.         0.00832609 0.0051087  0.00021739 0.         0.00851533
 0.00040663 0.0118913 ]
