[METRICS]
	[DISEQUILIBRIUM COUNT] 1410
[VARIABLES]
	[RESULT 1] [1 44.84760714244161 0 4 18 3919.4883665581638 98]
	[RESULT 2] [0 5.5401708470247915 1 4 18 3963.6567453314083 2]
	[RESULT 3] [0 42.50230099980747 1 4 18 3988.112010421469 100]
	[RESULT 4] [0 5.996321909925734 0 4 4 3914.0431972161336 70]
	[RESULT 5] [0 6.17055734021336 0 4 16 3999.1354047896093 100]
	[RESULT 6] [0 7.28689263632223 0 1 0 1995.4135924195584 92]
	[RESULT 7] [1 7.457337727284821 0 1 23 3997.261038807087 100]
	[RESULT 8] [0 5.000122156868629 1 1 23 1948.938245148892 35]
	[RESULT 9] [0 6.837249874761642 0 1 4 3993.916947829798 100]
	[RESULT 10] [0 5.374977382122452 1 4 4 3999.8207692905594 100]
	[RESULT 11] [0 6.559579013710727 1 4 16 1002.7589373111551 36]
	[RESULT 12] [1 6.0863642019992215 0 4 9 3996.995888983258 99]
	[RESULT 13] [1 7.95539267929068 0 4 20 3999.9857924039234 100]
	[RESULT 14] [0 5.000028591219641 1 4 24 3956.344050802361 94]
	[RESULT 15] [1 5.587288612781599 0 1 21 3999.99778814203 100]
	[RESULT 16] [0 7.893680420247539 0 4 24 1160.0426676860138 1]
	[RESULT 17] [0 5.853566036463958 1 4 4 3908.6402388079496 100]
	[RESULT 18] [0 49.999819853426814 1 1 2 3996.543283916158 100]
	[RESULT 19] [0 49.971662050171744 1 1 19 3999.7344758395734 35]
	[RESULT 20] [0 5.5401708470247915 1 4 18 3471.3706545834557 3]
	[RESULT 21] [1 5.587030513998266 0 1 21 3999.997293907738 100]
	[RESULT 22] [1 5.141621969009993 0 4 21 3775.7590308488707 99]
	[RESULT 23] [1 46.3402570405869 1 3 18 3933.1968726955174 98]
	[RESULT 24] [0 6.23855777046461 0 4 4 3995.250803025065 100]
	[RESULT 25] [1 5.000012650691838 1 4 24 3999.3674465207596 100]
	[RESULT 26] [0 10.665755374870226 1 4 14 3968.3804257887155 100]
	[RESULT 27] [0 7.977335615892796 1 1 22 1604.0117790142149 15]
	[RESULT 28] [1 7.336473900059488 1 1 19 3742.0010503541384 99]
	[RESULT 29] [1 5.192371275199932 0 1 0 3992.9268875818366 100]
	[RESULT 30] [1 6.34939087169262 0 1 3 3999.9998255379664 100]
	[RESULT 31] [1 5.726999771743694 1 1 14 3999.9935446937056 99]
	[RESULT 32] [0 5.436334949477543 0 1 21 3697.1934537548545 95]
	[RESULT 33] [1 48.64549883730977 0 4 16 3948.5706801549827 100]
	[RESULT 34] [0 44.399376266967366 0 1 3 3996.233277309902 100]
	[RESULT 35] [1 5.665517149481232 0 1 20 3999.9964652327426 100]
	[RESULT 36] [0 6.061147005981444 1 4 24 3976.9528768757855 94]
	[RESULT 37] [0 49.953236503664776 0 1 20 2258.7370090747354 8]
	[RESULT 38] [0 7.243716361952743 1 1 18 3876.6241525140144 13]
	[RESULT 39] [1 5.143424596095834 0 1 16 3999.992168498456 100]
	[RESULT 40] [1 5.526717923926254 0 1 0 3999.999676709578 100]
	[RESULT 41] [1 8.870629235474802 0 4 1 3980.7735880815485 70]
	[RESULT 42] [1 12.62581234947335 0 1 16 3999.9944418324467 100]
	[RESULT 43] [1 5.001054981138601 0 1 23 3999.9972742016857 100]
	[RESULT 44] [1 10.41968420340369 0 1 3 3999.9998283536406 99]
	[RESULT 45] [1 7.69999279575646 1 1 3 3965.4796278708695 100]
	[RESULT 46] [0 6.63427358660792 1 1 24 3951.470870270285 100]
	[RESULT 47] [1 8.803492340288917 0 1 23 3999.9964652327426 100]
	[RESULT 48] [0 5.9328916968796745 0 1 8 1693.873349084404 1]
	[RESULT 49] [0 49.10221676488467 1 4 18 2012.2686114324624 8]
	[RESULT 50] [0 49.87443613905537 1 1 24 3890.0006216444035 21]
	[RESULT 51] [0 46.778853616288075 0 4 19 2118.9498489109596 8]
	[RESULT 52] [0 7.263368395545425 1 4 18 1176.06521972492 100]
	[RESULT 53] [1 5.6627270955007365 0 1 20 3999.9999550217935 100]
	[RESULT 54] [0 5.0063261094401295 1 4 24 3988.5577618398966 94]
	[RESULT 55] [1 14.890564358733391 1 1 14 3999.9991362503542 99]
	[RESULT 56] [0 8.205765513253816 1 1 4 3999.9770592625646 13]
	[RESULT 57] [0 49.971662050171744 0 1 20 3999.7344758395734 98]
	[RESULT 58] [0 47.328971273660834 0 1 20 2362.3485352687135 100]
	[RESULT 59] [0 6.951301514921992 0 4 20 3999.9996462336276 100]
	[RESULT 60] [1 5.66570047167735 0 1 20 3999.998603376078 100]
	[RESULT 61] [0 10.166730502709221 0 4 1 3958.940995163286 77]
	[RESULT 62] [1 5.478398222735416 0 1 0 3999.998868372391 100]
	[RESULT 63] [1 7.510677723401409 0 4 20 3999.998639891186 99]
	[RESULT 64] [1 9.496685630360298 1 4 14 3751.6132822084364 99]
	[RESULT 65] [0 8.736289510407467 0 1 0 3882.913122508026 94]
	[RESULT 66] [1 5.220238249442961 1 4 18 3466.7346158494356 95]
	[RESULT 67] [0 5.88684130487632 1 4 16 1241.5889689920596 35]
	[RESULT 68] [1 5.753023551415833 0 1 14 3998.2080801604743 40]
	[RESULT 69] [0 35.68729036308368 0 1 0 3983.166106073121 100]
	[RESULT 70] [0 6.34939087169262 1 1 19 3834.9579906728495 93]
	[RESULT 71] [0 5.579137274945841 0 2 6 3983.311294827202 1]
	[RESULT 72] [0 48.79252421486579 0 1 19 2258.7370090747354 97]
	[RESULT 73] [1 7.0461129726151395 0 2 21 3899.354837293641 100]
	[RESULT 74] [1 48.845282488315135 0 1 1 3967.3416975631408 77]
	[RESULT 75] [0 5.537143346005833 1 4 18 1138.0361561864206 100]
	[RESULT 76] [1 5.256247014672027 1 3 18 3888.635934118148 98]
	[RESULT 77] [1 5.6627270955007365 0 1 20 3946.3280261046116 70]
	[RESULT 78] [1 9.778854238580715 1 1 3 2644.840740517259 94]
	[RESULT 79] [1 5.510404370002867 1 1 4 3999.996904342808 100]
	[RESULT 80] [1 49.9479185192388 0 1 3 3989.131661222596 100]
	[RESULT 81] [0 7.348631911422789 0 4 4 3966.69347500537 100]
	[RESULT 82] [1 5.5873561351562175 0 1 0 3999.999762439019 100]
	[RESULT 83] [1 6.728671797240896 0 1 0 3999.9993612787925 100]
	[RESULT 84] [0 6.288128656445904 0 1 24 3961.6840497448447 100]
	[RESULT 85] [0 5.145372450791718 0 1 9 3984.9940708054137 99]
	[RESULT 86] [1 7.082194335033847 0 1 20 3980.3470311300275 100]
	[RESULT 87] [1 13.493699205888275 1 3 20 3999.99982370052 100]
	[RESULT 88] [0 9.72602674050256 0 1 23 3830.001351886166 100]
	[RESULT 89] [0 5.497094048348014 0 1 18 3999.9991272930147 93]
	[RESULT 90] [1 12.535544084616486 0 4 20 3999.992610613407 100]
	[RESULT 91] [0 5.816344080445742 1 1 3 2340.823444577832 97]
	[RESULT 92] [1 7.28689263632223 0 1 0 2129.5329976061234 99]
	[RESULT 93] [1 5.145372450791718 0 4 10 3212.200894719722 92]
	[RESULT 94] [1 5.379692239517093 0 1 19 3999.9999686027013 100]
	[RESULT 95] [0 11.60660598595483 0 4 23 1011.7885971522213 5]
	[RESULT 96] [1 5.0030171250418345 1 4 4 3999.9326119804527 99]
	[RESULT 97] [0 8.65235070395895 1 4 24 1002.7589373111551 32]
	[RESULT 98] [1 5.376121232055962 0 1 4 3999.999325275634 100]
	[RESULT 99] [1 6.794764282932995 0 1 15 3878.8933805392153 3]
	[RESULT 100] [0 9.951756777764166 0 1 22 3997.7999503576334 100]
	[RESULT 101] [1 5.051322543246955 0 1 20 3999.9978112523277 99]
	[RESULT 102] [1 5.835584065701146 0 1 0 3999.999833795629 100]
	[RESULT 103] [1 8.346015320807457 0 1 20 3934.56788675829 100]
	[RESULT 104] [0 10.828164158362723 1 4 18 1375.799278365034 100]
	[RESULT 105] [1 5.633388575962453 0 1 21 3999.9997393396884 100]
	[RESULT 106] [0 45.51209234035675 0 4 20 3848.2169969972338 100]
	[RESULT 107] [0 6.61777923270721 0 1 22 3986.635990704761 95]
	[RESULT 108] [1 5.0098723808792185 0 1 3 3986.7070175561275 95]
	[RESULT 109] [1 5.316241930012347 1 1 14 3999.9973017736006 99]
	[RESULT 110] [1 12.62581234947335 0 1 16 2276.6155792461336 8]
	[RESULT 111] [1 5.745021516841382 0 4 20 1962.7861938722817 35]
	[RESULT 112] [1 5.870577659224835 0 1 0 3995.465092826121 100]
	[RESULT 113] [1 49.34487035636529 0 1 21 3999.62807421246 93]
	[RESULT 114] [1 7.562385222084713 1 1 0 3999.999994001174 100]
	[RESULT 115] [0 5.505019281988493 1 1 24 3952.094608568943 100]
	[RESULT 116] [0 5.385553202186428 1 4 20 3978.0286192589624 100]
	[RESULT 117] [1 5.5099077739440245 0 1 3 3999.9998350521487 99]
	[RESULT 118] [0 5.326158798092738 0 1 19 3974.2934068664117 97]
	[RESULT 119] [1 49.93766128686555 0 1 22 3999.999178447023 100]
	[RESULT 120] [1 5.235144638529808 0 1 0 3979.6931581901786 100]
[OBJECTIVES]
	[RESULT 1] [0.02871259 0.016165   0.01512241 0.02192269 0.0121675  0.09024481
 0.         0.00663278 0.00512241 0.00024481 0.         0.02571259
 0.01040982 0.00687759]
	[RESULT 2] [0.02363698 0.01811662 0.01824639 0.0144489  0.01094169 0.09649279
 0.         0.00226082 0.00824639 0.00649279 0.         0.02163698
 0.01039059 0.00875361]
	[RESULT 3] [ 0.02292695 -0.00220291  0.01512986  0.01915827  0.02110145  0.09025972
  0.          0.00838959  0.00512986  0.00025972  0.          0.02492695
 -0.01394318  0.01187014]
	[RESULT 4] [0.02378259 0.0187128  0.01750461 0.01563439 0.0106436  0.09500921
 0.         0.00249539 0.00750461 0.00500921 0.         0.02178259
 0.00627798 0.00449539]
	[RESULT 5] [ 0.00853214 -0.01877142  0.01730356  0.0152214   0.02061429  0.09460711
  0.          0.00269644  0.00730356  0.00460711  0.          0.01053214
 -0.02116431  0.00469644]
	[RESULT 6] [0.01905136 0.02442745 0.01652119 0.01474389 0.00778628 0.09304239
 0.         0.00347881 0.00652119 0.00304239 0.         0.01855136
 0.00253017 0.00397881]
	[RESULT 7] [ 0.01002232 -0.01642388  0.0164462   0.01443046  0.02153806  0.0928924
  0.          0.0035538   0.0064462   0.0028924   0.          0.01152232
 -0.01953149  0.0040538 ]
	[RESULT 8] [1.56034704e-02 2.43971403e-02 1.99993893e-02 7.80265125e-03
 7.80142983e-03 9.99987786e-02 0.00000000e+00 6.10709741e-07
 9.99938929e-03 9.99877858e-03 0.00000000e+00 1.51034704e-02
 6.04081078e-04 5.50061071e-03]
	[RESULT 9] [ 0.01313031 -0.01363196  0.01676227  0.01670856  0.02318402  0.09352454
  0.          0.00323773  0.00676227  0.00352454  0.          0.01363031
 -0.01710742  0.00373773]
	[RESULT 10] [ 0.01154153 -0.01709489  0.01863642  0.0187254   0.02145255  0.09727285
  0.          0.00136358  0.00863642  0.00727285  0.          0.01354153
 -0.02182205  0.00836358]
	[RESULT 11] [0.01246794 0.01942138 0.01695345 0.0108038  0.00471069 0.09390689
 0.         0.00613966 0.00695345 0.00390689 0.         0.01046794
 0.00051449 0.01004655]
	[RESULT 12] [ 0.01928533 -0.00811118  0.01739651  0.02048744  0.02430559  0.09479303
  0.          0.00260349  0.00739651  0.00479303  0.          0.02228533
 -0.00931815  0.00460349]
	[RESULT 13] [ 0.0077501  -0.01851399  0.0162641   0.0130212   0.020493    0.09252819
  0.          0.0037359   0.0062641   0.00252819  0.          0.0107501
 -0.0219858   0.0057359 ]
	[RESULT 14] [2.69603625e-02 1.30397804e-02 1.99998570e-02 1.34803957e-02
 1.34801098e-02 9.99997141e-02 0.00000000e+00 1.42952011e-07
 9.99985705e-03 9.99971410e-03 0.00000000e+00 2.49603625e-02
 1.10394945e-02 7.00014295e-03]
	[RESULT 15] [ 0.00585219 -0.02229784  0.01815003  0.01490113  0.01860108  0.09630005
  0.          0.00184997  0.00815003  0.00630005  0.          0.00735219
 -0.02279784  0.00315003]
	[RESULT 16] [0.01670229 0.02298642 0.01628413 0.01392494 0.00649321 0.09256826
 0.         0.00371587 0.00628413 0.00256826 0.         0.01470229
 0.00041815 0.00571587]
	[RESULT 17] [ 0.03193122  0.00423372  0.0176975   0.02248813  0.01788314  0.09539501
  0.          0.00390749  0.0076975   0.00539501  0.          0.03393122
 -0.00237127  0.0093025 ]
	[RESULT 18] [ 0.01792812 -0.00718057  0.0151087   0.01662711  0.02359029  0.09021739
  0.          0.00982609  0.0051087   0.00021739  0.          0.01842812
 -0.01896318  0.0103913 ]
	[RESULT 19] [ 0.03485094  0.00974218  0.01510876  0.02491139  0.01512891  0.09021753
  0.          0.00982629  0.00510876  0.00021753  0.          0.03464906
 -0.0020403   0.01039124]
	[RESULT 20] [0.01457939 0.02282578 0.01824639 0.0099201  0.00641289 0.09649279
 0.         0.00226082 0.00824639 0.00649279 0.         0.01257939
 0.001333   0.00875361]
	[RESULT 21] [ 0.00585217 -0.02229837  0.01815054  0.01490189  0.01860081  0.09630108
  0.          0.00184946  0.00815054  0.00630108  0.          0.00735217
 -0.02279837  0.00315054]
	[RESULT 22] [0.03288735 0.00773292 0.01937973 0.01762407 0.01638354 0.09875947
 0.         0.00062027 0.00937973 0.00875947 0.         0.02988735
 0.00873292 0.00437973]
	[RESULT 23] [0.0245928  0.0202891  0.01511809 0.01986927 0.01010545 0.09023618
 0.         0.00885427 0.00511809 0.00023618 0.         0.0220928
 0.00952529 0.01138191]
	[RESULT 24] [ 0.01175745 -0.01547613  0.01723358  0.0167291   0.02226193  0.09446716
  0.          0.00276642  0.00723358  0.00446716  0.          0.01375745
 -0.01800897  0.00476642]
	[RESULT 25] [ 9.61700674e-03 -2.03829300e-02  1.99999367e-02  1.95584085e-02
  1.95585350e-02  9.99998735e-02  0.00000000e+00  6.32526590e-08
  9.99993675e-03  9.99987349e-03  0.00000000e+00  1.26170067e-02
 -2.13830565e-02  7.00006325e-03]
	[RESULT 26] [ 0.02821131  0.00246121  0.0157501   0.02273081  0.0187694   0.09150021
  0.          0.00974969  0.0057501   0.00150021  0.          0.03021131
 -0.00803859  0.0112499 ]
	[RESULT 27] [0.01174784 0.01800496 0.01625712 0.01148824 0.00400248 0.09251425
 0.         0.00672863 0.00625712 0.00251425 0.         0.01124784
 0.00049072 0.00924288]
	[RESULT 28] [0.02470708 0.01879434 0.01649859 0.01785566 0.01085283 0.09299718
 0.         0.00600424 0.00649859 0.00299718 0.         0.02320708
 0.01079151 0.00900141]
	[RESULT 29] [ 0.01031995 -0.01887338  0.01919332  0.01869996  0.02031331  0.09838665
  0.          0.00080668  0.00919332  0.00838665  0.          0.01181995
 -0.01937338  0.00419332]
	[RESULT 30] [ 0.00687196 -0.02025625  0.01712821  0.0138783   0.01962188  0.09425642
  0.          0.00287179  0.00712821  0.00425642  0.          0.00837196
 -0.02199983  0.00337179]
	[RESULT 31] [ 0.02111126 -0.00678394  0.01789519  0.02214842  0.02364197  0.09579039
  0.          0.00210481  0.00789519  0.00579039  0.          0.02261126
 -0.01199355  0.00760481]
	[RESULT 32] [0.02372103 0.01779789 0.01848108 0.01413889 0.01110106 0.09696216
 0.         0.00151892 0.00848108 0.00696216 0.         0.02322103
 0.00670211 0.00348108]
	[RESULT 33] [ 0.02571052  0.00059852  0.01511199  0.02027325  0.01995074  0.09022399
  0.          0.00666402  0.00511199  0.00022399  0.          0.02871052
 -0.00517749  0.00688801]
	[RESULT 34] [ 0.01314974 -0.01197402  0.01512376  0.01426052  0.02401299  0.09024753
  0.          0.00512871  0.00512376  0.00024753  0.          0.01364974
 -0.01872649  0.00537624]
	[RESULT 35] [ 0.00600146 -0.02200061  0.01800207  0.01475384  0.0187497   0.09600414
  0.          0.00199793  0.00800207  0.00600414  0.          0.00750146
 -0.02250061  0.00300207]
	[RESULT 36] [0.02829104 0.01428313 0.01742583 0.01800677 0.01285844 0.09485167
 0.         0.0047225  0.00742583 0.00485167 0.         0.02629104
 0.00713479 0.00957417]
	[RESULT 37] [0.01567771 0.02078652 0.01510881 0.01517565 0.00539326 0.09021761
 0.         0.00517358 0.00510881 0.00021761 0.         0.01517771
 0.00056891 0.00539119]
	[RESULT 38] [0.01598099 0.02252243 0.01654144 0.01317833 0.00626122 0.09308288
 0.         0.00587567 0.00654144 0.00308288 0.         0.01548099
 0.00443955 0.00895856]
	[RESULT 39] [ 0.004635   -0.02473783  0.01937283  0.01612674  0.01738109  0.09874566
  0.          0.00062717  0.00937283  0.00874566  0.          0.006135
 -0.02523783  0.00437283]
	[RESULT 40] [ 0.00572532 -0.02254968  0.018275    0.01502516  0.01847516  0.09655
  0.          0.001725    0.008275    0.00655     0.          0.00722532
 -0.02304968  0.003275  ]
	[RESULT 41] [0.03180355 0.01216989 0.01602656 0.02211193 0.01416506 0.09205312
 0.         0.00397344 0.00602656 0.00205312 0.         0.02880355
 0.00822301 0.00597344]
	[RESULT 42] [ 0.0084259  -0.01715375  0.01557966  0.01233243  0.02117312  0.09115931
  0.          0.00442034  0.00557966  0.00115931  0.          0.0099259
 -0.02199444  0.00492034]
	[RESULT 43] [ 4.00799485e-03 -2.59867358e-02  1.99947307e-02  1.67460934e-02
  1.67566321e-02  9.99894613e-02  0.00000000e+00  5.26934663e-06
  9.99473065e-03  9.98946131e-03  0.00000000e+00  5.50799485e-03
 -2.64867358e-02  4.99473065e-03]
	[RESULT 44] [ 0.01822132 -0.00755754  0.01577885  0.01752894  0.02402877  0.09155771
  0.          0.00422115  0.00577885  0.00155771  0.          0.01972132
 -0.01199983  0.00472115]
	[RESULT 45] [ 0.02714804  0.00079669  0.01635135  0.02285105  0.01985166  0.09270271
  0.          0.00644594  0.00635135  0.00270271  0.          0.02864804
 -0.00750061  0.00914865]
	[RESULT 46] [ 0.02960191  0.00270385  0.01689806  0.02485196  0.01864807  0.09379611
  0.          0.00480583  0.00689806  0.00379611  0.          0.03010191
 -0.00550003  0.00860194]
	[RESULT 47] [ 0.00796262 -0.01807828  0.01604091  0.01279268  0.02071086  0.09208182
  0.          0.00395909  0.00604091  0.00208182  0.          0.00946262
 -0.02199647  0.00445909]
	[RESULT 48] [0.01805491 0.02435829 0.0175868  0.01264726 0.00782085 0.0951736
 0.         0.0024132  0.0075868  0.0051736  0.         0.01755491
 0.00046811 0.0029132 ]
	[RESULT 49] [0.01063644 0.0157473  0.01511086 0.01265193 0.00287365 0.09022172
 0.         0.00833258 0.00511086 0.00022172 0.         0.00863644
 0.00052558 0.01188914]
	[RESULT 50] [0.01498864 0.02009764 0.01510899 0.01483083 0.00504882 0.09021799
 0.         0.00982698 0.00510899 0.00021799 0.         0.01448864
 0.00487965 0.01039101]
	[RESULT 51] [0.01565984 0.02077672 0.01511688 0.0151546  0.00538836 0.09023376
 0.         0.00664936 0.00511688 0.00023376 0.         0.01365984
 0.00054296 0.00688312]
	[RESULT 52] [0.03175154 0.0117163  0.01653216 0.02107753 0.01414185 0.09306432
 0.         0.00740352 0.00653216 0.00306432 0.         0.02975154
 0.00278062 0.01046784]
	[RESULT 53] [ 0.00599294 -0.02201417  0.01800711  0.01475713  0.01874291  0.09601422
  0.          0.00199289  0.00800711  0.00601422  0.          0.00749294
 -0.02251417  0.00300711]
	[RESULT 54] [3.49761397e-02 5.05529205e-03 1.99685683e-02 1.75352174e-02
 1.74723540e-02 9.99371366e-02 0.00000000e+00 3.14317068e-05
 9.96856829e-03 9.93713659e-03 0.00000000e+00 3.29761397e-02
 2.99242864e-03 7.03143171e-03]
	[RESULT 55] [ 0.02354175 -0.00191736  0.01545911  0.01970954  0.02120868  0.09091823
  0.          0.00912266  0.00545911  0.00091823  0.          0.02504175
 -0.01199914  0.01004089]
	[RESULT 56] [ 0.0336068   0.00741796  0.01618884  0.02391333  0.01629102  0.09237769
  0.          0.00693347  0.00618884  0.00237769  0.          0.0341068
 -0.00220435  0.00931116]
	[RESULT 57] [ 0.0234873  -0.00162146  0.01510876  0.0194068   0.02081073  0.09021753
  0.          0.00517371  0.00510876  0.00021753  0.          0.0239873
 -0.00840393  0.00539124]
	[RESULT 58] [0.0345087  0.0093933  0.0151154  0.02492744 0.01530335 0.09023079
 0.         0.00515381 0.0051154  0.00023079 0.         0.0349913
 0.00262409 0.0053846 ]
	[RESULT 59] [ 0.00830619 -0.01838798  0.01669417  0.01419434  0.02080601  0.09338834
  0.          0.00330583  0.00669417  0.00338834  0.          0.01030619
 -0.02199965  0.00530583]
	[RESULT 60] [ 0.00599966 -0.02200208  0.01800174  0.01475244  0.01874896  0.09600348
  0.          0.00199826  0.00800174  0.00600348  0.          0.00749966
 -0.02250208  0.00300174]
	[RESULT 61] [0.02610537 0.01808382 0.0158108  0.01933648 0.01095809 0.0916216
 0.         0.00456759 0.0058108  0.0016216  0.         0.02410537
 0.01029457 0.0061892 ]
	[RESULT 62] [ 0.00561909 -0.02276295  0.01838204  0.0151326   0.01836853  0.09676408
  0.          0.00161796  0.00838204  0.00676408  0.          0.00711909
 -0.02326295  0.00338204]
	[RESULT 63] [ 0.01757713 -0.00884709  0.01642423  0.01817491  0.02467355  0.09284845
  0.          0.00357577  0.00642423  0.00284845  0.          0.02057713
 -0.01199864  0.00557577]
	[RESULT 64] [0.02419578 0.01989458 0.01590964 0.01848343 0.01030271 0.09181928
 0.         0.00927108 0.00590964 0.00181928 0.         0.02119578
 0.01071386 0.01109036]
	[RESULT 65] [0.02331154 0.02063278 0.01605568 0.01757225 0.00968361 0.09211136
 0.         0.00394432 0.00605568 0.00211136 0.         0.02281154
 0.00725586 0.00444432]
	[RESULT 66] [0.01955043 0.02135201 0.01909756 0.01137888 0.009574   0.09819512
 0.         0.00090244 0.00909756 0.00819512 0.         0.01655043
 0.00445287 0.00790244]
	[RESULT 67] [0.01317751 0.02082744 0.01764993 0.01011386 0.00541372 0.09529986
 0.         0.00405021 0.00764993 0.00529986 0.         0.01117751
 0.00052757 0.00935007]
	[RESULT 68] [ 0.02749199 -0.00036023  0.01785221  0.02472568  0.02043011  0.09570443
  0.          0.00214779  0.00785221  0.00570443  0.          0.02899199
 -0.00086023  0.00285221]
	[RESULT 69] [ 0.01990217 -0.00525562  0.01515779  0.01768777  0.02262781  0.09031558
  0.          0.00502662  0.00515779  0.00031558  0.          0.02040217
 -0.01194004  0.00534221]
	[RESULT 70] [0.01791696 0.02495483 0.01712821 0.01326616 0.00752258 0.09425642
 0.         0.00411537 0.00712821 0.00425642 0.         0.01741696
 0.00578875 0.00837179]
	[RESULT 71] [0.03335836 0.00847536 0.01816629 0.01942975 0.01576232 0.09633257
 0.         0.00183371 0.00816629 0.00633257 0.         0.03235836
 0.00747536 0.00316629]
	[RESULT 72] [0.02046548 0.02442289 0.01511163 0.0175653  0.00778855 0.09022325
 0.         0.00516512 0.00511163 0.00022325 0.         0.01996548
 0.00535385 0.00538837]
	[RESULT 73] [ 0.02738424  0.0007428   0.01664144  0.02340427  0.0198786   0.09328287
  0.          0.00335856  0.00664144  0.00328287  0.          0.02938424
 -0.00197433  0.00435856]
	[RESULT 74] [0.02778455 0.01710396 0.01511149 0.02147503 0.01169802 0.09022299
 0.         0.00516552 0.00511149 0.00022299 0.         0.02628455
 0.01132694 0.00538851]
	[RESULT 75] [0.03346928 0.00827794 0.01825279 0.01935546 0.01586103 0.09650557
 0.         0.00224164 0.00825279 0.00650557 0.         0.03146928
 0.00278351 0.00874721]
	[RESULT 76] [0.02623009 0.0147898  0.01898011 0.01489488 0.0128551  0.09796022
 0.         0.00101989 0.00898011 0.00796022 0.         0.02373009
 0.01124999 0.00751989]
	[RESULT 77] [0.02759665 0.01439624 0.01800711 0.01703766 0.01305188 0.09601422
 0.         0.00199289 0.00800711 0.00601422 0.         0.02609665
 0.00910376 0.00300711]
	[RESULT 78] [0.01517521 0.02104044 0.01586522 0.01403977 0.00577022 0.09173045
 0.         0.00790433 0.00586522 0.00173045 0.         0.01367521
 0.00330999 0.00963478]
	[RESULT 79] [ 0.01069272 -0.01761765  0.01831037  0.01756192  0.02094118  0.09662074
  0.          0.00168963  0.00831037  0.00662074  0.          0.01219272
 -0.0219969   0.00718963]
	[RESULT 80] [ 0.01646634 -0.00864248  0.01510882  0.0156464   0.02457124  0.09021764
  0.          0.00517354  0.00510882  0.00021764  0.          0.01796634
 -0.01442484  0.00539118]
	[RESULT 81] [ 0.02278764 -0.00370551  0.01649315  0.02113354  0.02185275  0.09298629
  0.          0.00350685  0.00649315  0.00298629  0.          0.02478764
 -0.00771921  0.00550685]
	[RESULT 82] [ 0.00585035 -0.02229955  0.01814989  0.01490001  0.01860023  0.09629978
  0.          0.00185011  0.00814989  0.00629978  0.          0.00735035
 -0.02279955  0.00314989]
	[RESULT 83] [ 0.00716825 -0.01966415  0.01683239  0.01358271  0.01991793  0.09366479
  0.          0.00316761  0.00683239  0.00366479  0.          0.00866825
 -0.02199936  0.00366761]
	[RESULT 84] [ 0.02294368 -0.00424151  0.01718519  0.02224963  0.02212076  0.09437038
  0.          0.00281481  0.00718519  0.00437038  0.          0.02344368
 -0.00687113  0.00331481]
	[RESULT 85] [ 0.02501192 -0.00435347  0.01936539  0.02344595  0.02217673  0.09873078
  0.          0.00063461  0.00936539  0.00873078  0.          0.02551192
 -0.00585347  0.00436539]
	[RESULT 86] [ 0.01838095 -0.00824127  0.01662222  0.01887381  0.02437064  0.09324444
  0.          0.00337778  0.00662222  0.00324444  0.          0.01988095
 -0.01099683  0.00387778]
	[RESULT 87] [ 0.01347351 -0.01205315  0.01552667  0.01477675  0.02372342  0.09105333
  0.          0.00992     0.00552667  0.00105333  0.          0.01597351
 -0.02199982  0.01097333]
	[RESULT 88] [ 0.03092164  0.00504844  0.01587321  0.02427063  0.01747578  0.09174641
  0.          0.00412679  0.00587321  0.00174641  0.          0.03142164
 -0.00020515  0.00462679]
	[RESULT 89] [ 0.02416107 -0.00417873  0.0183398   0.02459024  0.02208937  0.09667961
  0.          0.0016602   0.0083398   0.00667961  0.          0.02466107
 -0.00567873  0.0033398 ]
	[RESULT 90] [ 0.0084216  -0.01716418  0.01558579  0.01233948  0.02116791  0.09117157
  0.          0.00524264  0.00558579  0.00117157  0.          0.0114216
 -0.02199261  0.00641421]
	[RESULT 91] [0.01812388 0.02412333 0.01775278 0.01243277 0.00793833 0.09550556
 0.         0.00224722 0.00775278 0.00550556 0.         0.01762388
 0.0053711  0.00774722]
	[RESULT 92] [0.02785093 0.01562788 0.01652119 0.01939367 0.01243606 0.09304239
 0.         0.00347881 0.00652119 0.00304239 0.         0.02635093
 0.01032973 0.00397881]
	[RESULT 93] [0.02335656 0.01727805 0.01936539 0.01288019 0.01161098 0.09873078
 0.         0.00063461 0.00936539 0.00873078 0.         0.02035656
 0.00472195 0.00436539]
	[RESULT 94] [ 0.00537603 -0.02324796  0.018624    0.01537401  0.01812602  0.09724799
  0.          0.001376    0.008624    0.00724799  0.          0.00687603
 -0.02374796  0.003624  ]
	[RESULT 95] [0.01607308 0.0217304  0.01565732 0.01455055 0.0058652  0.09131465
 0.         0.00502803 0.00565732 0.00131465 0.         0.01407308
 0.00041575 0.00634268]
	[RESULT 96] [ 1.90822471e-02 -1.09027126e-02  1.99849598e-02  2.42685632e-02
  2.42986437e-02  9.99699195e-02  0.00000000e+00  1.50402469e-05
  9.98495975e-03  9.96991951e-03  0.00000000e+00  2.20822471e-02
 -1.19327931e-02  7.01504025e-03]
	[RESULT 97] [0.01157138 0.01764611 0.01607473 0.0116736  0.00382305 0.09214945
 0.         0.00877582 0.00607473 0.00214945 0.         0.00957138
 0.00049666 0.01092527]
	[RESULT 98] [ 0.00536727 -0.02326613  0.0186334   0.01538374  0.01811694  0.0972668
  0.          0.0013666   0.0086334   0.0072668   0.          0.00686727
 -0.02376613  0.0036334 ]
	[RESULT 99] [0.02227084 0.0209401  0.01678906 0.01620183 0.00977995 0.09357812
 0.         0.00321094 0.00678906 0.00357812 0.         0.02077084
 0.00448178 0.00371094]
	[RESULT 100] [ 0.01118201 -0.01465808  0.01584009  0.01435114  0.02267096  0.09168018
  0.          0.00415991  0.00584009  0.00168018  0.          0.01168201
 -0.0199779   0.00465991]
	[RESULT 101] [ 0.01424627 -0.01550964  0.01975591  0.02150701  0.02199518  0.09951183
  0.          0.00024409  0.00975591  0.00951183  0.          0.01574627
 -0.01600964  0.00475591]
	[RESULT 102] [ 0.00627624 -0.02144769  0.01772393  0.01447401  0.01902615  0.09544786
  0.          0.00227607  0.00772393  0.00544786  0.          0.00777624
 -0.02199983  0.00277607]
	[RESULT 103] [ 0.02593826 -0.00021222  0.01615048  0.02194485  0.02035611  0.09230096
  0.          0.00384952  0.00615048  0.00230096  0.          0.02743826
 -0.00391126  0.00434952]
	[RESULT 104] [0.03096818 0.01329956 0.01573226 0.0218857  0.01335022 0.09146452
 0.         0.00980322 0.00573226 0.00146452 0.         0.02896818
 0.00276408 0.01126774]
	[RESULT 105] [ 0.00593914 -0.02212198  0.01806112  0.01481125  0.01868901  0.09612224
  0.          0.00193888  0.00806112  0.00612224  0.          0.00743914
 -0.02262198  0.00306112]
	[RESULT 106] [ 0.03134415  0.0062237   0.01512045  0.02335274  0.01688815  0.09024089
  0.          0.00663866  0.00512045  0.00024089  0.          0.03334415
 -0.00053541  0.00687955]
	[RESULT 107] [0.03346534 0.00655532 0.01691002 0.02290231 0.01672234 0.09382003
 0.         0.00308998 0.00691002 0.00382003 0.         0.03396534
 0.00337536 0.00358998]
	[RESULT 108] [ 2.93940176e-02 -5.57103023e-04  1.99511207e-02  2.06263102e-02
  2.05285515e-02  9.99022413e-02  0.00000000e+00  4.88793488e-05
  9.95112065e-03  9.90224130e-03  0.00000000e+00  3.08940176e-02
 -1.05710302e-03  4.95112065e-03]
	[RESULT 109] [ 0.020204   -0.00859469  0.01879869  0.02305004  0.02454734  0.09759739
  0.          0.00120131  0.00879869  0.00759739  0.          0.021704
 -0.0119973   0.00670131]
	[RESULT 110] [0.01715218 0.02273184 0.01557966 0.01545661 0.00661592 0.09115931
 0.         0.00442034 0.00557966 0.00115931 0.         0.01565218
 0.00057253 0.00492034]
	[RESULT 111] [0.0194714  0.02266331 0.01786529 0.01318776 0.00891835 0.09573059
 0.         0.00213471 0.00786529 0.00573059 0.         0.0164714
 0.0006061  0.00413471]
	[RESULT 112] [ 0.01016563 -0.01750734  0.01767297  0.01634227  0.02099633  0.09534594
  0.          0.00232703  0.00767297  0.00534594  0.          0.01166563
 -0.0181614   0.00282703]
	[RESULT 113] [ 0.02675621  0.00164594  0.01511027  0.0207935   0.01942703  0.09022053
  0.          0.0051692   0.00511027  0.00022053  0.          0.02825621
 -0.00413353  0.00538973]
	[RESULT 114] [ 0.01259645 -0.0138071   0.01640355  0.01565356  0.02284645  0.09280711
  0.          0.00628934  0.00640355  0.00280711  0.          0.01409645
 -0.02199999  0.00909645]
	[RESULT 115] [ 0.02810503 -0.00021719  0.01832222  0.02346416  0.02010859  0.09664443
  0.          0.00167778  0.00832222  0.00664443  0.          0.02860503
 -0.00557275  0.00717778]
	[RESULT 116] [ 0.02308536 -0.00552331  0.01860867  0.02445568  0.02276165  0.09721733
  0.          0.00139133  0.00860867  0.00721733  0.          0.02508536
 -0.01030597  0.00839133]
	[RESULT 117] [ 0.0156887  -0.01262276  0.01831146  0.02006154  0.02343862  0.09662292
  0.          0.00168854  0.00831146  0.00662292  0.          0.0171887
 -0.01312276  0.00331146]
	[RESULT 118] [0.0339039  0.00513361 0.01877029 0.01989262 0.01743319 0.09754058
 0.         0.00122971 0.00877029 0.00754058 0.         0.0344039
 0.00363361 0.00377029]
	[RESULT 119] [ 0.00889198 -0.01621686  0.01510884  0.01185925  0.02164157  0.09021769
  0.          0.00517347  0.00510884  0.00021769  0.          0.01039198
 -0.02199918  0.00539116]
	[RESULT 120] [ 0.01615707 -0.01289104  0.01904811  0.0214007   0.02330448  0.09809622
  0.          0.00095189  0.00904811  0.00809622  0.          0.01765707
 -0.01339104  0.00404811]
