[METRICS]
	[DISEQUILIBRIUM COUNT] 1242
[VARIABLES]
	[RESULT 1] [0 5.6349385456394785 1 4 7 1573.163233727052 20]
	[RESULT 2] [0 5.817872153877577 0 1 6 3996.3915736574813 100]
	[RESULT 3] [0 5.4407774978956525 0 1 6 3996.3915736574813 100]
	[RESULT 4] [1 14.847061056765504 0 4 6 3999.990594501954 100]
	[RESULT 5] [1 5.21655554140352 1 3 5 3999.2484351191815 100]
	[RESULT 6] [0 5.6349385456394785 1 4 7 1901.9466651155203 99]
	[RESULT 7] [1 5.378310429235452 1 4 6 3999.995972339484 99]
	[RESULT 8] [1 49.488817066770174 1 3 5 3999.6513712235715 100]
	[RESULT 9] [1 8.505022230595124 1 1 13 1244.437483609902 1]
	[RESULT 10] [1 6.060986823810829 1 1 24 3749.691215988108 100]
	[RESULT 11] [0 49.99305942994985 0 4 19 3980.7390268516715 4]
	[RESULT 12] [0 8.750661527384263 1 1 20 3981.488721269261 100]
	[RESULT 13] [1 9.238363176301068 1 1 22 3970.9543009294794 11]
	[RESULT 14] [0 9.793960012957362 0 4 8 2109.1376617043907 17]
	[RESULT 15] [0 5.8962734271905495 1 4 13 3992.1253542973213 27]
	[RESULT 16] [1 5.365003303112542 1 4 6 3915.069044349046 77]
	[RESULT 17] [1 5.730761360084245 1 1 22 3968.46349821033 100]
	[RESULT 18] [1 5.963594581568264 0 2 2 3991.751577614425 100]
	[RESULT 19] [0 7.868285494418996 0 4 20 3999.6693508899434 100]
	[RESULT 20] [0 5.896582859622401 0 1 22 3600.689452800361 99]
	[RESULT 21] [1 47.74212202464496 1 1 20 3996.4043951502927 86]
	[RESULT 22] [0 5.907976826233751 0 2 9 3999.86839078893 97]
	[RESULT 23] [0 5.622551173132162 0 4 22 3987.6314057707714 3]
	[RESULT 24] [1 10.758774190693526 0 4 6 3716.1554543495654 99]
	[RESULT 25] [1 6.71318756124783 0 4 22 3995.3354469637193 100]
	[RESULT 26] [1 5.4723396303028276 1 1 22 3968.46349821033 97]
	[RESULT 27] [1 49.714913848513504 0 1 22 3989.840543713335 100]
	[RESULT 28] [1 6.96599360306236 1 1 8 3822.360200592824 77]
	[RESULT 29] [0 10.253485781877357 1 4 13 3992.1253542973213 27]
	[RESULT 30] [1 48.73690236709318 1 1 18 3949.346947401976 97]
	[RESULT 31] [0 6.55042125941427 1 1 4 3920.4863170739814 99]
	[RESULT 32] [1 5.625166566503056 0 4 7 3972.2402077989686 100]
	[RESULT 33] [0 7.608325646940355 0 1 21 1665.3465481621333 100]
	[RESULT 34] [1 13.929099280604921 0 1 21 3996.8866142668658 100]
	[RESULT 35] [1 5.397683707380237 0 1 7 3999.997372930363 100]
	[RESULT 36] [0 11.066186577030903 0 1 8 2110.047528591379 96]
	[RESULT 37] [1 49.888286146256746 1 3 5 3991.358578434582 100]
	[RESULT 38] [1 47.589901079241 0 4 8 2101.7611290341656 16]
	[RESULT 39] [1 6.2642634665639605 1 1 18 3909.973473685946 97]
	[RESULT 40] [0 5.29251552789405 0 1 22 1794.5234376198582 100]
	[RESULT 41] [0 9.295244877456183 0 1 0 3961.5104821910954 98]
	[RESULT 42] [1 6.364880564140951 0 1 22 3999.9895390474894 100]
	[RESULT 43] [1 6.113299886610547 1 4 22 2197.5968887691897 98]
	[RESULT 44] [0 7.368184573878517 0 1 8 2104.616128203417 98]
	[RESULT 45] [1 11.682827704388814 1 1 0 3864.1401342686318 4]
	[RESULT 46] [1 5.168452594251357 0 4 0 3999.3734052106124 100]
	[RESULT 47] [1 49.79811525744813 1 3 5 3887.06121347706 77]
	[RESULT 48] [1 5.6228729718351556 0 1 23 3999.9990908566733 100]
	[RESULT 49] [1 48.70221698894846 0 4 7 3934.0178869950314 100]
	[RESULT 50] [0 48.72063442637637 1 4 1 1077.1963279823933 1]
	[RESULT 51] [1 7.158043101953346 1 1 20 1942.852462281486 99]
	[RESULT 52] [0 8.719629544301455 0 1 2 3982.215578951554 100]
	[RESULT 53] [1 48.74927056893208 1 4 18 3949.346947401976 97]
	[RESULT 54] [0 5.28897343930792 1 1 11 1665.6314435595477 99]
	[RESULT 55] [1 8.514644968435386 0 1 0 3999.9958205534913 100]
	[RESULT 56] [1 5.000999349131539 0 1 22 3950.9683156680635 100]
	[RESULT 57] [1 5.640542666525594 1 1 24 3999.9766551751145 100]
	[RESULT 58] [0 5.907976826233751 0 2 10 3606.3252752790295 97]
	[RESULT 59] [1 6.706541295255374 0 1 2 3999.9930624082735 99]
	[RESULT 60] [1 13.855085226338941 0 1 22 3999.9698105716902 96]
	[RESULT 61] [1 5.248342910642525 0 1 8 3999.997372930363 99]
	[RESULT 62] [1 5.788378567592406 0 1 22 3999.999684130792 100]
	[RESULT 63] [1 5.599049854871226 0 1 24 3999.9996469078565 100]
	[RESULT 64] [1 9.765816070985059 0 2 21 3991.751577614425 100]
	[RESULT 65] [1 49.48796196226668 0 3 21 3999.6553253114535 100]
	[RESULT 66] [0 49.92403482514847 0 1 21 1864.53403751258 100]
	[RESULT 67] [0 7.087798579849439 1 1 24 2533.7392439742343 11]
	[RESULT 68] [1 6.7940326147509476 0 1 21 3999.9988530385745 100]
	[RESULT 69] [1 49.010752009908614 0 1 8 2100.372659059246 96]
	[RESULT 70] [0 5.000032677227801 1 1 0 1031.3979758968621 1]
	[RESULT 71] [1 5.643458259609844 0 1 23 3999.9990908566733 100]
	[RESULT 72] [1 5.979124273360352 0 4 0 3999.8765413218803 99]
	[RESULT 73] [1 5.438413811755508 1 3 5 3871.8263618202704 100]
	[RESULT 74] [1 5.361722474572682 0 2 7 3999.99989357622 4]
	[RESULT 75] [1 5.304165240483733 0 4 22 1652.12933836676 99]
	[RESULT 76] [1 5.0029899217923735 0 1 22 3990.853913520531 100]
	[RESULT 77] [0 48.04052145057661 0 1 24 3966.993607182289 11]
	[RESULT 78] [1 14.250475657172275 1 4 17 3998.729391917162 97]
	[RESULT 79] [1 5.652329775746265 0 1 23 3999.9993813315377 100]
	[RESULT 80] [1 5.001176935055272 0 1 7 3468.5392914293334 98]
	[RESULT 81] [1 5.0072941468625745 0 4 23 3981.27168851498 99]
	[RESULT 82] [1 9.251388501350677 0 4 3 3947.215986953785 6]
	[RESULT 83] [1 7.599044045604031 0 1 0 3992.2534204652266 100]
	[RESULT 84] [1 49.78790427793646 0 1 22 3797.3940726212513 100]
	[RESULT 85] [1 5.39289526938618 0 1 7 3999.9990554440083 100]
	[RESULT 86] [1 13.079573294745966 0 1 23 3999.9996757330123 100]
	[RESULT 87] [1 49.962522277103844 1 1 21 3999.2700322824476 99]
	[RESULT 88] [0 5.918602028394948 0 1 8 2493.361375134711 11]
	[RESULT 89] [0 5.205691561071261 1 4 1 1094.5631342436898 1]
	[RESULT 90] [0 14.685190589705948 0 1 22 3999.9698105716902 99]
	[RESULT 91] [1 6.6170045205288925 0 2 8 3675.124711839038 99]
	[RESULT 92] [1 5.833857932484027 0 1 22 3999.999757387856 100]
	[RESULT 93] [1 6.91603636965295 0 4 6 3997.0974704333116 99]
	[RESULT 94] [1 5.00592229560188 1 1 4 3461.2812472085598 100]
	[RESULT 95] [1 8.672954270628384 0 3 24 3999.900732905631 93]
	[RESULT 96] [1 6.2378853839967245 1 4 7 3827.9141571441896 21]
	[RESULT 97] [0 49.994137416169984 1 1 22 1306.1531197980007 2]
	[RESULT 98] [0 7.027279283346294 0 1 24 2155.590502251405 13]
	[RESULT 99] [1 5.643458259609844 0 1 22 3999.9990908566733 100]
	[RESULT 100] [0 7.354130268633182 0 4 3 1747.9383633052933 6]
	[RESULT 101] [1 5.005801715451323 0 2 22 3999.937037291413 100]
	[RESULT 102] [0 5.867978653158234 1 1 21 1554.2158749369262 97]
	[RESULT 103] [1 6.025561712964202 0 1 22 3999.9897997142402 100]
	[RESULT 104] [1 49.90620377838756 0 3 5 3975.458391896735 100]
	[RESULT 105] [1 6.237054113956642 0 4 22 3998.811687588857 100]
	[RESULT 106] [0 9.784196419434874 1 4 9 2258.237600103497 4]
	[RESULT 107] [1 5.546818226054953 1 3 24 3996.6051527420173 100]
	[RESULT 108] [1 6.039346026632941 0 1 22 3999.99932954334 100]
	[RESULT 109] [1 6.71318756124783 0 4 2 3996.911090397532 97]
	[RESULT 110] [1 6.703257692558264 0 1 2 3999.9956460179255 97]
	[RESULT 111] [1 7.353761390823037 1 3 22 3999.345793894406 17]
	[RESULT 112] [0 5.361722474572682 0 1 0 3796.4234657327156 4]
	[RESULT 113] [1 5.9911916587409095 0 1 22 3203.4596702536433 100]
	[RESULT 114] [1 6.934733022793968 0 4 21 3999.4386692880166 100]
	[RESULT 115] [1 5.058511426127442 1 3 7 3925.555552362246 2]
	[RESULT 116] [0 6.6155969552944045 0 1 22 3993.4271555080495 100]
	[RESULT 117] [0 49.99305942994985 0 1 21 1186.3793318896394 2]
	[RESULT 118] [1 49.900855839150864 0 1 5 3995.3517672860603 100]
	[RESULT 119] [1 5.4818347408630155 0 1 22 3999.9998463914812 100]
	[RESULT 120] [1 8.334601066445124 0 2 21 3997.078961770554 100]
[OBJECTIVES]
	[RESULT 1] [0.01356004 0.02161826 0.01805822 0.00969269 0.00580913 0.09611644
 0.         0.00282534 0.00805822 0.00611644 0.         0.01156004
 0.00050182 0.00894178]
	[RESULT 2] [ 0.01040282 -0.01734765  0.01775047  0.01682711  0.02132618  0.09550094
  0.          0.00224953  0.00775047  0.00550094  0.          0.01090282
 -0.01884765  0.00275047]
	[RESULT 3] [ 0.00968294 -0.01878741  0.01847035  0.01754699  0.0206063   0.0969407
  0.          0.00152965  0.00847035  0.0069407   0.          0.01018294
 -0.02028741  0.00347035]
	[RESULT 4] [ 0.00854845 -0.01691251  0.01546095  0.01221566  0.02129375  0.09092191
  0.          0.00561714  0.00546095  0.00092191  0.          0.01154845
 -0.0219906   0.00653905]
	[RESULT 5] [ 0.01061967 -0.0184903   0.01910996  0.01872478  0.02050485  0.09821993
  0.          0.00089004  0.00910996  0.00821993  0.          0.01311967
 -0.02127037  0.00739004]
	[RESULT 6] [0.02335261 0.01858917 0.01805822 0.01458897 0.01070541 0.09611644
 0.         0.00282534 0.00805822 0.00611644 0.         0.02135261
 0.01029439 0.00894178]
	[RESULT 7] [ 0.0203764  -0.00825123  0.01862763  0.02287964  0.02437562  0.09725526
  0.          0.00137237  0.00862763  0.00725526  0.          0.0233764
 -0.01199597  0.00837237]
	[RESULT 8] [ 0.01423392 -0.010876    0.01510992  0.01453183  0.024312    0.09021983
  0.          0.00882975  0.00510992  0.00021983  0.          0.01673392
 -0.02165617  0.01139008]
	[RESULT 9] [0.01253465 0.01864452 0.01610987 0.01235251 0.00457226 0.09221974
 0.         0.00717038 0.00610987 0.00221974 0.         0.01103465
 0.00042477 0.00939013]
	[RESULT 10] [0.0343038  0.00687778 0.01742602 0.02195907 0.01681111 0.09485204
 0.         0.00322193 0.00742602 0.00485204 0.         0.0341962
 0.00072982 0.00807398]
	[RESULT 11] [0.02943569 0.0154556  0.01510871 0.02205478 0.0122722  0.09021742
 0.         0.00667386 0.00510871 0.00021742 0.         0.02743569
 0.00867302 0.00689129]
	[RESULT 12] [ 0.02458342 -0.00146906  0.01605249  0.02137044  0.02073453  0.09210497
  0.          0.00734254  0.00605249  0.00210497  0.          0.02508342
 -0.01136409  0.00944751]
	[RESULT 13] [0.02374101 0.0203045  0.0159545  0.01818876 0.01009775 0.09190899
 0.         0.00763651 0.0059545  0.00190899 0.         0.02224101
 0.01121349 0.0095455 ]
	[RESULT 14] [0.01642729 0.02229025 0.01586297 0.01441919 0.00614513 0.09172594
 0.         0.0044111  0.00586297 0.00172594 0.         0.01442729
 0.00056432 0.00613703]
	[RESULT 15] [0.03191863 0.01044462 0.01763675 0.01950419 0.01477769 0.0952735
 0.         0.00408975 0.00763675 0.0052735  0.         0.02991863
 0.00371812 0.00936325]
	[RESULT 16] [0.02118171 0.02015529 0.01866299 0.01284637 0.01017235 0.09732599
 0.         0.00133701 0.00866299 0.00732599 0.         0.01818171
 0.00651872 0.00833701]
	[RESULT 17] [ 0.02505629 -0.00283261  0.0178889   0.0241115   0.0216663   0.0957778
  0.          0.0021111   0.0078889   0.0057778   0.          0.02655629
 -0.0080548   0.0076111 ]
	[RESULT 18] [ 0.01265577 -0.01489059  0.01754635  0.01739741  0.02230471  0.0950927
  0.          0.00245365  0.00754635  0.0050927   0.          0.01465577
 -0.01579788  0.00345365]
	[RESULT 19] [ 0.00903377 -0.01725879  0.01629256  0.01395573  0.0213706   0.09258512
  0.          0.00370744  0.00629256  0.00258512  0.          0.01103377
 -0.02167367  0.00570744]
	[RESULT 20] [0.0291093  0.01325438 0.01763632 0.01810017 0.01337281 0.09527264
 0.         0.00236368 0.00763632 0.00527264 0.         0.0286093
 0.01147298 0.00286368]
	[RESULT 21] [ 0.03430415  0.01058155  0.01511431  0.02473061  0.01495923  0.09022861
  0.          0.00984292  0.00511431  0.00022861  0.          0.03280415
 -0.00018984  0.01038569]
	[RESULT 22] [ 0.02251034 -0.00511023  0.01762058  0.02268604  0.02255512  0.09524115
  0.          0.00237942  0.00762058  0.00524115  0.          0.02351034
 -0.00686908  0.00337942]
	[RESULT 23] [0.03498908 0.00690751 0.01808157 0.02038311 0.01654625 0.09616313
 0.         0.00191843 0.00808157 0.00616313 0.         0.03301092
 0.00607064 0.00391843]
	[RESULT 24] [0.02876345 0.01549677 0.01573978 0.02102206 0.01250162 0.09147956
 0.         0.00478066 0.00573978 0.00147956 0.         0.02576345
 0.01097633 0.00626022]
	[RESULT 25] [ 0.01108823 -0.01575462  0.01684285  0.01555839  0.02187269  0.0936857
  0.          0.00315715  0.00684285  0.0036857   0.          0.01408823
 -0.01806892  0.00515715]
	[RESULT 26] [0.03045076 0.01115328 0.01839596 0.01788145 0.01467336 0.09679191
 0.         0.00160404 0.00839596 0.00679191 0.         0.02895076
 0.0069452  0.00710404]
	[RESULT 27] [ 0.01611447 -0.0089949   0.01510937  0.0154713   0.02474745  0.09021875
  0.          0.00517188  0.00510937  0.00021875  0.          0.01761447
 -0.01477616  0.00539063]
	[RESULT 28] [0.0166034  0.02328918 0.01668578 0.01352304 0.00689459 0.09337155
 0.         0.00544267 0.00668578 0.00337155 0.         0.0151034
 0.00391762 0.00881422]
	[RESULT 29] [0.03008144 0.01411901 0.01579955 0.02134139 0.0129405  0.09159911
 0.         0.00960134 0.00579955 0.00159911 0.         0.02808144
 0.00371812 0.01120045]
	[RESULT 30] [0.02437316 0.02051507 0.01511176 0.01976893 0.00999246 0.09022353
 0.         0.00983529 0.00511176 0.00022353 0.         0.02287316
 0.0097386  0.01038824]
	[RESULT 31] [0.02794054 0.015099   0.01696046 0.01852958 0.0124505  0.09392092
 0.         0.00461862 0.00696046 0.00392092 0.         0.02744054
 0.00701992 0.00853954]
	[RESULT 32] [ 0.01907725 -0.00899936  0.01807661  0.02140354  0.02474968  0.09615322
  0.          0.00192339  0.00807661  0.00615322  0.          0.02207725
 -0.00884614  0.00392339]
	[RESULT 33] [0.03334945 0.00696376 0.01638568 0.02374675 0.01651812 0.09277137
 0.         0.00361432 0.00638568 0.00277137 0.         0.03384945
 0.00273513 0.00411432]
	[RESULT 34] [ 0.01126503 -0.01423854  0.01550357  0.01363787  0.02263073  0.09100714
  0.          0.00449643  0.00550357  0.00100714  0.          0.01276503
 -0.0192314   0.00499643]
	[RESULT 35] [ 0.00542528 -0.02315207  0.01857735  0.01532866  0.01817397  0.09715469
  0.          0.00142265  0.00857735  0.00715469  0.          0.00692528
 -0.02365207  0.00357735]
	[RESULT 36] [0.02003397 0.02425843 0.0157076  0.01645559 0.00787078 0.09141519
 0.         0.0042924  0.0057076  0.00141519 0.         0.01953397
 0.00432638 0.0047924 ]
	[RESULT 37] [ 0.02031275 -0.00479621  0.01510896  0.01756982  0.0226481   0.09021792
  0.          0.00882688  0.00510896  0.00021792  0.          0.02281275
 -0.01557829  0.01139104]
	[RESULT 38] [0.01667497 0.02178968 0.01511471 0.01591543 0.00614484 0.09022941
 0.         0.00665588 0.00511471 0.00022941 0.         0.01367497
 0.00056027 0.00688529]
	[RESULT 39] [0.02364175 0.01915002 0.01720822 0.01625854 0.01067499 0.09441645
 0.         0.00387533 0.00720822 0.00441645 0.         0.02214175
 0.01043353 0.00829178]
	[RESULT 40] [0.03085137 0.00198294 0.01886843 0.02127168 0.01900853 0.09773685
 0.         0.00113157 0.00886843 0.00773685 0.         0.03135137
 0.00048294 0.00386843]
	[RESULT 41] [0.03245505 0.0116007  0.01594424 0.02231116 0.01419965 0.09188849
 0.         0.00405576 0.00594424 0.00188849 0.         0.03195505
 0.00648919 0.00455576]
	[RESULT 42] [ 0.00689618 -0.02021809  0.01711427  0.0138695   0.01964096  0.09422854
  0.          0.00288573  0.00711427  0.00422854  0.          0.00839618
 -0.02198954  0.00338573]
	[RESULT 43] [0.02037465 0.02225938 0.01736597 0.01438837 0.00912031 0.09473194
 0.         0.0049021  0.00736597 0.00473194 0.         0.01737465
 0.00700868 0.00963403]
	[RESULT 44] [0.0234766  0.02003892 0.01648448 0.01701158 0.00998054 0.09296896
 0.         0.00351552 0.00648448 0.00296896 0.         0.0229766
 0.00699212 0.00401552]
	[RESULT 45] [0.01574236 0.02139316 0.0156508  0.01464498 0.00594658 0.0913016
 0.         0.00854759 0.0056508  0.0013016  0.         0.01424236
 0.00409155 0.0098492 ]
	[RESULT 46] [ 0.00533211 -0.02394705  0.01927916  0.0163348   0.01777647  0.09855833
  0.          0.00072084  0.00927916  0.00855833  0.          0.00833211
 -0.02294705  0.00427916]
	[RESULT 47] [0.0164735  0.02158268 0.01510917 0.01582299 0.00604134 0.09021835
 0.         0.00882752 0.00510917 0.00021835 0.         0.0139735
 0.00536433 0.01139083]
	[RESULT 48] [ 0.00591995 -0.022161    0.01808096  0.01483141  0.0186695   0.09616191
  0.          0.00191904  0.00808096  0.00616191  0.          0.00741995
 -0.022661    0.00308096]
	[RESULT 49] [ 0.02701867  0.00190682  0.01511185  0.02092711  0.01929659  0.0902237
  0.          0.00666445  0.00511185  0.0002237   0.          0.03001867
 -0.00386948  0.00688815]
	[RESULT 50] [0.01052383 0.01563563 0.01511181 0.01259421 0.00281782 0.09022361
 0.         0.00833542 0.00511181 0.00022361 0.         0.00852383
 0.00041202 0.01188819]
	[RESULT 51] [0.02288343 0.02053331 0.01658326 0.01681683 0.00998334 0.09316652
 0.         0.00575022 0.00658326 0.00316652 0.         0.02138343
 0.01030017 0.00891674]
	[RESULT 52] [ 0.01933247 -0.00672693  0.01605941  0.01875534  0.02336347  0.09211881
  0.          0.00394059  0.00605941  0.00211881  0.          0.01983247
 -0.01160812  0.00444059]
	[RESULT 53] [0.02437313 0.02051513 0.01511173 0.01976897 0.00999243 0.09022347
 0.         0.0083352  0.00511173 0.00022347 0.         0.02137313
 0.0097386  0.01188827]
	[RESULT 54] [0.02414396 0.01697699 0.01887906 0.01375339 0.01151151 0.09775811
 0.         0.00112094 0.00887906 0.00775811 0.         0.02364396
 0.0102649  0.00662094]
	[RESULT 55] [ 0.00789667 -0.01821083  0.01610751  0.0128596   0.02064458  0.09221501
  0.          0.00389249  0.00610751  0.00221501  0.          0.00939667
 -0.02199582  0.00439249]
	[RESULT 56] [ 2.05626605e-02 -9.43234771e-03  1.99950082e-02  2.49761574e-02
  2.49661739e-02  9.99900165e-02  0.00000000e+00  4.99175715e-06
  9.99500824e-03  9.99001649e-03  0.00000000e+00  2.20626605e-02
 -9.93234771e-03  4.99500824e-03]
	[RESULT 57] [ 0.01097555 -0.01707222  0.01804777  0.01730943  0.02121389  0.09609554
  0.          0.00195223  0.00804777  0.00609554  0.          0.01247555
 -0.02197668  0.00745223]
	[RESULT 58] [0.02411338 0.01826604 0.01762058 0.01562583 0.01086698 0.09524115
 0.         0.00237942 0.00762058 0.00524115 0.         0.02311338
 0.00649281 0.00337942]
	[RESULT 59] [ 0.01715956 -0.00968782  0.01684738  0.01860084  0.02490609  0.09369475
  0.          0.00315262  0.00684738  0.00369475  0.          0.01865956
 -0.01199306  0.00365262]
	[RESULT 60] [ 0.0245228  -0.00098455  0.01550735  0.02027243  0.02074228  0.0910147
  0.          0.00449265  0.00550735  0.0010147   0.          0.0260228
 -0.00596985  0.00499265]
	[RESULT 61] [ 0.01499732 -0.01400799  0.01900531  0.02075662  0.022746    0.09801062
  0.          0.00099469  0.00900531  0.00801062  0.          0.01649732
 -0.01450799  0.00400531]
	[RESULT 62] [ 0.00620449 -0.02159134  0.01779583  0.01454599  0.01895433  0.09559166
  0.          0.00220417  0.00779583  0.00559166  0.          0.00770449
 -0.02209134  0.00279583]
	[RESULT 63] [ 0.0058735  -0.02225336  0.01812686  0.01487703  0.01862332  0.09625371
  0.          0.00187314  0.00812686  0.00625371  0.          0.0073735
 -0.02275336  0.00312686]
	[RESULT 64] [ 0.01433494 -0.01153224  0.01586718  0.01571824  0.02398388  0.09173436
  0.          0.00413282  0.00586718  0.00173436  0.          0.01633494
 -0.01579788  0.00513282]
	[RESULT 65] [ 0.00923007 -0.01587985  0.01510992  0.01202991  0.02181007  0.09021984
  0.          0.00617024  0.00510992  0.00021984  0.          0.01173007
 -0.02166001  0.00639008]
	[RESULT 66] [0.03460184 0.00949296 0.01510888 0.02496423 0.01525352 0.09021775
 0.         0.00517337 0.00510888 0.00021775 0.         0.03489816
 0.00271071 0.00539112]
	[RESULT 67] [0.01226061 0.01887988 0.01661928 0.01120139 0.00443994 0.09323855
 0.         0.00564217 0.00661928 0.00323855 0.         0.01176061
 0.00064133 0.00888072]
	[RESULT 68] [ 0.00721162 -0.01957791  0.01678953  0.0135401   0.01996105  0.09357906
  0.          0.00321047  0.00678953  0.00357906  0.          0.00871162
 -0.02199885  0.00371047]
	[RESULT 69] [0.02043582 0.02445309 0.01511108 0.01780128 0.00802345 0.09022217
 0.         0.00516675 0.00511108 0.00022217 0.         0.01893582
 0.00432474 0.00538892]
	[RESULT 70] [1.54086152e-02 2.45915482e-02 1.99998366e-02 7.70455267e-03
 7.70422591e-03 9.99996732e-02 0.00000000e+00 1.63380800e-07
 9.99983662e-03 9.99967324e-03 0.00000000e+00 1.49086152e-02
 4.08778587e-04 5.50016338e-03]
	[RESULT 71] [ 0.00595854 -0.02208382  0.01804237  0.01479282  0.01870809  0.09608473
  0.          0.00195763  0.00804237  0.00608473  0.          0.00745854
 -0.02258382  0.00304237]
	[RESULT 72] [ 0.01659648 -0.01092989  0.01752637  0.0193378   0.02428506  0.09505274
  0.          0.00247363  0.00752637  0.00505274  0.          0.01959648
 -0.01187715  0.00447363]
	[RESULT 73] [ 0.03144361  0.00296756  0.01847605  0.02181412  0.01876622  0.0969521
  0.          0.00152395  0.00847605  0.0069521   0.          0.03394361
 -0.00108034  0.00802395]
	[RESULT 74] [ 0.0251221  -0.00354972  0.01867182  0.02468122  0.02202486  0.09734364
  0.          0.00132818  0.00867182  0.00734364  0.          0.0271221
 -0.00354972  0.00367182]
	[RESULT 75] [0.03009726 0.01106887 0.01883387 0.01704783 0.01471557 0.09766774
 0.         0.00116613 0.00883387 0.00766774 0.         0.02709726
 0.01093113 0.00383387]
	[RESULT 76] [ 1.07111969e-02 -1.92738980e-02  1.99850950e-02  2.00832409e-02
  2.01130510e-02  9.99701899e-02  0.00000000e+00  1.49050440e-05
  9.98509496e-03  9.97018991e-03  0.00000000e+00  1.22111969e-02
 -1.97738980e-02  4.98509496e-03]
	[RESULT 77] [0.02611043 0.01877604 0.01511353 0.02038492 0.01061198 0.09022706
 0.         0.0051594  0.00511353 0.00022706 0.         0.02561043
 0.0109969  0.00538647]
	[RESULT 78] [ 0.02972137  0.00423359  0.01548778  0.02284236  0.01813321  0.09097556
  0.          0.00946335  0.00548778  0.00097556  0.          0.03272137
 -0.00579085  0.01151222]
	[RESULT 79] [ 0.00597459 -0.02205144  0.01802603  0.01477634  0.01872428  0.09605206
  0.          0.00197397  0.00802603  0.00605206  0.          0.00747459
 -0.02255144  0.00302603]
	[RESULT 80] [2.87839590e-02 1.12219188e-02 1.99941222e-02 1.46507961e-02
 1.46390406e-02 9.99882445e-02 0.00000000e+00 5.87775754e-06
 9.99412224e-03 9.98824448e-03 0.00000000e+00 2.72839590e-02
 1.07219188e-02 4.99412224e-03]
	[RESULT 81] [ 2.47434069e-02 -5.22038649e-03  1.99637934e-02  2.29326065e-02
  2.28601932e-02  9.99275867e-02  0.00000000e+00  3.62066378e-05
  9.96379336e-03  9.92758672e-03  0.00000000e+00  2.77434069e-02
 -4.22038649e-03  4.96379336e-03]
	[RESULT 82] [0.02519773 0.01885015 0.01595213 0.01892067 0.01082493 0.09190426
 0.         0.00414361 0.00595213 0.00190426 0.         0.02219773
 0.0082456  0.00604787]
	[RESULT 83] [ 0.01352478 -0.01286448  0.01638926  0.01609628  0.02331776  0.09277852
  0.          0.00361074  0.00638926  0.00277852  0.          0.01502478
 -0.01608596  0.00411074]
	[RESULT 84] [0.03114483 0.00603563 0.0151092  0.02298621 0.01723219 0.0902184
 0.         0.0051724  0.0051092  0.0002184  0.         0.03264483
 0.00025403 0.0053908 ]
	[RESULT 85] [ 0.0054113  -0.02317835  0.01858965  0.01534012  0.01816083  0.09717929
  0.          0.00141035  0.00858965  0.00717929  0.          0.0069113
 -0.02367835  0.00358965]
	[RESULT 86] [ 0.00844964 -0.01710105  0.01555069  0.01230085  0.02119948  0.09110137
  0.          0.00444931  0.00555069  0.00110137  0.          0.00994964
 -0.02199968  0.00494931]
	[RESULT 87] [ 0.02460047 -0.00050831  0.01510878  0.01971341  0.02050416  0.09021757
  0.          0.00982635  0.00510878  0.00021757  0.          0.02610047
 -0.01129074  0.01039122]
	[RESULT 88] [0.01823635 0.02415759 0.01760606 0.01270908 0.00792121 0.09521213
 0.         0.00239394 0.00760606 0.00521213 0.         0.01773635
 0.00063028 0.00289394]
	[RESULT 89] [0.01456028 0.02370727 0.019147   0.00855964 0.00685364 0.098294
 0.         0.000853   0.009147   0.008294   0.         0.01256028
 0.00041328 0.007853  ]
	[RESULT 90] [ 0.01956222 -0.00590572  0.01546794  0.01798301  0.02295286  0.09093587
  0.          0.00453206  0.00546794  0.00093587  0.          0.02006222
 -0.01196985  0.00503206]
	[RESULT 91] [0.02969693 0.01339249 0.01691058 0.01973259 0.01355376 0.09382116
 0.         0.00308942 0.00691058 0.00382116 0.         0.02769693
 0.01121365 0.00408942]
	[RESULT 92] [ 0.00627375 -0.02145274  0.01772649  0.01447661  0.01902363  0.09545299
  0.          0.00227351  0.00772649  0.00545299  0.          0.00777375
 -0.02199976  0.00277351]
	[RESULT 93] [ 0.01988594 -0.00682872  0.01671466  0.01976495  0.02366436  0.09342931
  0.          0.00328534  0.00671466  0.00342931  0.          0.02288594
 -0.0093994   0.00528534]
	[RESULT 94] [3.29207282e-02 2.95016538e-03 1.99705629e-02 1.88337916e-02
 1.87749173e-02 9.99411257e-02 0.00000000e+00 2.94371425e-05
 9.97056286e-03 9.94112571e-03 0.00000000e+00 3.44207282e-02
 1.89129110e-03 5.52943714e-03]
	[RESULT 95] [ 0.02552889 -0.0005411   0.01606999  0.02161942  0.02052055  0.09213997
  0.          0.00393001  0.00606999  0.00213997  0.          0.02802889
 -0.00440113  0.00543001]
	[RESULT 96] [0.01665546 0.02388971 0.01723425 0.01272635 0.00719486 0.0944685
 0.         0.00529724 0.00723425 0.0044685  0.         0.01365546
 0.00342121 0.00976575]
	[RESULT 97] [0.01054061 0.01564932 0.01510871 0.01260724 0.00282466 0.09021742
 0.         0.00982613 0.00510871 0.00021742 0.         0.01004061
 0.0004319  0.01039129]
	[RESULT 98] [0.01721325 0.0238649  0.01665165 0.01362915 0.00693245 0.0933033
 0.         0.00334835 0.00665165 0.0033033  0.         0.01671325
 0.0005616  0.00384835]
	[RESULT 99] [ 0.00595854 -0.02208382  0.01804237  0.01479282  0.01870809  0.09608473
  0.          0.00195763  0.00804237  0.00608473  0.          0.00745854
 -0.02258382  0.00304237]
	[RESULT 100] [0.0169757 0.0234664 0.0164907 0.0137518 0.0067332 0.0929814 0.
 0.0035093 0.0064907 0.0029814 0.        0.0149757 0.000485  0.0055093]
	[RESULT 101] [ 4.09164578e-03 -2.58795130e-02  1.99711588e-02  1.67525610e-02
  1.68102435e-02  9.99423175e-02  0.00000000e+00  2.88412485e-05
  9.97115875e-03  9.94231750e-03  0.00000000e+00  6.09164578e-03
 -2.58795130e-02  4.97115875e-03]
	[RESULT 102] [0.01792965 0.02439366 0.01767669 0.01244979 0.00780317 0.09535338
 0.         0.00246993 0.00767669 0.00535338 0.         0.01742965
 0.00525296 0.00782331]
	[RESULT 103] [ 0.00654175 -0.02092671  0.01746845  0.01422355  0.01928665  0.0949369
  0.          0.00253155  0.00746845  0.0049369   0.          0.00804175
 -0.0219898   0.00303155]
	[RESULT 104] [ 0.02127542 -0.00383349  0.01510892  0.01805109  0.02216675  0.09021784
  0.          0.00617325  0.00510892  0.00021784  0.          0.02377542
 -0.00961566  0.00639108]
	[RESULT 105] [ 0.00789931 -0.01933577  0.01723508  0.01455228  0.02008211  0.09447016
  0.          0.00276492  0.00723508  0.00447016  0.          0.01089931
 -0.02086561  0.00476492]
	[RESULT 106] [0.01142436 0.01728879 0.01586442 0.01191555 0.00364439 0.09172885
 0.         0.00940673 0.00586442 0.00172885 0.         0.00942436
 0.00055994 0.01113558]
	[RESULT 107] [ 0.01375652 -0.01447592  0.01823244  0.01897692  0.02251204  0.09646488
  0.          0.00180267  0.00823244  0.00646488  0.          0.01625652
 -0.01901104  0.00826756]
	[RESULT 108] [ 0.0065489  -0.02090286  0.01745177  0.0142021   0.01929857  0.09490353
  0.          0.00254823  0.00745177  0.00490353  0.          0.0080489
 -0.02199933  0.00304823]
	[RESULT 109] [ 0.02490637 -0.00193648  0.01684285  0.02246746  0.02121824  0.0936857
  0.          0.00315715  0.00684285  0.0036857   0.          0.02790637
 -0.00425077  0.00515715]
	[RESULT 110] [ 0.02215473 -0.00469489  0.01684962  0.0211018   0.02259744  0.09369924
  0.          0.00315038  0.00684962  0.00369924  0.          0.02365473
 -0.00699565  0.00365038]
	[RESULT 111] [ 0.03290856  0.0064177   0.01649086  0.02405942  0.01704115  0.09298173
  0.          0.00702741  0.00649086  0.00298173  0.          0.03459144
 -0.00160057  0.01000914]
	[RESULT 112] [0.02161232 0.01971586 0.01867182 0.01279843 0.01014207 0.09734364
 0.         0.00132818 0.00867182 0.00734364 0.         0.02111232
 0.00478414 0.00367182]
	[RESULT 113] [0.03072817 0.00321712 0.01751106 0.02361932 0.01864144 0.09502212
 0.         0.00248894 0.00751106 0.00502212 0.         0.03222817
 0.00223923 0.00298894]
	[RESULT 114] [ 0.00784527 -0.01885846  0.01670373  0.01372823  0.02032077  0.09340746
  0.          0.00329627  0.00670373  0.00340746  0.          0.01084527
 -0.021451    0.00529627]
	[RESULT 115] [0.02221055 0.01806583 0.01972361 0.01176985 0.01121708 0.09944723
 0.         0.00027639 0.00972361 0.00944723 0.         0.01971055
 0.00648694 0.00677639]
	[RESULT 116] [ 0.0132929  -0.01361871  0.01691161  0.01701386  0.02319064  0.09382322
  0.          0.00308839  0.00691161  0.00382322  0.          0.0137929
 -0.01679549  0.00358839]
	[RESULT 117] [0.01553091 0.02063962 0.01510871 0.01510239 0.00531981 0.09021742
 0.         0.00517386 0.00510871 0.00021742 0.         0.01503091
 0.0004222  0.00539129]
	[RESULT 118] [ 0.01281056 -0.01229838  0.01510893  0.01381867  0.02360081  0.09021786
  0.          0.00517321  0.00510893  0.00021786  0.          0.01431056
 -0.01808051  0.00539107]
	[RESULT 119] [ 0.00562596 -0.02274824  0.0183742   0.01512427  0.01837588  0.09674839
  0.          0.0016258   0.0083742   0.00674839  0.          0.00712596
 -0.02324824  0.0033742 ]
	[RESULT 120] [ 0.01046194 -0.01569157  0.01615351  0.01421123  0.02190421  0.09230702
  0.          0.00384649  0.00615351  0.00230702  0.          0.01246194
 -0.01938455  0.00484649]
