[METRICS]
	[DISEQUILIBRIUM COUNT] 1070
[VARIABLES]
	[RESULT 1] [0 5.794971733370011 1 1 24 3969.8184493583167 100]
	[RESULT 2] [1 5.106255862788766 0 2 12 1765.8143658868812 23]
	[RESULT 3] [0 7.498962858449743 0 4 9 3992.016766348469 100]
	[RESULT 4] [0 5.5933565783522745 1 1 24 2846.7233757697095 97]
	[RESULT 5] [0 6.066385533966459 1 4 12 1032.1945582020649 1]
	[RESULT 6] [1 13.632439629210598 0 1 20 3996.7777550854553 100]
	[RESULT 7] [1 6.826206491134805 0 4 12 3996.106866082084 100]
	[RESULT 8] [0 5.022202813956034 1 1 20 1013.5276302916097 99]
	[RESULT 9] [1 49.47454555251275 0 4 0 3999.9886332851597 100]
	[RESULT 10] [1 5.655580146083137 1 4 7 3940.519549227552 1]
	[RESULT 11] [0 6.039068044893497 0 4 24 1168.945299491432 32]
	[RESULT 12] [0 6.033434394956141 1 4 9 3836.401623973072 99]
	[RESULT 13] [0 9.475692817817741 1 4 1 1024.397227431732 2]
	[RESULT 14] [1 49.98974231333167 1 1 22 3991.3684549543245 26]
	[RESULT 15] [0 6.7426219894817585 0 4 12 1275.7035830077548 33]
	[RESULT 16] [1 6.228647003666415 1 1 9 3910.042551763523 88]
	[RESULT 17] [1 8.255041162344746 1 4 24 3963.882012670651 99]
	[RESULT 18] [0 9.865768126196755 0 1 12 3997.036349579044 100]
	[RESULT 19] [1 6.4671066802971495 0 1 12 3999.99704039792 100]
	[RESULT 20] [1 5.860629692297266 0 1 20 3684.623569735713 32]
	[RESULT 21] [0 7.782380325178999 1 1 12 1000.7066348429316 3]
	[RESULT 22] [1 5.772346244504615 0 1 23 3999.9860170542806 100]
	[RESULT 23] [1 5.469904643099693 0 1 12 3999.999838436777 100]
	[RESULT 24] [1 11.029839447556625 0 2 12 1007.5658892409742 96]
	[RESULT 25] [1 5.364606376737675 0 1 12 3993.1649142763667 100]
	[RESULT 26] [1 47.74441659502317 0 4 9 3924.1013693318914 99]
	[RESULT 27] [0 5.649848765077554 0 1 20 1537.566868491419 99]
	[RESULT 28] [0 7.854384711675043 0 4 19 3812.4424002929336 96]
	[RESULT 29] [1 5.810261391094287 0 1 22 1014.131319150867 100]
	[RESULT 30] [1 5.003440101109623 0 4 10 3999.9982903492373 100]
	[RESULT 31] [1 6.178326081725121 0 1 13 3999.9987780601296 98]
	[RESULT 32] [1 5.68893575898128 0 1 9 3999.996277473694 100]
	[RESULT 33] [1 5.860629692297266 0 1 20 3999.981960487598 100]
	[RESULT 34] [1 5.352125402773596 0 4 22 3981.850277669139 88]
	[RESULT 35] [0 49.77090731907217 1 4 22 3972.482345832141 100]
	[RESULT 36] [1 8.007770420006457 0 1 17 3995.7214414128457 100]
	[RESULT 37] [0 6.458315879471436 1 1 12 1447.0405587700357 3]
	[RESULT 38] [1 49.74192158622116 0 4 9 1069.074059278614 32]
	[RESULT 39] [0 7.427666244942209 0 1 24 3999.9808336606875 99]
	[RESULT 40] [0 10.732159373817264 0 1 12 3984.3553297753124 100]
	[RESULT 41] [1 5.6333795566408975 0 1 23 3999.9859095845877 100]
	[RESULT 42] [1 6.012562739880485 0 1 12 3999.99625675261 100]
	[RESULT 43] [1 5.796096728246763 0 1 23 3999.9944409157088 100]
	[RESULT 44] [0 6.530297397750945 0 4 3 3999.6591957975697 100]
	[RESULT 45] [0 10.400989379253211 0 4 11 3984.0506781961117 33]
	[RESULT 46] [1 7.397518972342569 0 4 10 3999.998078311827 100]
	[RESULT 47] [0 5.469440082138162 1 4 12 1042.3050841982672 1]
	[RESULT 48] [1 6.831382477945291 0 2 12 3931.7925289759337 96]
	[RESULT 49] [0 6.862221312955013 1 4 9 3955.528474774092 98]
	[RESULT 50] [0 48.09053587367314 1 1 5 3999.886281289227 28]
	[RESULT 51] [1 8.93307144712907 0 4 13 3995.55963660205 99]
	[RESULT 52] [1 5.9189625972089495 0 1 24 3992.8371917647723 100]
	[RESULT 53] [1 11.337326038531842 0 4 12 1001.0786567784604 32]
	[RESULT 54] [1 5.476618558703718 0 1 12 3999.9856631405873 100]
	[RESULT 55] [1 5.829398931403854 0 1 11 3999.9963358566347 100]
	[RESULT 56] [0 42.915387081510495 0 1 22 3986.229265655 100]
	[RESULT 57] [1 5.269982105606084 1 4 9 3999.9992423485915 100]
	[RESULT 58] [0 6.066624072797629 1 4 9 3920.4794801556377 100]
	[RESULT 59] [0 9.093913457696408 0 1 12 3408.6419081274476 1]
	[RESULT 60] [1 5.365413557823712 0 1 13 3999.99625675261 100]
	[RESULT 61] [1 5.001507740526584 0 4 10 3999.9985526888663 98]
	[RESULT 62] [0 7.333818519396989 1 1 22 1551.9612138791458 100]
	[RESULT 63] [0 46.241901502523504 0 1 12 3999.999838436777 98]
	[RESULT 64] [1 6.274769993779852 0 1 9 3987.3974544314933 33]
	[RESULT 65] [0 5.115930258810133 1 4 1 3997.210413923428 96]
	[RESULT 66] [0 5.284528697665922 1 1 24 1452.0461974785146 81]
	[RESULT 67] [1 5.724727147786069 0 1 23 3999.985646906229 100]
	[RESULT 68] [1 6.49360390916738 0 1 12 2934.216454456494 97]
	[RESULT 69] [1 49.99781098575777 1 4 13 3897.752954027322 1]
	[RESULT 70] [0 5.348731998119835 0 1 6 3992.726478789636 98]
	[RESULT 71] [0 5.469440082138162 1 4 13 1377.8170646209162 100]
	[RESULT 72] [0 45.2822671330817 0 1 12 3987.692935834292 99]
	[RESULT 73] [1 49.845449728864 1 4 20 3986.564391336251 100]
	[RESULT 74] [0 44.178048415181166 0 1 11 3900.5536335771912 28]
	[RESULT 75] [1 12.397854355989807 0 1 21 3999.9126840538984 100]
	[RESULT 76] [0 49.84561409520791 1 1 20 3998.1821558776815 100]
	[RESULT 77] [0 10.732159373817264 0 1 14 3955.937135822387 100]
	[RESULT 78] [1 5.78693108384297 1 4 0 3984.0506781961117 34]
	[RESULT 79] [1 6.015313307412154 0 1 13 3999.99625675261 90]
	[RESULT 80] [0 5.0001244109808525 1 1 11 1009.6114602722788 100]
	[RESULT 81] [0 10.053446451647154 0 1 20 1010.2903473537724 99]
	[RESULT 82] [1 6.378983501753926 0 4 21 3849.993704079015 100]
	[RESULT 83] [0 7.854384711675043 1 4 9 3804.3041676370726 94]
	[RESULT 84] [1 49.84561409520791 1 1 19 3987.043370352632 100]
	[RESULT 85] [1 5.361856185159296 1 4 20 3972.8870132768584 100]
	[RESULT 86] [1 49.47454555251275 0 4 0 3910.1443754520183 100]
	[RESULT 87] [1 5.701794021274275 0 4 24 3992.578667867545 100]
	[RESULT 88] [1 5.860629692297266 1 1 20 3999.9918836340958 100]
	[RESULT 89] [0 5.890751464024891 1 1 24 1000.7066348429316 4]
	[RESULT 90] [0 44.87603469085455 0 1 22 1555.1132275321759 31]
	[RESULT 91] [1 6.512204666497519 0 1 16 3992.6941253488017 100]
	[RESULT 92] [0 49.99894341211825 1 4 15 1000.25782268618 2]
	[RESULT 93] [0 5.348610428265542 1 1 20 3991.740252656537 100]
	[RESULT 94] [1 8.27232105917249 0 4 10 3999.998831801249 90]
	[RESULT 95] [1 49.80361887761882 0 4 21 3988.030385678229 100]
	[RESULT 96] [1 5.16400013265311 0 1 12 3993.1649142763667 100]
	[RESULT 97] [0 6.439374008352985 1 1 12 1577.6749045984602 97]
	[RESULT 98] [0 5.588772015249772 0 1 24 3999.2484399408895 99]
	[RESULT 99] [1 5.325620577840154 0 4 22 3999.8665054343273 99]
	[RESULT 100] [0 5.115930258810133 0 4 1 3997.173513380818 96]
	[RESULT 101] [1 8.638208657763673 0 4 0 3999.9884804004255 100]
	[RESULT 102] [1 6.726535957009286 0 1 10 3999.9992638469002 100]
	[RESULT 103] [1 9.935961305053786 0 1 21 3785.0286840935205 100]
	[RESULT 104] [0 47.58305770968438 1 1 5 3787.5190585934906 28]
	[RESULT 105] [0 5.313854051654234 0 4 12 1275.7035830077548 33]
	[RESULT 106] [1 5.19263501564354 0 1 12 3999.9998654524607 100]
	[RESULT 107] [1 45.89693550198494 0 1 6 3994.0879381127215 100]
	[RESULT 108] [1 5.5863634772590505 0 1 11 3999.9846954118057 100]
	[RESULT 109] [1 9.059723984143844 1 1 9 3999.7732688828246 88]
	[RESULT 110] [0 10.714204538486872 1 4 10 3969.0076810074565 100]
	[RESULT 111] [1 49.80434651675029 0 1 9 1000.2034509793617 99]
	[RESULT 112] [0 48.9270568764039 0 1 12 3999.9960601168696 100]
	[RESULT 113] [0 5.331834220964109 1 4 24 3972.5375721722617 32]
	[RESULT 114] [0 5.000082015170714 1 1 24 1003.045255937343 76]
	[RESULT 115] [0 7.546246475760361 1 1 22 3973.19333456408 100]
	[RESULT 116] [1 6.7428841392233885 0 4 8 3999.9982903492373 97]
	[RESULT 117] [0 6.866808245720194 1 4 9 3955.528474774092 100]
	[RESULT 118] [0 5.324221885831637 0 4 19 3812.4424002929336 96]
	[RESULT 119] [0 45.29000421276138 0 1 1 3992.970463075828 35]
	[RESULT 120] [0 48.70481083030198 1 4 22 3900.4404180387514 99]
[OBJECTIVES]
	[RESULT 1] [ 0.02588819 -0.00189737  0.01778556  0.02462243  0.02094868  0.09557112
  0.          0.00221444  0.00778556  0.00557112  0.          0.02638819
 -0.00832625  0.00771444]
	[RESULT 2] [0.02105281 0.01942744 0.01951975 0.01149678 0.01053628 0.0990395
 0.         0.00048025 0.00951975 0.0090395  0.         0.01905281
 0.00357256 0.00451975]
	[RESULT 3] [ 0.01462198 -0.01180701  0.01642899  0.01695448  0.02409649  0.09285799
  0.          0.00357101  0.00642899  0.00285799  0.          0.01662198
 -0.01594902  0.00557101]
	[RESULT 4] [0.01866847 0.02319351 0.01813803 0.01212719 0.00840325 0.09627606
 0.         0.00186197 0.00813803 0.00627606 0.         0.01816847
 0.00553044 0.00736197]
	[RESULT 5] [0.01282852 0.0202482  0.01741968 0.01028473 0.0051241  0.09483937
 0.         0.00474095 0.00741968 0.00483937 0.         0.01082852
 0.00040883 0.00958032]
	[RESULT 6] [ 0.01133527 -0.01418381  0.01551908  0.01369625  0.02265809  0.09103816
  0.          0.00448092  0.00551908  0.00103816  0.          0.01283527
 -0.01914565  0.00498092]
	[RESULT 7] [ 0.01059941 -0.01616975  0.01676916  0.01520344  0.02166513  0.09353831
  0.          0.00323084  0.00676916  0.00353831  0.          0.01359941
 -0.01863144  0.00523084]
	[RESULT 8] [0.02509894 0.01500967 0.0198914  0.01271237 0.01249517 0.09978279
 0.         0.0001086  0.0098914  0.00978279 0.         0.02459894
 0.01020754 0.0056086 ]
	[RESULT 9] [ 0.00890141 -0.01620854  0.01510995  0.01186563  0.02164573  0.0902199
  0.          0.00667015  0.00510995  0.0002199   0.          0.01190141
 -0.02198864  0.00689005]
	[RESULT 10] [0.02161825 0.02036166 0.01802009 0.01402899 0.01006917 0.09604018
 0.         0.00293973 0.00802009 0.00604018 0.         0.01861825
 0.00759816 0.00897991]
	[RESULT 11] [0.01796079 0.02458711 0.0174521  0.01280224 0.00770644 0.0949042
 0.         0.0025479  0.0074521  0.0049042  0.         0.01596079
 0.00050869 0.0045479 ]
	[RESULT 12] [0.02577281 0.01676829 0.01745889 0.01669807 0.01161585 0.09491779
 0.         0.00462332 0.00745889 0.00491779 0.         0.02377281
 0.00968608 0.00954111]
	[RESULT 13] [0.01132344 0.01723656 0.01591313 0.01179203 0.00361828 0.09182625
 0.         0.00926062 0.00591313 0.00182625 0.         0.00932344
 0.00041031 0.01108687]
	[RESULT 14] [0.02995913 0.01493215 0.01510872 0.02256649 0.01278392 0.09021744
 0.         0.00982616 0.00510872 0.00021744 0.         0.02845913
 0.00414959 0.01039128]
	[RESULT 15] [0.01734452 0.02416759 0.01682307 0.01343765 0.0070838  0.09364615
 0.         0.00317693 0.00682307 0.00364615 0.         0.01534452
 0.00052145 0.00517693]
	[RESULT 16] [0.02021877 0.02253772 0.01724351 0.01449411 0.00898114 0.09448703
 0.         0.00376946 0.00724351 0.00448703 0.         0.01871877
 0.00697526 0.00825649]
	[RESULT 17] [0.0324012  0.01142372 0.01617508 0.02218798 0.01453814 0.09235015
 0.         0.00847477 0.00617508 0.00235015 0.         0.0294012
 0.00277388 0.01082492]
	[RESULT 18] [ 0.01179715 -0.01405525  0.0158524   0.01467718  0.02297237  0.09170481
  0.          0.0041476   0.0058524   0.00170481  0.          0.01229715
 -0.01935044  0.0046476 ]
	[RESULT 19] [ 0.00697629 -0.02005037  0.01702667  0.01377815  0.01972481  0.09405333
  0.          0.00297333  0.00702667  0.00405333  0.          0.00847629
 -0.02199704  0.00347333]
	[RESULT 20] [0.02081332 0.02149942 0.01768726 0.01412577 0.00950029 0.09537452
 0.         0.00231274 0.00768726 0.00537452 0.         0.01931332
 0.00212606 0.00281274]
	[RESULT 21] [0.01173266 0.01805458 0.01632192 0.01138345 0.00402729 0.09264384
 0.         0.00653424 0.00632192 0.00264384 0.         0.01123266
 0.00041074 0.00917808]
	[RESULT 22] [ 0.00619286 -0.02162826  0.01782112  0.01457811  0.01893587  0.09564224
  0.          0.00217888  0.00782112  0.00564224  0.          0.00769286
 -0.02212826  0.00282112]
	[RESULT 23] [ 0.00559858 -0.022803    0.01840158  0.01515166  0.0183485   0.09680316
  0.          0.00159842  0.00840158  0.00680316  0.          0.00709858
 -0.023303    0.00340158]
	[RESULT 24] [0.02091838 0.02337036 0.01571125 0.01714231 0.00856482 0.09142251
 0.         0.00428875 0.00571125 0.00142251 0.         0.01891838
 0.00420713 0.00528875]
	[RESULT 25] [ 0.01070351 -0.01796055  0.01866406  0.01809785  0.02076973  0.09732812
  0.          0.00133594  0.00866406  0.00732812  0.          0.01220351
 -0.01846055  0.00366406]
	[RESULT 26] [0.03230864 0.01257706 0.0151143  0.02373287 0.01396147 0.0902286
 0.         0.0066571  0.0051143  0.0002286  0.         0.02930864
 0.00680566 0.0068857 ]
	[RESULT 27] [0.02828184 0.01368758 0.01803058 0.01709505 0.01315621 0.09606116
 0.         0.00196942 0.00803058 0.00606116 0.         0.02778184
 0.01081242 0.00303058]
	[RESULT 28] [0.0232376  0.02046517 0.01629722 0.01717297 0.00976741 0.09259445
 0.         0.00370278 0.00629722 0.00259445 0.         0.0212376
 0.00694038 0.00570278]
	[RESULT 29] [0.03103039 0.00326835 0.01776203 0.02309176 0.01861582 0.09552406
 0.         0.00223797 0.00776203 0.00552406 0.         0.03253039
 0.00276835 0.00276203]
	[RESULT 30] [ 4.01885107e-03 -2.59640074e-02  1.99828585e-02  1.67337132e-02
  1.67679963e-02  9.99657169e-02  0.00000000e+00  1.71415369e-05
  9.98285846e-03  9.96571693e-03  0.00000000e+00  7.01885107e-03
 -2.49640074e-02  4.98285846e-03]
	[RESULT 31] [ 0.02003921 -0.00725613  0.01729534  0.02071262  0.02387806  0.09459068
  0.          0.00270466  0.00729534  0.00459068  0.          0.02153921
 -0.00866544  0.00320466]
	[RESULT 32] [ 0.00604328 -0.02191717  0.01796044  0.01471231  0.01879142  0.09592089
  0.          0.00203956  0.00796044  0.00592089  0.          0.00754328
 -0.02241717  0.00296044]
	[RESULT 33] [ 0.00633076 -0.0213565   0.01768726  0.01444628  0.01907175  0.09537452
  0.          0.00231274  0.00768726  0.00537452  0.          0.00783076
 -0.02198197  0.00281274]
	[RESULT 34] [0.03427921 0.00558132 0.01869788 0.02006357 0.01745934 0.09739576
 0.         0.00130212 0.00869788 0.00739576 0.         0.03272079
 0.00658132 0.00369788]
	[RESULT 35] [ 0.02799     0.00288076  0.01510924  0.02165886  0.01855962  0.09021848
  0.          0.00832772  0.00510924  0.00021848  0.          0.02999
 -0.00890076  0.01189076]
	[RESULT 36] [ 0.01140574 -0.01484183  0.01624758  0.01482424  0.02232908  0.09249515
  0.          0.00375242  0.00624758  0.00249515  0.          0.01290574
 -0.01834668  0.00425242]
	[RESULT 37] [0.01248043 0.01951435 0.01703391 0.01068935 0.00475717 0.09406783
 0.         0.00439826 0.00703391 0.00406783 0.         0.01198043
 0.00044652 0.00846609]
	[RESULT 38] [0.0166106  0.02171991 0.01510931 0.01589134 0.00610996 0.09021862
 0.         0.00667207 0.00510931 0.00021862 0.         0.0136106
 0.00050129 0.00689069]
	[RESULT 39] [ 0.01856043 -0.00789829  0.01645872  0.01896829  0.02394914  0.09291744
  0.          0.00354128  0.00645872  0.00291744  0.          0.01906043
 -0.01198085  0.00404128]
	[RESULT 40] [ 0.01888013 -0.00686258  0.0157427   0.01805412  0.02343129  0.09148541
  0.          0.0042573   0.0057427   0.00148541  0.          0.01938013
 -0.01237717  0.0047573 ]
	[RESULT 41] [ 0.00595294 -0.02210819  0.01806114  0.01481818  0.0186959   0.09612228
  0.          0.00193886  0.00806114  0.00612228  0.          0.00745294
 -0.02260819  0.00306114]
	[RESULT 42] [ 0.00651935 -0.02096505  0.01748439  0.01423627  0.01926748  0.09496879
  0.          0.00251561  0.00748439  0.00496879  0.          0.00801935
 -0.02199626  0.00301561]
	[RESULT 43] [ 0.00622174 -0.02156207  0.01778381  0.01453659  0.01896896  0.09556763
  0.          0.00221619  0.00778381  0.00556763  0.          0.00772174
 -0.02206207  0.00278381]
	[RESULT 44] [ 0.00836017 -0.01861588  0.01697605  0.01464416  0.02069206  0.0939521
  0.          0.00302395  0.00697605  0.0039521   0.          0.01036017
 -0.02166378  0.00502395]
	[RESULT 45] [0.03133801 0.01288086 0.01578113 0.02199731 0.01355957 0.09156226
 0.         0.00465661 0.00578113 0.00156226 0.         0.02933801
 0.00744311 0.00621887]
	[RESULT 46] [ 0.00753026 -0.0189414   0.01647166  0.01322262  0.0202793   0.09294332
  0.          0.00352834  0.00647166  0.00294332  0.          0.01053026
 -0.02199808  0.00552834]
	[RESULT 47] [0.0138122  0.02221486 0.01840266 0.00930211 0.00610743 0.09680531
 0.         0.00179203 0.00840266 0.00680531 0.         0.0118122
 0.00040954 0.00859734]
	[RESULT 48] [0.02847139 0.01476269 0.01676592 0.01933681 0.01286866 0.09353184
 0.         0.00323408 0.00676592 0.00353184 0.         0.02647139
 0.01070547 0.00423408]
	[RESULT 49] [0.02741005 0.01584305 0.01674689 0.01858468 0.01207847 0.09349379
 0.         0.00675932 0.00674689 0.00349379 0.         0.02541005
 0.00733684 0.01025311]
	[RESULT 50] [ 0.03472583  0.00961243  0.0151134   0.02496698  0.01519379  0.09022681
  0.          0.00984021  0.0051134   0.00022681  0.          0.03477417
 -0.00216077  0.0103866 ]
	[RESULT 51] [ 0.02175708 -0.00425649  0.01601357  0.01964889  0.02237825  0.09202713
  0.          0.00398643  0.00601357  0.00202713  0.          0.02475708
 -0.00822936  0.00598643]
	[RESULT 52] [ 0.01196204 -0.01564353  0.01760557  0.01713938  0.02192823  0.09521115
  0.          0.00239443  0.00760557  0.00521115  0.          0.01346204
 -0.01643238  0.00289443]
	[RESULT 53] [0.01717799 0.02285943 0.01568145 0.01531682 0.00667972 0.09136289
 0.         0.00495566 0.00568145 0.00136289 0.         0.01417799
 0.00049654 0.00631855]
	[RESULT 54] [ 0.00562821 -0.0227579   0.01838611  0.01514328  0.01837105  0.09677223
  0.          0.00161389  0.00838611  0.00677223  0.          0.00712821
 -0.0232579   0.00338611]
	[RESULT 55] [ 0.00627053 -0.02146261  0.01773314  0.01448497  0.01901869  0.09546628
  0.          0.00226686  0.00773314  0.00546628  0.          0.00777053
 -0.02199634  0.00276686]
	[RESULT 56] [ 0.01875111 -0.00637737  0.01512848  0.01706828  0.02318869  0.09025697
  0.          0.00511455  0.00512848  0.00025697  0.          0.01925111
 -0.01312041  0.00537152]
	[RESULT 57] [ 0.01006369 -0.01887337  0.01893706  0.01818744  0.02031332  0.09787413
  0.          0.00106294  0.00893706  0.00787413  0.          0.01306369
 -0.02199924  0.00806294]
	[RESULT 58] [ 0.03160091  0.0041815   0.0174194   0.02307044  0.01790925  0.09483881
  0.          0.00474179  0.0074194   0.00483881  0.          0.03360091
 -0.00297969  0.0095806 ]
	[RESULT 59] [0.01719558 0.02317715 0.01598156 0.01462545 0.00658857 0.09196313
 0.         0.00401844 0.00598156 0.00196313 0.         0.01669558
 0.00121402 0.00451844]
	[RESULT 60] [ 0.00534185 -0.02332005  0.01866189  0.01541377  0.01808998  0.09732379
  0.          0.00133811  0.00866189  0.00732379  0.          0.00684185
 -0.02382005  0.00366189]
	[RESULT 61] [ 1.73423079e-02 -1.26501647e-02  1.99924726e-02  2.34098629e-02
  2.34249176e-02  9.99849453e-02  0.00000000e+00  7.52735334e-06
  9.99247265e-03  9.98494529e-03  0.00000000e+00  2.03423079e-02
 -1.16501647e-02  4.99247265e-03]
	[RESULT 62] [0.03175251 0.01174771 0.01649978 0.02112658 0.01412614 0.09299956
 0.         0.00600065 0.00649978 0.00299956 0.         0.03125251
 0.00274727 0.00900022]
	[RESULT 63] [ 0.02321513 -0.00190324  0.01511837  0.01928511  0.02095162  0.09023673
  0.          0.0051449   0.00511837  0.00023673  0.          0.02371513
 -0.00866651  0.00538163]
	[RESULT 64] [0.03488664 0.00768862 0.01719802 0.02200964 0.01640569 0.09439605
 0.         0.00280198 0.00719802 0.00439605 0.         0.03361336
 0.00608467 0.00330198]
	[RESULT 65] [ 0.02902899 -0.00045157  0.01948057  0.02126465  0.02022579  0.09896113
  0.          0.00051943  0.00948057  0.00896113  0.          0.03102899
 -0.00349044  0.00751943]
	[RESULT 66] [0.01513539 0.02402787 0.01889248 0.00922898 0.00701393 0.09778496
 0.         0.00110752 0.00889248 0.00778496 0.         0.01463539
 0.00124291 0.00660752]
	[RESULT 67] [ 0.00611534 -0.02178367  0.01789901  0.01465618  0.01885816  0.09579802
  0.          0.00210099  0.00789901  0.00579802  0.          0.00761534
 -0.02228367  0.00289901]
	[RESULT 68] [0.02357811 0.01941676 0.01700513 0.01653136 0.01054162 0.09401026
 0.         0.00299487 0.00700513 0.00401026 0.         0.02207811
 0.00557298 0.00349487]
	[RESULT 69] [0.01622041 0.02132911 0.0151087  0.01569715 0.00591455 0.0902174
 0.         0.0083261  0.0051087  0.0002174  0.         0.01322041
 0.00511171 0.0118913 ]
	[RESULT 70] [ 0.02526043 -0.00344676  0.01870719  0.02430901  0.02172338  0.09741437
  0.          0.00129281  0.00870719  0.00741437  0.          0.02576043
 -0.00494676  0.00370719]
	[RESULT 71] [0.03363876 0.00795859 0.01840266 0.01921539 0.01602071 0.09680531
 0.         0.00179203 0.00840266 0.00680531 0.         0.03163876
 0.0027639  0.00859734]
	[RESULT 72] [ 0.02812602  0.00300491  0.01512112  0.02174469  0.01849755  0.09024223
  0.          0.00513665  0.00512112  0.00024223  0.          0.02862602
 -0.00375286  0.00537888]
	[RESULT 73] [ 0.02262998 -0.00247909  0.01510906  0.01872858  0.02148954  0.09021812
  0.          0.00832719  0.00510906  0.00021812  0.          0.02562998
 -0.01326096  0.01189094]
	[RESULT 74] [0.02042066 0.02445489 0.01512445 0.01752366 0.00777255 0.09024889
 0.         0.00512666 0.00512445 0.00024889 0.         0.01992066
 0.00529622 0.00537555]
	[RESULT 75] [ 0.00849162 -0.01710377  0.01559539  0.0123889   0.02119812  0.09119078
  0.          0.00440461  0.00559539  0.00119078  0.          0.00999162
 -0.02191299  0.00490461]
	[RESULT 76] [ 0.01658556 -0.0085235   0.01510906  0.01595637  0.02426175  0.09021812
  0.          0.00982719  0.00510906  0.00021812  0.          0.01708556
 -0.02030538  0.01039094]
	[RESULT 77] [ 0.02520757 -0.00053513  0.0157427   0.02121784  0.02026757  0.09148541
  0.          0.0042573   0.0057427   0.00148541  0.          0.02570757
 -0.00604973  0.0047573 ]
	[RESULT 78] [0.02935937 0.01284254 0.01779809 0.01823254 0.01382873 0.09559619
 0.         0.00360572 0.00779809 0.00559619 0.         0.02635937
 0.00743872 0.00920191]
	[RESULT 79] [ 0.02470456 -0.00277645  0.017481    0.02332378  0.02163822  0.09496201
  0.          0.002519    0.007481    0.00496201  0.          0.02620456
 -0.00381444  0.003019  ]
	[RESULT 80] [3.47933518e-02 4.79397382e-03 1.99993780e-02 1.76042570e-02
 1.76030131e-02 9.99987560e-02 0.00000000e+00 6.21977523e-07
 9.99937802e-03 9.99875604e-03 0.00000000e+00 3.47066482e-02
 2.79272986e-03 5.50062198e-03]
	[RESULT 81] [0.02603329 0.01814073 0.01582598 0.01927768 0.01092963 0.09165195
 0.         0.00417402 0.00582598 0.00165195 0.         0.02553329
 0.01020732 0.00467402]
	[RESULT 82] [ 0.02832696  0.00122522  0.01710174  0.02456609  0.01963739  0.09420348
  0.          0.00289826  0.00710174  0.00420348  0.          0.03132696
 -0.0005713   0.00489826]
	[RESULT 83] [0.01698632 0.02328354 0.01629722 0.01404732 0.00664177 0.09259445
 0.         0.00810833 0.00629722 0.00259445 0.         0.01498632
 0.00568909 0.01070278]
	[RESULT 84] [ 0.02242478 -0.00268429  0.01510906  0.01862598  0.02159214  0.09021812
  0.          0.00982719  0.00510906  0.00021812  0.          0.02392478
 -0.01346616  0.01039094]
	[RESULT 85] [ 0.02333537 -0.00533609  0.01867146  0.02442487  0.02291805  0.09734292
  0.          0.00132854  0.00867146  0.00734292  0.          0.02633537
 -0.00899317  0.00832854]
	[RESULT 86] [ 0.02844843  0.00333848  0.01510995  0.02163914  0.01858076  0.0902199
  0.          0.00667015  0.00510995  0.0002199   0.          0.03144843
 -0.00244161  0.00689005]
	[RESULT 87] [ 0.01178449 -0.01615358  0.01793808  0.01754936  0.02167321  0.09587615
  0.          0.00206192  0.00793808  0.00587615  0.          0.01478449
 -0.01627743  0.00406192]
	[RESULT 88] [ 0.01132085 -0.01636641  0.01768726  0.01694132  0.02156679  0.09537452
  0.          0.00243821  0.00768726  0.00537452  0.          0.01282085
 -0.02199189  0.00781274]
	[RESULT 89] [0.0130573  0.02070175 0.01764445 0.01006197 0.00535087 0.0952889
 0.         0.00256665 0.00764445 0.0052889  0.         0.0125573
 0.00041285 0.00785555]
	[RESULT 90] [0.01566108 0.0207834  0.01512232 0.01514706 0.0053917  0.09024464
 0.         0.00513304 0.00512232 0.00024464 0.         0.01516108
 0.00053876 0.00537768]
	[RESULT 91] [ 0.01266339 -0.01432689  0.01699028  0.01656712  0.02258655  0.09398057
  0.          0.00300972  0.00699028  0.00398057  0.          0.01416339
 -0.01634633  0.00350972]
	[RESULT 92] [0.01051735 0.01562605 0.0151087  0.01259563 0.00281302 0.0902174
 0.         0.00832609 0.0051087  0.0002174  0.         0.00851735
 0.00040865 0.0118913 ]
	[RESULT 93] [ 0.017501   -0.01120652  0.01870752  0.02181178  0.02439674  0.09741504
  0.          0.00129248  0.00870752  0.00741504  0.          0.018001
 -0.01579148  0.00679248]
	[RESULT 94] [ 0.02601266 -0.00015766  0.01617032  0.02201182  0.02032883  0.09234065
  0.          0.00382968  0.00617032  0.00234065  0.          0.02901266
 -0.00381701  0.00582968]
	[RESULT 95] [ 0.01698506 -0.0081241   0.01510916  0.01590627  0.02431205  0.09021832
  0.          0.00667251  0.00510916  0.00021832  0.          0.01998506
 -0.01390578  0.00689084]
	[RESULT 96] [ 0.01007204 -0.01922349  0.01929553  0.01872932  0.02013825  0.09859106
  0.          0.00070447  0.00929553  0.00859106  0.          0.01157204
 -0.01972349  0.00429553]
	[RESULT 97] [0.01730509 0.02435479 0.01704971 0.01307798 0.0071774  0.09409941
 0.         0.00435088 0.00704971 0.00409941 0.         0.01680509
 0.00525538 0.00845029]
	[RESULT 98] [ 0.01758254 -0.01056454  0.01814708  0.0210119   0.02471773  0.09629417
  0.          0.00185292  0.00814708  0.00629417  0.          0.01808254
 -0.01206454  0.00314708]
	[RESULT 99] [ 0.01536097 -0.01341085  0.01877182  0.02058821  0.02304457  0.09754364
  0.          0.00122818  0.00877182  0.00754364  0.          0.01836097
 -0.01241085  0.00377182]
	[RESULT 100] [ 0.02405882 -0.00542175  0.01948057  0.02374974  0.02271087  0.09896113
  0.          0.00051943  0.00948057  0.00896113  0.          0.02605882
 -0.00542175  0.00448057]
	[RESULT 101] [ 0.00793351 -0.01814449  0.016078    0.01283376  0.02067775  0.092156
  0.          0.003922    0.006078    0.002156    0.          0.01093351
 -0.02198849  0.005922  ]
	[RESULT 102] [ 0.00716691 -0.01966692  0.01683383  0.0135842   0.01991654  0.09366766
  0.          0.00316617  0.00683383  0.00366766  0.          0.00866691
 -0.02199926  0.00366617]
	[RESULT 103] [0.0305532  0.00471087 0.01584232 0.02379008 0.01789456 0.09168465
 0.         0.00415768 0.00584232 0.00168465 0.         0.0320532
 0.00039552 0.00465768]
	[RESULT 104] [0.01302049 0.01813521 0.01511472 0.01383816 0.0040676  0.09022945
 0.         0.00984417 0.00511472 0.00022945 0.         0.01252049
 0.00290576 0.01038528]
	[RESULT 105] [0.01932705 0.02186736 0.0188056  0.01145513 0.00906632 0.0976112
 0.         0.0011944  0.0088056  0.0076112  0.         0.01732705
 0.00113264 0.0038056 ]
	[RESULT 106] [ 0.00480774 -0.02438466  0.0191924   0.01594246  0.01755767  0.09838479
  0.          0.0008076   0.0091924   0.00838479  0.          0.00630774
 -0.02488466  0.0041924 ]
	[RESULT 107] [ 0.01366201 -0.01145733  0.01511934  0.01426002  0.02402134  0.09023868
  0.          0.00514198  0.00511934  0.00023868  0.          0.01516201
 -0.01721864  0.00538066]
	[RESULT 108] [ 0.00586343 -0.02228843  0.01815186  0.01490951  0.01860578  0.09630373
  0.          0.00184814  0.00815186  0.00630373  0.          0.00736343
 -0.02278843  0.00315186]
	[RESULT 109] [ 0.03169804  0.00570984  0.0159882   0.02458131  0.01739508  0.09197639
  0.          0.00753541  0.0059882   0.00197639  0.          0.03319804
 -0.00331377  0.0095118 ]
	[RESULT 110] [ 0.02809306  0.00234837  0.01574469  0.02266357  0.01882581  0.09148938
  0.          0.00976593  0.00574469  0.00148938  0.          0.03009306
 -0.00816225  0.01125531]
	[RESULT 111] [0.02631579 0.01857505 0.01510916 0.02074415 0.01096247 0.09021832
 0.         0.00517252 0.00510916 0.00021832 0.         0.02481579
 0.01020663 0.00539084]
	[RESULT 112] [ 0.00989265 -0.01521864  0.01511129  0.01261326  0.02239068  0.09022258
  0.          0.00516613  0.00511129  0.00022258  0.          0.01039265
 -0.02199606  0.00538871]
	[RESULT 113] [0.02595736 0.01528842 0.01875422 0.01484735 0.01235579 0.09750844
 0.         0.00124578 0.00875422 0.00750844 0.         0.02395736
 0.01079686 0.00824578]
	[RESULT 114] [1.60064097e-02 2.39940003e-02 1.99995900e-02 8.00381993e-03
 8.00299985e-03 9.99991799e-02 0.00000000e+00 4.10042224e-07
 9.99958996e-03 9.99917992e-03 0.00000000e+00 1.55064097e-02
 1.00681977e-03 5.50041004e-03]
	[RESULT 115] [ 0.02652597  0.00011603  0.01640994  0.0228779   0.01994198  0.09281988
  0.          0.00627018  0.00640994  0.00281988  0.          0.02702597
 -0.00906408  0.00909006]
	[RESULT 116] [ 0.02217881 -0.00464409  0.0168229   0.02107375  0.02257204  0.0936458
  0.          0.0031771   0.0068229   0.0036458   0.          0.02517881
 -0.00699829  0.0051771 ]
	[RESULT 117] [ 0.02925941  0.00251531  0.0167441   0.02474585  0.01874235  0.0934882
  0.          0.0067677   0.0067441   0.0034882   0.          0.03125941
 -0.00599649  0.0102559 ]
	[RESULT 118] [0.02571618 0.01550802 0.0187758  0.01469439 0.01224599 0.0975516
 0.         0.0012242  0.0087758  0.0075516  0.         0.02371618
 0.00749198 0.0037758 ]
	[RESULT 119] [0.03493736 0.00994154 0.01512109 0.02478704 0.01502923 0.09024219
 0.         0.00513672 0.00512109 0.00024219 0.         0.03443736
 0.00318373 0.00537891]
	[RESULT 120] [0.02512952 0.01975863 0.01511184 0.01989699 0.01012068 0.09022369
 0.         0.00833553 0.00511184 0.00022369 0.         0.02312952
 0.00798232 0.01188816]
