[METRICS]
	[DISEQUILIBRIUM COUNT] 0
[VARIABLES]
	[RESULT 1] [0 6.30059763703169 0 1 15 1495.6690626811771 23]
	[RESULT 2] [0 5.998625452341128 1 1 14 1333.2759831725093 100]
	[RESULT 3] [1 5.631906500472349 0 3 16 1634.1545702181925 99]
	[RESULT 4] [0 5.0009659312930035 0 3 20 1057.6766579497346 98]
	[RESULT 5] [0 6.123599901939036 1 2 23 1256.2947247879943 98]
	[RESULT 6] [0 7.571733833400418 0 1 23 1017.2941789919892 99]
	[RESULT 7] [0 6.699133722110793 1 1 20 1002.9415580667917 9]
	[RESULT 8] [0 6.782613710676671 0 1 23 1502.2714256690945 97]
	[RESULT 9] [0 49.07630262158016 1 3 23 1536.2064117210457 100]
	[RESULT 10] [0 5.508828672451408 1 3 14 1136.7310784881877 10]
	[RESULT 11] [0 49.91686269930734 1 4 14 1015.2758831367529 5]
	[RESULT 12] [0 5.299516844736468 0 1 15 1495.6690626811771 23]
	[RESULT 13] [0 49.99083738131736 1 4 9 1019.7973443004944 5]
	[RESULT 14] [0 49.87118070924653 1 4 9 1000.0104848902902 5]
	[RESULT 15] [0 49.91626539973052 1 4 9 1007.772528500091 5]
	[RESULT 16] [0 49.86578736430361 0 1 24 1386.52322052531 100]
	[RESULT 17] [0 5.328804360759824 0 1 24 1402.7067871434356 100]
	[RESULT 18] [0 49.93088551875924 1 4 12 1015.4834390829133 5]
	[RESULT 19] [0 49.95119691691616 1 1 9 1013.4600069792533 2]
	[RESULT 20] [0 49.882957490287396 1 4 9 1004.558605347523 5]
	[RESULT 21] [0 39.835321107496966 0 1 9 1000.0323264023085 10]
	[RESULT 22] [0 49.88282607194839 1 4 10 1004.7233804871294 5]
	[RESULT 23] [0 6.699476918698116 1 2 20 1169.076329418943 97]
	[RESULT 24] [1 49.59978124100812 0 3 16 1702.3449235658225 99]
	[RESULT 25] [0 5.008170071626345 1 1 23 1025.8072154086592 28]
	[RESULT 26] [0 49.99148616783194 1 4 9 1014.5429265345911 5]
	[RESULT 27] [0 49.9971806145983 1 4 9 1000.0053026569807 4]
	[RESULT 28] [0 49.988557893768125 1 4 9 1013.6747360647229 5]
	[RESULT 29] [0 49.91436214785466 1 4 9 1000.0931955390727 5]
	[RESULT 30] [0 49.9725491102869 1 4 10 1000.0003144254132 5]
[OBJECTIVES]
	[RESULT 1] [0.01767686 0.02485021 0.01717335 0.01307841 0.0074251  0.0943467
 0.         0.00282665 0.00717335 0.0043467  0.         0.01717686
 0.00050351 0.00332665]
	[RESULT 2] [0.03273391 0.00976437 0.01750172 0.02011438 0.01511782 0.09500344
 0.         0.00299484 0.00750172 0.00500344 0.         0.03223391
 0.00276781 0.00799828]
	[RESULT 3] [0.02932531 0.01261078 0.0180639  0.01781681 0.01394461 0.0961278
 0.         0.0019361  0.0080639  0.0061278  0.         0.02682531
 0.01026141 0.0034361 ]
	[RESULT 4] [2.68724692e-02 1.31323558e-02 1.99951750e-02 1.34434721e-02
 1.34338221e-02 9.99903500e-02 0.00000000e+00 4.82499585e-06
 9.99517500e-03 9.99035001e-03 0.00000000e+00 2.53724692e-02
 1.03676442e-02 4.99517500e-03]
	[RESULT 5] [0.0192469  0.02339861 0.01735449 0.01359171 0.00830069 0.09470898
 0.         0.00393652 0.00735449 0.00470898 0.         0.0182469
 0.0068924  0.00864551]
	[RESULT 6] [0.02660768 0.01699244 0.01639988 0.01870402 0.01150378 0.09279976
 0.         0.00360012 0.00639988 0.00279976 0.         0.02610768
 0.0102078  0.00410012]
	[RESULT 7] [0.01227665 0.0191291  0.01685245 0.01085966 0.00456455 0.09370489
 0.         0.00494266 0.00685245 0.00370489 0.         0.01177665
 0.0004242  0.00864755]
	[RESULT 8] [0.02204462 0.02115851 0.01679687 0.015827   0.00942075 0.09359374
 0.         0.00320313 0.00679687 0.00359374 0.         0.02154462
 0.00524775 0.00370313]
	[RESULT 9] [0.03036205 0.01452703 0.01511092 0.02251464 0.01273649 0.09022185
 0.         0.00883277 0.00511092 0.00022185 0.         0.02886205
 0.00274887 0.01138908]
	[RESULT 10] [0.01375    0.02206383 0.01831383 0.00940426 0.00603192 0.09662766
 0.         0.00168617 0.00831383 0.00662766 0.         0.01225
 0.00043617 0.00818617]
	[RESULT 11] [0.01052489 0.01563378 0.01510889 0.0125991  0.00281689 0.09021778
 0.         0.00832668 0.00510889 0.00021778 0.         0.00852489
 0.00041599 0.01189111]
	[RESULT 12] [0.0193511  0.02180132 0.01884758 0.01140417 0.00909934 0.09769517
 0.         0.00115242 0.00884758 0.00769517 0.         0.0188511
 0.00269868 0.00384758]
	[RESULT 13] [0.01052502 0.01563374 0.01510872 0.01259944 0.00281687 0.09021743
 0.         0.00832615 0.00510872 0.00021743 0.         0.00852502
 0.00041631 0.01189128]
	[RESULT 14] [0.01052395 0.01563295 0.015109   0.01259847 0.00281647 0.090218
 0.         0.008327   0.005109   0.000218   0.         0.00852395
 0.00041495 0.011891  ]
	[RESULT 15] [0.01052437 0.01563326 0.01510889 0.01259884 0.00281663 0.09021779
 0.         0.00832668 0.00510889 0.00021779 0.         0.00852437
 0.00041548 0.01189111]
	[RESULT 16] [0.03465411 0.00954509 0.01510901 0.02499057 0.01522745 0.09021803
 0.         0.00517296 0.00510901 0.00021803 0.         0.03484589
 0.00276312 0.00539099]
	[RESULT 17] [0.03099888 0.0022361  0.01876278 0.02135639 0.01888195 0.09752556
 0.         0.00123722 0.00876278 0.00752556 0.         0.03149888
 0.0007361  0.00376278]
	[RESULT 18] [0.01052487 0.01563373 0.01510886 0.01259914 0.00281686 0.09021772
 0.         0.00832658 0.00510886 0.00021772 0.         0.00852487
 0.00041601 0.01189114]
	[RESULT 19] [0.01051837 0.01562718 0.01510881 0.01259597 0.00281359 0.09021762
 0.         0.00982643 0.00510881 0.00021762 0.         0.01001837
 0.00040956 0.01039119]
	[RESULT 20] [0.01052423 0.0156332  0.01510897 0.01259866 0.0028166  0.09021795
 0.         0.00832692 0.00510897 0.00021795 0.         0.00852423
 0.00041526 0.01189103]
	[RESULT 21] [0.01556592 0.02070545 0.01513953 0.01507367 0.00535272 0.09027905
 0.         0.00508142 0.00513953 0.00027905 0.         0.01506592
 0.00042639 0.00536047]
	[RESULT 22] [0.01052424 0.01563321 0.01510897 0.01259866 0.00281661 0.09021795
 0.         0.00832692 0.00510897 0.00021795 0.         0.00852424
 0.00041527 0.01189103]
	[RESULT 23] [0.01707105 0.02392326 0.01685221 0.01325721 0.00696163 0.09370442
 0.         0.00544337 0.00685221 0.00370442 0.         0.01607105
 0.00521884 0.00914779]
	[RESULT 24] [0.02637874 0.01851161 0.01510965 0.02077489 0.01099419 0.0902193
 0.         0.00617105 0.00510965 0.0002193  0.         0.02387874
 0.01026909 0.00639035]
	[RESULT 25] [1.54418427e-02 2.45986766e-02 1.99594807e-02 7.78170032e-03
 7.70066169e-03 9.99189614e-02 0.00000000e+00 4.05193124e-05
 9.95948069e-03 9.91896138e-03 0.00000000e+00 1.49418427e-02
 4.82362008e-04 5.54051931e-03]
	[RESULT 26] [0.01052466 0.01563337 0.01510872 0.01259926 0.00281669 0.09021743
 0.         0.00832615 0.00510872 0.00021743 0.         0.00852466
 0.00041594 0.01189128]
	[RESULT 27] [0.0105215  0.0156302  0.0151087  0.0125977  0.0028151  0.0902174
 0.         0.00832611 0.0051087  0.0002174  0.         0.0085215
 0.0004128  0.0118913 ]
	[RESULT 28] [0.01052461 0.01563333 0.01510872 0.01259922 0.00281666 0.09021745
 0.         0.00832617 0.00510872 0.00021745 0.         0.00852461
 0.00041588 0.01189128]
	[RESULT 29] [0.01052385 0.01563275 0.0151089  0.01259858 0.00281637 0.0902178
 0.         0.0083267  0.0051089  0.0002178  0.         0.00852385
 0.00041495 0.0118911 ]
	[RESULT 30] [0.01052371 0.01563247 0.01510876 0.01259871 0.00281623 0.09021752
 0.         0.00832628 0.00510876 0.00021752 0.         0.00852371
 0.00041494 0.01189124]
