[METRICS]
	[DISEQUILIBRIUM COUNT] 1199
[VARIABLES]
	[RESULT 1] [0 5.196579597723979 1 4 13 3995.359811859353 100]
	[RESULT 2] [0 6.1746966181360285 1 4 19 1022.0098224848766 1]
	[RESULT 3] [1 5.413803753376658 1 3 4 3986.0597963855844 98]
	[RESULT 4] [0 47.491477504061955 1 4 22 3987.235946232356 100]
	[RESULT 5] [1 7.166884438898727 0 1 19 3978.1694804033464 100]
	[RESULT 6] [1 5.67171414321777 1 1 16 3961.14973904298 100]
	[RESULT 7] [0 48.76053759922782 0 3 14 3999.2140883231073 96]
	[RESULT 8] [0 13.724356346952575 0 1 2 3999.839114053114 100]
	[RESULT 9] [1 9.186071625893229 0 3 11 3994.8934836528347 100]
	[RESULT 10] [0 7.869828964048937 0 1 13 3997.6364356157806 100]
	[RESULT 11] [1 5.190561819231353 0 3 11 3994.9219895311817 100]
	[RESULT 12] [1 5.0350703447485925 1 4 20 3999.775946658993 100]
	[RESULT 13] [0 9.659129852509839 0 4 17 3934.2691120409627 56]
	[RESULT 14] [0 5.833357354187795 1 1 19 3958.7860752417005 57]
	[RESULT 15] [1 5.008148753111871 0 1 1 3999.995399080619 100]
	[RESULT 16] [1 5.275638413241666 0 1 13 3999.9871337768036 100]
	[RESULT 17] [0 7.205403015210614 1 4 22 1008.5944808332251 4]
	[RESULT 18] [1 6.585798086875131 1 3 19 3999.962716679052 52]
	[RESULT 19] [0 5.000592898833298 1 1 2 1040.0682575192898 1]
	[RESULT 20] [1 49.29311002648713 0 1 14 3999.9656033153306 100]
	[RESULT 21] [1 5.193390804029375 1 4 11 3999.9928385286476 99]
	[RESULT 22] [0 5.288057859509072 1 4 2 1014.5689058383794 1]
	[RESULT 23] [1 5.556962320726297 0 1 13 3999.9871337768036 100]
	[RESULT 24] [0 5.380935065447034 0 4 17 3935.5269307334247 17]
	[RESULT 25] [1 15.168258931423594 0 1 18 3995.7682435542474 100]
	[RESULT 26] [0 48.36509187137102 1 1 23 3898.4785999111036 100]
	[RESULT 27] [0 5.705396847615162 1 1 7 1025.0608107107544 1]
	[RESULT 28] [1 5.009836423932837 0 1 17 3980.992172559258 100]
	[RESULT 29] [0 9.068702078437795 0 4 2 3986.956649740575 1]
	[RESULT 30] [1 5.6533493029183965 0 1 19 3999.9984649667863 100]
	[RESULT 31] [0 7.629229971719931 0 1 14 3994.420846826433 100]
	[RESULT 32] [1 8.191055189785615 0 4 3 3999.98522519682 100]
	[RESULT 33] [1 7.943135549390126 0 4 20 3999.906221517368 91]
	[RESULT 34] [1 6.7522736848857985 0 3 11 3994.8934836528347 100]
	[RESULT 35] [1 13.846841286920117 1 1 19 3999.9994429037574 99]
	[RESULT 36] [0 6.079366456263751 1 1 19 3686.1493571108217 1]
	[RESULT 37] [0 9.659129852509839 0 4 20 1971.8470916856327 27]
	[RESULT 38] [1 5.7516872550575755 0 1 11 3999.996535127155 100]
	[RESULT 39] [1 8.723152767696304 1 4 10 3975.353170951175 5]
	[RESULT 40] [1 6.492506386652295 1 1 19 3989.2152965195287 52]
	[RESULT 41] [1 5.67171414321777 1 1 11 3999.707474207005 100]
	[RESULT 42] [1 5.771300807710625 0 1 4 3999.9989603488275 100]
	[RESULT 43] [1 6.987257908812396 0 4 22 3987.1437033707357 100]
	[RESULT 44] [1 6.403939586126032 0 4 3 3960.2279363804996 100]
	[RESULT 45] [1 5.872621866069925 0 1 11 3999.9991353721575 100]
	[RESULT 46] [1 6.0401837746383 0 2 11 3994.8934836528347 100]
	[RESULT 47] [0 9.194454460116981 0 1 16 3989.1352323286214 100]
	[RESULT 48] [1 5.716919783411196 0 1 10 1011.7811264282992 2]
	[RESULT 49] [1 5.863640917700083 0 1 14 3999.564181311601 98]
	[RESULT 50] [1 5.342252723304191 0 1 11 3935.106010942682 100]
	[RESULT 51] [1 5.280940633526934 0 1 12 3983.6120645573133 100]
	[RESULT 52] [0 7.179949476373037 0 4 0 1000.5792002067993 4]
	[RESULT 53] [1 9.783380391298444 0 1 10 3999.944424229467 100]
	[RESULT 54] [1 5.684560807394654 0 1 19 3999.993555717912 100]
	[RESULT 55] [1 6.433731695792402 0 1 12 3999.9965968236384 100]
	[RESULT 56] [0 45.517551068803286 1 1 22 1066.2467141353159 11]
	[RESULT 57] [1 5.419741243001837 0 1 13 3999.9949689150067 100]
	[RESULT 58] [1 6.306603542324493 1 1 14 3746.103371474075 98]
	[RESULT 59] [0 5.618344032790195 0 3 7 3999.8663173394725 99]
	[RESULT 60] [1 5.030299414587176 0 1 6 3859.3098737110495 96]
	[RESULT 61] [0 6.635226891665538 0 1 23 3987.7989308041765 25]
	[RESULT 62] [0 7.414648771435402 1 1 7 1025.0608107107544 1]
	[RESULT 63] [0 5.806300564681854 1 3 19 3987.224810030543 52]
	[RESULT 64] [1 5.716919783411196 0 1 10 3984.938411043048 2]
	[RESULT 65] [1 5.826027408609427 1 1 12 3999.707474207005 100]
	[RESULT 66] [0 6.057345636021408 0 1 12 3999.7804008504995 93]
	[RESULT 67] [0 5.1255736638365255 1 3 19 3904.0589653863067 52]
	[RESULT 68] [0 49.96872050731489 1 4 22 3981.2147932694024 3]
	[RESULT 69] [1 5.395213827342418 1 4 3 3985.5662395325544 2]
	[RESULT 70] [0 49.924738117426735 0 4 19 1095.5569103799803 90]
	[RESULT 71] [1 5.655893213103649 0 1 19 3999.9625283508562 100]
	[RESULT 72] [0 5.32766550222965 0 1 2 3898.5039903564098 99]
	[RESULT 73] [0 6.239251841932649 0 1 18 3993.027587877606 100]
	[RESULT 74] [1 11.706979919311483 0 1 17 3854.3841054350146 36]
	[RESULT 75] [1 5.413334263594895 0 1 11 3999.999691028882 100]
	[RESULT 76] [0 7.272481721943922 0 4 11 3721.0383276234193 96]
	[RESULT 77] [0 5.532856980696283 0 4 16 3995.419777609554 95]
	[RESULT 78] [0 49.49229664154602 0 1 11 1027.525381242547 1]
	[RESULT 79] [1 5.094402713256985 0 1 17 3992.697550061704 14]
	[RESULT 80] [1 8.723152767696304 1 4 10 3999.6783576784596 5]
	[RESULT 81] [0 5.469048121879819 1 4 12 3895.707847439813 4]
	[RESULT 82] [1 6.414645714624042 1 3 4 3802.2599376384765 35]
	[RESULT 83] [0 49.95709893236021 1 4 2 1013.148522457598 1]
	[RESULT 84] [1 5.431099498000475 1 4 4 3818.6331641133715 97]
	[RESULT 85] [1 6.414088743508186 0 1 19 3775.502875437271 35]
	[RESULT 86] [1 11.87826722147668 1 1 12 3994.96737668769 99]
	[RESULT 87] [1 6.3148325278619035 0 4 17 3981.1250217198703 100]
	[RESULT 88] [0 6.336298475238145 1 4 12 3932.0242113772556 98]
	[RESULT 89] [1 48.70674045275133 0 4 2 3999.999746039826 100]
	[RESULT 90] [0 9.154349654339477 1 4 18 1013.148522457598 1]
	[RESULT 91] [1 6.298399462606181 0 1 11 3788.042925167854 100]
	[RESULT 92] [0 5.539553084472265 0 4 11 3995.419777609554 100]
	[RESULT 93] [1 17.451533116670948 0 1 18 3875.3988386551164 100]
	[RESULT 94] [0 7.5602437522271515 0 1 10 3954.7331529141247 3]
	[RESULT 95] [1 47.58695403160431 1 3 17 3829.311763277896 66]
	[RESULT 96] [1 49.693068673890906 0 4 3 3987.1133774349673 100]
	[RESULT 97] [0 47.662102872383805 0 1 19 3989.579124976938 100]
	[RESULT 98] [0 47.32700345769395 1 1 22 3967.6255211952857 98]
	[RESULT 99] [1 7.933042246449945 1 3 10 3989.680140132084 3]
	[RESULT 100] [0 15.17751254517798 0 1 10 1066.485250063627 99]
	[RESULT 101] [1 5.591865996883367 0 1 11 3999.999810928184 100]
	[RESULT 102] [0 11.84222232009352 0 1 11 3999.9656393514783 99]
	[RESULT 103] [1 12.458182638171015 0 1 14 3951.7478294603384 100]
	[RESULT 104] [1 5.015968105087468 1 3 17 3999.707474207005 98]
	[RESULT 105] [1 8.736562440697417 1 3 2 3774.2805421132375 49]
	[RESULT 106] [1 10.202025335210758 0 1 10 1051.8181072121472 100]
	[RESULT 107] [0 5.356390186399519 0 4 20 1000.0486866213237 27]
	[RESULT 108] [1 6.619819429204227 0 1 11 3999.996646695274 100]
	[RESULT 109] [0 6.65068605017617 0 4 16 3999.9276631115854 100]
	[RESULT 110] [1 6.710907345980077 0 4 3 3960.2279363804996 95]
	[RESULT 111] [1 48.56071990093027 0 1 14 3971.8069730300585 97]
	[RESULT 112] [0 8.59600274247058 0 4 3 3999.98522519682 98]
	[RESULT 113] [1 5.678595408618371 0 1 17 3999.999075335347 100]
	[RESULT 114] [1 8.527303950986678 0 4 14 3982.098996783331 100]
	[RESULT 115] [1 5.624670225878689 0 1 19 3867.7787367518263 94]
	[RESULT 116] [0 5.095487422823787 1 4 2 3989.1029603342117 54]
	[RESULT 117] [0 49.924738117426735 0 4 19 1122.2683871248003 100]
	[RESULT 118] [0 7.837175044989991 0 1 17 3980.9872442964565 99]
	[RESULT 119] [1 8.565091209860178 0 1 11 1027.525381242547 1]
	[RESULT 120] [0 48.12611111151803 0 3 14 3922.543687484353 96]
[OBJECTIVES]
	[RESULT 1] [ 0.01473519 -0.01444339  0.01917858  0.02113546  0.02277831  0.09835715
  0.          0.00082142  0.00917858  0.00835715  0.          0.01673519
 -0.01808624  0.00782142]
	[RESULT 2] [0.0127073  0.02000647 0.01729917 0.01040489 0.00500323 0.09459834
 0.         0.00510249 0.00729917 0.00459834 0.         0.0107073
 0.00040813 0.00970083]
	[RESULT 3] [0.03274652 0.00420997 0.01853656 0.0210719  0.01814502 0.09707312
 0.         0.00146344 0.00853656 0.00707312 0.         0.03475348
 0.00028308 0.00796344]
	[RESULT 4] [ 0.0233349  -0.00178006  0.01511497  0.0193399   0.02089003  0.09022993
  0.          0.0083449   0.00511497  0.00022993  0.          0.0253349
 -0.01355013  0.01188503]
	[RESULT 5] [ 0.01907516 -0.00750368  0.01657884  0.01915584  0.02400184  0.09315768
  0.          0.00342116  0.00657884  0.00315768  0.          0.02057516
 -0.010346    0.00392116]
	[RESULT 6] [ 0.02622053 -0.00177041  0.01799094  0.02484668  0.02113521  0.09598188
  0.          0.00200906  0.00799094  0.00598188  0.          0.02772053
 -0.00678853  0.00750906]
	[RESULT 7] [ 0.02665025  0.00153855  0.01511171  0.02099268  0.01923073  0.09022341
  0.          0.00616488  0.00511171  0.00022341  0.          0.02815025
 -0.00523804  0.00638829]
	[RESULT 8] [ 0.00964568 -0.01586849  0.01551417  0.0130941   0.02206576  0.09102835
  0.          0.00448583  0.00551417  0.00102835  0.          0.01014568
 -0.02184014  0.00498583]
	[RESULT 9] [ 0.01227625 -0.01368787  0.01596412  0.01483431  0.02290607  0.09192824
  0.          0.00403588  0.00596412  0.00192824  0.          0.01477625
 -0.01775963  0.00553588]
	[RESULT 10] [ 0.01086736 -0.01542469  0.01629205  0.01487175  0.02228766  0.09258409
  0.          0.00370795  0.00629205  0.00258409  0.          0.01136736
 -0.01984059  0.00420795]
	[RESULT 11] [ 0.009021   -0.0201787   0.0191997   0.01806005  0.01966065  0.0983994
  0.          0.0008003   0.0091997   0.0083994   0.          0.011521
 -0.0196787   0.0041997 ]
	[RESULT 12] [ 0.00939147 -0.02043912  0.01983059  0.01919162  0.01953044  0.09966118
  0.          0.00016941  0.00983059  0.00966118  0.          0.01239147
 -0.02177794  0.00716941]
	[RESULT 13] [0.02321648 0.0209     0.01588353 0.01778295 0.00955    0.09176706
 0.         0.00434942 0.00588353 0.00176706 0.         0.02121648
 0.00733295 0.00611647]
	[RESULT 14] [0.02262088 0.01965188 0.01772724 0.01471959 0.01017406 0.09545447
 0.         0.00231829 0.00772724 0.00545447 0.         0.02212088
 0.00989365 0.00777276]
	[RESULT 15] [ 4.04501451e-03 -2.59145711e-02  1.99595856e-02  1.67118856e-02
  1.67927145e-02  9.99191711e-02  0.00000000e+00  4.04144383e-05
  9.95958556e-03  9.91917112e-03  0.00000000e+00  5.54501451e-03
 -2.64145711e-02  4.95958556e-03]
	[RESULT 16] [ 0.00509325 -0.02382635  0.01891961  0.01567604  0.01783682  0.09783921
  0.          0.00108039  0.00891961  0.00783921  0.          0.00659325
 -0.02432635  0.00391961]
	[RESULT 17] [0.01197325 0.01853312 0.01655987 0.01114683 0.00426656 0.09311973
 0.         0.0073204  0.00655987 0.00311973 0.         0.00997325
 0.00041339 0.01044013]
	[RESULT 18] [ 0.03169543  0.00476179  0.01693364  0.02400183  0.01786911  0.09386728
  0.          0.00569908  0.00693364  0.00386728  0.          0.03419543
 -0.00237094  0.00956636]
	[RESULT 19] [1.54064223e-02 2.45965405e-02 1.99970373e-02 7.70765525e-03
 7.70172977e-03 9.99940745e-02 0.00000000e+00 2.96273756e-06
 9.99703726e-03 9.99407452e-03 0.00000000e+00 1.49064223e-02
 4.09385022e-04 5.50296274e-03]
	[RESULT 20] [ 0.00892396 -0.01618643  0.01511039  0.01187757  0.02165678  0.09022078
  0.          0.00516882  0.00511039  0.00022078  0.          0.01042396
 -0.02196565  0.00538961]
	[RESULT 21] [ 0.01981742 -0.00937233  0.01918974  0.02344332  0.02493616  0.09837948
  0.          0.00081026  0.00918974  0.00837948  0.          0.02281742
 -0.01199284  0.00781026]
	[RESULT 22] [0.01428942 0.02317124 0.01888181 0.00882199 0.00658562 0.09776363
 0.         0.00111819 0.00888181 0.00776363 0.         0.01228942
 0.00040761 0.00811819]
	[RESULT 23] [ 0.00580148 -0.0224099   0.01821138  0.01496781  0.01854505  0.09642276
  0.          0.00178862  0.00821138  0.00642276  0.          0.00730148
 -0.0229099   0.00321138]
	[RESULT 24] [0.02584417 0.01553509 0.01862074 0.01499098 0.01223245 0.09724147
 0.         0.00137926 0.00862074 0.00724147 0.         0.02384417
 0.00746491 0.00362074]
	[RESULT 25] [ 0.01217145 -0.01327625  0.0154477   0.01400727  0.02311187  0.09089539
  0.          0.0045523   0.0054477   0.00089539  0.          0.01367145
 -0.01838086  0.0050523 ]
	[RESULT 26] [ 0.03494742  0.00983472  0.0151127   0.02485724  0.01508264  0.0902254
  0.          0.0098381   0.0051127   0.0002254   0.          0.03455258
 -0.00193988  0.0103873 ]
	[RESULT 27] [0.01334021 0.02127208 0.01793187 0.0097723  0.00563604 0.09586374
 0.         0.00206813 0.00793187 0.00586374 0.         0.01284021
 0.00040834 0.00756813]
	[RESULT 28] [ 1.48466841e-02 -1.51046129e-02  1.99512969e-02  2.21002875e-02
  2.21976936e-02  9.99025939e-02  0.00000000e+00  4.87030558e-05
  9.95129694e-03  9.90259389e-03  0.00000000e+00  1.63466841e-02
 -1.56046129e-02  4.95129694e-03]
	[RESULT 29] [0.03261507 0.01139848 0.01598645 0.02232787 0.01430076 0.09197289
 0.         0.00404066 0.00598645 0.00197289 0.         0.03061507
 0.00637137 0.00601355]
	[RESULT 30] [ 0.00597737 -0.02204679  0.01802416  0.01477493  0.0187266   0.09604833
  0.          0.00197584  0.00802416  0.00604833  0.          0.00747737
 -0.02254679  0.00302416]
	[RESULT 31] [ 0.01318354 -0.01319417  0.0163777   0.01615832  0.02340292  0.09275541
  0.          0.0036223   0.0063777   0.00275541  0.          0.01368354
 -0.01743876  0.0041223 ]
	[RESULT 32] [ 0.00782175 -0.01837127  0.01619302  0.0129504   0.02056437  0.09238603
  0.          0.00380698  0.00619302  0.00238603  0.          0.01082175
 -0.02198523  0.00580698]
	[RESULT 33] [ 0.0258254  -0.00044262  0.01626803  0.02206474  0.02047131  0.09253605
  0.          0.00373197  0.00626803  0.00253605  0.          0.0288254
 -0.00390657  0.00573197]
	[RESULT 34] [ 0.01142369 -0.01539298  0.01681668  0.01568687  0.02205351  0.09363336
  0.          0.00318332  0.00681668  0.00363336  0.          0.01392369
 -0.01775963  0.00468332]
	[RESULT 35] [ 0.02349278 -0.002015    0.01550778  0.01975806  0.0212575   0.09101555
  0.          0.00897667  0.00550778  0.00101555  0.          0.02499278
 -0.01199944  0.00999222]
	[RESULT 36] [0.01444905 0.02185363 0.01740458 0.01111766 0.00592681 0.09480916
 0.         0.00328626 0.00740458 0.00480916 0.         0.01394905
 0.00204447 0.00809542]
	[RESULT 37] [0.01645821 0.02234174 0.01588353 0.01440381 0.00617087 0.09176706
 0.         0.00434942 0.00588353 0.00176706 0.         0.01445821
 0.00057468 0.00611647]
	[RESULT 38] [ 0.00614907 -0.02170532  0.01785439  0.01460612  0.01889734  0.09570878
  0.          0.00214561  0.00785439  0.00570878  0.          0.00764907
 -0.02220532  0.00285439]
	[RESULT 39] [0.02485587 0.01908552 0.01605861 0.01859001 0.01070724 0.09211723
 0.         0.00882416 0.00605861 0.00211723 0.         0.02185587
 0.01020275 0.01094139]
	[RESULT 40] [0.03087974 0.01211425 0.01700601 0.02018085 0.01419288 0.09401203
 0.         0.00448196 0.00700601 0.00401203 0.         0.02937974
 0.00512627 0.00849399]
	[RESULT 41] [ 0.0112982  -0.01669274  0.01799094  0.01738551  0.02140363  0.09598188
  0.          0.00200906  0.00799094  0.00598188  0.          0.0127982
 -0.02171086  0.00750906]
	[RESULT 42] [ 0.00617826 -0.02164453  0.01782278  0.0145733   0.01892774  0.09564557
  0.          0.00217722  0.00782278  0.00564557  0.          0.00767826
 -0.02214453  0.00282278]
	[RESULT 43] [ 0.01581642 -0.01085735  0.01667378  0.01766887  0.02432132  0.09334755
  0.          0.00332622  0.00667378  0.00334755  0.          0.01881642
 -0.0135098   0.00532622]
	[RESULT 44] [ 0.02227086 -0.00480906  0.01707992  0.02150531  0.02265453  0.09415984
  0.          0.00292008  0.00707992  0.00415984  0.          0.02527086
 -0.00664922  0.00492008]
	[RESULT 45] [ 0.00633081 -0.02133924  0.01767005  0.01442049  0.01908038  0.09534011
  0.          0.00232995  0.00767005  0.00534011  0.          0.00783081
 -0.02199914  0.00282995]
	[RESULT 46] [ 0.01078962 -0.01666114  0.01745076  0.01632095  0.02141943  0.09490152
  0.          0.00254924  0.00745076  0.00490152  0.          0.01278962
 -0.01775963  0.00354924]
	[RESULT 47] [ 0.01661086 -0.0093517   0.01596256  0.01724928  0.02467585  0.09192513
  0.          0.00403744  0.00596256  0.00192513  0.          0.01711086
 -0.01442657  0.00453744]
	[RESULT 48] [0.01932163 0.02276618 0.01791219 0.01304253 0.00886691 0.09582438
 0.         0.00208781 0.00791219 0.00582438 0.         0.01782163
 0.00073382 0.00291219]
	[RESULT 49] [ 0.02007876 -0.00760416  0.01768292  0.02131376  0.02405208  0.09536584
  0.          0.00231708  0.00768292  0.00536584  0.          0.02157876
 -0.00823832  0.00281708]
	[RESULT 50] [ 0.02332229 -0.0054028   0.01872508  0.02449876  0.0229514   0.09745016
  0.          0.00127492  0.00872508  0.00745016  0.          0.02482229
 -0.0059028   0.00372508]
	[RESULT 51] [ 0.0149956  -0.01390778  0.01890338  0.02060287  0.02279611  0.09780676
  0.          0.00109662  0.00890338  0.00780676  0.          0.0164956
 -0.01440778  0.00390338]
	[RESULT 52] [0.01698519 0.02355754 0.01657235 0.01363407 0.00677877 0.0931447
 0.         0.00342765 0.00657235 0.0031447  0.         0.01498519
 0.00041284 0.00542765]
	[RESULT 53] [ 0.00819091 -0.01767364  0.01586455  0.01264227  0.02091318  0.09172909
  0.          0.00413545  0.00586455  0.00172909  0.          0.00969091
 -0.02194455  0.00463545]
	[RESULT 54] [ 0.00603831 -0.02192982  0.01796813  0.01472135  0.01878509  0.09593627
  0.          0.00203187  0.00796813  0.00593627  0.          0.00753831
 -0.02242982  0.00296813]
	[RESULT 55] [ 0.00694894 -0.02010551  0.01705446  0.01380616  0.01969724  0.09410892
  0.          0.00294554  0.00705446  0.00410892  0.          0.00844894
 -0.0219966   0.00344554]
	[RESULT 56] [0.01055389 0.01567432 0.01512043 0.0125963  0.00283716 0.09024086
 0.         0.00986129 0.00512043 0.00024086 0.         0.01005389
 0.00043346 0.01037957]
	[RESULT 57] [ 0.00548326 -0.02303851  0.01852177  0.01527428  0.01823075  0.09704354
  0.          0.00147823  0.00852177  0.00704354  0.          0.00698326
 -0.02353851  0.00352177]
	[RESULT 58] [0.02207533 0.02075698 0.01716769 0.01553613 0.00987151 0.09433538
 0.         0.00399693 0.00716769 0.00433538 0.         0.02057533
 0.00890764 0.00833231]
	[RESULT 59] [ 0.01704339 -0.01104618  0.01808958  0.02065606  0.02447691  0.09617916
  0.          0.00191042  0.00808958  0.00617916  0.          0.01854339
 -0.01186703  0.00341042]
	[RESULT 60] [0.02862506 0.01152198 0.01985296 0.01478309 0.01448901 0.09970592
 0.         0.00014704 0.00985296 0.00970592 0.         0.02712506
 0.01102198 0.00485296]
	[RESULT 61] [0.03396112 0.00914151 0.01689737 0.02163451 0.01542924 0.09379474
 0.         0.00310263 0.00689737 0.00379474 0.         0.03346112
 0.00593625 0.00360263]
	[RESULT 62] [0.01187262 0.0183369  0.01646428 0.01123989 0.00416845 0.09292856
 0.         0.00610716 0.00646428 0.00292856 0.         0.01137262
 0.00040834 0.00903572]
	[RESULT 63] [0.0297215  0.01251041 0.01776809 0.01820862 0.0137448  0.09553618
 0.         0.00319573 0.00776809 0.00553618 0.         0.0282215
 0.00604659 0.00873191]
	[RESULT 64] [0.03471519 0.00737262 0.01791219 0.02073931 0.01656369 0.09582438
 0.         0.00208781 0.00791219 0.00582438 0.         0.03321519
 0.00687262 0.00291219]
	[RESULT 65] [ 0.01155096 -0.01618723  0.01773818  0.01713276  0.02165639  0.09547637
  0.          0.00228545  0.00773818  0.00547637  0.          0.01305096
 -0.02171086  0.00776182]
	[RESULT 66] [ 0.02528737 -0.00214294  0.01743032  0.02378916  0.02107147  0.09486063
  0.          0.00256968  0.00743032  0.00486063  0.          0.02578737
 -0.00428231  0.00306968]
	[RESULT 67] [0.02001815 0.02053967 0.01944218 0.01084581 0.00973016 0.09888436
 0.         0.00055782 0.00944218 0.00888436 0.         0.01851815
 0.00557597 0.00705782]
	[RESULT 68] [0.02458708 0.02030415 0.01510877 0.01963038 0.00984792 0.09021754
 0.         0.00832631 0.00510877 0.00021754 0.         0.02258708
 0.00852169 0.01189123]
	[RESULT 69] [0.03063506 0.01078126 0.01858368 0.01769201 0.01485937 0.09716736
 0.         0.00141632 0.00858368 0.00716736 0.         0.02763506
 0.00694862 0.00841632]
	[RESULT 70] [0.01714041 0.02224928 0.01510887 0.01590689 0.00612464 0.09021775
 0.         0.00667338 0.00510887 0.00021775 0.         0.01514041
 0.00203153 0.00689113]
	[RESULT 71] [ 0.0060179  -0.02200162  0.01801952  0.01478823  0.01874919  0.09603904
  0.          0.00198048  0.00801952  0.00603904  0.          0.0075179
 -0.02250162  0.00301952]
	[RESULT 72] [0.03370688 0.00752712 0.01876601 0.01870442 0.01623644 0.09753202
 0.         0.00123399 0.00876601 0.00753202 0.         0.03320688
 0.00602712 0.00376601]
	[RESULT 73] [ 0.01321901 -0.01401388  0.01723289  0.01745884  0.02299306  0.09446578
  0.          0.00276711  0.00723289  0.00446578  0.          0.01371901
 -0.0165481   0.00326711]
	[RESULT 74] [0.02061965 0.02373158 0.01564876 0.01708668 0.00838421 0.09129753
 0.         0.00435124 0.00564876 0.00129753 0.         0.01911965
 0.00397089 0.00485124]
	[RESULT 75] [ 0.00546258 -0.02307516  0.01853773  0.01528789  0.01821242  0.09707547
  0.          0.00146227  0.00853773  0.00707547  0.          0.00696258
 -0.02357516  0.00353773]
	[RESULT 76] [0.02258407 0.02088803 0.01652789 0.0165002  0.00955598 0.09305578
 0.         0.00347211 0.00652789 0.00305578 0.         0.02058407
 0.00605618 0.00547211]
	[RESULT 77] [ 0.0272758  -0.00098608  0.01826188  0.02396927  0.02049304  0.09652377
  0.          0.00173812  0.00826188  0.00652377  0.          0.0292758
 -0.00146232  0.00373812]
	[RESULT 78] [0.01551842 0.02062833 0.01510991 0.01509435 0.00531416 0.09021982
 0.         0.00517027 0.00510991 0.00021982 0.         0.01501842
 0.00040851 0.00539009]
	[RESULT 79] [ 0.02985304  0.00028433  0.0195687   0.02097043  0.02010783  0.0991374
  0.          0.0004313   0.0095687   0.0091374   0.          0.03135304
 -0.00021567  0.0045687 ]
	[RESULT 80] [ 0.03305061  0.00699199  0.01605861  0.02463677  0.016754    0.09211723
  0.          0.00882416  0.00605861  0.00211723  0.          0.03394939
 -0.00189078  0.01094139]
	[RESULT 81] [0.01844376 0.02315267 0.01840356 0.01161654 0.00842366 0.09680713
 0.         0.00178931 0.00840356 0.00680713 0.         0.01644376
 0.0050402  0.00859644]
	[RESULT 82] [0.01617969 0.02325039 0.0170707  0.0127338  0.00687519 0.09414139
 0.         0.00528791 0.0070707  0.00414139 0.         0.01367969
 0.00310899 0.0094293 ]
	[RESULT 83] [0.01051631 0.01562511 0.0151088  0.01259496 0.00281255 0.09021759
 0.         0.00832639 0.0051088  0.00021759 0.         0.00851631
 0.00040751 0.0118912 ]
	[RESULT 84] [0.0225224  0.01898378 0.01849382 0.01377048 0.01075811 0.09698763
 0.         0.00151855 0.00849382 0.00698763 0.         0.0195224
 0.00802859 0.00850618]
	[RESULT 85] [0.02087924 0.02204958 0.01707117 0.01508286 0.00922521 0.09414235
 0.         0.00292883 0.00707117 0.00414235 0.         0.01937924
 0.00280807 0.00342883]
	[RESULT 86] [ 0.02755464  0.00191998  0.01563466  0.02197931  0.01929001  0.09126931
  0.          0.00859603  0.00563466  0.00126931  0.          0.02905464
 -0.0078107   0.00986534]
	[RESULT 87] [ 0.017595   -0.00956499  0.01715998  0.01928747  0.02496751  0.09431997
  0.          0.00284002  0.00715998  0.00431997  0.          0.020595
 -0.01124502  0.00484002]
	[RESULT 88] [0.02552898 0.01733088 0.01714014 0.01705429 0.01133456 0.09428028
 0.         0.00557959 0.00714014 0.00428028 0.         0.02352898
 0.00961115 0.00985986]
	[RESULT 89] [ 0.00888841 -0.01622343  0.01511184  0.01186197  0.02163829  0.09022368
  0.          0.00666448  0.00511184  0.00022368  0.          0.01188841
 -0.02199975  0.00688816]
	[RESULT 90] [0.01137757 0.01734762 0.01597005 0.0117337  0.00367381 0.09194011
 0.         0.00908984 0.00597005 0.00194011 0.         0.00937757
 0.00040751 0.01102995]
	[RESULT 91] [0.02918696 0.00201154 0.01717543 0.02489338 0.01924423 0.09435085
 0.         0.00282457 0.00717543 0.00435085 0.         0.03068696
 0.00036239 0.00332457]
	[RESULT 92] [ 0.01062332 -0.01762437  0.0182477   0.0176832   0.02118781  0.09649539
  0.          0.0017523   0.0082477   0.00649539  0.          0.01262332
 -0.01812898  0.0037523 ]
	[RESULT 93] [ 0.02945052  0.00407882  0.0153717   0.02253282  0.01821059  0.09074341
  0.          0.0046283   0.0053717   0.00074341  0.          0.03095052
 -0.00117778  0.0051283 ]
	[RESULT 94] [0.02550314 0.01809246 0.0164044  0.01814497 0.01095377 0.0928088
 0.         0.0035956  0.0064044  0.0028088  0.         0.02500314
 0.00909875 0.0040956 ]
	[RESULT 95] [0.01488    0.01999471 0.01511471 0.01501793 0.00524736 0.09022943
 0.         0.00884414 0.00511471 0.00022943 0.         0.01238
 0.00376528 0.01138529]
	[RESULT 96] [ 0.01739399 -0.00771544  0.01510943  0.01611113  0.02410772  0.09021885
  0.          0.00667172  0.00510943  0.00021885  0.          0.02039399
 -0.01349659  0.00689057]
	[RESULT 97] [ 0.01724052 -0.00787399  0.01511452  0.01629203  0.023937    0.09022903
  0.          0.00515645  0.00511452  0.00022903  0.          0.01774052
 -0.01464496  0.00538548]
	[RESULT 98] [0.02767541 0.01720919 0.0151154  0.0211646  0.01139541 0.0902308
 0.         0.0098462  0.0051154  0.0002308  0.         0.02717541
 0.00543999 0.0103846 ]
	[RESULT 99] [0.03017079 0.01355793 0.01627128 0.02092847 0.01347103 0.09254256
 0.         0.00768616 0.00627128 0.00254256 0.         0.02767079
 0.00510049 0.01022872]
	[RESULT 100] [0.02565858 0.01889409 0.01544733 0.0196583  0.01055295 0.09089465
 0.         0.00455267 0.00544733 0.00089465 0.         0.02515858
 0.01021125 0.00505267]
	[RESULT 101] [ 0.00585922 -0.02228175  0.01814097  0.01489106  0.01860913  0.09628194
  0.          0.00185903  0.00814097  0.00628194  0.          0.00735922
 -0.02278175  0.00314097]
	[RESULT 102] [ 0.01939674 -0.00624084  0.01563757  0.01815473  0.02312042  0.09127515
  0.          0.00436243  0.00563757  0.00127515  0.          0.01989674
 -0.01196569  0.00486243]
	[RESULT 103] [ 0.02487669 -0.00071446  0.01559114  0.02057506  0.02060723  0.09118229
  0.          0.00440886  0.00559114  0.00118229  0.          0.02637669
 -0.00553217  0.00490886]
	[RESULT 104] [ 2.27010615e-02 -7.22035282e-03  1.99214143e-02  2.40173477e-02
  2.38601764e-02  9.98428287e-02  0.00000000e+00  7.85856613e-05
  9.92141434e-03  9.84282868e-03  0.00000000e+00  2.52010615e-02
 -8.37752414e-03  6.57858566e-03]
	[RESULT 105] [0.01493306 0.02098868 0.01605562 0.0136331  0.00574434 0.09211124
 0.         0.00833315 0.00605562 0.00211124 0.         0.01243306
 0.00287744 0.01044438]
	[RESULT 106] [0.0329836  0.00717741 0.01580619 0.02495108 0.01666129 0.09161238
 0.         0.00419381 0.00580619 0.00161238 0.         0.0344836
 0.00278979 0.00469381]
	[RESULT 107] [0.01916314 0.0221506  0.01868625 0.01155219 0.0089247  0.09737251
 0.         0.00131375 0.00868625 0.00737251 0.         0.01716314
 0.0008494  0.00368625]
	[RESULT 108] [ 0.00709482 -0.0198137   0.01690853  0.0136602   0.01984315  0.09381706
  0.          0.00309147  0.00690853  0.00381706  0.          0.00859482
 -0.02199665  0.00359147]
	[RESULT 109] [ 0.00818582 -0.01870048  0.0168863   0.01442237  0.02064976  0.09377261
  0.          0.0031137   0.0068863   0.00377261  0.          0.01018582
 -0.02192787  0.0051137 ]
	[RESULT 110] [0.03082696 0.01232864 0.0168444  0.02039688 0.01408568 0.0936888
 0.         0.0031556  0.0068444  0.0036888  0.         0.02782696
 0.01001744 0.0051556 ]
	[RESULT 111] [0.03286187 0.01202593 0.01511221 0.02401262 0.01423704 0.09022441
 0.         0.00516338 0.00511221 0.00022441 0.         0.03136187
 0.00625034 0.00538779]
	[RESULT 112] [ 0.0222602  -0.0038277   0.0160879   0.02026195  0.02191385  0.0921758
  0.          0.0039121   0.0060879   0.0021758   0.          0.0242602
 -0.0086519   0.0059121 ]
	[RESULT 113] [ 0.00602224 -0.02195644  0.01797868  0.01472914  0.01877178  0.09595736
  0.          0.00202132  0.00797868  0.00595736  0.          0.00752224
 -0.02245644  0.00297868]
	[RESULT 114] [ 0.01832717 -0.00777724  0.01610441  0.0180702   0.02413862  0.09220882
  0.          0.00389559  0.00610441  0.00220882  0.          0.02132717
 -0.01156842  0.00589559]
	[RESULT 115] [0.02590998 0.01601247 0.01807755 0.01608867 0.01224376 0.0961551
 0.         0.00192245 0.00807755 0.0061551  0.         0.02440998
 0.00748753 0.00307755]
	[RESULT 116] [0.03240062 0.0080352  0.01956418 0.01685404 0.0159824  0.09912836
 0.         0.00043582 0.00956418 0.00912836 0.         0.03040062
 0.00516356 0.00743582]
	[RESULT 117] [0.03467581 0.00956694 0.01510887 0.02499878 0.01521653 0.09021775
 0.         0.00667338 0.00510887 0.00021775 0.         0.03332419
 0.00278469 0.00689113]
	[RESULT 118] [ 0.02949653  0.00319349  0.01630304  0.02420283  0.01840326  0.09260608
  0.          0.00369696  0.00630304  0.00260608  0.          0.02999653
 -0.00120043  0.00419696]
	[RESULT 119] [0.01750378 0.02359905 0.01609527 0.01485899 0.00704952 0.09219054
 0.         0.00390473 0.00609527 0.00219054 0.         0.01600378
 0.00040851 0.00440473]
	[RESULT 120] [0.02521347 0.01967322 0.01511331 0.01993677 0.01016339 0.09022662
 0.         0.00616007 0.00511331 0.00022662 0.         0.02371347
 0.01010016 0.00638669]
