[METRICS]
	[DISEQUILIBRIUM COUNT] 1104
[VARIABLES]
	[RESULT 1] [0 11.649009720946003 0 1 6 1038.4920231603655 1]
	[RESULT 2] [0 5.439838372802125 1 4 6 3972.3650403233505 22]
	[RESULT 3] [0 49.998828362812496 1 2 5 3991.3418687422313 100]
	[RESULT 4] [0 28.956411447646097 1 4 8 3999.811208552175 97]
	[RESULT 5] [0 5.000351389121019 0 2 20 3889.1821169080335 99]
	[RESULT 6] [0 5.000351389121019 1 4 5 3646.097838414168 99]
	[RESULT 7] [1 9.333653837330667 0 4 6 3999.4692391743192 10]
	[RESULT 8] [1 5.958139161652674 0 1 5 3999.998511509392 100]
	[RESULT 9] [1 5.010215227972283 0 2 13 3999.9751937424417 100]
	[RESULT 10] [0 10.220663107789989 1 1 19 1088.4687826705303 97]
	[RESULT 11] [0 5.585305397061636 0 1 12 3986.633022094957 100]
	[RESULT 12] [1 11.592282086484921 0 1 16 3992.3605411674425 100]
	[RESULT 13] [0 49.956985780453216 0 4 23 1018.1628405402022 1]
	[RESULT 14] [0 5.79001748133825 0 1 10 3622.627273408014 6]
	[RESULT 15] [0 5.152318352531102 0 4 12 3999.6395460901394 100]
	[RESULT 16] [0 5.0102970108069105 0 1 15 3977.5304174027992 100]
	[RESULT 17] [1 7.006823398856902 0 4 14 3999.958450756613 100]
	[RESULT 18] [1 8.19661002220436 0 4 22 3996.667722628596 100]
	[RESULT 19] [0 5.3673959254783785 1 4 10 3824.815562974156 64]
	[RESULT 20] [0 5.79001748133825 1 1 12 1010.629255569141 6]
	[RESULT 21] [0 49.214977014037956 1 1 17 3999.704174328262 10]
	[RESULT 22] [1 6.827821697592258 0 1 5 3999.99403939825 100]
	[RESULT 23] [1 5.594003778755398 0 1 22 3999.979917225803 100]
	[RESULT 24] [0 6.198544164300305 1 1 19 1046.1768591216787 97]
	[RESULT 25] [1 38.24388707779918 0 4 11 3972.191413850753 99]
	[RESULT 26] [1 6.084185104992745 1 4 24 3958.7888438218515 98]
	[RESULT 27] [0 11.138293635420528 1 4 23 1012.6875108925861 10]
	[RESULT 28] [1 46.327358288544495 0 1 13 3993.690466424135 100]
	[RESULT 29] [0 7.30220007050526 0 4 23 3992.1179314950714 100]
	[RESULT 30] [1 5.942260144330077 0 1 5 3999.999209944476 100]
	[RESULT 31] [1 12.02402760596102 0 4 24 3999.986267715342 100]
	[RESULT 32] [0 6.2718445681692305 1 4 23 2035.6683797020855 7]
	[RESULT 33] [1 6.622447802804883 1 1 22 3999.9997762385697 100]
	[RESULT 34] [1 5.4816807913149495 0 1 21 3999.9997547167522 100]
	[RESULT 35] [1 5.318444901734567 0 1 5 3817.2424130406002 64]
	[RESULT 36] [0 5.008346948044084 1 4 5 3999.898421936569 100]
	[RESULT 37] [1 5.6179561820012 0 1 24 3999.9859689895166 100]
	[RESULT 38] [1 9.524200934081648 0 1 6 3999.9900404529617 99]
	[RESULT 39] [1 5.808728555785199 0 1 24 3999.9942972463346 100]
	[RESULT 40] [1 5.760209786293402 0 1 24 3999.998006223109 100]
	[RESULT 41] [1 13.39469365249916 0 4 16 1012.6875108925861 8]
	[RESULT 42] [0 5.553977204866411 1 2 15 3991.3418687422313 100]
	[RESULT 43] [1 5.875567989605196 0 4 11 3993.586223167565 100]
	[RESULT 44] [1 49.85930663708734 1 1 17 3812.8966857911623 11]
	[RESULT 45] [1 5.262449677162403 1 2 24 3991.3418687422313 92]
	[RESULT 46] [1 49.618612973613274 0 1 23 3986.6290006038 100]
	[RESULT 47] [1 11.8567792181266 1 4 4 3981.301612775998 100]
	[RESULT 48] [1 5.000195472277398 1 4 5 3935.851219729789 100]
	[RESULT 49] [0 49.999998727595106 1 4 3 1249.0933616114994 99]
	[RESULT 50] [1 6.402716708567511 0 1 24 3943.7107777876895 100]
	[RESULT 51] [0 49.97795824039921 0 1 23 1127.7766561984727 1]
	[RESULT 52] [1 39.69052580246731 0 4 11 3750.3728054861003 99]
	[RESULT 53] [0 5.7767891476617645 1 1 17 3999.704174328262 99]
	[RESULT 54] [1 8.561343722888726 1 1 4 3999.9993683980406 100]
	[RESULT 55] [1 5.9881374748329845 0 1 13 3999.989665483395 100]
	[RESULT 56] [1 8.3674441045763 1 4 24 3999.999651460643 100]
	[RESULT 57] [0 6.280195137691416 0 4 23 1489.1348409387804 27]
	[RESULT 58] [1 5.755215198025524 0 1 5 3800.364145335303 100]
	[RESULT 59] [1 5.636489825535886 1 2 12 3991.5114018045197 88]
	[RESULT 60] [1 5.6748238020045605 0 1 16 3999.9917864182444 93]
	[RESULT 61] [1 49.256426449137116 0 1 21 3928.8040753424953 100]
	[RESULT 62] [0 5.0209988397878 0 1 10 3625.735360552609 6]
	[RESULT 63] [0 5.316288504290648 1 1 12 1010.629255569141 12]
	[RESULT 64] [0 8.518276353087405 0 1 6 1074.6527835179313 97]
	[RESULT 65] [1 6.650599367055564 1 2 23 3976.031117080251 5]
	[RESULT 66] [1 6.1461902335375385 0 1 24 3988.1915618003127 100]
	[RESULT 67] [1 5.852939536741825 0 1 5 3999.998511509392 100]
	[RESULT 68] [1 5.194765739191266 0 1 12 3942.871977144521 100]
	[RESULT 69] [1 5.6050426383762595 0 1 22 3999.979917225803 100]
	[RESULT 70] [1 8.3674441045763 1 4 24 3999.9997199809363 93]
	[RESULT 71] [1 7.544309453509099 1 4 14 3427.9381519392796 99]
	[RESULT 72] [1 6.337706305335902 1 4 23 3999.91870689836 6]
	[RESULT 73] [1 9.333653837330667 0 4 6 3932.861750012954 10]
	[RESULT 74] [1 5.996235226852015 1 1 22 3999.9998185201166 100]
	[RESULT 75] [1 5.256900314802344 0 1 10 1098.4678267582667 6]
	[RESULT 76] [1 6.718782225106887 0 1 21 3976.1090464384306 100]
	[RESULT 77] [1 5.399766492349458 1 1 5 3999.9586352230604 95]
	[RESULT 78] [0 5.971819312971796 0 4 6 3974.1975556952084 100]
	[RESULT 79] [0 10.11992105506001 1 1 6 1038.4920231603655 8]
	[RESULT 80] [1 5.326415681014114 0 4 12 3892.2292116910194 98]
	[RESULT 81] [0 5.241740736538962 1 4 12 3999.988743613996 100]
	[RESULT 82] [1 5.241617849822152 0 1 24 3637.5571385268 100]
	[RESULT 83] [1 8.7850492415971 0 4 10 3988.6999681787734 3]
	[RESULT 84] [1 5.542500492120099 0 1 21 3972.6196471012368 97]
	[RESULT 85] [0 5.0047919993908 1 4 20 1057.0397754742755 13]
	[RESULT 86] [1 7.018771763977121 0 1 23 3907.9664409792913 98]
	[RESULT 87] [1 5.42763304571762 0 1 24 3999.998432241289 100]
	[RESULT 88] [1 10.957439895377151 0 1 13 3999.989665483395 100]
	[RESULT 89] [1 5.2487609541856415 0 1 5 3991.039860758515 100]
	[RESULT 90] [0 44.07075391030791 0 1 17 3999.863369473479 100]
	[RESULT 91] [1 8.1299473998901 1 1 8 1033.9577122799637 100]
	[RESULT 92] [1 6.780541862765907 0 4 13 3999.989665483395 99]
	[RESULT 93] [1 14.559915115877805 1 1 21 3914.4111857415196 99]
	[RESULT 94] [0 9.967712106121647 1 1 5 3975.058454060096 100]
	[RESULT 95] [1 7.89577475843416 0 1 22 3999.992610531341 100]
	[RESULT 96] [0 6.629447189784715 0 4 23 3946.4111819240907 3]
	[RESULT 97] [1 5.81865264163044 0 1 22 3846.1463636667645 95]
	[RESULT 98] [1 5.383347080691958 0 1 5 3999.999209944476 100]
	[RESULT 99] [1 5.888482531616965 1 4 8 3959.963576062456 1]
	[RESULT 100] [1 8.486435312964508 0 4 6 1043.7364459832875 1]
	[RESULT 101] [1 8.153192175345561 0 1 22 3942.871977144521 100]
	[RESULT 102] [0 49.97353209733551 1 4 12 1001.1639274051554 3]
	[RESULT 103] [1 5.32092615348137 0 1 24 3966.965588934375 100]
	[RESULT 104] [0 7.019366239511601 1 1 12 3999.988743613996 98]
	[RESULT 105] [0 7.129383746746962 0 1 5 1035.8542711925083 94]
	[RESULT 106] [1 49.45230751534711 0 1 20 3927.2761687037205 7]
	[RESULT 107] [1 7.056454105483166 0 1 24 3990.4145858465795 100]
	[RESULT 108] [0 5.7767891476617645 0 1 17 1069.4000852240802 99]
	[RESULT 109] [1 9.514119440590687 0 1 6 3918.656706289059 98]
	[RESULT 110] [1 5.461041138150101 1 1 4 3999.99403939825 100]
	[RESULT 111] [1 46.327358288544495 0 1 13 3996.2938848840076 99]
	[RESULT 112] [1 38.967618602268345 0 4 11 3992.524035839365 99]
	[RESULT 113] [1 11.649102976879428 1 4 13 1030.6754416334252 100]
	[RESULT 114] [0 6.342854271691572 0 4 23 3998.634932910593 27]
	[RESULT 115] [0 7.422052278155211 1 1 20 1002.8154517636256 12]
	[RESULT 116] [1 49.618612973613274 0 1 23 3949.836709953936 99]
	[RESULT 117] [1 6.514207046104386 0 1 24 3999.995788647188 100]
	[RESULT 118] [1 6.273737269196555 1 4 24 3845.4566210190574 7]
	[RESULT 119] [1 7.006823398856902 0 4 14 1107.8881220169203 100]
	[RESULT 120] [1 49.916929161804994 0 2 24 3999.9970694057592 100]
[OBJECTIVES]
	[RESULT 1] [0.01606295 0.02171663 0.01565368 0.01455096 0.00585832 0.09130736
 0.         0.00434632 0.00565368 0.00130736 0.         0.01556295
 0.00040927 0.00484632]
	[RESULT 2] [0.02560001 0.01592737 0.01847261 0.01509109 0.01203631 0.09694522
 0.         0.00158216 0.00847261 0.00694522 0.         0.02360001
 0.0108726  0.00852739]
	[RESULT 3] [ 0.02132224 -0.00378646  0.0151087   0.01832417  0.02189323  0.0902174
  0.          0.0093261   0.0051087   0.0002174   0.          0.02232224
 -0.01556906  0.0108913 ]
	[RESULT 4] [ 0.02998703  0.00478668  0.01520035  0.02279404  0.01760666  0.0904007
  0.          0.00860105  0.00520035  0.0004007   0.          0.03198703
 -0.00681262  0.01179965]
	[RESULT 5] [3.45999941e-02 5.40176224e-03 1.99982437e-02 1.73026315e-02
 1.72991189e-02 9.99964873e-02 0.00000000e+00 1.75632845e-06
 9.99824367e-03 9.99648734e-03 0.00000000e+00 3.35999941e-02
 4.40176224e-03 4.99824367e-03]
	[RESULT 6] [2.66477460e-02 1.33540103e-02 1.99982437e-02 1.33265075e-02
 1.33229948e-02 9.99964873e-02 0.00000000e+00 1.75632845e-06
 9.99824367e-03 9.99648734e-03 0.00000000e+00 2.46477460e-02
 1.13504977e-02 7.00175633e-03]
	[RESULT 7] [ 0.0283625   0.00242506  0.01593744  0.02283742  0.01903747  0.09187489
  0.          0.00418767  0.00593744  0.00187489  0.          0.0313625
 -0.00170005  0.00606256]
	[RESULT 8] [ 0.00644804 -0.0211054   0.01755344  0.01430419  0.0191973   0.09510689
  0.          0.00244656  0.00755344  0.00510689  0.          0.00794804
 -0.02199851  0.00294656]
	[RESULT 9] [ 4.07534133e-03 -2.58740990e-02  1.99494403e-02  1.67118312e-02
  1.68129505e-02  9.98988807e-02  0.00000000e+00  5.05596614e-05
  9.94944034e-03  9.89888068e-03  0.00000000e+00  6.07534133e-03
 -2.58740990e-02  4.94944034e-03]
	[RESULT 10] [0.01601661 0.02182038 0.01580377 0.01430265 0.00591019 0.09160755
 0.         0.00808868 0.00580377 0.00160755 0.         0.01551661
 0.00521284 0.00969623]
	[RESULT 11] [ 0.01555598 -0.01259798  0.01815397  0.02000894  0.02370101  0.09630793
  0.          0.00184603  0.00815397  0.00630793  0.          0.01605598
 -0.01409798  0.00315397]
	[RESULT 12] [ 0.01419283 -0.01146573  0.01565856  0.01533426  0.02401714  0.09131713
  0.          0.00434144  0.00565856  0.00131713  0.          0.01569283
 -0.0161486   0.00484144]
	[RESULT 13] [0.01551666 0.02062545 0.0151088  0.01509513 0.00531273 0.09021759
 0.         0.00667361 0.0051088  0.00021759 0.         0.01351666
 0.00040786 0.0068912 ]
	[RESULT 14] [0.01955708 0.02264965 0.01779327 0.01308864 0.00867518 0.09558654
 0.         0.00220673 0.00779327 0.00558654 0.         0.01905708
 0.00185035 0.00279327]
	[RESULT 15] [ 0.00601625 -0.02332283  0.01933908  0.01701674  0.01833859  0.09867816
  0.          0.00066092  0.00933908  0.00867816  0.          0.00801625
 -0.02332283  0.00433908]
	[RESULT 16] [ 1.68846343e-02 -1.30644054e-02  1.99490397e-02  2.33658767e-02
  2.34677973e-02  9.98980794e-02  0.00000000e+00  5.09603151e-05
  9.94903968e-03  9.89807937e-03  0.00000000e+00  1.73846343e-02
 -1.45644054e-02  4.94903968e-03]
	[RESULT 17] [ 0.0073786  -0.01928429  0.01666288  0.01343362  0.02010786  0.09332577
  0.          0.00333712  0.00666288  0.00332577  0.          0.0103786
 -0.02195852  0.00533712]
	[RESULT 18] [ 0.01074892 -0.01544252  0.01619144  0.01441162  0.02202874  0.09238288
  0.          0.00380856  0.00619144  0.00238288  0.          0.01374892
 -0.01905965  0.00580856]
	[RESULT 19] [0.01731925 0.02402417 0.01865659 0.01067475 0.00798792 0.09731317
 0.         0.00134341 0.00865659 0.00731317 0.         0.01531925
 0.00366266 0.00834341]
	[RESULT 20] [0.01321114 0.0210044  0.01779327 0.00991566 0.0055022  0.09558654
 0.         0.00220673 0.00779327 0.00558654 0.         0.01271114
 0.00041787 0.00770673]
	[RESULT 21] [ 0.034962    0.00985142  0.01511058  0.02485312  0.01507429  0.09022117
  0.          0.00983175  0.00511058  0.00022117  0.          0.034538
 -0.00192741  0.01038942]
	[RESULT 22] [ 0.00723781 -0.01953033  0.01676815  0.01352113  0.01998483  0.09353629
  0.          0.00323185  0.00676815  0.00353629  0.          0.00873781
 -0.02199404  0.00373185]
	[RESULT 23] [ 0.00588331 -0.02225344  0.01813676  0.01489679  0.01862328  0.09627351
  0.          0.00186324  0.00813676  0.00627351  0.          0.00738331
 -0.02275344  0.00313676]
	[RESULT 24] [0.01748405 0.02475828 0.01727423 0.01283067 0.00737914 0.09454846
 0.         0.0036773  0.00727423 0.00454846 0.         0.01698405
 0.00520981 0.00822577]
	[RESULT 25] [0.03201879 0.00687278 0.01514601 0.02347841 0.01681361 0.09029202
 0.         0.00656197 0.00514601 0.00029202 0.         0.03498121
 0.0011648  0.00685399]
	[RESULT 26] [0.02950518 0.0130958  0.01739902 0.01890406 0.0137021  0.09479804
 0.         0.00480294 0.00739902 0.00479804 0.         0.02650518
 0.00689384 0.00960098]
	[RESULT 27] [0.01112771 0.01682816 0.01570045 0.01201318 0.00341408 0.0914009
 0.         0.00989866 0.00570045 0.0014009  0.         0.00912771
 0.00042726 0.01129955]
	[RESULT 28] [ 0.0139199  -0.01119822  0.01511813  0.01438714  0.02415089  0.09023625
  0.          0.00514562  0.00511813  0.00023625  0.          0.0154199
 -0.01696197  0.00538187]
	[RESULT 29] [ 0.01447854 -0.0120356   0.01651414  0.01701048  0.0239822   0.09302828
  0.          0.00348586  0.00651414  0.00302828  0.          0.01647854
 -0.01600732  0.00548586]
	[RESULT 30] [ 0.00642647 -0.02114785  0.01757432  0.01432472  0.01917607  0.09514864
  0.          0.00242568  0.00757432  0.00514864  0.          0.00792647
 -0.02199921  0.00292568]
	[RESULT 31] [ 0.0083906  -0.01723253  0.01562313  0.01237999  0.02113373  0.09124626
  0.          0.00513061  0.00562313  0.00124626  0.          0.0113906
 -0.02198628  0.00637687]
	[RESULT 32] [0.0127278  0.01992865 0.01720085 0.01056262 0.00496433 0.09440171
 0.         0.00539744 0.00720085 0.00440171 0.         0.0107278
 0.00052694 0.00979915]
	[RESULT 33] [ 0.01209361 -0.01481301  0.01690662  0.01615673  0.0223435   0.09381323
  0.          0.00478015  0.00690662  0.00381323  0.          0.01359361
 -0.02199978  0.00859338]
	[RESULT 34] [ 0.0056257  -0.02274885  0.01837455  0.01512467  0.01837558  0.09674909
  0.          0.00162545  0.00837455  0.00674909  0.          0.0071257
 -0.02324885  0.00337455]
	[RESULT 35] [0.0233412  0.01786645 0.01879235 0.01373208 0.01131677 0.09758469
 0.         0.00120765 0.00879235 0.00758469 0.         0.0218412
 0.00563355 0.00379235]
	[RESULT 36] [ 1.01425563e-02 -1.98160545e-02  1.99586107e-02  2.00091942e-02
  2.00919728e-02  9.99172215e-02  0.00000000e+00  4.13892662e-05
  9.95861073e-03  9.91722147e-03  0.00000000e+00  1.21425563e-02
 -2.18988330e-02  7.04138927e-03]
	[RESULT 37] [ 0.0059237  -0.02216661  0.01809032  0.01484733  0.01866669  0.09618064
  0.          0.00190968  0.00809032  0.00618064  0.          0.0074237
 -0.02266661  0.00309032]
	[RESULT 38] [ 0.01810485 -0.00780026  0.01590511  0.01766009  0.02415013  0.09181022
  0.          0.00409489  0.00590511  0.00181022  0.          0.01960485
 -0.01199004  0.00459489]
	[RESULT 39] [ 0.00624133 -0.02152304  0.01776437  0.01451722  0.01898848  0.09552875
  0.          0.00223563  0.00776437  0.00552875  0.          0.00774133
 -0.02202304  0.00276437]
	[RESULT 40] [ 0.00616142 -0.02167915  0.01784057  0.01459157  0.01891043  0.09568114
  0.          0.00215943  0.00784057  0.00568114  0.          0.00766142
 -0.02217915  0.00284057]
	[RESULT 41] [0.01695475 0.02248697 0.01553222 0.01542905 0.00649348 0.09106443
 0.         0.00540335 0.00553222 0.00106443 0.         0.01395475
 0.00042254 0.00646778]
	[RESULT 42] [ 0.01821339 -0.01000417  0.01821755  0.02143302  0.02499792  0.0964351
  0.          0.00178245  0.00821755  0.0064351   0.          0.01921339
 -0.01556906  0.00778245]
	[RESULT 43] [ 0.01143841 -0.01622745  0.01766586  0.01696799  0.02163628  0.09533172
  0.          0.00233414  0.00766586  0.00533172  0.          0.01443841
 -0.01689573  0.00433414]
	[RESULT 44] [0.01427793 0.01938696 0.01510903 0.01472542 0.00494348 0.09021806
 0.         0.00982709 0.00510903 0.00021806 0.         0.01277793
 0.0031689  0.01039097]
	[RESULT 45] [0.03424816 0.00528761 0.01896055 0.01968509 0.0176062  0.09792111
 0.         0.00103945 0.00896055 0.00792111 0.         0.03375184
 0.00220871 0.00703945]
	[RESULT 46] [ 0.01760205 -0.00750755  0.0151096   0.01621543  0.02400378  0.09021921
  0.          0.00517119  0.0051096   0.00021921  0.          0.01910205
 -0.01328834  0.0053904 ]
	[RESULT 47] [ 0.02406102 -0.00157537  0.01563639  0.0202351   0.02103769  0.09127279
  0.          0.00990918  0.00563639  0.00127279  0.          0.02706102
 -0.01130259  0.01136361]
	[RESULT 48] [ 2.69902251e-02 -3.00879778e-03  1.99990228e-02  2.17563532e-02
  2.17543989e-02  9.99980457e-02  0.00000000e+00  9.77170377e-07
  9.99902283e-03  9.99804566e-03  0.00000000e+00  2.99902251e-02
 -4.01075212e-03  7.00097717e-03]
	[RESULT 49] [0.02033385 0.02455746 0.0151087  0.01750388 0.00772127 0.09021739
 0.         0.00832609 0.0051087  0.00021739 0.         0.01833385
 0.01022515 0.0118913 ]
	[RESULT 50] [ 0.02423043 -0.00285055  0.01708098  0.02248668  0.02167528  0.09416196
  0.          0.00291902  0.00708098  0.00416196  0.          0.02573043
 -0.0046886   0.00341902]
	[RESULT 51] [0.01552447 0.02063322 0.01510875 0.01509911 0.00531661 0.0902175
 0.         0.00517376 0.00510875 0.0002175  0.         0.01502447
 0.00041572 0.00539125]
	[RESULT 52] [0.02841591 0.016444   0.01514009 0.02174781 0.012028   0.09028019
 0.         0.00657972 0.00514009 0.00028019 0.         0.02541591
 0.01072419 0.00685991]
	[RESULT 53] [ 0.0224783  -0.00533576  0.01781406  0.02296025  0.02266788  0.09562813
  0.          0.00218594  0.00781406  0.00562813  0.          0.0229783
 -0.01170763  0.00768594]
	[RESULT 54] [ 0.01290446 -0.0131917   0.01609617  0.01534648  0.02315415  0.09219234
  0.          0.0072115   0.00609617  0.00219234  0.          0.01440446
 -0.02199937  0.00940383]
	[RESULT 55] [ 0.00649541 -0.0210195   0.01751492  0.01427008  0.01924025  0.09502983
  0.          0.00248508  0.00751492  0.00502983  0.          0.00799541
 -0.02198967  0.00298508]
	[RESULT 56] [ 0.01285551 -0.01328932  0.01614483  0.01539501  0.02310534  0.09228967
  0.          0.0085655   0.00614483  0.00228967  0.          0.01585551
 -0.02199965  0.01085517]
	[RESULT 57] [0.01770953 0.02490232 0.01719279 0.01306557 0.00745116 0.09438559
 0.         0.00280721 0.00719279 0.00438559 0.         0.01570953
 0.00051673 0.00480721]
	[RESULT 58] [2.83690658e-02 5.20412219e-04 1.78486535e-02 2.42924868e-02
 1.99897939e-02 9.56973071e-02 0.00000000e+00 2.15134645e-03
 7.84865355e-03 5.69730709e-03 0.00000000e+00 2.98690658e-02
 2.04122187e-05 2.84865355e-03]
	[RESULT 59] [0.03425685 0.00768783 0.01805532 0.02029545 0.01640608 0.09611064
 0.         0.00194468 0.00805532 0.00611064 0.         0.03225685
 0.00279847 0.00794468]
	[RESULT 60] [ 0.02352282 -0.00446257  0.01798539  0.02348949  0.02248128  0.09597078
  0.          0.00201461  0.00798539  0.00597078  0.          0.02502282
 -0.00496257  0.00298539]
	[RESULT 61] [ 0.02739236  0.00228188  0.01511048  0.0211119   0.01910906  0.09022096
  0.          0.00516856  0.00511048  0.00022096  0.          0.02889236
 -0.00349716  0.00538952]
	[RESULT 62] [0.02167307 0.01842977 0.01989717 0.01099079 0.01078512 0.09979433
 0.         0.00010283 0.00989717 0.00979433 0.         0.02117307
 0.00607023 0.00489717]
	[RESULT 63] [0.01423062 0.02302918 0.01879856 0.00891747 0.00651459 0.09759712
 0.         0.00120144 0.00879856 0.00759712 0.         0.01373062
 0.00043206 0.00670144]
	[RESULT 64] [0.02131846 0.02257493 0.01610662 0.0164993  0.00871254 0.09221323
 0.         0.00389338 0.00610662 0.00221323 0.         0.02081846
 0.00521184 0.00439338]
	[RESULT 65] [0.02585791 0.01725573 0.01688637 0.0178494  0.01162214 0.09377273
 0.         0.0053409  0.00688637 0.00377273 0.         0.02385791
 0.01002846 0.00911363]
	[RESULT 66] [ 0.01469049 -0.01263922  0.01732971  0.01808981  0.02343039  0.09465942
  0.          0.00267029  0.00732971  0.00465942  0.          0.01619049
 -0.0139798   0.00317029]
	[RESULT 67] [ 0.00630307 -0.02139534  0.01769842  0.01444916  0.01905233  0.09539683
  0.          0.00230158  0.00769842  0.00539683  0.          0.00780307
 -0.02199851  0.00280158]
	[RESULT 68] [ 0.02220501 -0.00697991  0.01918492  0.02462989  0.02373996  0.09836984
  0.          0.00081508  0.00918492  0.00836984  0.          0.02370501
 -0.00747991  0.00418492]
	[RESULT 69] [ 0.00590488 -0.0222103   0.01811518  0.01487522  0.01864485  0.09623036
  0.          0.00188482  0.00811518  0.00623036  0.          0.00740488
 -0.0227103   0.00311518]
	[RESULT 70] [ 0.03035545  0.00421061  0.01614483  0.02414497  0.01814469  0.09228967
  0.          0.0085655   0.00614483  0.00228967  0.          0.03335545
 -0.00449972  0.01085517]
	[RESULT 71] [0.0234575  0.02013178 0.01641071 0.01736268 0.01018411 0.09282142
 0.         0.00776786 0.00641071 0.00282142 0.         0.0204575
 0.01104679 0.01058929]
	[RESULT 72] [ 0.03173165  0.00459281  0.01713885  0.0236759   0.0179536   0.0942777
  0.          0.00558345  0.00713885  0.0042777   0.          0.03473165
 -0.0021295   0.00986115]
	[RESULT 73] [0.02394051 0.02012205 0.01593744 0.01831409 0.01018898 0.09187489
 0.         0.00418767 0.00593744 0.00187489 0.         0.02094051
 0.00700307 0.00606256]
	[RESULT 74] [ 0.01149547 -0.01600925  0.01750471  0.01675481  0.02174538  0.09500943
  0.          0.00298586  0.00750471  0.00500943  0.          0.01299547
 -0.02199982  0.00799529]
	[RESULT 75] [0.02040213 0.02061983 0.01897804 0.011984   0.00994009 0.09795608
 0.         0.00102196 0.00897804 0.00795608 0.         0.01890213
 0.00288017 0.00397804]
	[RESULT 76] [ 0.01937739 -0.00746167  0.01683906  0.01969728  0.02398083  0.09367812
  0.          0.00316094  0.00683906  0.00367812  0.          0.02087739
 -0.00978355  0.00366094]
	[RESULT 77] [ 0.02713594 -0.00143609  0.01857202  0.02382399  0.02096804  0.09714405
  0.          0.00142798  0.00857202  0.00714405  0.          0.02863594
 -0.00529204  0.00692798]
	[RESULT 78] [ 0.02016171 -0.00737402  0.01753573  0.02138445  0.02368701  0.09507146
  0.          0.00246427  0.00753573  0.00507146  0.          0.02216171
 -0.00930256  0.00446427]
	[RESULT 79] [0.01124133 0.01705834 0.015817   0.01189516 0.00352917 0.09163401
 0.         0.00804899 0.005817   0.00163401 0.         0.01074133
 0.00042433 0.009683  ]
	[RESULT 80] [0.03114358 0.01008686 0.01876956 0.01766746 0.01520657 0.09753911
 0.         0.00123044 0.00876956 0.00753911 0.         0.02814358
 0.01108686 0.00376956]
	[RESULT 81] [ 0.01098465 -0.01804196  0.01902661  0.01903223  0.02097902  0.09805321
  0.          0.00097339  0.00902661  0.00805321  0.          0.01298465
 -0.02198875  0.00797339]
	[RESULT 82] [ 0.02835985 -0.00066715  0.019027    0.02252957  0.02058357  0.09805401
  0.          0.000973    0.009027    0.00805401  0.          0.02985985
 -0.00116715  0.004027  ]
	[RESULT 83] [0.03446662 0.00948846 0.01604492 0.02341593 0.01550577 0.09208984
 0.         0.00395508 0.00604492 0.00208984 0.         0.03146662
 0.0055783  0.00595508]
	[RESULT 84] [0.03382656 0.00558507 0.01824149 0.02097449 0.01745747 0.09648298
 0.         0.00175851 0.00824149 0.00648298 0.         0.03467344
 0.00508507 0.00324149]
	[RESULT 85] [1.54140093e-02 2.46098364e-02 1.99761543e-02 7.74277326e-03
 7.69508180e-03 9.99523085e-02 0.00000000e+00 2.38457282e-05
 9.97615427e-03 9.95230854e-03 0.00000000e+00 1.34140093e-02
 4.37855064e-04 7.02384573e-03]
	[RESULT 86] [0.02966332 0.01368038 0.0166563  0.0200972  0.01340981 0.09331261
 0.         0.0033437  0.0066563  0.00331261 0.         0.02816332
 0.01099298 0.0038437 ]
	[RESULT 87] [ 0.00549927 -0.02300303  0.0185023   0.01525308  0.01824848  0.0970046
  0.          0.0014977   0.0085023   0.0070046   0.          0.00699927
 -0.02350303  0.0035023 ]
	[RESULT 88] [ 0.00829168 -0.01742698  0.01571866  0.01247382  0.02103651  0.09143731
  0.          0.00428134  0.00571866  0.00143731  0.          0.00979168
 -0.02198967  0.00478134]
	[RESULT 89] [ 0.0115921  -0.01741187  0.01900397  0.019052    0.02104407  0.09800794
  0.          0.00099603  0.00900397  0.00800794  0.          0.0130921
 -0.01791187  0.00400397]
	[RESULT 90] [ 0.01001111 -0.01511367  0.01512478  0.01269272  0.02244316  0.09024956
  0.          0.00512566  0.00512478  0.00024956  0.          0.01051111
 -0.02186411  0.00537522]
	[RESULT 91] [0.03241963 0.0113697  0.01621067 0.02214381 0.01456515 0.09242134
 0.         0.00686799 0.00621067 0.00242134 0.         0.03091963
 0.00279104 0.00928933]
	[RESULT 92] [ 0.01721212 -0.00958609  0.01679821  0.01855338  0.02495695  0.09359642
  0.          0.00320179  0.00679821  0.00359642  0.          0.02021212
 -0.01198967  0.00520179]
	[RESULT 93] [0.02712505 0.01740146 0.01547349 0.02060229 0.01154927 0.09094698
 0.         0.00907953 0.00547349 0.00094698 0.         0.02562505
 0.00734843 0.01002651]
	[RESULT 94] [ 0.02664753  0.00080969  0.01583784  0.02208053  0.01959516  0.09167568
  0.          0.00798647  0.00583784  0.00167568  0.          0.02714753
 -0.00951463  0.00966216]
	[RESULT 95] [ 0.00772395 -0.0185595   0.01628344  0.01303714  0.02047025  0.09256688
  0.          0.00371656  0.00628344  0.00256688  0.          0.00922395
 -0.02199261  0.00421656]
	[RESULT 96] [0.02505841 0.01804005 0.01690154 0.01717689 0.01097997 0.09380308
 0.         0.00309846 0.00690154 0.00380308 0.         0.02305841
 0.00815687 0.00509846]
	[RESULT 97] [0.0255771  0.01667361 0.01774929 0.01641462 0.01191319 0.09549858
 0.         0.00225071 0.00774929 0.00549858 0.         0.0240771
 0.00682781 0.00275071]
	[RESULT 98] [ 0.00538637 -0.02322805  0.01861442  0.01536482  0.01813597  0.09722884
  0.          0.00138558  0.00861442  0.00722884  0.          0.00688637
 -0.02372805  0.00361442]
	[RESULT 99] [0.02345763 0.01889474 0.01764763 0.01550737 0.01080263 0.09529526
 0.         0.00405711 0.00764763 0.00529526 0.         0.02045763
 0.00981    0.00935237]
	[RESULT 100] [0.01752411 0.02363858 0.01611447 0.01484035 0.00706929 0.09222894
 0.         0.00388553 0.00611447 0.00222894 0.         0.01452411
 0.00040964 0.00588553]
	[RESULT 101] [ 0.02518604 -0.00101786  0.01620389  0.02164886  0.02075893  0.09240779
  0.          0.00379611  0.00620389  0.00240779  0.          0.02668604
 -0.00461007  0.00429611]
	[RESULT 102] [0.01051953 0.01562829 0.01510876 0.01259663 0.00281414 0.09021752
 0.         0.00832627 0.00510876 0.00021752 0.         0.00851953
 0.00041077 0.01189124]
	[RESULT 103] [ 0.0194453  -0.00933992  0.01878522  0.02265049  0.02491996  0.09757045
  0.          0.00121478  0.00878522  0.00757045  0.          0.0209453
 -0.00983992  0.00378522]
	[RESULT 104] [ 2.66886080e-02  3.26313470e-05  1.66559767e-02  2.33282690e-02
  1.99836843e-02  9.33119533e-02  0.00000000e+00  5.53207004e-03
  6.65597665e-03  3.31195331e-03  0.00000000e+00  2.71886080e-02
 -8.65541535e-03  8.84402335e-03]
	[RESULT 105] [0.01966399 0.02373825 0.01659776 0.01493536 0.00813088 0.09319552
 0.         0.00340224 0.00659776 0.00319552 0.         0.01916399
 0.00306623 0.00390224]
	[RESULT 106] [0.02271835 0.02217165 0.01511001 0.01894416 0.00916418 0.09022001
 0.         0.00516998 0.00511001 0.00022001 0.         0.02121835
 0.00660834 0.00538999]
	[RESULT 107] [ 0.01429292 -0.01234297  0.01663588  0.01685028  0.02357852  0.09327177
  0.          0.00336412  0.00663588  0.00327177  0.          0.01579292
 -0.0150712   0.00386412]
	[RESULT 108] [0.02802553 0.01416041 0.01781406 0.01729167 0.0129198  0.09562813
 0.         0.00218594 0.00781406 0.00562813 0.         0.02752553
 0.01033959 0.00281406]
	[RESULT 109] [0.02945062 0.01464261 0.01590676 0.02111517 0.01292869 0.09181353
 0.         0.00409324 0.00590676 0.00181353 0.         0.02795062
 0.01045614 0.00459324]
	[RESULT 110] [ 0.01058374 -0.01783848  0.01842222  0.0176752   0.02083076  0.09684443
  0.          0.00157778  0.00842222  0.00684443  0.          0.01208374
 -0.02199404  0.00707778]
	[RESULT 111] [ 0.02210951 -0.00300862  0.01511813  0.01848194  0.02175431  0.09023625
  0.          0.00514562  0.00511813  0.00023625  0.          0.02360951
 -0.00877236  0.00538187]
	[RESULT 112] [ 0.02461201 -0.00053098  0.01514299  0.01977049  0.02051549  0.09028598
  0.          0.00657103  0.00514299  0.00028598  0.          0.02761201
 -0.006245    0.00685701]
	[RESULT 113] [0.0318624  0.01248393 0.01565367 0.02270069 0.01400804 0.09130734
 0.         0.00996101 0.00565367 0.00130734 0.         0.0288624
 0.00279127 0.01134633]
	[RESULT 114] [ 0.02888997  0.00175582  0.01713415  0.02485379  0.01912209  0.0942683
  0.          0.00286585  0.00713415  0.0042683   0.          0.03088997
 -0.00097588  0.00486585]
	[RESULT 115] [0.01189263 0.01835375 0.01646111 0.01125465 0.00417687 0.09292222
 0.         0.00611667 0.00646111 0.00292222 0.         0.01139263
 0.00043152 0.00903889]
	[RESULT 116] [0.03442483 0.01046556 0.0151096  0.02479801 0.01501722 0.09021921
 0.         0.00517119 0.0051096  0.00021921 0.         0.03292483
 0.00468477 0.0053904 ]
	[RESULT 117] [ 0.00701551 -0.01997319  0.0169887   0.0137408   0.01976341  0.0939774
  0.          0.0030113   0.0069887   0.0039774   0.          0.00851551
 -0.02199579  0.0035113 ]
	[RESULT 118] [0.01689284 0.02409186 0.01719902 0.01289789 0.00729593 0.09439805
 0.         0.00540293 0.00719902 0.00439805 0.         0.01389284
 0.00369382 0.00980098]
	[RESULT 119] [0.03212286 0.00545998 0.01666288 0.02419424 0.01752001 0.09332577
 0.         0.00333712 0.00666288 0.00332577 0.         0.03487714
 0.00278575 0.00533712]
	[RESULT 120] [ 0.00889404 -0.01621485  0.01510889  0.01186036  0.02164257  0.09021778
  0.          0.00567332  0.00510889  0.00021778  0.          0.01089404
 -0.02199707  0.00589111]
