[METRICS]
	[DISEQUILIBRIUM COUNT] 0
[VARIABLES]
	[RESULT 1] [0 8.04768141803634 0 1 11 1667.4590848480887 97]
	[RESULT 2] [0 6.5668392205051225 1 1 22 1585.3440040157082 96]
	[RESULT 3] [0 12.590560267655388 1 1 12 2450.071646353597 97]
	[RESULT 4] [0 15.20206795344661 0 1 13 2858.5844774380676 99]
	[RESULT 5] [1 5.730473112788305 1 1 4 1016.5163189931346 1]
	[RESULT 6] [0 6.8661414463543124 1 1 3 1001.8303371511437 1]
	[RESULT 7] [0 9.48124998301956 1 1 4 1000.0228350685121 1]
	[RESULT 8] [0 49.93512027583068 1 1 5 1002.211998464233 1]
	[RESULT 9] [0 5.024827397735465 1 1 1 1022.1846164285158 1]
	[RESULT 10] [1 6.492732844735067 0 1 2 1000.292528410461 4]
	[RESULT 11] [0 10.006960281816632 1 1 4 1000.0230471147752 1]
	[RESULT 12] [0 49.93110836862552 1 4 1 1000.0624203849383 1]
	[RESULT 13] [0 9.997714966191605 1 1 1 1000.5479839531334 1]
	[RESULT 14] [0 10.234786479508632 1 1 1 1000.5532693491494 1]
	[RESULT 15] [1 6.718082332208242 0 1 3 1057.4650316275306 100]
	[RESULT 16] [0 9.878025544421192 1 1 1 1000.0063276867493 1]
	[RESULT 17] [0 6.85249590284842 0 1 2 1000.0461717549812 99]
	[RESULT 18] [1 5.620454217101905 0 1 14 1949.3985733622233 83]
	[RESULT 19] [0 49.84006090060357 0 1 3 1000.0624203849383 1]
	[RESULT 20] [0 10.006960281816632 1 1 1 1000.0230471147752 1]
	[RESULT 21] [0 10.053265205980049 1 1 4 1000.0000147408923 1]
	[RESULT 22] [0 12.973273852538519 1 4 12 2259.669991808644 100]
	[RESULT 23] [1 49.732424321760924 0 1 2 1057.4650316275306 100]
	[RESULT 24] [0 9.470793272904398 1 1 1 1000.000788749991 1]
	[RESULT 25] [0 5.05456313649754 0 1 2 1000.0461717549812 99]
	[RESULT 26] [0 9.23496120733867 0 1 13 1335.1324626436253 1]
	[RESULT 27] [0 10.285151845351301 1 1 4 1000.011638714331 1]
	[RESULT 28] [0 49.49621118604247 0 1 13 1091.4929436036875 97]
	[RESULT 29] [0 9.590442581478083 1 1 4 1000.0487298933123 1]
	[RESULT 30] [0 49.94415850037028 1 4 1 1000.128307919272 1]
[OBJECTIVES]
	[RESULT 1] [0.02150038 0.02226434 0.01623528 0.01639728 0.00886783 0.09247055
 0.         0.00376472 0.00623528 0.00247055 0.         0.02100038
 0.00526511 0.00426472]
	[RESULT 2] [0.0162041  0.02315203 0.01694792 0.01268017 0.00657601 0.09389584
 0.         0.00465624 0.00694792 0.00389584 0.         0.0157041
 0.00425618 0.00855208]
	[RESULT 3] [0.01597888 0.02156091 0.01558203 0.01461639 0.00578046 0.09116407
 0.         0.0087539  0.00558203 0.00116407 0.         0.01547888
 0.00539684 0.00991797]
	[RESULT 4] [0.02598218 0.01857148 0.01544635 0.01982157 0.01071426 0.09089269
 0.         0.00455365 0.00544635 0.00089269 0.         0.02548218
 0.01053583 0.00505365]
	[RESULT 5] [0.01429713 0.02218651 0.01788938 0.01056449 0.00634326 0.09577877
 0.         0.00211062 0.00788938 0.00577877 0.         0.01279713
 0.00040775 0.00761062]
	[RESULT 6] [0.01215124 0.01889575 0.01674451 0.01095886 0.00444787 0.09348901
 0.         0.00526648 0.00674451 0.00348901 0.         0.01165124
 0.00040674 0.00875549]
	[RESULT 7] [0.01131881 0.01723101 0.0159122  0.01179111 0.00361551 0.0918244
 0.         0.0077634  0.0059122  0.0018244  0.         0.01081881
 0.00040661 0.0095878 ]
	[RESULT 8] [0.01051561 0.01562446 0.01510885 0.01259453 0.00281223 0.0902177
 0.         0.00982655 0.00510885 0.0002177  0.         0.01001561
 0.00040676 0.01039115]
	[RESULT 9] [0.01528701 0.02483412 0.01987887 0.0078252  0.00758294 0.09975774
 0.         0.00012113 0.00987887 0.00975774 0.         0.01478701
 0.00040814 0.00562113]
	[RESULT 10] [0.01841865 0.02457552 0.01700583 0.01395058 0.00796224 0.09401166
 0.         0.00299417 0.00700583 0.00401166 0.         0.01691865
 0.00041282 0.00349417]
	[RESULT 11] [0.01123898 0.01707135 0.01583237 0.01187094 0.00353567 0.09166474
 0.         0.0080029  0.00583237 0.00166474 0.         0.01073898
 0.00040661 0.00966763]
	[RESULT 12] [0.01051547 0.01562433 0.01510886 0.01259445 0.00281217 0.09021772
 0.         0.00832658 0.00510886 0.00021772 0.         0.00851547
 0.00040662 0.01189114]
	[RESULT 13] [0.0112403  0.01707395 0.01583365 0.01186967 0.00353698 0.0916673
 0.         0.00799905 0.00583365 0.0016673  0.         0.0107403
 0.00040665 0.00966635]
	[RESULT 14] [0.0112086  0.01701055 0.01580195 0.01190137 0.00350528 0.0916039
 0.         0.00809414 0.00580195 0.0016039  0.         0.0107086
 0.00040665 0.00969805]
	[RESULT 15] [0.03194986 0.00511032 0.01683953 0.02401577 0.01769484 0.09367906
 0.         0.00316047 0.00683953 0.00367906 0.         0.03344986
 0.00278939 0.00366047]
	[RESULT 16] [0.01125724 0.01710786 0.01585063 0.01185268 0.00355393 0.09170125
 0.         0.00794812 0.00585063 0.00170125 0.         0.01075724
 0.00040661 0.00964937]
	[RESULT 17] [0.02695947 0.01628768 0.01675285 0.01835046 0.01185616 0.0935057
 0.         0.00324715 0.00675285 0.0035057  0.         0.02645947
 0.01020661 0.00374715]
	[RESULT 18] [0.02049778 0.02141666 0.01808555 0.01337056 0.00954167 0.09617111
 0.         0.00191445 0.00808555 0.00617111 0.         0.01899778
 0.00208334 0.00308555]
	[RESULT 19] [0.01551569 0.02062477 0.01510907 0.01509423 0.00531238 0.09021815
 0.         0.00517278 0.00510907 0.00021815 0.         0.01501569
 0.00040662 0.00539093]
	[RESULT 20] [0.01123898 0.01707135 0.01583237 0.01187094 0.00353567 0.09166474
 0.         0.0080029  0.00583237 0.00166474 0.         0.01073898
 0.00040661 0.00966763]
	[RESULT 21] [0.01123261 0.01705861 0.015826   0.01187731 0.00352931 0.091652
 0.         0.008022   0.005826   0.001652   0.         0.01073261
 0.00040661 0.009674  ]
	[RESULT 22] [0.03091125 0.01353154 0.01555721 0.02211981 0.01323423 0.09111442
 0.         0.00967163 0.00555721 0.00111442 0.         0.02891125
 0.00264596 0.01144279]
	[RESULT 23] [0.03368006 0.00857072 0.01510933 0.02425403 0.01596464 0.09021866
 0.         0.00517201 0.00510933 0.00021866 0.         0.03481994
 0.00278939 0.00539067]
	[RESULT 24] [0.01132056 0.0172345  0.01591394 0.01178936 0.00361725 0.09182789
 0.         0.00775817 0.00591394 0.00182789 0.         0.01082056
 0.00040661 0.00958606]
	[RESULT 25] [0.02994791 0.01031079 0.0197413  0.01536201 0.01484461 0.0994826
 0.         0.0002587  0.0097413  0.0094826  0.         0.02944791
 0.00881079 0.0047413 ]
	[RESULT 26] [0.01638747 0.02234259 0.01595512 0.01426106 0.00617129 0.09191023
 0.         0.00404488 0.00595512 0.00191023 0.         0.01588747
 0.00043235 0.00454488]
	[RESULT 27] [0.01120214 0.01699766 0.01579553 0.01190778 0.00349883 0.09159105
 0.         0.00811342 0.00579553 0.00159105 0.         0.01070214
 0.00040661 0.00970447]
	[RESULT 28] [0.02032295 0.02456715 0.0151099  0.01749663 0.00771643 0.0902198
 0.         0.0051703  0.0051099  0.0002198  0.         0.01982295
 0.00521306 0.0053901 ]
	[RESULT 29] [0.011301   0.01719538 0.01589438 0.01180892 0.00359769 0.09178877
 0.         0.00781685 0.00589438 0.00178877 0.         0.010801
 0.00040661 0.00960562]
	[RESULT 30] [0.01051545 0.01562428 0.01510883 0.01259448 0.00281214 0.09021766
 0.         0.00832648 0.00510883 0.00021766 0.         0.00851545
 0.00040662 0.01189117]
