[METRICS]
	[DISEQUILIBRIUM COUNT] 7
[VARIABLES]
	[RESULT 1] [0 5.735472988722403 0 1 20 3771.4933081286026 68]
	[RESULT 2] [0 6.2754123600502165 1 1 11 3871.56901182306 16]
	[RESULT 3] [0 15.595390462165977 0 1 11 3977.4280064677873 68]
	[RESULT 4] [0 49.95653631931566 1 1 12 3977.4280064677873 60]
	[RESULT 5] [0 49.21238928632823 1 1 0 3999.7689041683166 1]
	[RESULT 6] [0 5.022093714012655 1 1 0 3975.7544163820776 28]
	[RESULT 7] [0 49.232926048770295 1 1 10 1001.5712834565343 1]
	[RESULT 8] [0 5.712697038316275 1 1 11 3997.9938644825193 28]
	[RESULT 9] [0 49.913656651334094 1 4 13 1029.5615767158033 2]
	[RESULT 10] [0 5.514726299515454 1 4 14 1000.5651766727212 7]
	[RESULT 11] [0 49.926334108068126 1 4 15 1029.887572928329 2]
	[RESULT 12] [0 6.642162491455251 1 1 11 3967.7528305851624 26]
	[RESULT 13] [0 6.719780882121821 1 1 14 1002.1986276116918 1]
	[RESULT 14] [0 15.47965237712709 1 1 10 1008.6842707591148 1]
	[RESULT 15] [0 44.966517292689666 0 1 10 1021.7280623562233 4]
	[RESULT 16] [0 49.4541401887069 1 1 10 1014.3250824532524 1]
	[RESULT 17] [0 49.86313379442428 1 4 16 1008.9318586950012 1]
	[RESULT 18] [0 9.21865904646902 0 1 11 1088.0476757563722 2]
	[RESULT 19] [0 5.002928412514751 1 1 11 1005.882777669604 4]
	[RESULT 20] [0 47.69228733548637 1 1 10 1000.327364920399 1]
	[RESULT 21] [0 49.61040784751944 1 4 16 3964.4884861729497 1]
	[RESULT 22] [0 9.703874208946136 0 1 0 3989.104054142278 1]
	[RESULT 23] [0 48.35564135708565 1 1 10 1000.0307857443968 1]
	[RESULT 24] [0 49.98956061835728 1 1 10 1001.5712834565343 1]
	[RESULT 25] [0 5.000362550434649 0 1 0 3998.2515488177633 2]
	[RESULT 26] [0 46.07533806800464 1 4 15 1096.1670220305095 2]
	[RESULT 27] [0 49.33479339394963 1 1 10 1014.3250824532524 6]
	[RESULT 28] [0 49.20764577235296 1 4 15 1029.887572928329 3]
	[RESULT 29] [0 7.140888485473984 0 1 11 3929.2803106871456 3]
	[RESULT 30] [0 49.93266440263792 1 4 11 1018.0043052192821 2]
[OBJECTIVES]
	[RESULT 1] [0.02095254 0.0211664  0.01788106 0.01365468 0.0094168  0.09576212
 0.         0.00211894 0.00788106 0.00576212 0.         0.02045254
 0.0033336  0.00288106]
	[RESULT 2] [0.01650619 0.02370359 0.0171974  0.01245699 0.0068518  0.09439481
 0.         0.00390779 0.0071974  0.00439481 0.         0.01600619
 0.00430879 0.0083026 ]
	[RESULT 3] [0.02917525 0.01539355 0.01543121 0.02144082 0.01230323 0.09086241
 0.         0.00456879 0.00543121 0.00086241 0.         0.02867525
 0.00925596 0.00506879]
	[RESULT 4] [0.02373459 0.02115662 0.0151088  0.0192041  0.00942169 0.0902176
 0.         0.0098264  0.0051088  0.0002176  0.         0.02323459
 0.00937421 0.0103912 ]
	[RESULT 5] [ 0.03491839  0.0098078   0.01511059  0.02487492  0.0150961   0.09022118
  0.          0.00983177  0.00511059  0.00022118  0.          0.03458161
 -0.00197102  0.01038941]
	[RESULT 6] [0.02785739 0.0122507  0.01989192 0.01409081 0.01387465 0.09978384
 0.         0.00010808 0.00989192 0.00978384 0.         0.02735739
 0.01003453 0.00560808]
	[RESULT 7] [0.01051726 0.0156278  0.01511054 0.01259282 0.0028139  0.09022108
 0.         0.00983162 0.00511054 0.00022108 0.         0.01001726
 0.00040672 0.01038946]
	[RESULT 8] [ 0.03366377  0.00574439  0.01791937  0.02128906  0.0171278   0.09583874
  0.          0.00208063  0.00791937  0.00583874  0.          0.03416377
 -0.00041686  0.00758063]
	[RESULT 9] [0.01051957 0.01562847 0.0151089  0.01259644 0.00281424 0.0902178
 0.         0.0083267  0.0051089  0.0002178  0.         0.00851957
 0.00041067 0.0118911 ]
	[RESULT 10] [0.01372034 0.02202127 0.01830093 0.00940878 0.00601063 0.09660185
 0.         0.00209722 0.00830093 0.00660185 0.         0.01172034
 0.00041942 0.00869907]
	[RESULT 11] [0.01051956 0.01562843 0.01510887 0.01259648 0.00281422 0.09021774
 0.         0.00832661 0.00510887 0.00021774 0.         0.00851956
 0.00041069 0.01189113]
	[RESULT 12] [0.02307663 0.02003098 0.01689239 0.01619973 0.00998451 0.09378478
 0.         0.00482283 0.00689239 0.00378478 0.         0.02257663
 0.01118424 0.00860761]
	[RESULT 13] [0.01224515 0.01908353 0.01683838 0.010865   0.00454176 0.09367677
 0.         0.00498485 0.00683838 0.00367677 0.         0.01174515
 0.00040676 0.00866162]
	[RESULT 14] [0.01084276 0.01627831 0.01543555 0.01226805 0.00313916 0.09087111
 0.         0.00919334 0.00543555 0.00087111 0.         0.01034276
 0.00040721 0.01006445]
	[RESULT 15] [0.01553634 0.02065839 0.01512205 0.0150851  0.0053292  0.0902441
 0.         0.00513385 0.00512205 0.0002441  0.         0.01503634
 0.00041429 0.00537795]
	[RESULT 16] [0.0105176  0.0156276  0.01511    0.0125938  0.0028138  0.09022
 0.         0.00983    0.00511    0.00022    0.         0.0100176
 0.00040759 0.01039   ]
	[RESULT 17] [0.01051624 0.01562526 0.01510902 0.01259459 0.00281263 0.09021804
 0.         0.00832706 0.00510902 0.00021804 0.         0.00851624
 0.00040722 0.01189098]
	[RESULT 18] [0.01637293 0.02233103 0.0159581  0.01424931 0.00616551 0.0919162
 0.         0.0040419  0.0059581  0.0019162  0.         0.01587293
 0.00041483 0.0045419 ]
	[RESULT 19] [1.53986004e-02 2.46159989e-02 1.99854007e-02 7.72119917e-03
 7.69200055e-03 9.99708014e-02 0.00000000e+00 1.45993098e-05
 9.98540069e-03 9.97080138e-03 0.00000000e+00 1.48986004e-02
 4.13199722e-04 5.51459931e-03]
	[RESULT 20] [0.01052107 0.01563551 0.01511444 0.01258888 0.00281775 0.09022887
 0.         0.00984331 0.00511444 0.00022887 0.         0.01002107
 0.00040663 0.01038556]
	[RESULT 21] [0.02063824 0.02425214 0.01510962 0.01765468 0.00787393 0.09021925
 0.         0.00832887 0.00510962 0.00021925 0.         0.01863824
 0.01052861 0.01189038]
	[RESULT 22] [0.03348803 0.01063537 0.0158766  0.02292912 0.01468232 0.09175319
 0.         0.0041234  0.0058766  0.00175319 0.         0.03298803
 0.00538856 0.0046234 ]
	[RESULT 23] [0.01051934 0.01563206 0.01511273 0.01259058 0.00281603 0.09022545
 0.         0.00983818 0.00511273 0.00022545 0.         0.01001934
 0.00040661 0.01038727]
	[RESULT 24] [0.01051544 0.01562416 0.01510872 0.01259464 0.00281208 0.09021744
 0.         0.00982616 0.00510872 0.00021744 0.         0.01001544
 0.00040672 0.01039128]
	[RESULT 25] [ 2.64339530e-02 -3.56423487e-03  1.99981879e-02  2.17857416e-02
  2.17821174e-02  9.99963758e-02  0.00000000e+00  1.81209520e-06
  9.99818790e-03  9.99637581e-03  0.00000000e+00  2.69339530e-02
 -5.06423487e-03  4.99818790e-03]
	[RESULT 26] [0.01053425 0.01565308 0.01511883 0.01258887 0.00282654 0.09023767
 0.         0.0083565  0.00511883 0.00023767 0.         0.00853425
 0.00041542 0.01188117]
	[RESULT 27] [0.01052841 0.0156387  0.01511029 0.01259877 0.00281935 0.09022058
 0.         0.00983087 0.00511029 0.00022058 0.         0.01002841
 0.00041812 0.01038971]
	[RESULT 28] [0.01052336 0.01563396 0.0151106  0.01259578 0.00281698 0.0902212
 0.         0.0083318  0.0051106  0.0002212  0.         0.00852336
 0.00041275 0.0118894 ]
	[RESULT 29] [0.02332547 0.02008262 0.01659191 0.01677488 0.00995869 0.09318381
 0.         0.00340809 0.00659191 0.00318381 0.         0.02282547
 0.00673356 0.00390809]
	[RESULT 30] [0.01051872 0.01562758 0.01510885 0.01259608 0.00281379 0.09021771
 0.         0.00832656 0.00510885 0.00021771 0.         0.00851872
 0.00040987 0.01189115]
