[METRICS]
	[DISEQUILIBRIUM COUNT] 1246
[VARIABLES]
	[RESULT 1] [0 5.716826818927121 1 4 16 1227.755959101536 20]
	[RESULT 2] [0 6.993042707722416 1 4 11 3952.092710995517 98]
	[RESULT 3] [1 46.87938569992073 0 4 14 3983.6918422840117 40]
	[RESULT 4] [1 5.446813557411559 1 3 5 3997.2259652110147 100]
	[RESULT 5] [1 5.878852845491925 0 1 16 3994.236709146603 100]
	[RESULT 6] [1 5.34634216389689 0 1 14 3989.9854134770235 100]
	[RESULT 7] [0 49.68138497098383 0 4 4 1023.2909004762141 1]
	[RESULT 8] [0 6.778885971691855 0 4 2 1191.995689477 22]
	[RESULT 9] [0 9.646752348454458 0 1 14 3989.9854134770235 100]
	[RESULT 10] [0 49.745240405010854 0 1 8 3998.5899178254576 100]
	[RESULT 11] [1 5.443312867717404 1 3 5 1288.7583239583914 94]
	[RESULT 12] [1 6.803545732938553 1 1 11 3960.3359645622268 100]
	[RESULT 13] [0 46.40182857103101 1 4 8 3958.1345329386895 98]
	[RESULT 14] [0 5.678664461958568 1 1 13 1650.2226303111495 22]
	[RESULT 15] [0 9.383447302784635 1 4 16 1294.357090363413 100]
	[RESULT 16] [1 49.21293386287378 0 4 4 3999.997692428617 1]
	[RESULT 17] [1 45.506685845646636 0 1 4 1080.6531405600986 1]
	[RESULT 18] [0 6.192233335630257 0 3 6 3963.9253773313017 99]
	[RESULT 19] [1 5.318662759007662 0 4 4 3999.997692428617 1]
	[RESULT 20] [0 5.355501082327946 0 1 11 3971.5436853077676 100]
	[RESULT 21] [0 8.55084839169308 0 4 2 1092.1011844128327 28]
	[RESULT 22] [1 6.244749685891477 1 1 6 3982.7381359444366 20]
	[RESULT 23] [1 6.74186446764525 0 3 12 3996.027312478997 100]
	[RESULT 24] [1 6.437076908996171 1 1 24 1026.7318704224563 16]
	[RESULT 25] [1 5.675418128939085 0 1 4 3999.996437494382 100]
	[RESULT 26] [1 6.639746479552422 0 1 14 3989.9854134770235 100]
	[RESULT 27] [0 43.20761104626118 1 1 10 3887.0489867501096 2]
	[RESULT 28] [1 5.478584726172737 0 1 4 3999.9993447327147 100]
	[RESULT 29] [0 5.734441534121036 0 1 11 3852.7848682220692 73]
	[RESULT 30] [0 49.657551176343546 1 1 8 3999.924139799336 33]
	[RESULT 31] [1 7.814310832901233 0 1 14 3992.6224948209747 100]
	[RESULT 32] [0 48.76041040925735 0 1 5 1804.9261426892558 100]
	[RESULT 33] [0 7.27504084955649 0 1 10 1000.1035038958626 99]
	[RESULT 34] [0 5.000280432895271 1 1 4 1107.6564160089708 2]
	[RESULT 35] [1 5.7169667976891585 0 1 16 3999.996437494382 100]
	[RESULT 36] [0 5.409055083046832 1 4 12 3895.3176832771323 100]
	[RESULT 37] [1 9.34729375640553 1 4 16 3974.3813496605726 21]
	[RESULT 38] [1 5.769609899573037 0 1 14 3981.2916753077466 22]
	[RESULT 39] [1 5.678664461958568 1 1 13 1685.421074740864 98]
	[RESULT 40] [0 5.246774868865095 1 4 17 1174.5607592387717 20]
	[RESULT 41] [1 49.261477350375664 0 1 4 3999.998476879289 99]
	[RESULT 42] [1 7.646950323765953 1 1 7 3853.9287923935267 21]
	[RESULT 43] [1 45.94444705853155 1 4 8 3958.1345329386895 100]
	[RESULT 44] [0 5.994331816202539 1 4 6 3776.684569153204 100]
	[RESULT 45] [0 7.156057924791678 1 4 17 1108.2576307600289 3]
	[RESULT 46] [0 5.246774868865095 0 4 5 1200.2381166200475 20]
	[RESULT 47] [0 49.94961507084146 1 4 6 1006.8706305413398 1]
	[RESULT 48] [0 11.850902860214322 0 1 10 3999.00951687854 99]
	[RESULT 49] [1 5.182063772458159 0 1 9 3994.557424319635 100]
	[RESULT 50] [1 7.776379609595117 1 1 16 3953.9530341860022 100]
	[RESULT 51] [1 8.047957543705515 0 3 11 3999.9978901812974 100]
	[RESULT 52] [1 44.54303129725201 0 4 4 3999.993481641683 100]
	[RESULT 53] [0 5.000187256181576 1 1 4 1292.766870301938 99]
	[RESULT 54] [0 6.324661607031113 0 4 2 1103.6443771066624 98]
	[RESULT 55] [1 5.477930137244868 0 1 4 3999.9985661093892 100]
	[RESULT 56] [1 5.354328745835239 0 1 5 3945.691585232069 99]
	[RESULT 57] [0 5.003245181843587 1 1 12 3979.671899257688 100]
	[RESULT 58] [0 9.510162472990265 0 4 6 3776.684569153204 100]
	[RESULT 59] [0 5.000037438996429 1 2 12 3998.096645015693 100]
	[RESULT 60] [1 11.045878832217458 0 1 4 3999.9584697750493 41]
	[RESULT 61] [1 5.728517255308145 0 1 8 3999.993343792142 100]
	[RESULT 62] [0 5.859773590645336 0 1 8 3999.924139799336 32]
	[RESULT 63] [0 12.76020897307632 0 1 12 3998.5913260507846 100]
	[RESULT 64] [1 5.769609899573037 0 1 14 3981.2916753077466 100]
	[RESULT 65] [0 9.367624070495529 1 4 16 1162.8344388194398 22]
	[RESULT 66] [1 7.626270307031061 1 1 10 3985.6893429148413 38]
	[RESULT 67] [1 5.908126484042963 1 4 11 3907.9727330798833 97]
	[RESULT 68] [1 5.1672523151809395 0 1 10 3999.9974685383872 100]
	[RESULT 69] [1 5.676145057772913 0 1 4 3999.996661574288 100]
	[RESULT 70] [1 6.827487173317178 0 1 0 3948.5377066749556 100]
	[RESULT 71] [1 5.305839351841922 1 4 4 3999.9977138369863 100]
	[RESULT 72] [1 5.000291181319816 0 1 4 3999.9748063467364 100]
	[RESULT 73] [0 49.40397921175054 0 4 10 3999.562948141653 99]
	[RESULT 74] [1 49.18148563969153 1 1 4 3999.998476879289 99]
	[RESULT 75] [0 5.164742637935142 1 1 14 3996.97651201017 100]
	[RESULT 76] [1 5.046980522074816 0 1 10 1646.6007077470588 100]
	[RESULT 77] [1 9.275440385618431 0 3 14 3995.1103615127868 100]
	[RESULT 78] [0 8.705266968564915 0 1 4 3999.9019967793947 97]
	[RESULT 79] [0 6.244749685891477 0 1 6 3720.852700730109 20]
	[RESULT 80] [1 10.559402611086032 0 4 11 3999.997884797397 100]
	[RESULT 81] [1 8.674042514091527 0 1 12 3999.9992700855187 100]
	[RESULT 82] [1 9.12522003590774 1 1 24 1009.1823412686355 20]
	[RESULT 83] [1 5.26808339354482 1 1 11 3797.95385536362 97]
	[RESULT 84] [1 5.364603728357791 0 1 16 3999.996437494382 100]
	[RESULT 85] [1 5.769609899573037 0 4 14 3952.3226826562945 1]
	[RESULT 86] [1 5.636554010077875 0 1 4 3999.983819520218 100]
	[RESULT 87] [0 6.248117146000703 1 1 9 3828.594728715553 96]
	[RESULT 88] [1 5.641696747645894 0 1 3 3999.9999311406877 100]
	[RESULT 89] [0 6.365464621525102 1 4 4 1106.4638363560657 2]
	[RESULT 90] [1 6.841077483962885 0 1 11 3999.9995917150545 100]
	[RESULT 91] [1 5.253195243492277 1 1 12 3984.5370733547907 40]
	[RESULT 92] [1 5.904917446907329 0 4 6 3948.460413203818 100]
	[RESULT 93] [1 6.242177518308852 0 1 4 3999.9993447327147 100]
	[RESULT 94] [0 11.491084499938983 1 1 10 3999.923684374824 98]
	[RESULT 95] [0 5.678706953266317 1 1 8 1650.2226303111495 100]
	[RESULT 96] [1 7.626270307031061 0 4 10 3986.469924223867 38]
	[RESULT 97] [1 49.71245323302456 1 4 4 3999.998476879289 100]
	[RESULT 98] [1 10.8907642218318 0 1 12 1006.1484867213912 23]
	[RESULT 99] [0 5.441455141240432 1 4 6 3957.1698265645123 98]
	[RESULT 100] [1 47.136476888340304 0 1 10 3919.7344640279275 90]
	[RESULT 101] [1 5.4766828296378085 0 1 4 3999.9939309532165 100]
	[RESULT 102] [1 5.789215652883068 1 1 12 3999.999660172206 100]
	[RESULT 103] [0 5.000000823851846 1 2 16 1089.872654302278 100]
	[RESULT 104] [0 5.734441534121036 0 1 11 1016.6262228455915 28]
	[RESULT 105] [1 6.1594194518718695 1 1 11 3827.243399868612 100]
	[RESULT 106] [0 6.324661607031113 0 1 1 3923.654644192713 98]
	[RESULT 107] [1 5.355811865828697 0 1 12 3947.1771295104895 14]
	[RESULT 108] [0 7.259135984737002 1 4 7 3895.3176832771323 100]
	[RESULT 109] [0 7.93134088961222 0 1 10 3999.9797548824804 99]
	[RESULT 110] [1 14.492292685487156 0 1 11 3999.9988532670186 100]
	[RESULT 111] [0 12.820016837067525 0 3 14 3833.6887642485294 99]
	[RESULT 112] [1 5.8695924502372 0 1 4 3999.9993447327147 100]
	[RESULT 113] [0 7.27504084955649 0 1 12 1000.0759044208281 100]
	[RESULT 114] [0 49.849689480912666 0 4 12 3968.521288231294 100]
	[RESULT 115] [1 5.880074650431883 1 1 4 3999.998476879289 98]
	[RESULT 116] [1 7.423540586827171 0 4 16 3902.5757782001024 100]
	[RESULT 117] [1 5.345813640854625 0 1 10 3999.999302782565 100]
	[RESULT 118] [0 8.641648384569583 0 4 2 3872.9365309899863 73]
	[RESULT 119] [1 6.769789191493247 0 4 11 3998.4295175758584 99]
	[RESULT 120] [1 46.87413617643177 0 3 13 3844.7288354840002 90]
[OBJECTIVES]
	[RESULT 1] [0.0133827  0.02129505 0.01791235 0.00982282 0.00564752 0.0958247
 0.         0.00326295 0.00791235 0.0058247  0.         0.0113827
 0.00047035 0.00908765]
	[RESULT 2] [0.02690974 0.01641972 0.01667054 0.01844906 0.01179014 0.09334108
 0.         0.00698838 0.00667054 0.00334108 0.         0.02490974
 0.0077608  0.01032946]
	[RESULT 3] [0.03157466 0.01330874 0.01511661 0.02336242 0.01359563 0.09023321
 0.         0.00665018 0.00511661 0.00023321 0.         0.02857466
 0.00754195 0.00688339]
	[RESULT 4] [ 0.0130411  -0.01541477  0.01845587  0.01895435  0.02204261  0.09691174
  0.          0.00154413  0.00845587  0.00691174  0.          0.0155411
 -0.01950303  0.00804413]
	[RESULT 5] [ 0.01102238 -0.01663882  0.0176612   0.01675299  0.02143059  0.0953224
  0.          0.0023388   0.0076612   0.0053224   0.          0.01252238
 -0.01731642  0.0028388 ]
	[RESULT 6] [ 0.01243653 -0.01627724  0.01871377  0.01903891  0.02161138  0.09742753
  0.          0.00128623  0.00871377  0.00742753  0.          0.01393653
 -0.01677724  0.00371377]
	[RESULT 7] [0.01551767 0.02062712 0.01510945 0.01509465 0.00531356 0.09021891
 0.         0.00667164 0.00510945 0.00021891 0.         0.01351767
 0.00040821 0.00689055]
	[RESULT 8] [0.01727306 0.02407234 0.01679928 0.01343761 0.00703617 0.09359856
 0.         0.00320072 0.00679928 0.00359856 0.         0.01527306
 0.00047378 0.00520072]
	[RESULT 9] [ 0.01626483 -0.00962063  0.01588546  0.01696061  0.02481032  0.09177093
  0.          0.00411454  0.00588546  0.00177093  0.          0.01676483
 -0.0148497   0.00461454]
	[RESULT 10] [ 0.01122549 -0.01388381  0.0151093   0.0132767   0.0230581   0.0902186
  0.          0.0051721   0.0051093   0.0002186   0.          0.01172549
 -0.0206652   0.0053907 ]
	[RESULT 11] [0.01754981 0.02398594 0.01846425 0.01132853 0.00825703 0.0969285
 0.         0.00153575 0.00846425 0.0069285  0.         0.01504981
 0.00308556 0.00803575]
	[RESULT 12] [ 0.0275512   0.00076775  0.01678346  0.02370078  0.01986613  0.09356691
  0.          0.00514963  0.00678346  0.00356691  0.          0.0290512
 -0.00666534  0.00871654]
	[RESULT 13] [0.02613171 0.01875037 0.01511792 0.02038898 0.01062482 0.09023584
 0.         0.00835376 0.00511792 0.00023584 0.         0.02413171
 0.00698621 0.01188208]
	[RESULT 14] [0.01349491 0.02147346 0.01797856 0.00977962 0.00573673 0.09595712
 0.         0.00202144 0.00797856 0.00595712 0.         0.01299491
 0.00051635 0.00752144]
	[RESULT 15] [0.03115766 0.01291357 0.01592877 0.02168567 0.01354321 0.09185755
 0.         0.00921368 0.00592877 0.00185755 0.         0.02915766
 0.00277112 0.01107123]
	[RESULT 16] [ 0.02869172  0.00358113  0.01511059  0.02176174  0.01845943  0.09022118
  0.          0.00666824  0.00511059  0.00022118  0.          0.03169172
 -0.00219769  0.00688941]
	[RESULT 17] [0.01653273 0.0216532  0.01512046 0.01583567 0.0060766  0.09024093
 0.         0.00513861 0.00512046 0.00024093 0.         0.01503273
 0.00041227 0.00537954]
	[RESULT 18] [0.03248584 0.00520506 0.01728078 0.02283591 0.01739747 0.09456156
 0.         0.00271922 0.00728078 0.00456156 0.         0.03398584
 0.00276662 0.00421922]
	[RESULT 19] [ 0.02501059 -0.00378113  0.01879172  0.02455713  0.02214057  0.09758344
  0.          0.00120828  0.00879172  0.00758344  0.          0.02801059
 -0.00278113  0.00379172]
	[RESULT 20] [ 0.01961954 -0.00906914  0.01868867  0.02284278  0.02453457  0.09737735
  0.          0.00131133  0.00868867  0.00737735  0.          0.02011954
 -0.01056914  0.00368867]
	[RESULT 21] [0.01658577 0.02268446 0.0160987  0.01414484 0.00634223 0.09219739
 0.         0.0039013  0.0060987  0.00219739 0.         0.01458577
 0.00048707 0.0059013 ]
	[RESULT 22] [0.02826308 0.0145095  0.01722742 0.01854041 0.01299525 0.09445484
 0.         0.00381774 0.00722742 0.00445484 0.         0.02676308
 0.00796434 0.00827258]
	[RESULT 23] [ 0.01060438 -0.01621919  0.01682358  0.01528756  0.0216404   0.09364715
  0.          0.00317642  0.00682358  0.00364715  0.          0.01310438
 -0.01857204  0.00467642]
	[RESULT 24] [0.01349539 0.02054702 0.01705164 0.01142024 0.00552351 0.09410328
 0.         0.00434509 0.00705164 0.00410328 0.         0.01199539
 0.00044375 0.00844836]
	[RESULT 25] [ 0.00601923 -0.0219651   0.01798433  0.01473611  0.01876745  0.09596866
  0.          0.00201567  0.00798433  0.00596866  0.          0.00751923
 -0.0224651   0.00298433]
	[RESULT 26] [ 0.01425617 -0.01263795  0.01689412  0.01721927  0.02343103  0.09378824
  0.          0.00310588  0.00689412  0.00378824  0.          0.01575617
 -0.0148497   0.00360588]
	[RESULT 27] [0.01486014 0.01998767 0.01512753 0.01473878 0.00499383 0.09025505
 0.         0.00988258 0.00512753 0.00025505 0.         0.01436014
 0.00473261 0.01037247]
	[RESULT 28] [ 0.00561904 -0.02276257  0.01838161  0.01513194  0.01836872  0.09676322
  0.          0.00161839  0.00838161  0.00676322  0.          0.00711904
 -0.02326257  0.00338161]
	[RESULT 29] [0.02222624 0.01989099 0.01788277 0.01428896 0.01005451 0.09576554
 0.         0.00211723 0.00788277 0.00576554 0.         0.02172624
 0.00460901 0.00288277]
	[RESULT 30] [ 0.034672    0.00956249  0.01510951  0.02499973  0.01521875  0.09021902
  0.          0.00982853  0.00510951  0.00021902  0.          0.034828
 -0.00221849  0.01039049]
	[RESULT 31] [ 0.01338562 -0.01292523  0.01631085  0.01590909  0.02328738  0.09262171
  0.          0.00368915  0.00631085  0.00262171  0.          0.01488562
 -0.01630353  0.00418915]
	[RESULT 32] [0.03460677 0.00949507 0.01511171 0.02497094 0.01525247 0.09022341
 0.         0.00516488 0.00511171 0.00022341 0.         0.03489323
 0.00271848 0.00538829]
	[RESULT 33] [0.02673332 0.01673998 0.0165267  0.01857661 0.01163001 0.0930534
 0.         0.0034733  0.0065267  0.0030534  0.         0.02623332
 0.01020662 0.0039733 ]
	[RESULT 34] [1.54148544e-02 2.45865473e-02 1.99985982e-02 7.70952987e-03
 7.70672633e-03 9.99971965e-02 0.00000000e+00 1.40177137e-06
 9.99859823e-03 9.99719646e-03 0.00000000e+00 1.49148544e-02
 4.16256195e-04 5.50140177e-03]
	[RESULT 35] [ 0.00609145 -0.02182066  0.01791211  0.01466389  0.01883967  0.09582422
  0.          0.00208789  0.00791211  0.00582422  0.          0.00759145
 -0.02232066  0.00291211]
	[RESULT 36] [ 0.03163205  0.00308358  0.01854848  0.02136126  0.01845821  0.09709695
  0.          0.00145152  0.00854848  0.00709695  0.          0.03363205
 -0.00181947  0.00845152]
	[RESULT 37] [0.02453228 0.01953267 0.01593505 0.01861356 0.01048367 0.0918701
 0.         0.00919484 0.00593505 0.0018701  0.         0.02153228
 0.01040277 0.01106495]
	[RESULT 38] [0.03337798 0.00879654 0.01782548 0.02020077 0.01585173 0.09565096
 0.         0.00217452 0.00782548 0.00565096 0.         0.03187798
 0.00829654 0.00282548]
	[RESULT 39] [0.02091237 0.02110907 0.01797856 0.01373835 0.00969546 0.09595712
 0.         0.00202144 0.00797856 0.00595712 0.         0.01941237
 0.00693381 0.00752144]
	[RESULT 40] [0.01447653 0.02348687 0.01901035 0.00872274 0.00674344 0.09802069
 0.         0.00098965 0.00901035 0.00802069 0.         0.01247653
 0.00046618 0.00798965]
	[RESULT 41] [ 0.01889105 -0.00621942  0.01511047  0.01686123  0.02335971  0.09022094
  0.          0.00516859  0.00511047  0.00022094  0.          0.02039105
 -0.01199848  0.00538953]
	[RESULT 42] [0.01627446 0.02264547 0.01637101 0.01383072 0.00657273 0.09274202
 0.         0.00638697 0.00637101 0.00274202 0.         0.01477446
 0.00390345 0.00912899]
	[RESULT 43] [ 0.02953367  0.00441446  0.01511921  0.02219564  0.01804277  0.09023841
  0.          0.00835762  0.00511921  0.00023841  0.          0.03253367
 -0.00634713  0.01188079]
	[RESULT 44] [0.03497593 0.00746883 0.01750711 0.02125137 0.01626559 0.09501421
 0.         0.00447868 0.00750711 0.00501421 0.         0.03302407
 0.00048304 0.00949289]
	[RESULT 45] [0.01200262 0.01858687 0.01658425 0.01112493 0.00429344 0.09316851
 0.         0.00724724 0.00658425 0.00316851 0.         0.01000262
 0.00041836 0.01041575]
	[RESULT 46] [0.01947852 0.02151113 0.01901035 0.01122374 0.00924443 0.09802069
 0.         0.00098965 0.00901035 0.00802069 0.         0.01747852
 0.00148887 0.00401035]
	[RESULT 47] [0.0105159  0.01562471 0.01510881 0.01259473 0.00281236 0.09021763
 0.         0.00832644 0.00510881 0.00021763 0.         0.0085159
 0.00040708 0.01189119]
	[RESULT 48] [ 0.02031587 -0.005321    0.01563687  0.01861324  0.0226605   0.09127374
  0.          0.00436313  0.00563687  0.00127374  0.          0.02081587
 -0.01104726  0.00486313]
	[RESULT 49] [ 0.00923965 -0.01999024  0.01922989  0.01821466  0.01975488  0.09845978
  0.          0.00077011  0.00922989  0.00845978  0.          0.01073965
 -0.02049024  0.00422989]
	[RESULT 50] [ 0.02887898  0.00255496  0.01632402  0.02367552  0.01897252  0.09264804
  0.          0.00652794  0.00632402  0.00264804  0.          0.03037898
 -0.005797    0.00917598]
	[RESULT 51] [ 0.00776692 -0.01846827  0.01623519  0.01298625  0.02051586  0.09247038
  0.          0.00376481  0.00623519  0.00247038  0.          0.01026692
 -0.02199789  0.00526481]
	[RESULT 52] [ 0.00888319 -0.01624013  0.01512333  0.01187658  0.02162993  0.09024665
  0.          0.00663002  0.00512333  0.00024665  0.          0.01188319
 -0.02199348  0.00687667]
	[RESULT 53] [2.52278145e-02 1.47731216e-02 1.99990639e-02 1.26153114e-02
 1.26134392e-02 9.99981278e-02 0.00000000e+00 9.36105616e-07
 9.99906389e-03 9.99812779e-03 0.00000000e+00 2.47278145e-02
 1.02287506e-02 5.50093611e-03]
	[RESULT 54] [0.02403146 0.01881769 0.01715085 0.01628945 0.01059115 0.0943017
 0.         0.00284915 0.00715085 0.0043017  0.         0.02203146
 0.00688061 0.00484915]
	[RESULT 55] [ 0.00561832 -0.02276479  0.01838311  0.01513383  0.01836761  0.09676622
  0.          0.00161689  0.00838311  0.00676622  0.          0.00711832
 -0.02326479  0.00338311]
	[RESULT 56] [0.03242751 0.00373564 0.01869187 0.02099845 0.01838218 0.09738373
 0.         0.00130813 0.00869187 0.00738373 0.         0.03392751
 0.00323564 0.00369187]
	[RESULT 57] [ 2.12278172e-02 -8.75600938e-03  1.99838266e-02  2.44103515e-02
  2.43780047e-02  9.99676532e-02  0.00000000e+00  1.61734235e-05
  9.98382658e-03  9.96765315e-03  0.00000000e+00  2.17278172e-02
 -1.07883562e-02  5.51617342e-03]
	[RESULT 58] [0.03157563 0.00566821 0.01590741 0.02464893 0.01716589 0.09181483
 0.         0.00427776 0.00590741 0.00181483 0.         0.03357563
 0.00048304 0.00609259]
	[RESULT 59] [ 1.17688839e-02 -1.82309289e-02  1.99998128e-02  2.08841612e-02
  2.08845355e-02  9.99996256e-02  0.00000000e+00  1.87187974e-07
  9.99981281e-03  9.99962562e-03  0.00000000e+00  1.27688839e-02
 -2.02313033e-02  6.00018719e-03]
	[RESULT 60] [ 0.02799849  0.00228886  0.01570963  0.0223137   0.01910557  0.09141927
  0.          0.00429037  0.00570963  0.00141927  0.          0.02949849
 -0.00229187  0.00479037]
	[RESULT 61] [ 0.006114   -0.02177865  0.01789265  0.01464598  0.01886067  0.09578531
  0.          0.00210735  0.00789265  0.00578531  0.          0.007614
 -0.02227865  0.00289265]
	[RESULT 62] [ 0.02709728 -0.00059122  0.0176885   0.02491861  0.02029561  0.095377
  0.          0.0023115   0.0076885   0.005377    0.          0.02759728
 -0.00221422  0.0028115 ]
	[RESULT 63] [ 0.01076277 -0.01480799  0.01557076  0.01373753  0.022596    0.09114153
  0.          0.00442924  0.00557076  0.00114153  0.          0.01126277
 -0.02066647  0.00492924]
	[RESULT 64] [ 0.01687518 -0.0109503   0.01782548  0.01992581  0.02427485  0.09565096
  0.          0.00217452  0.00782548  0.00565096  0.          0.01837518
 -0.0114503   0.00282548]
	[RESULT 65] [0.01140304 0.01733455 0.01593151 0.01180425 0.00366728 0.09186302
 0.         0.00920547 0.00593151 0.00186302 0.         0.00940304
 0.00047153 0.01106849]
	[RESULT 66] [0.02859528 0.01502589 0.01637883 0.0199794  0.01273706 0.09275765
 0.         0.00636352 0.00637883 0.00275765 0.         0.02709528
 0.00678354 0.00912117]
	[RESULT 67] [0.02396101 0.01841862 0.01762037 0.01579995 0.01104069 0.09524074
 0.         0.00413889 0.00762037 0.00524074 0.         0.02096101
 0.01034064 0.00937963]
	[RESULT 68] [ 0.00471897 -0.0245646   0.01928356  0.01603483  0.0174677   0.09856713
  0.          0.00071644  0.00928356  0.00856713  0.          0.00621897
 -0.0250646   0.00428356]
	[RESULT 69] [ 0.0060203  -0.02196273  0.01798304  0.0147347   0.01876863  0.09596607
  0.          0.00201696  0.00798304  0.00596607  0.          0.0075203
 -0.02246273  0.00298304]
	[RESULT 70] [ 0.02405768 -0.00271067  0.01676835  0.02193137  0.02160534  0.09353671
  0.          0.00323165  0.00676835  0.00353671  0.          0.02555768
 -0.00517396  0.00373165]
	[RESULT 71] [ 0.01017333 -0.01865562  0.01882895  0.0180801   0.02042219  0.09765791
  0.          0.00117105  0.00882895  0.00765791  0.          0.01317333
 -0.02199771  0.00817105]
	[RESULT 72] [ 4.02662377e-03 -2.59719207e-02  1.99985445e-02  1.67611287e-02
  1.67640396e-02  9.99970890e-02  0.00000000e+00  1.45548279e-06
  9.99854452e-03  9.99708903e-03  0.00000000e+00  5.52662377e-03
 -2.64719207e-02  4.99854452e-03]
	[RESULT 73] [ 0.02031942 -0.0047907   0.01511012  0.01782489  0.02239535  0.09022025
  0.          0.00666963  0.00511012  0.00022025  0.          0.02231942
 -0.01157046  0.00688988]
	[RESULT 74] [ 0.02389086 -0.00121981  0.01511066  0.01936143  0.0208599   0.09022133
  0.          0.00983199  0.00511066  0.00022133  0.          0.02539086
 -0.01199848  0.01038934]
	[RESULT 75] [ 0.01340449 -0.01588831  0.01929279  0.02064143  0.02205585  0.09858559
  0.          0.00070721  0.00929279  0.00858559  0.          0.01390449
 -0.01930272  0.00620721]
	[RESULT 76] [ 0.02896158 -0.00081406  0.01977564  0.02110575  0.02065703  0.09955128
  0.          0.00022436  0.00977564  0.00955128  0.          0.03046158
 -0.00131406  0.00477564]
	[RESULT 77] [ 0.01214196 -0.01380583  0.01594779  0.01474266  0.02284708  0.09189558
  0.          0.00405221  0.00594779  0.00189558  0.          0.01464196
 -0.01791026  0.00555221]
	[RESULT 78] [ 0.02403498 -0.00202766  0.01606264  0.02111145  0.02101383  0.09212528
  0.          0.00393736  0.00606264  0.00212528  0.          0.02453498
 -0.00690238  0.00443736]
	[RESULT 79] [0.01952926 0.02324332 0.01722742 0.0139235  0.00837834 0.09445484
 0.         0.00277258 0.00722742 0.00445484 0.         0.01902926
 0.00230184 0.00327258]
	[RESULT 80] [ 0.00823985 -0.01752241  0.01576226  0.01251332  0.02098879  0.09152453
  0.          0.00471321  0.00576226  0.00152453  0.          0.01123985
 -0.02199788  0.00623774]
	[RESULT 81] [ 0.00793099 -0.01813875  0.01606974  0.0128201   0.02068063  0.09213948
  0.          0.00393026  0.00606974  0.00213948  0.          0.00943099
 -0.02199927  0.00443026]
	[RESULT 82] [0.01242972 0.01840529 0.01597557 0.01250151 0.00445264 0.09195114
 0.         0.0075733  0.00597557 0.00195114 0.         0.01092972
 0.00045415 0.00952443]
	[RESULT 83] [0.0226957  0.01836134 0.01894296 0.01318341 0.01106933 0.09788592
 0.         0.00105704 0.00894296 0.00788592 0.         0.0211957
 0.00775274 0.00655704]
	[RESULT 84] [ 0.00533949 -0.02332457  0.01866407  0.01541585  0.01808771  0.09732813
  0.          0.00133593  0.00866407  0.00732813  0.          0.00683949
 -0.02382457  0.00366407]
	[RESULT 85] [0.02762514 0.01454938 0.01782548 0.01732435 0.01297531 0.09565096
 0.         0.00217452 0.00782548 0.00565096 0.         0.02462514
 0.00879966 0.00417452]
	[RESULT 86] [ 0.00596097 -0.02209423  0.0180552   0.01481329  0.01870288  0.0961104
  0.          0.0019448   0.0080552   0.0061104   0.          0.00746097
 -0.02259423  0.0030552 ]
	[RESULT 87] [0.01940628 0.02336964 0.01722408 0.01386701 0.00831518 0.09444817
 0.         0.00382775 0.00722408 0.00444817 0.         0.01890628
 0.0071822  0.00827592]
	[RESULT 88] [ 0.00595444 -0.02209119  0.01804563  0.01479566  0.0187044   0.09609126
  0.          0.00195437  0.00804563  0.00609126  0.          0.00745444
 -0.02259119  0.00304563]
	[RESULT 89] [0.01252992 0.01964367 0.01711375 0.01059433 0.00482183 0.0942275
 0.         0.00565875 0.00711375 0.0042275  0.         0.01052992
 0.00041617 0.00988625]
	[RESULT 90] [ 0.00724051 -0.01951938  0.0167599   0.0135101   0.01999031  0.09351979
  0.          0.0032401   0.0067599   0.00351979  0.          0.00874051
 -0.02199959  0.0037401 ]
	[RESULT 91] [0.03076391 0.01024629 0.0189898  0.01714725 0.01512685 0.0979796
 0.         0.0010102  0.0089898  0.0079796  0.         0.02926391
 0.00722589 0.0065102 ]
	[RESULT 92] [ 0.02320951 -0.00441528  0.01762479  0.02279193  0.02245764  0.09524957
  0.          0.00237521  0.00762479  0.00524957  0.          0.02620951
 -0.00516571  0.00437521]
	[RESULT 93] [ 0.00677068 -0.02045929  0.01722998  0.0139803   0.01952035  0.09445995
  0.          0.00277002  0.00722998  0.00445995  0.          0.00827068
 -0.02199934  0.00327002]
	[RESULT 94] [ 0.02774196  0.0020745   0.01566746  0.02237217  0.01896275  0.09133492
  0.          0.00849762  0.00566746  0.00133492  0.          0.02824196
 -0.00859058  0.00983254]
	[RESULT 95] [0.03324167 0.00877985 0.01797848 0.01965311 0.01561007 0.09595697
 0.         0.00202152 0.00797848 0.00595697 0.         0.03274167
 0.00273682 0.00752152]
	[RESULT 96] [0.03391738 0.00970379 0.01637883 0.02264045 0.0153981  0.09275765
 0.         0.00362117 0.00637883 0.00275765 0.         0.03091738
 0.00646145 0.00562117]
	[RESULT 97] [ 0.01389214 -0.01121724  0.01510938  0.01436014  0.02414138  0.09021876
  0.          0.00832814  0.00510938  0.00021876  0.          0.01689214
 -0.02199848  0.01189062]
	[RESULT 98] [0.01718905 0.02291466 0.01572561 0.01525611 0.00670733 0.09145122
 0.         0.00427439 0.00572561 0.00145122 0.         0.01568905
 0.00046344 0.00477439]
	[RESULT 99] [0.02934957 0.01218171 0.01846872 0.01697171 0.01390914 0.09693743
 0.         0.00159385 0.00846872 0.00693743 0.         0.02734957
 0.00711914 0.00853128]
	[RESULT 100] [0.02387146 0.02101263 0.01511591 0.01951186 0.00974369 0.09023182
 0.         0.00515227 0.00511591 0.00023182 0.         0.02237146
 0.00775555 0.00538409]
	[RESULT 101] [ 0.0056201  -0.02276587  0.01838597  0.015139    0.01836707  0.09677193
  0.          0.00161403  0.00838597  0.00677193  0.          0.0071201
 -0.02326587  0.00338597]
	[RESULT 102] [ 0.01120582 -0.0165887   0.01779452  0.01704469  0.02145565  0.09558904
  0.          0.00220548  0.00779452  0.00558904  0.          0.01270582
 -0.02199966  0.00770548]
	[RESULT 103] [3.47870662e-02 4.78707029e-03 1.99999959e-02 1.76064731e-02
 1.76064649e-02 9.99999918e-02 0.00000000e+00 4.11925583e-09
 9.99999588e-03 9.99999176e-03 0.00000000e+00 3.42129338e-02
 2.78706205e-03 6.00000412e-03]
	[RESULT 104] [0.0183645  0.02375273 0.01788277 0.01235809 0.00812364 0.09576554
 0.         0.00211723 0.00788277 0.00576554 0.         0.0178645
 0.00074727 0.00288277]
	[RESULT 105] [ 0.03352411  0.00620867  0.01731544  0.02251479  0.01714566  0.09463087
  0.          0.00355369  0.00731544  0.00463087  0.          0.03497589
 -0.00016045  0.00818456]
	[RESULT 106] [0.02998455 0.0128646  0.01715085 0.019266   0.0135677  0.0943017
 0.         0.00284915 0.00715085 0.0043017  0.         0.02948455
 0.0101663  0.00334915]
	[RESULT 107] [0.02794877 0.0133634  0.01868783 0.01619264 0.0135683  0.09737565
 0.         0.00131217 0.00868783 0.00737565 0.         0.02644877
 0.0101366  0.00368783]
	[RESULT 108] [ 0.03364638  0.00711223  0.01653415  0.02337559  0.01644388  0.0930683
  0.          0.00739755  0.00653415  0.0030683   0.          0.03435362
 -0.00181947  0.01046585]
	[RESULT 109] [ 0.0187484  -0.00752343  0.01627183  0.01878195  0.02376172  0.09254366
  0.          0.00372817  0.00627183  0.00254366  0.          0.0192484
 -0.01197977  0.00422817]
	[RESULT 110] [ 0.00852461 -0.01695193  0.01547654  0.01222711  0.02127403  0.09095308
  0.          0.00452346  0.00547654  0.00095308  0.          0.01002461
 -0.02199885  0.00502346]
	[RESULT 111] [0.02883382 0.01559929 0.01556689 0.02106657 0.01220036 0.09113378
 0.         0.00479932 0.00556689 0.00113378 0.         0.02733382
 0.00973307 0.00593311]
	[RESULT 112] [ 0.00632628 -0.0213481   0.01767438  0.01442471  0.01907595  0.09534876
  0.          0.00232562  0.00767438  0.00534876  0.          0.00782628
 -0.02199934  0.00282562]
	[RESULT 113] [0.03326668 0.00673999 0.0165267  0.02357661 0.01663001 0.0930534
 0.         0.0034733  0.0065267  0.0030534  0.         0.03376668
 0.00279338 0.0039733 ]
	[RESULT 114] [ 0.02382483 -0.00128422  0.01510905  0.01957599  0.02064211  0.0902181
  0.          0.00667284  0.00510905  0.0002181   0.          0.02582483
 -0.00806612  0.00689095]
	[RESULT 115] [ 0.02467539 -0.00298408  0.01765947  0.0235769   0.02174204  0.09531894
  0.          0.00252159  0.00765947  0.00531894  0.          0.02617539
 -0.00866514  0.00784053]
	[RESULT 116] [ 0.02743432  0.00097385  0.01646048  0.02315788  0.01976308  0.09292095
  0.          0.00353952  0.00646048  0.00292095  0.          0.03043432
 -0.0021052   0.00553952]
	[RESULT 117] [ 0.00528547 -0.02342975  0.01871522  0.01546557  0.01803512  0.09743045
  0.          0.00128478  0.00871522  0.00743045  0.          0.00678547
 -0.02392975  0.00371522]
	[RESULT 118] [0.02090162 0.02302118 0.0160772  0.016335   0.00848941 0.09215441
 0.         0.0039228  0.0060772  0.00215441 0.         0.01890162
 0.00482441 0.0059228 ]
	[RESULT 119] [ 0.01867247 -0.00813273  0.01680519  0.01929402  0.02431636  0.09361038
  0.          0.00319481  0.00680519  0.00361038  0.          0.02167247
 -0.01052234  0.00519481]
	[RESULT 120] [0.0214018  0.02348158 0.01511662 0.01827597 0.00850921 0.09023324
 0.         0.00615014 0.00511662 0.00023324 0.         0.0189018
 0.00528518 0.00638338]
