[METRICS]
	[DISEQUILIBRIUM COUNT] 968
[VARIABLES]
	[RESULT 1] [0 6.022950840961282 1 1 10 3958.4900664368633 98]
	[RESULT 2] [0 6.692475997129613 0 1 9 3999.7073199322435 99]
	[RESULT 3] [0 6.043482898948007 1 4 12 2914.804172610284 2]
	[RESULT 4] [0 6.759654807064159 1 1 22 3898.590704380105 10]
	[RESULT 5] [0 48.858828449105445 1 1 19 3987.6807003466765 100]
	[RESULT 6] [0 10.955443890216124 1 1 10 3972.9677928762962 100]
	[RESULT 7] [0 44.88184263732417 1 1 17 3999.91520513205 52]
	[RESULT 8] [0 5.475455612700203 1 4 12 3992.1100228919595 2]
	[RESULT 9] [0 7.908971686409169 0 4 9 1593.8547036221069 1]
	[RESULT 10] [1 12.586733735729796 0 4 21 3999.942381563416 100]
	[RESULT 11] [1 14.698751328026203 0 1 11 3973.0354706371936 100]
	[RESULT 12] [1 8.666968622775224 0 1 5 3999.369576007875 99]
	[RESULT 13] [0 5.824208913718564 0 1 18 3997.2880212717064 100]
	[RESULT 14] [0 48.717826345481015 1 1 12 1064.5092385629973 2]
	[RESULT 15] [0 8.745513260541168 1 4 6 1076.192829607595 29]
	[RESULT 16] [1 5.851449683405488 0 1 8 3999.9772699080104 99]
	[RESULT 17] [1 6.084718998594785 0 1 11 3999.996345904649 100]
	[RESULT 18] [0 5.467691711363191 0 1 13 3992.846646600231 100]
	[RESULT 19] [1 7.205938347785502 0 1 11 3997.3692156098678 100]
	[RESULT 20] [1 45.954667133047394 0 1 19 3747.058882681523 45]
	[RESULT 21] [0 10.809991318846675 0 4 9 1240.8964296432387 1]
	[RESULT 22] [1 49.19064078825426 0 4 7 3979.863726654376 9]
	[RESULT 23] [1 9.11949069295706 1 4 16 3976.0639122597254 98]
	[RESULT 24] [1 5.491328123497084 0 1 21 3702.297385795818 98]
	[RESULT 25] [1 49.81585583395432 0 4 10 3882.9266875014305 92]
	[RESULT 26] [0 6.865992219264944 0 4 22 3996.0371372308837 100]
	[RESULT 27] [0 48.668867157490276 1 4 19 3958.1518112468575 100]
	[RESULT 28] [1 5.363931440749766 0 1 17 3999.9981753418706 100]
	[RESULT 29] [1 5.46565200290819 0 1 6 3999.950128639601 100]
	[RESULT 30] [1 5.22832577182562 0 4 5 3334.296570645459 4]
	[RESULT 31] [1 6.630755604838522 0 1 21 3790.3652203920255 89]
	[RESULT 32] [0 12.832078801464931 1 1 19 3898.590704380105 10]
	[RESULT 33] [0 8.933189551233866 0 1 12 3997.1458426779564 100]
	[RESULT 34] [1 7.4180276266990814 0 1 5 3999.120618153386 98]
	[RESULT 35] [1 5.576255705765511 0 1 9 3999.989681642751 100]
	[RESULT 36] [1 5.087341260959624 1 4 19 2478.4433784442986 99]
	[RESULT 37] [1 6.141880872114298 0 1 14 3992.846646600231 100]
	[RESULT 38] [1 5.797701162742333 1 1 17 3999.987485023852 100]
	[RESULT 39] [1 8.416833013504997 0 4 10 3999.996658663759 100]
	[RESULT 40] [0 5.020212223834123 1 4 3 2033.289187093486 26]
	[RESULT 41] [1 8.556685010708517 0 4 21 3994.380079210767 100]
	[RESULT 42] [1 5.865528370286335 1 4 17 3971.5420134494398 99]
	[RESULT 43] [1 5.756830086762008 0 4 21 3960.8690921709995 100]
	[RESULT 44] [1 5.002715810363366 1 4 11 3980.754252458247 100]
	[RESULT 45] [1 45.02313397538684 0 1 23 3999.9137861853874 100]
	[RESULT 46] [1 7.881943279027096 0 4 11 3824.227331032885 95]
	[RESULT 47] [0 6.925080325174757 1 1 23 3997.8325723383164 26]
	[RESULT 48] [1 6.375718879109873 1 1 20 3995.6055343061885 98]
	[RESULT 49] [1 45.42255855370638 1 1 17 3980.676790962232 52]
	[RESULT 50] [0 47.48669017603428 1 4 4 1029.3883543246266 8]
	[RESULT 51] [0 5.863593317799291 1 1 20 3786.351300734753 1]
	[RESULT 52] [1 5.002715810363366 1 4 10 3871.7188382297263 100]
	[RESULT 53] [1 5.002502324937536 0 1 6 3999.9984442431974 100]
	[RESULT 54] [1 48.9551361696991 1 4 19 2232.7225055005697 99]
	[RESULT 55] [0 5.746972485636757 1 4 11 1048.7107646575414 99]
	[RESULT 56] [0 6.581074297214787 0 4 23 3956.911039052391 100]
	[RESULT 57] [0 42.862826280702635 0 4 10 3895.1328008930222 100]
	[RESULT 58] [1 5.479770342409784 0 1 20 3999.997042142232 100]
	[RESULT 59] [1 5.865597477809545 0 1 6 3999.983714206863 100]
	[RESULT 60] [0 6.416879202410549 0 1 20 3975.007266624083 98]
	[RESULT 61] [0 6.197841051989757 0 4 23 1075.7281968714417 29]
	[RESULT 62] [1 5.154775919694089 0 1 10 3994.9087729470293 100]
	[RESULT 63] [1 5.271596685238152 0 1 9 3998.870553166048 94]
	[RESULT 64] [1 5.393844719530573 1 4 22 3996.173992473765 98]
	[RESULT 65] [1 7.881943279027096 1 4 11 3824.227331032885 99]
	[RESULT 66] [1 5.491328123497084 1 1 21 3695.595120447213 99]
	[RESULT 67] [0 5.64423280076014 1 1 10 3974.6152810823683 100]
	[RESULT 68] [1 8.66215157155053 0 1 8 3601.2456434974156 99]
	[RESULT 69] [0 5.265950959939786 1 1 23 3992.8241965631773 100]
	[RESULT 70] [0 5.544501201477828 1 4 5 1975.1657896680888 26]
	[RESULT 71] [1 6.383899959978361 0 4 10 3954.6373912843524 92]
	[RESULT 72] [1 46.41518176329922 1 1 19 3999.938573201861 100]
	[RESULT 73] [0 5.005664928014001 1 1 10 3165.0238688184577 2]
	[RESULT 74] [0 7.479123752206604 1 4 22 3997.5862946494685 99]
	[RESULT 75] [1 5.032797113967835 0 4 19 2707.572641902302 95]
	[RESULT 76] [1 6.10192895488718 0 1 17 3999.9981753418706 100]
	[RESULT 77] [0 48.393553878694235 0 1 17 3997.5137089940395 100]
	[RESULT 78] [1 5.8311651794810375 0 3 10 3999.998600849821 100]
	[RESULT 79] [1 5.709612051921594 0 1 21 3895.3098854609075 100]
	[RESULT 80] [1 7.968644450094193 1 4 13 3920.345763025041 100]
	[RESULT 81] [0 48.69540243385171 1 4 12 3307.342618778063 97]
	[RESULT 82] [1 5.443895163839555 0 1 9 3999.993718750596 100]
	[RESULT 83] [0 6.62167150826021 0 4 23 3979.1759312025024 99]
	[RESULT 84] [1 9.51948997286041 0 1 11 3073.1496704298734 5]
	[RESULT 85] [1 11.059211328511974 0 1 23 3999.9579455619833 100]
	[RESULT 86] [1 7.677660351357812 0 1 16 3954.8260975317276 98]
	[RESULT 87] [1 5.032901462388532 0 1 20 3979.7097736157275 100]
	[RESULT 88] [1 6.860295235909866 0 1 5 3999.983714206863 100]
	[RESULT 89] [1 5.178344241696045 0 4 5 3245.114788028905 99]
	[RESULT 90] [0 6.884692953215265 0 1 14 1812.783519394342 1]
	[RESULT 91] [1 5.574213963605441 0 1 6 3973.38577722439 97]
	[RESULT 92] [1 5.424596320236862 0 1 20 3999.997042142232 100]
	[RESULT 93] [1 5.002206611210644 0 1 16 3970.567620542192 92]
	[RESULT 94] [0 8.082688109621607 0 1 13 3992.846646600231 100]
	[RESULT 95] [1 9.66204559417483 0 1 20 3953.7200081437013 100]
	[RESULT 96] [0 47.58645435098809 0 4 6 1634.4963298602058 6]
	[RESULT 97] [1 5.40260021130038 1 1 17 3999.9875387483194 100]
	[RESULT 98] [1 10.628204549201337 0 1 12 2983.572921383106 100]
	[RESULT 99] [0 5.475455612700203 1 4 11 3935.507502558283 2]
	[RESULT 100] [0 7.618115407786621 1 1 10 1933.52247574896 3]
	[RESULT 101] [1 5.600118944918376 0 1 20 3999.9969737321703 100]
	[RESULT 102] [0 43.69273655753297 0 1 13 3992.734866458003 100]
	[RESULT 103] [1 49.87511051388777 0 1 6 3979.863726654376 97]
	[RESULT 104] [1 10.924288389331462 0 4 19 3844.0484467707943 28]
	[RESULT 105] [0 5.395270518775553 0 1 10 3999.8856597283125 99]
	[RESULT 106] [1 48.472467388876574 0 1 19 3951.5477460047146 100]
	[RESULT 107] [0 5.746972485636757 0 1 11 1014.0744649195674 86]
	[RESULT 108] [1 6.650266228481782 0 4 11 3999.996345904649 100]
	[RESULT 109] [1 47.97197228495224 1 4 19 3999.9651459506053 100]
	[RESULT 110] [1 49.73491527439593 0 1 5 3999.3674951545295 99]
	[RESULT 111] [0 7.425891927964555 1 1 12 3951.5706634689323 99]
	[RESULT 112] [1 5.9716119121748825 0 1 17 3637.4750062012376 99]
	[RESULT 113] [1 5.88533529406582 0 1 18 3999.9542118730133 100]
	[RESULT 114] [1 6.217888028468522 1 4 18 2478.4433784442986 99]
	[RESULT 115] [1 8.306726611376579 0 1 6 3869.0414577571228 100]
	[RESULT 116] [1 5.799245508464661 0 1 11 3999.9982745527636 100]
	[RESULT 117] [1 5.035865548396382 1 4 23 3999.9309060544747 100]
	[RESULT 118] [1 5.305395672026994 1 1 24 3822.6936230718593 11]
	[RESULT 119] [1 49.86586304048152 0 1 20 3589.974845573499 98]
	[RESULT 120] [1 5.8311651794810375 0 3 10 3923.886070125763 10]
[OBJECTIVES]
	[RESULT 1] [0.0285354  0.01399297 0.01747164 0.01806024 0.01300352 0.09494327
 0.         0.00308509 0.00747164 0.00494327 0.         0.0280354
 0.00693624 0.00802836]
	[RESULT 2] [ 0.01843227 -0.00842476  0.01685703  0.01950167  0.02421238  0.09371405
  0.          0.00314297  0.00685703  0.00371405  0.          0.01893227
 -0.01171071  0.00364297]
	[RESULT 3] [0.01321179 0.02065859 0.0174468  0.01043569 0.00532929 0.09489361
 0.         0.00465959 0.0074468  0.00489361 0.         0.01121179
 0.00076498 0.0095532 ]
	[RESULT 4] [0.01697586 0.02378768 0.01681182 0.0132702  0.00689384 0.09362364
 0.         0.00506454 0.00681182 0.00362364 0.         0.01647586
 0.00516404 0.00868818]
	[RESULT 5] [ 0.02314117 -0.00197029  0.01511146  0.01923778  0.02098514  0.09022292
  0.          0.00983438  0.00511146  0.00022292  0.          0.02364117
 -0.01374737  0.01038854]
	[RESULT 6] [ 0.02726935  0.00155049  0.01571886  0.02221297  0.01922476  0.09143772
  0.          0.00834342  0.00571886  0.00143772  0.          0.02776935
 -0.00901179  0.00978114]
	[RESULT 7] [ 0.03455404  0.00943174  0.0151223   0.02496048  0.01528413  0.09024461
  0.          0.00986691  0.0051223   0.00024461  0.          0.03494596
 -0.00232366  0.0103777 ]
	[RESULT 8] [0.03259355 0.00901766 0.01838878 0.0187136  0.01549117 0.09677757
 0.         0.00183365 0.00838878 0.00677757 0.         0.03059355
 0.00379523 0.00861122]
	[RESULT 9] [0.01673619 0.0230153  0.01627911 0.01394943 0.00650765 0.09255822
 0.         0.00372089 0.00627911 0.00255822 0.         0.01473619
 0.00045708 0.00572089]
	[RESULT 10] [ 0.00847519 -0.0171071   0.01558229  0.01236104  0.02119645  0.09116459
  0.          0.00525312  0.00558229  0.00116459  0.          0.01147519
 -0.02194251  0.00641771]
	[RESULT 11] [ 0.02150522 -0.00396212  0.01546734  0.01870363  0.02223106  0.09093469
  0.          0.00453266  0.00546734  0.00093469  0.          0.02300522
 -0.00902744  0.00503266]
	[RESULT 12] [ 0.01854356 -0.0075278   0.01607136  0.01812882  0.0240139   0.09214272
  0.          0.00392864  0.00607136  0.00214272  0.          0.02004356
 -0.01138508  0.00442864]
	[RESULT 13] [ 0.00970566 -0.01803525  0.01774091  0.0164642   0.02098237  0.09548183
  0.          0.00225909  0.00774091  0.00548183  0.          0.01020566
 -0.01955342  0.00275909]
	[RESULT 14] [0.01052495 0.01563676 0.01511181 0.01259475 0.00281838 0.09022362
 0.         0.00983544 0.00511181 0.00022362 0.         0.01002495
 0.00041313 0.01038819]
	[RESULT 15] [0.01154335 0.01759698 0.01605363 0.01169124 0.00379849 0.09210725
 0.         0.00883912 0.00605363 0.00210725 0.         0.00954335
 0.00048973 0.01094637]
	[RESULT 16] [ 0.01632212 -0.01137846  0.01770059  0.01946194  0.02406077  0.09540117
  0.          0.00229941  0.00770059  0.00540117  0.          0.01782212
 -0.01197729  0.00279941]
	[RESULT 17] [ 0.00660525 -0.02079316  0.0173984   0.01415023  0.01935342  0.09479681
  0.          0.0026016   0.0073984   0.00479681  0.          0.00810525
 -0.02199635  0.0031016 ]
	[RESULT 18] [ 0.01215519 -0.01625152  0.01840671  0.01868766  0.02187424  0.09681342
  0.          0.00159329  0.00840671  0.00681342  0.          0.01265519
 -0.01775152  0.00340671]
	[RESULT 19] [ 0.0098207  -0.01673891  0.01655961  0.01449976  0.02138055  0.09311921
  0.          0.00344039  0.00655961  0.00311921  0.          0.0113207
 -0.0196197   0.00394039]
	[RESULT 20] [0.018725   0.02384417 0.01511918 0.01693373 0.00717209 0.09023835
 0.         0.00514247 0.00511918 0.00023835 0.         0.017225
 0.00260582 0.00538082]
	[RESULT 21] [0.0161587  0.02189292 0.01573422 0.01447803 0.00594646 0.09146843
 0.         0.00479735 0.00573422 0.00146843 0.         0.0141587
 0.00042449 0.00626578]
	[RESULT 22] [0.03017499 0.01471437 0.01511064 0.02267153 0.01289282 0.09022128
 0.         0.00666807 0.00511064 0.00022128 0.         0.02717499
 0.00893565 0.00688936]
	[RESULT 23] [0.03141509 0.01260825 0.01597666 0.02199255 0.01394587 0.09195332
 0.         0.00907002 0.00597666 0.00195332 0.         0.02841509
 0.00356157 0.01102334]
	[RESULT 24] [0.02795615 0.01369113 0.01835272 0.016699   0.01340443 0.09670543
 0.         0.00164728 0.00835272 0.00670543 0.         0.02645615
 0.00980887 0.00335272]
	[RESULT 25] [0.02273049 0.02216038 0.01510913 0.01895155 0.00916981 0.09021827
 0.         0.0066726  0.00510913 0.00021827 0.         0.01973049
 0.00662136 0.00689087]
	[RESULT 26] [ 0.01167604 -0.01506855  0.0167446   0.01595492  0.02246572  0.09348919
  0.          0.0032554   0.0067446   0.00348919  0.          0.01367604
 -0.01857936  0.0052554 ]
	[RESULT 27] [ 0.03053852  0.00542659  0.01511193  0.02293716  0.01728671  0.09022387
  0.          0.0083358   0.00511193  0.00022387  0.          0.03253852
 -0.00634954  0.01188807]
	[RESULT 28] [ 0.00533595 -0.02332992  0.01866587  0.01541679  0.01808504  0.09733175
  0.          0.00133413  0.00866587  0.00733175  0.          0.00683595
 -0.02382992  0.00366587]
	[RESULT 29] [ 0.00563832 -0.02277313  0.01841145  0.01518634  0.01836344  0.0968229
  0.          0.00158855  0.00841145  0.0068229   0.          0.00713832
 -0.02327313  0.00341145]
	[RESULT 30] [0.02118164 0.01974778 0.01907058 0.01223495 0.01037611 0.09814116
 0.         0.00092942 0.00907058 0.00814116 0.         0.01818164
 0.00225222 0.00407058]
	[RESULT 31] [0.02223098 0.02086843 0.01690059 0.0160146  0.00981579 0.09380119
 0.         0.00309941 0.00690059 0.00380119 0.         0.02073098
 0.00433038 0.00359941]
	[RESULT 32] [0.01573016 0.02129627 0.01556612 0.0145159  0.00564814 0.09113224
 0.         0.00880165 0.00556612 0.00113224 0.         0.01523016
 0.00516404 0.00993388]
	[RESULT 33] [ 0.01154815 -0.01446539  0.01601354  0.01479439  0.02276731  0.09202709
  0.          0.00398646  0.00601354  0.00202709  0.          0.01204815
 -0.0194383   0.00448646]
	[RESULT 34] [ 0.02172    -0.00474283  0.01646283  0.02030425  0.02262142  0.09292566
  0.          0.00353717  0.00646283  0.00292566  0.          0.02322
 -0.00781717  0.00403717]
	[RESULT 35] [ 0.00583824 -0.02233383  0.01817207  0.01492723  0.01858308  0.09634415
  0.          0.00182793  0.00817207  0.00634415  0.          0.00733824
 -0.02283383  0.00317207]
	[RESULT 36] [0.0260025  0.01439913 0.01959837 0.01385369 0.01305043 0.09919674
 0.         0.00040163 0.00959837 0.00919674 0.         0.0230025
 0.01040412 0.00740163]
	[RESULT 37] [ 0.01222751 -0.01510689  0.0173344   0.01686535  0.02219655  0.09466879
  0.          0.0026656   0.0073344   0.00466879  0.          0.01372751
 -0.0164381   0.0031656 ]
	[RESULT 38] [ 0.01123118 -0.01655015  0.01778133  0.01703758  0.02147492  0.09556266
  0.          0.00221867  0.00778133  0.00556266  0.          0.01273118
 -0.02198749  0.00771867]
	[RESULT 39] [ 0.00787131 -0.01826072  0.01613203  0.0128837   0.02061964  0.09226407
  0.          0.00386797  0.00613203  0.00226407  0.          0.01087131
 -0.02199666  0.00586797]
	[RESULT 40] [1.54814083e-02 2.46176506e-02 1.99009411e-02 7.88929254e-03
 7.69117470e-03 9.98018822e-02 0.00000000e+00 9.90589181e-05
 9.90094108e-03 9.80188216e-03 0.00000000e+00 1.34814083e-02
 5.80467243e-04 7.09905892e-03]
	[RESULT 41] [ 0.01249116 -0.01360613  0.01609729  0.01514151  0.02294694  0.09219458
  0.          0.00390271  0.00609729  0.00219458  0.          0.01549116
 -0.01741155  0.00590271]
	[RESULT 42] [0.03462837 0.00694816 0.01768021 0.02141551 0.01677592 0.09536041
 0.         0.00395938 0.00768021 0.00536041 0.         0.03237163
 0.00130858 0.00931979]
	[RESULT 43] [ 0.02140827 -0.00643776  0.01784604  0.02222319  0.02346888  0.09569207
  0.          0.00215396  0.00784604  0.00569207  0.          0.02440827
 -0.00674569  0.00415396]
	[RESULT 44] [ 1.98878910e-02 -1.00985667e-02  1.99864577e-02  2.46736321e-02
  2.47007166e-02  9.99729155e-02  0.00000000e+00  1.35422736e-05
  9.98645773e-03  9.97291545e-03  0.00000000e+00  2.28878910e-02
 -1.11256513e-02  7.01354227e-03]
	[RESULT 45] [ 0.00896404 -0.01615785  0.01512188  0.01191484  0.02167108  0.09024376
  0.          0.00513435  0.00512188  0.00024376  0.          0.01046404
 -0.02191408  0.00537812]
	[RESULT 46] [0.02373432 0.01997766 0.01628801 0.01768514 0.01026117 0.09257603
 0.         0.00371199 0.00628801 0.00257603 0.         0.02073432
 0.00644631 0.00571199]
	[RESULT 47] [ 0.03498151  0.00830913  0.01670935  0.02242672  0.01584543  0.09341871
  0.          0.00537194  0.00670935  0.00341871  0.          0.03448151
 -0.00027216  0.00879065]
	[RESULT 48] [ 0.0289662   0.00186158  0.01710463  0.02489004  0.01931921  0.09420925
  0.          0.00418612  0.00710463  0.00420925  0.          0.0304662
 -0.00492917  0.00839537]
	[RESULT 49] [0.02562984 0.01924946 0.01512071 0.02038386 0.01062527 0.09024141
 0.         0.00986212 0.00512071 0.00024141 0.         0.02412984
 0.00849087 0.01037929]
	[RESULT 50] [0.01053867 0.01565365 0.01511498 0.01259687 0.00282682 0.09022996
 0.         0.00834493 0.00511498 0.00022996 0.         0.00853867
 0.00042369 0.01188502]
	[RESULT 51] [0.0155019  0.02318489 0.01768299 0.01122647 0.00659244 0.09536598
 0.         0.00245103 0.00768299 0.00536598 0.         0.0150019
 0.00281891 0.00781701]
	[RESULT 52] [ 2.99360680e-02 -5.03897673e-05  1.99864577e-02  2.03022794e-02
  2.02751949e-02  9.99729155e-02  0.00000000e+00  1.35422736e-05
  9.98645773e-03  9.97291545e-03  0.00000000e+00  3.29360680e-02
 -1.07747431e-03  7.01354227e-03]
	[RESULT 53] [ 4.01403605e-03 -2.59734836e-02  1.99875196e-02  1.67382974e-02
  1.67632582e-02  9.99750392e-02  0.00000000e+00  1.24803947e-05
  9.98751961e-03  9.97503921e-03  0.00000000e+00  5.51403605e-03
 -2.64734836e-02  4.98751961e-03]
	[RESULT 54] [0.02145994 0.02342884 0.01511122 0.01831314 0.00853558 0.09022244
 0.         0.00833367 0.00511122 0.00022244 0.         0.01845994
 0.01034872 0.01188878]
	[RESULT 55] [0.02307209 0.01906582 0.01786209 0.0147429  0.01046709 0.09572419
 0.         0.00341372 0.00786209 0.00572419 0.         0.02107209
 0.01020999 0.00913791]
	[RESULT 56] [ 0.02388365 -0.00305352  0.01693718  0.02234759  0.02152676  0.09387436
  0.          0.00306282  0.00693718  0.00387436  0.          0.02588365
 -0.00617917  0.00506282]
	[RESULT 57] [ 0.03005873  0.00493008  0.01512866  0.02272235  0.01753496  0.09025732
  0.          0.00661403  0.00512866  0.00025732  0.          0.03205873
 -0.00181261  0.00687134]
	[RESULT 58] [ 0.00562405 -0.02275485  0.0183789   0.01513038  0.01837258  0.09675781
  0.          0.0016211   0.0083789   0.00675781  0.          0.00712405
 -0.02325485  0.0033789 ]
	[RESULT 59] [ 0.00633617 -0.02134394  0.01768011  0.01443824  0.01907803  0.09536021
  0.          0.00231989  0.00768011  0.00536021  0.          0.00783617
 -0.02198372  0.00281989]
	[RESULT 60] [0.03376273 0.00669395 0.01706878 0.02251546 0.01665303 0.09413757
 0.         0.00293122 0.00706878 0.00413757 0.         0.03426273
 0.00383152 0.00343122]
	[RESULT 61] [0.01776465 0.02496039 0.01727496 0.01296989 0.00751981 0.09454992
 0.         0.00272504 0.00727496 0.00454992 0.         0.01576465
 0.00048969 0.00472504]
	[RESULT 62] [ 0.00889998 -0.02042986  0.01932984  0.01819476  0.01953507  0.09865969
  0.          0.00067016  0.00932984  0.00865969  0.          0.01039998
 -0.02092986  0.00432984]
	[RESULT 63] [ 0.02329142 -0.00564065  0.01893206  0.02479381  0.02307032  0.09786413
  0.          0.00106794  0.00893206  0.00786413  0.          0.02479142
 -0.00614065  0.00393206]
	[RESULT 64] [ 0.02706432 -0.00152288  0.0185872   0.02383704  0.02101144  0.0971744
  0.          0.0014128   0.0085872   0.0071744   0.          0.03006432
 -0.00534848  0.0084128 ]
	[RESULT 65] [0.02540099 0.018311   0.01628801 0.01851847 0.0110945  0.09257603
 0.         0.00813596 0.00628801 0.00257603 0.         0.02240099
 0.00988703 0.01071199]
	[RESULT 66] [0.02625008 0.01539721 0.01835272 0.01584596 0.0125514  0.09670543
 0.         0.00164728 0.00835272 0.00670543 0.         0.02475008
 0.01110264 0.00714728]
	[RESULT 67] [ 0.02455451 -0.00348642  0.01804093  0.02433865  0.02174321  0.09608186
  0.          0.00195907  0.00804093  0.00608186  0.          0.02505451
 -0.00940455  0.00745907]
	[RESULT 68] [0.02854738 0.01538016 0.01607247 0.02041499 0.01255992 0.09214493
 0.         0.00392753 0.00607247 0.00214493 0.         0.02704738
 0.01147491 0.00442753]
	[RESULT 69] [ 0.01662587 -0.01232373  0.0189496   0.02173733  0.02383813  0.0978992
  0.          0.0010504   0.0089496   0.0078992   0.          0.01712587
 -0.01642453  0.0065504 ]
	[RESULT 70] [0.01380886 0.02204615 0.01823729 0.00954849 0.00602308 0.09647458
 0.         0.00228813 0.00823729 0.00647458 0.         0.01180886
 0.00057157 0.00876271]
	[RESULT 71] [0.02920218 0.01370041 0.0170974  0.01920499 0.01339979 0.09419481
 0.         0.0029026  0.0070974  0.00419481 0.         0.02620218
 0.01110478 0.0049026 ]
	[RESULT 72] [ 0.01394339 -0.01117449  0.01511788  0.01439852  0.02416276  0.09023576
  0.          0.00985365  0.00511788  0.00023576  0.          0.01544339
 -0.02193872  0.01038212]
	[RESULT 73] [1.59006195e-02 2.41275456e-02 1.99718349e-02 7.99255737e-03
 7.93622719e-03 9.99436698e-02 0.00000000e+00 2.81650869e-05
 9.97183491e-03 9.94366983e-03 0.00000000e+00 1.54006195e-02
 9.28784559e-04 5.52816509e-03]
	[RESULT 74] [ 0.02576404 -0.0006731   0.01643714  0.02253774  0.02033655  0.09287429
  0.          0.00768857  0.00643714  0.00287429  0.          0.02776404
 -0.00979882  0.01056286]
	[RESULT 75] [0.02464896 0.01550981 0.01984122 0.01281265 0.01249509 0.09968244
 0.         0.00015878 0.00984122 0.00968244 0.         0.02164896
 0.00649019 0.00484122]
	[RESULT 76] [ 0.00662306 -0.02075571  0.01737877  0.01412968  0.01937214  0.09475753
  0.          0.00262123  0.00737877  0.00475753  0.          0.00812306
 -0.02199818  0.00312123]
	[RESULT 77] [ 0.01214876 -0.01296387  0.01511263  0.01374332  0.02351807  0.09022526
  0.          0.00516211  0.00511263  0.00022526  0.          0.01264876
 -0.01973861  0.00538737]
	[RESULT 78] [ 0.0062709 -0.0214596  0.0177305  0.0144812  0.0190202  0.095461
  0.         0.0022695  0.0077305  0.005461   0.         0.0087709
 -0.0219986  0.0037695]
	[RESULT 79] [ 0.02625618 -0.00166846  0.01792464  0.02476505  0.02108423  0.09584928
  0.          0.00207536  0.00792464  0.00584928  0.          0.02775618
 -0.00216846  0.00292464]
	[RESULT 80] [ 0.03176808  0.0055082   0.01625988  0.02497615  0.0174959   0.09251975
  0.          0.00822037  0.00625988  0.00251975  0.          0.03476808
 -0.00297205  0.01074012]
	[RESULT 81] [0.01598276 0.02109463 0.01511187 0.01532358 0.00554731 0.09022374
 0.         0.0083356  0.00511187 0.00022374 0.         0.01398276
 0.00587089 0.01188813]
	[RESULT 82] [ 0.00554342 -0.02291943  0.01846286  0.015216    0.01829028  0.09692571
  0.          0.00153714  0.00846286  0.00692571  0.          0.00704342
 -0.02341943  0.00346286]
	[RESULT 83] [ 0.0294537   0.00254652  0.01690718  0.02491238  0.01872674  0.09381436
  0.          0.00309282  0.00690718  0.00381436  0.          0.0314537
 -0.00063912  0.00509282]
	[RESULT 84] [0.01777083 0.02367671 0.01590588 0.01527659 0.00708836 0.09181176
 0.         0.00409412 0.00590588 0.00181176 0.         0.01627083
 0.00086495 0.00459412]
	[RESULT 85] [ 0.00833369 -0.01737461  0.01570829  0.01247929  0.0210627   0.09141659
  0.          0.00429171  0.00570829  0.00141659  0.          0.00983369
 -0.02195802  0.00479171]
	[RESULT 86] [0.03293267 0.01070777 0.01635956 0.022177   0.01489612 0.09271912
 0.         0.00364044 0.00635956 0.00271912 0.         0.03143267
 0.00742689 0.00414044]
	[RESULT 87] [ 0.01535938 -0.01448135  0.01984073  0.02219079  0.02250932  0.09968147
  0.          0.00015927  0.00984073  0.00968147  0.          0.01685938
 -0.01498135  0.00484073]
	[RESULT 88] [ 0.0072682  -0.01947987  0.01674807  0.01350621  0.02001007  0.09349614
  0.          0.00325193  0.00674807  0.00349614  0.          0.0087682
 -0.02198372  0.00375193]
	[RESULT 89] [0.03104464 0.00971212 0.01924324 0.01690746 0.01539394 0.09848648
 0.         0.00075676 0.00924324 0.00848648 0.         0.02804464
 0.01071212 0.00424324]
	[RESULT 90] [0.01721581 0.0239491  0.01673329 0.01350797 0.00697455 0.09346657
 0.         0.00326671 0.00673329 0.00346657 0.         0.01671581
 0.00048252 0.00376671]
	[RESULT 91] [0.03371475 0.00553856 0.01817619 0.02112834 0.01748072 0.09635238
 0.         0.00182381 0.00817619 0.00635238 0.         0.03478525
 0.00503856 0.00317619]
	[RESULT 92] [ 0.00549319 -0.02301657  0.01850977  0.01526124  0.01824171  0.09701953
  0.          0.00149023  0.00850977  0.00701953  0.          0.00699319
 -0.02351657  0.00350977]
	[RESULT 93] [3.46933498e-02 5.31765901e-03 1.99889912e-02 1.76131880e-02
 1.75911705e-02 9.99779825e-02 0.00000000e+00 1.10087640e-05
 9.98899124e-03 9.97798247e-03 0.00000000e+00 3.31933498e-02
 4.81765901e-03 4.98899124e-03]
	[RESULT 94] [ 0.01433722 -0.01188746  0.01622468  0.01650563  0.02405627  0.09244937
  0.          0.00377532  0.00622468  0.00244937  0.          0.01483722
 -0.0164381   0.00427532]
	[RESULT 95] [ 0.02434869 -0.00153439  0.01588307  0.02074895  0.02101719  0.09176615
  0.          0.00411693  0.00588307  0.00176615  0.          0.02584869
 -0.00576824  0.00461693]
	[RESULT 96] [0.01558669 0.02070141 0.01511471 0.01512127 0.0053507  0.09022943
 0.         0.00665586 0.00511471 0.00022943 0.         0.01358669
 0.00047198 0.00688529]
	[RESULT 97] [ 0.01044765 -0.01811716  0.01856481  0.01782104  0.02069142  0.09712962
  0.          0.00143519  0.00856481  0.00712962  0.          0.01194765
 -0.02198754  0.00693519]
	[RESULT 98] [0.03264551 0.00689116 0.01575435 0.02470428 0.01680442 0.0915087
 0.         0.00424565 0.00575435 0.0015087  0.         0.03414551
 0.00239986 0.00474565]
	[RESULT 99] [0.02057463 0.02103659 0.01838878 0.01270414 0.00948171 0.09677757
 0.         0.00183365 0.00838878 0.00677757 0.         0.01857463
 0.00718585 0.00861122]
	[RESULT 100] [0.01188485 0.01826678 0.01638193 0.01136952 0.00413339 0.09276387
 0.         0.0063542  0.00638193 0.00276387 0.         0.01138485
 0.00050291 0.00911807]
	[RESULT 101] [ 0.00587826 -0.02224651  0.01812477  0.01487628  0.01862675  0.09624954
  0.          0.00187523  0.00812477  0.00624954  0.          0.00737826
 -0.02274651  0.00312477]
	[RESULT 102] [ 0.01550328 -0.00962269  0.01512597  0.01544059  0.02481135  0.09025194
  0.          0.0051221   0.00512597  0.00025194  0.          0.01600328
 -0.01637076  0.00537403]
	[RESULT 103] [0.03495595 0.00993506 0.01510899 0.02493551 0.01528247 0.09021798
 0.         0.00517303 0.00510899 0.00021798 0.         0.03345595
 0.00415304 0.00539101]
	[RESULT 104] [0.02045003 0.02382787 0.0157221  0.01689187 0.00833606 0.09144419
 0.         0.00483371 0.0057221  0.00144419 0.         0.01745003
 0.00372794 0.0062779 ]
	[RESULT 105] [ 0.01653029 -0.01205325  0.01858353  0.02114044  0.02397338  0.09716707
  0.          0.00141647  0.00858353  0.00716707  0.          0.01703029
 -0.01355325  0.00358353]
	[RESULT 106] [ 0.02537864  0.00026621  0.01511243  0.02010796  0.02011689  0.09022486
  0.          0.00516271  0.00511243  0.00022486  0.          0.02687864
 -0.00550893  0.00538757]
	[RESULT 107] [0.01940301 0.0227349  0.01786209 0.01290836 0.00863255 0.09572419
 0.         0.00213791 0.00786209 0.00572419 0.         0.01890301
 0.0017651  0.00286209]
	[RESULT 108] [ 0.00711705 -0.01976955  0.0168866   0.01363843  0.01986522  0.09377321
  0.          0.0031134   0.0068866   0.00377321  0.          0.01011705
 -0.02199635  0.0051134 ]
	[RESULT 109] [ 0.0139211  -0.01119261  0.01511371  0.01438111  0.02415369  0.09022742
  0.          0.00834113  0.00511371  0.00022742  0.          0.0169211
 -0.02196519  0.01188629]
	[RESULT 110] [ 0.01950757 -0.00560175  0.01510933  0.01716777  0.02305088  0.09021865
  0.          0.00517202  0.00510933  0.00021865  0.          0.02100757
 -0.0113831   0.00539067]
	[RESULT 111] [0.02997106 0.01356947 0.01645947 0.02029632 0.01321527 0.09291895
 0.         0.00612158 0.00645947 0.00291895 0.         0.02947106
 0.00448842 0.00904053]
	[RESULT 112] [0.0301488  0.01231521 0.017536   0.0190204  0.0140924  0.09507199
 0.         0.002464   0.007536   0.00507199 0.         0.0286488
 0.0113872  0.002964  ]
	[RESULT 113] [ 0.00639366 -0.02125839  0.01765205  0.0144249   0.0191208   0.0953041
  0.          0.00234795  0.00765205  0.0053041   0.          0.00789366
 -0.0219543   0.00284795]
	[RESULT 114] [0.02365852 0.01908708 0.0172544  0.01619766 0.01070646 0.09450879
 0.         0.00523681 0.0072544  0.00450879 0.         0.02065852
 0.01040412 0.0097456 ]
	[RESULT 115] [ 0.02883155  0.00267058  0.01616097  0.02340724  0.01891471  0.09232195
  0.          0.00383903  0.00616097  0.00232195  0.          0.03033155
 -0.00100748  0.00433903]
	[RESULT 116] [ 0.00622278 -0.02155616  0.01777894  0.01452981  0.01897192  0.09555789
  0.          0.00222106  0.00777894  0.00555789  0.          0.00772278
 -0.02205616  0.00277894]
	[RESULT 117] [ 0.00924202 -0.02058486  0.01982688  0.01911133  0.01945757  0.09965376
  0.          0.00017312  0.00982688  0.00965376  0.          0.01224202
 -0.0219311   0.00717312]
	[RESULT 118] [0.01814185 0.02302789 0.01883026 0.01107554 0.00873605 0.09766051
 0.         0.00116974 0.00883026 0.00766051 0.         0.01664185
 0.0033116  0.00666974]
	[RESULT 119] [0.02421238 0.02067861 0.01510901 0.01969267 0.0099107  0.09021803
 0.         0.00517296 0.00510901 0.00021803 0.         0.02271238
 0.00810337 0.00539099]
	[RESULT 120] [0.02513143 0.01713807 0.0177305  0.01621996 0.01168097 0.095461
 0.         0.0022695  0.0077305  0.005461   0.         0.02263143
 0.00640093 0.0037695 ]
