[METRICS]
	[DISEQUILIBRIUM COUNT] 1089
[VARIABLES]
	[RESULT 1] [0 5.3221480265134025 1 1 14 1007.0492662468941 1]
	[RESULT 2] [0 10.743959523854926 0 4 15 1039.1218480956074 9]
	[RESULT 3] [1 5.913819481515465 0 1 2 3990.9287984188936 100]
	[RESULT 4] [0 7.066647589880194 0 4 2 1442.1143742817667 1]
	[RESULT 5] [1 5.000923072112261 1 4 6 3999.9196464040106 100]
	[RESULT 6] [1 6.900986171529636 0 1 2 3996.0974240666287 100]
	[RESULT 7] [0 7.885090935365538 1 1 24 3997.971310539533 32]
	[RESULT 8] [0 6.097129530301897 1 1 23 1154.0314853886757 97]
	[RESULT 9] [1 7.6028097146446685 0 2 18 3988.363888446552 100]
	[RESULT 10] [1 6.2424998090489945 0 2 23 3999.874428867017 98]
	[RESULT 11] [0 5.578292706834135 1 4 21 1017.6768889901634 1]
	[RESULT 12] [0 5.364852279346678 1 4 15 3986.0554706709 51]
	[RESULT 13] [1 6.471427847704662 0 4 3 3995.3391384440856 100]
	[RESULT 14] [0 11.665005544342655 1 4 19 1088.4432336272741 100]
	[RESULT 15] [0 5.632159186415594 1 2 22 3999.9988741386805 100]
	[RESULT 16] [1 5.000033462840879 0 1 14 3725.4118764334653 97]
	[RESULT 17] [0 6.28243013495781 1 4 18 1010.2094970470158 14]
	[RESULT 18] [1 5.1119948173879495 1 1 6 3740.77070788153 95]
	[RESULT 19] [0 5.118692915869113 1 4 7 3999.8550573092202 99]
	[RESULT 20] [1 5.338225813651034 0 1 6 3982.2108769685337 100]
	[RESULT 21] [1 48.83769017773107 1 1 4 3998.651394294626 8]
	[RESULT 22] [0 49.81508063502689 0 2 23 3999.9987093149102 100]
	[RESULT 23] [0 8.98343585120346 1 4 15 3998.7569709209456 96]
	[RESULT 24] [0 5.89342696870287 1 4 3 3788.085948201661 100]
	[RESULT 25] [1 7.327698647265945 0 4 6 1415.8398486113554 98]
	[RESULT 26] [0 5.472745974533528 1 1 3 3993.1530137001423 100]
	[RESULT 27] [1 5.012050656786866 0 1 7 3999.9731294185976 100]
	[RESULT 28] [1 5.3643579442672955 0 2 22 3944.901491849299 100]
	[RESULT 29] [0 8.713629927894543 1 4 1 1191.4547639865086 14]
	[RESULT 30] [1 7.31855772705514 0 4 1 3978.4256113727088 100]
	[RESULT 31] [1 5.2349857750376145 1 1 1 3999.978635651296 100]
	[RESULT 32] [0 49.99570577472389 0 2 22 3979.0063111357754 100]
	[RESULT 33] [0 11.545757389470305 1 1 3 3929.2423016853786 98]
	[RESULT 34] [0 49.312216412135946 0 1 1 1122.8422272762884 100]
	[RESULT 35] [1 11.046289841582269 0 1 1 3991.060908888038 100]
	[RESULT 36] [0 5.9292001490986905 1 1 15 1022.969859448221 1]
	[RESULT 37] [0 5.00330256721732 1 4 3 1355.1125557043886 4]
	[RESULT 38] [0 13.29497021495429 0 1 14 3956.725514260916 100]
	[RESULT 39] [1 36.53005494958114 1 1 3 3985.582187312016 100]
	[RESULT 40] [1 5.588847691455457 0 1 1 3999.991329126476 100]
	[RESULT 41] [1 5.393723073924201 0 1 16 3608.2129776688676 99]
	[RESULT 42] [1 8.45020774033874 0 4 14 3972.4224289643494 95]
	[RESULT 43] [1 7.124072828253146 0 1 15 3671.035178976956 100]
	[RESULT 44] [1 10.048046450835733 0 1 1 1980.4111084863207 46]
	[RESULT 45] [0 13.391858886275003 0 1 14 3984.4618635531774 100]
	[RESULT 46] [0 7.237313786425093 0 4 1 3998.971598365242 100]
	[RESULT 47] [1 5.8935738498615375 0 1 18 3876.9426136261086 100]
	[RESULT 48] [1 5.00000216140999 0 1 24 3999.874428867017 96]
	[RESULT 49] [0 49.403481636349056 0 4 21 1009.0732728926765 1]
	[RESULT 50] [0 7.422970994957578 1 1 23 1079.1225592601 15]
	[RESULT 51] [1 5.272091310848592 0 1 6 3992.7990318000325 100]
	[RESULT 52] [0 5.9292001490986905 1 1 18 3940.2227509571003 100]
	[RESULT 53] [1 8.463030945013044 0 4 7 3999.9217254400724 97]
	[RESULT 54] [1 6.845212529700509 1 1 17 3673.4418373471776 88]
	[RESULT 55] [0 5.629171131490646 1 1 14 3987.294957201808 100]
	[RESULT 56] [1 10.299928321403877 0 4 2 3996.0636066056572 95]
	[RESULT 57] [1 5.624189546181914 0 1 2 3999.9988850848554 100]
	[RESULT 58] [1 5.62909235434084 0 1 1 3999.997712693598 100]
	[RESULT 59] [0 5.635430563722118 1 1 6 3890.360473686332 1]
	[RESULT 60] [1 8.463030945013044 0 4 7 3999.9482698040197 99]
	[RESULT 61] [1 6.29269088149092 0 4 1 3999.9959952316567 100]
	[RESULT 62] [1 6.067550354466241 0 2 2 3996.179163036247 100]
	[RESULT 63] [1 5.630566402157786 0 1 1 3999.9999777721678 100]
	[RESULT 64] [1 6.74095363669833 0 1 6 3999.999438301871 100]
	[RESULT 65] [0 5.364852279346678 1 4 6 3876.254739799969 100]
	[RESULT 66] [1 5.395021291110925 0 1 14 3999.9900459112982 100]
	[RESULT 67] [1 47.736500409023975 0 4 24 3999.784774380635 98]
	[RESULT 68] [1 8.787256538399022 1 1 3 3989.8771265963314 14]
	[RESULT 69] [0 48.271917902800666 0 1 10 1204.5382106838845 96]
	[RESULT 70] [1 10.790199410240515 0 4 7 3921.058446770108 97]
	[RESULT 71] [0 6.86114870447422 0 1 18 3986.0554706709 99]
	[RESULT 72] [0 6.424247792710842 1 4 7 3947.5958265454888 99]
	[RESULT 73] [1 6.828659653686942 1 1 3 3999.9983545866967 97]
	[RESULT 74] [1 5.44857073671071 0 1 23 3988.699652542864 4]
	[RESULT 75] [0 5.817887766644449 0 1 3 1043.8519565988338 3]
	[RESULT 76] [1 48.801683787246915 0 1 24 3988.1934448669763 100]
	[RESULT 77] [1 5.580749757905675 0 4 2 3995.3391384440856 100]
	[RESULT 78] [0 49.98960261828859 0 4 23 3999.0390719410047 92]
	[RESULT 79] [1 7.04549240710739 0 2 7 3921.058446770108 97]
	[RESULT 80] [0 10.532406614298095 0 1 2 3999.978635651296 100]
	[RESULT 81] [0 5.310892863275058 0 1 14 1355.9043095604743 3]
	[RESULT 82] [1 6.543009150634137 0 1 14 3986.0564227022032 100]
	[RESULT 83] [0 49.972099808989135 1 4 2 1030.1858409940216 9]
	[RESULT 84] [1 5.624881804153835 0 1 1 3999.997691748932 100]
	[RESULT 85] [1 5.669464056208449 0 1 1 3999.995872626786 100]
	[RESULT 86] [1 5.862707753358402 0 1 14 3999.998469533053 100]
	[RESULT 87] [1 5.5133690099798205 0 1 14 1217.0676170552374 97]
	[RESULT 88] [1 6.2424998090489945 0 2 23 3862.440954257282 6]
	[RESULT 89] [1 49.34246126906469 0 1 3 3999.998611337111 100]
	[RESULT 90] [1 8.635511564579334 1 4 3 3890.7572297990564 16]
	[RESULT 91] [0 5.10203751836335 0 1 3 3976.350672992882 3]
	[RESULT 92] [0 15.852418757835864 1 1 19 1098.2523303328371 1]
	[RESULT 93] [1 5.068547721304154 0 1 24 3988.1793739210225 100]
	[RESULT 94] [1 39.70999414616505 1 1 23 1221.7004061267883 94]
	[RESULT 95] [1 5.835356011979698 1 4 17 3946.8239222195434 98]
	[RESULT 96] [1 49.50002214052513 1 4 15 3998.5213063961 98]
	[RESULT 97] [1 5.1047906359185955 1 4 1 3876.254739799969 100]
	[RESULT 98] [1 5.8046897634961665 0 1 14 3727.562993763781 97]
	[RESULT 99] [1 5.662831581323887 0 4 7 3999.9407277779537 99]
	[RESULT 100] [0 6.100286143110059 0 1 23 3973.7684275661863 97]
	[RESULT 101] [0 5.322425071942629 1 4 20 1011.0404879870557 99]
	[RESULT 102] [1 5.537283438453072 0 1 6 3999.999892278575 100]
	[RESULT 103] [1 5.166213568060401 0 1 1 2187.9433722173358 100]
	[RESULT 104] [1 49.9926206712268 1 4 15 1326.470186428998 96]
	[RESULT 105] [1 5.350123112296657 0 1 7 3999.9988850848554 100]
	[RESULT 106] [0 6.504316478539943 1 1 23 3961.5587630234036 97]
	[RESULT 107] [1 49.98332925432445 1 1 16 3987.4715685709666 1]
	[RESULT 108] [0 6.103558064322146 1 4 18 3682.3612225687857 98]
	[RESULT 109] [1 6.160527968587719 0 1 1 3999.9970169810504 100]
	[RESULT 110] [0 5.607858227382591 1 1 3 3899.17457619657 97]
	[RESULT 111] [0 6.273736225535172 0 4 3 1010.2094970470158 1]
	[RESULT 112] [0 6.717348017147979 1 1 23 1076.805736726296 12]
	[RESULT 113] [1 8.278905476808994 0 1 23 3999.9646430730654 100]
	[RESULT 114] [1 5.565200882450375 0 1 15 3798.0735633881463 100]
	[RESULT 115] [1 6.946359275829903 0 1 1 3351.7968910992236 88]
	[RESULT 116] [0 7.596236004319023 1 4 7 3979.1226570198733 2]
	[RESULT 117] [1 5.663870390048287 0 1 1 3999.996139853234 100]
	[RESULT 118] [1 5.422561193969108 0 1 24 3999.999325474514 100]
	[RESULT 119] [0 11.513300331068535 0 1 18 1096.7730369632602 100]
	[RESULT 120] [0 49.98313198210332 0 1 1 1009.878793245892 99]
[OBJECTIVES]
	[RESULT 1] [0.01418882 0.02297054 0.01878172 0.00892182 0.00648527 0.09756345
 0.         0.00121828 0.00878172 0.00756345 0.         0.01368882
 0.00040709 0.00671828]
	[RESULT 2] [0.01616811 0.02190952 0.0157414  0.01447195 0.00595476 0.09148281
 0.         0.00477579 0.0057414  0.00148281 0.         0.01416811
 0.00042671 0.0062586 ]
	[RESULT 3] [ 0.01304349 -0.01456909  0.01761258  0.01769061  0.02246545  0.09522515
  0.          0.00238742  0.00761258  0.00522515  0.          0.01454349
 -0.01534394  0.00288742]
	[RESULT 4] [0.01707242 0.02370287 0.01663044 0.01359054 0.00685143 0.09326089
 0.         0.00336956 0.00663044 0.00326089 0.         0.01507242
 0.00044198 0.00536956]
	[RESULT 5] [ 9.08470726e-03 -2.09106816e-02  1.99953889e-02  1.92854370e-02
  1.92946592e-02  9.99907778e-02  0.00000000e+00  4.61110418e-06
  9.99538890e-03  9.99077779e-03  0.00000000e+00  1.20847073e-02
 -2.19199038e-02  7.00461110e-03]
	[RESULT 6] [ 0.01065208 -0.01607147  0.01672355  0.01516137  0.02171426  0.0934471
  0.          0.00327645  0.00672355  0.0034471   0.          0.01215208
 -0.01862437  0.00377645]
	[RESULT 7] [ 0.0347004   0.00901262  0.01628697  0.02291975  0.01549369  0.09257394
  0.          0.00663909  0.00628697  0.00257394  0.          0.0342004
 -0.00041343  0.00921303]
	[RESULT 8] [0.01760191 0.02498612 0.01738421 0.01272464 0.00749306 0.09476842
 0.         0.00334737 0.00738421 0.00476842 0.         0.01710191
 0.0052177  0.00811579]
	[RESULT 9] [ 0.01555252 -0.01083528  0.01638781  0.01710797  0.02433236  0.09277561
  0.          0.00361219  0.00638781  0.00277561  0.          0.01755252
 -0.01405967  0.00461219]
	[RESULT 10] [ 0.02022862 -0.00700103  0.01722965  0.02070879  0.02375052  0.09445931
  0.          0.00277035  0.00722965  0.00445931  0.          0.02222862
 -0.00854172  0.00377035]
	[RESULT 11] [0.01357581 0.02174379 0.01816798 0.00953593 0.00587189 0.09633596
 0.         0.00249606 0.00816798 0.00633596 0.         0.01157581
 0.00040783 0.00883202]
	[RESULT 12] [0.03011187 0.01122473 0.0186634  0.01706083 0.01438763 0.0973268
 0.         0.0013366  0.0086634  0.0073268  0.         0.02811187
 0.00655153 0.0083366 ]
	[RESULT 13] [ 0.01090534 -0.01611778  0.01702312  0.01573735  0.02169111  0.09404624
  0.          0.00297688  0.00702312  0.00404624  0.          0.01390534
 -0.01807154  0.00497688]
	[RESULT 14] [0.03086515 0.01348254 0.01565232 0.0219541  0.01325873 0.09130463
 0.         0.00995695 0.00565232 0.00130463 0.         0.02886515
 0.00278717 0.01134768]
	[RESULT 15] [ 0.0119377  -0.01612573  0.01806343  0.01806399  0.02193714  0.09612685
  0.          0.00193657  0.00806343  0.00612685  0.          0.0129377
 -0.02199887  0.00793657]
	[RESULT 16] [2.80860302e-02 1.19141371e-02 1.99998327e-02 1.42932661e-02
 1.42929315e-02 9.99996654e-02 0.00000000e+00 1.67308606e-07
 9.99983269e-03 9.99966538e-03 0.00000000e+00 2.65860302e-02
 1.14141371e-02 4.99983269e-03]
	[RESULT 17] [0.01262784 0.01981849 0.01719065 0.01052795 0.00490925 0.0943813
 0.         0.00542806 0.00719065 0.0043813  0.         0.01062784
 0.0004372  0.00980935]
	[RESULT 18] [0.02102869 0.01947489 0.01949642 0.01151971 0.01051255 0.09899285
 0.         0.00050358 0.00949642 0.00899285 0.         0.01952869
 0.00553226 0.00600358]
	[RESULT 19] [ 0.02067461 -0.0087949   0.0194695   0.02454156  0.02439745  0.098939
  0.          0.0005305   0.0094695   0.008939    0.          0.02267461
 -0.01185589  0.0075305 ]
	[RESULT 20] [ 0.01565719 -0.0130791   0.01873629  0.02068303  0.02321045  0.09747258
  0.          0.00126371  0.00873629  0.00747258  0.          0.01715719
 -0.0135791   0.00373629]
	[RESULT 21] [ 0.03495301  0.0098415   0.01511151  0.02489378  0.01532925  0.09022303
  0.          0.00983454  0.00511151  0.00022303  0.          0.03354699
 -0.00093547  0.01038849]
	[RESULT 22] [ 0.00989216 -0.01521698  0.01510913  0.01260978  0.02239151  0.09021827
  0.          0.0056726   0.00510913  0.00021827  0.          0.01089216
 -0.02199871  0.00589087]
	[RESULT 23] [ 0.03118083  0.0051775   0.01600332  0.0245954   0.01741125  0.09200665
  0.          0.00899003  0.00600332  0.00200665  0.          0.03318083
 -0.00481585  0.01099668]
	[RESULT 24] [0.0347212  0.00708048 0.01764071 0.02117833 0.01645976 0.09528143
 0.         0.00407786 0.00764071 0.00528143 0.         0.0332788
 0.00036191 0.00935929]
	[RESULT 25] [0.02440875 0.01908871 0.01650254 0.01770056 0.01070564 0.09300508
 0.         0.00349746 0.00650254 0.00300508 0.         0.02140875
 0.00690621 0.00549746]
	[RESULT 26] [ 0.01697989 -0.01141513  0.01839502  0.02108247  0.02429244  0.09679004
  0.          0.00160498  0.00839502  0.00679004  0.          0.01747989
 -0.01662509  0.00710498]
	[RESULT 27] [ 4.08637757e-03 -2.58540866e-02  1.99404642e-02  1.67038850e-02
  1.68229567e-02  9.98809283e-02  0.00000000e+00  5.95358380e-05
  9.94046416e-03  9.88092832e-03  0.00000000e+00  5.58637757e-03
 -2.63540866e-02  4.94046416e-03]
	[RESULT 28] [ 0.02253238 -0.00613235  0.01866473  0.02401328  0.02331617  0.09732945
  0.          0.00133527  0.00866473  0.00732945  0.          0.02453238
 -0.00613235  0.00366473]
	[RESULT 29] [0.01151121 0.01757196 0.01606075 0.01166447 0.00378598 0.09212151
 0.         0.00881774 0.00606075 0.00212151 0.         0.00951121
 0.00045046 0.01093925]
	[RESULT 30] [ 0.01907393 -0.00743275  0.01650668  0.01904698  0.02396637  0.09301336
  0.          0.00349332  0.00650668  0.00301336  0.          0.02207393
 -0.01041939  0.00549332]
	[RESULT 31] [ 0.00997272 -0.01907591  0.01904863  0.0183093   0.02021204  0.09809726
  0.          0.00095137  0.00904863  0.00809726  0.          0.01147272
 -0.02197865  0.00645137]
	[RESULT 32] [ 0.02130247 -0.00380623  0.01510871  0.0183143   0.02190312  0.09021741
  0.          0.00567388  0.00510871  0.00021741  0.          0.02230247
 -0.01058882  0.00589129]
	[RESULT 33] [0.02385618 0.02048119 0.01566262 0.01843415 0.0097594  0.09132525
 0.         0.00851213 0.00566262 0.00132525 0.         0.02335618
 0.00980644 0.00983738]
	[RESULT 34] [0.0346743  0.00956395 0.01511035 0.02499733 0.01521802 0.09022069
 0.         0.00516896 0.00511035 0.00022069 0.         0.0348257
 0.00278464 0.00538965]
	[RESULT 35] [ 0.01487506 -0.01083453  0.01570959  0.01575192  0.02433274  0.09141919
  0.          0.00429041  0.00570959  0.00141919  0.          0.01637506
 -0.01541534  0.00479041]
	[RESULT 36] [0.01299994 0.02059169 0.01759175 0.01011235 0.00529584 0.0951835
 0.         0.00272476 0.00759175 0.0051835  0.         0.01249994
 0.00040819 0.00790825]
	[RESULT 37] [1.54238194e-02 2.45926391e-02 1.99835415e-02 7.73659740e-03
 7.70368044e-03 9.99670830e-02 0.00000000e+00 1.64584808e-05
 9.98354152e-03 9.96708304e-03 0.00000000e+00 1.34238194e-02
 4.40277832e-04 7.01645848e-03]
	[RESULT 38] [ 0.02530785 -0.00023008  0.01553793  0.02096081  0.02011504  0.09107585
  0.          0.00446207  0.00553793  0.00107585  0.          0.02580785
 -0.00615422  0.00496207]
	[RESULT 39] [ 0.02299052 -0.00216318  0.0151537   0.01897582  0.02133159  0.09030741
  0.          0.00996111  0.0051537   0.00030741  0.          0.02449052
 -0.01285578  0.0103463 ]
	[RESULT 40] [ 0.00586173 -0.0222852   0.01814693  0.01490127  0.0186074   0.09629387
  0.          0.00185307  0.00814693  0.00629387  0.          0.00736173
 -0.0227852   0.00314693]
	[RESULT 41] [0.03108708 0.01032541 0.01858751 0.01791227 0.0150873  0.09717503
 0.         0.00141249 0.00858751 0.00717503 0.         0.02958708
 0.00982541 0.00358751]
	[RESULT 42] [0.03234407 0.01153238 0.01612354 0.02223672 0.01448381 0.09224709
 0.         0.00387646 0.00612354 0.00224709 0.         0.02934407
 0.00777947 0.00587646]
	[RESULT 43] [0.03063381 0.00403334 0.01660047 0.02496762 0.01823333 0.09320095
 0.         0.00339953 0.00660047 0.00320095 0.         0.03213381
 0.00123429 0.00389953]
	[RESULT 44] [0.01749603 0.02332275 0.01582671 0.01525795 0.00691137 0.09165343
 0.         0.00417329 0.00582671 0.00165343 0.         0.01599603
 0.00066932 0.00467329]
	[RESULT 45] [ 0.01905004 -0.00648233  0.01553238  0.01782359  0.02324117  0.09106475
  0.          0.00446762  0.00553238  0.00106475  0.          0.01955004
 -0.01241758  0.00496762]
	[RESULT 46] [ 0.00944328 -0.01710121  0.01654449  0.01453837  0.02144939  0.09308898
  0.          0.00345551  0.00654449  0.00308898  0.          0.01144328
 -0.02101223  0.00545551]
	[RESULT 47] [ 0.02713815 -0.00050236  0.01764051  0.02477984  0.02050118  0.09528102
  0.          0.00235949  0.00764051  0.00528102  0.          0.02863815
 -0.00122134  0.00285949]
	[RESULT 48] [ 2.01249544e-02 -9.87503483e-03  1.99999892e-02  2.48124610e-02
  2.48124826e-02  9.99999784e-02  0.00000000e+00  1.08070266e-08
  9.99998919e-03  9.99997839e-03  0.00000000e+00  2.16249544e-02
 -1.03750348e-02  4.99998919e-03]
	[RESULT 49] [0.01551736 0.02062748 0.01511012 0.01509349 0.00531374 0.09022025
 0.         0.00666963 0.00511012 0.00022025 0.         0.01351736
 0.00040723 0.00688988]
	[RESULT 50] [0.01190544 0.01836616 0.01646072 0.01126164 0.00418308 0.09292144
 0.         0.00611784 0.00646072 0.00292144 0.         0.01140544
 0.00044472 0.00903928]
	[RESULT 51] [ 0.01066011 -0.01827043  0.01893054  0.01847586  0.02061479  0.09786107
  0.          0.00106946  0.00893054  0.00786107  0.          0.01216011
 -0.01877043  0.00393054]
	[RESULT 52] [ 0.03003599  0.00244424  0.01759175  0.02359438  0.01877788  0.0951835
  0.          0.00272476  0.00759175  0.0051835   0.          0.03053599
 -0.00437226  0.00790825]
	[RESULT 53] [ 0.02295772 -0.0031626   0.01612031  0.02040933  0.0218313   0.09224063
  0.          0.00387969  0.00612031  0.00224063  0.          0.02595772
 -0.00692197  0.00587969]
	[RESULT 54] [0.0160736  0.02283094 0.01675734 0.01315079 0.00666547 0.09351468
 0.         0.00522799 0.00675734 0.00351468 0.         0.0145736
 0.00331626 0.00874266]
	[RESULT 55] [ 0.02035492 -0.00771412  0.01806905  0.02228103  0.02385706  0.09613809
  0.          0.00193095  0.00806905  0.00613809  0.          0.02085492
 -0.01357603  0.00743095]
	[RESULT 56] [ 0.02827391  0.00248025  0.01579366  0.02257744  0.01900988  0.09158732
  0.          0.00461902  0.00579366  0.00158732  0.          0.03127391
 -0.00193243  0.00620634]
	[RESULT 57] [ 0.00592266 -0.0221558   0.01807846  0.01482902  0.0186721   0.09615692
  0.          0.00192154  0.00807846  0.00615692  0.          0.00742266
 -0.0226558   0.00307846]
	[RESULT 58] [ 0.00593309 -0.0221361   0.01806919  0.01482034  0.01868195  0.09613839
  0.          0.00193081  0.00806919  0.00613839  0.          0.00743309
 -0.0226361   0.00306919]
	[RESULT 59] [0.01789932 0.02404338 0.0180573  0.01186371 0.00797831 0.0961146
 0.         0.0019427  0.0080573  0.0061146  0.         0.01739932
 0.00484202 0.0074427 ]
	[RESULT 60] [ 0.01793131 -0.00818901  0.01612031  0.01789613  0.0243445   0.09224063
  0.          0.00387969  0.00612031  0.00224063  0.          0.02093131
 -0.01194838  0.00587969]
	[RESULT 61] [ 0.00682316 -0.02035768  0.01718084  0.01393285  0.01957116  0.09436169
  0.          0.00281916  0.00718084  0.00436169  0.          0.00982316
 -0.021996    0.00481916]
	[RESULT 62] [ 0.00989598 -0.01752234  0.01741832  0.01582547  0.02098883  0.09483664
  0.          0.00258168  0.00741832  0.00483664  0.          0.01189598
 -0.0186857   0.00358168]
	[RESULT 63] [ 0.0059336  -0.02213282  0.01806642  0.01481643  0.01868359  0.09613284
  0.          0.00193358  0.00806642  0.00613284  0.          0.0074336
 -0.02263282  0.00306642]
	[RESULT 64] [ 0.00717638 -0.0196478   0.01682418  0.01357446  0.0199261   0.09364837
  0.          0.00317582  0.00682418  0.00364837  0.          0.00867638
 -0.02199944  0.00367582]
	[RESULT 65] [ 0.03213479  0.00347139  0.0186634   0.02093751  0.01826431  0.0973268
  0.          0.0013366   0.0086634   0.0073268   0.          0.03413479
 -0.00120181  0.0083366 ]
	[RESULT 66] [ 0.00542578 -0.0231584   0.01858417  0.01533915  0.0181708   0.09716835
  0.          0.00141583  0.00858417  0.00716835  0.          0.00692578
 -0.0236584   0.00358417]
	[RESULT 67] [ 0.0224324  -0.00268192  0.01511432  0.01863768  0.02159096  0.09022864
  0.          0.00665704  0.00511432  0.00022864  0.          0.0254324
 -0.00845328  0.00688568]
	[RESULT 68] [0.030069   0.01388656 0.01604444 0.02121784 0.01330672 0.09208888
 0.         0.00736668 0.00604444 0.00208888 0.         0.028569
 0.00497544 0.00945556]
	[RESULT 69] [0.01933453 0.02444747 0.01511294 0.01699786 0.00722374 0.09022588
 0.         0.00516118 0.00511294 0.00022588 0.         0.01883453
 0.00422159 0.00538706]
	[RESULT 70] [0.02774935 0.01651429 0.01573636 0.02052014 0.01199285 0.09147271
 0.         0.00479093 0.00573636 0.00147271 0.         0.02474935
 0.01101299 0.00626364]
	[RESULT 71] [ 0.02720398  0.00045643  0.01674755  0.02372332  0.01977178  0.0934951
  0.          0.00325245  0.00674755  0.0034951   0.          0.02770398
 -0.00304847  0.00375245]
	[RESULT 72] [0.030137   0.01280051 0.0170625  0.01947475 0.01359975 0.09412499
 0.         0.00581251 0.0070625  0.00412499 0.         0.028137
 0.0049255  0.0099375 ]
	[RESULT 73] [ 0.02723402  0.0004664   0.01676762  0.02351844  0.0200168   0.09353524
  0.          0.00519714  0.00676762  0.00353524  0.          0.02873402
 -0.00699835  0.00873238]
	[RESULT 74] [0.03312467 0.00467299 0.01845168 0.02101015 0.0179135  0.09690336
 0.         0.00154832 0.00845168 0.00690336 0.         0.03462467
 0.00417299 0.00345168]
	[RESULT 75] [0.01816418 0.02408538 0.01775044 0.01245642 0.00795731 0.09550089
 0.         0.00224956 0.00775044 0.00550089 0.         0.01766418
 0.00041462 0.00275044]
	[RESULT 76] [ 0.01690773 -0.00820388  0.0151116   0.01587127  0.02435194  0.09022321
  0.          0.00516519  0.0051116   0.00022321  0.          0.01840773
 -0.01398067  0.0053884 ]
	[RESULT 77] [ 0.00976541 -0.01839765  0.01816306  0.01687729  0.02055117  0.09632611
  0.          0.00183694  0.00816306  0.00632611  0.          0.01276541
 -0.01807154  0.00383694]
	[RESULT 78] [ 0.02859442  0.0034857   0.01510872  0.02196029  0.01825715  0.09021744
  0.          0.00667384  0.00510872  0.00021744  0.          0.03059442
 -0.00329686  0.00689128]
	[RESULT 79] [0.02865477 0.01470346 0.01664177 0.01961473 0.01289827 0.09328354
 0.         0.00335823 0.00664177 0.00328354 0.         0.02665477
 0.01101299 0.00435823]
	[RESULT 80] [ 0.00925593 -0.01650948  0.01576541  0.01327609  0.02174526  0.09153083
  0.          0.00423459  0.00576541  0.00153083  0.          0.00975593
 -0.02197865  0.00473459]
	[RESULT 81] [0.01925244 0.02193337 0.01881419 0.01140493 0.00903332 0.09762839
 0.         0.00118581 0.00881419 0.00762839 0.         0.01875244
 0.00256663 0.00381419]
	[RESULT 82] [ 0.01598497 -0.01098121  0.01696617  0.01819174  0.0242594   0.09393235
  0.          0.00303383  0.00696617  0.00393235  0.          0.01748497
 -0.01304886  0.00353383]
	[RESULT 83] [0.01053485 0.01564361 0.01510876 0.01260428 0.0028218  0.09021752
 0.         0.00832628 0.00510876 0.00021752 0.         0.00853485
 0.00042609 0.01189124]
	[RESULT 84] [ 0.00592516 -0.02215199  0.01807715  0.0148283   0.01867401  0.09615429
  0.          0.00192285  0.00807715  0.00615429  0.          0.00742516
 -0.02265199  0.00307715]
	[RESULT 85] [ 0.00600915 -0.02198582  0.01799497  0.01474704  0.01875709  0.09598995
  0.          0.00200503  0.00799497  0.00598995  0.          0.00750915
 -0.02248582  0.00299497]
	[RESULT 86] [ 0.00631727 -0.021367    0.01768426  0.01443503  0.0190665   0.09536853
  0.          0.00231574  0.00768426  0.00536853  0.          0.00781727
 -0.02199847  0.00281574]
	[RESULT 87] [0.02452647 0.01716964 0.01830389 0.0150574  0.01166518 0.09660777
 0.         0.00169611 0.00830389 0.00660777 0.         0.02302647
 0.00633036 0.00330389]
	[RESULT 88] [0.02228494 0.02048541 0.01722965 0.01554799 0.0100073  0.09445931
 0.         0.00277035 0.00722965 0.00445931 0.         0.02028494
 0.00405528 0.00377035]
	[RESULT 89] [ 0.00889112 -0.01621916  0.01511027  0.01186097  0.02164042  0.09022054
  0.          0.00516918  0.00511027  0.00022054  0.          0.01039112
 -0.02199861  0.00538973]
	[RESULT 90] [0.01696967 0.0230483  0.01607863 0.01461689 0.00677415 0.09215726
 0.         0.00876411 0.00607863 0.00215726 0.         0.01396967
 0.00489104 0.01092137]
	[RESULT 91] [0.03258818 0.00787477 0.01953705 0.01698851 0.01606261 0.0990741
 0.         0.00046295 0.00953705 0.0090741  0.         0.03208818
 0.00637477 0.00453705]
	[RESULT 92] [0.0108354  0.01625726 0.01542185 0.01228492 0.00312863 0.09084371
 0.         0.00923444 0.00542185 0.00084371 0.         0.0103354
 0.00041355 0.01007815]
	[RESULT 93] [ 0.01234657 -0.01733268  0.01967925  0.02044216  0.02108366  0.0993585
  0.          0.00032075  0.00967925  0.0093585   0.          0.01384657
 -0.01783268  0.00467925]
	[RESULT 94] [0.01422011 0.01936013 0.01514002 0.01465003 0.00493006 0.09028003
 0.         0.00992005 0.00514002 0.00028003 0.         0.01272011
 0.00308009 0.01035998]
	[RESULT 95] [0.02838571 0.01389003 0.01772427 0.01785645 0.01330499 0.09544853
 0.         0.0038272  0.00772427 0.00544853 0.         0.02538571
 0.00833856 0.00927573]
	[RESULT 96] [ 0.02861956  0.00350967  0.01510989  0.02172461  0.01849517  0.09021978
  0.          0.00832967  0.00510989  0.00021978  0.          0.03161956
 -0.00727055  0.01189011]
	[RESULT 97] [ 0.03027244  0.0007467   0.01952574  0.02082516  0.01987665  0.09905149
  0.          0.00047426  0.00952574  0.00905149  0.          0.03327244
 -0.00120181  0.00747426]
	[RESULT 98] [0.02587184 0.0163576  0.01777056 0.01653008 0.0120712  0.09554112
 0.         0.00222944 0.00777056 0.00554112 0.         0.02437184
 0.0071424  0.00277056]
	[RESULT 99] [ 0.01605221 -0.01195471  0.01800692  0.01978649  0.02377265  0.09601384
  0.          0.00199308  0.00800692  0.00601384  0.          0.01905221
 -0.01194087  0.00399308]
	[RESULT 100] [0.03458014 0.00803924 0.01738063 0.02121913 0.01598038 0.09476126
 0.         0.00261937 0.00738063 0.00476126 0.         0.03408014
 0.00580049 0.00311937]
	[RESULT 101] [0.0239883  0.01723077 0.01878093 0.01382275 0.01138462 0.09756187
 0.         0.00121907 0.00878093 0.00756187 0.         0.0219883
 0.01020737 0.00821907]
	[RESULT 102] [ 0.00574762 -0.02250487  0.01825249  0.01500254  0.01849756  0.09650498
  0.          0.00174751  0.00825249  0.00650498  0.          0.00724762
 -0.02300487  0.00325249]
	[RESULT 103] [ 2.93724025e-02  8.50231015e-05  1.92873794e-02  2.16327297e-02
  2.02074884e-02  9.85747588e-02  0.00000000e+00  7.12620624e-04
  9.28737938e-03  8.57475875e-03  0.00000000e+00  3.08724025e-02
 -4.14976898e-04  4.28737938e-03]
	[RESULT 104] [0.01534032 0.02044903 0.01510871 0.01525709 0.00547452 0.09021743
 0.         0.00832614 0.00510871 0.00021743 0.         0.01234032
 0.00423161 0.01189129]
	[RESULT 105] [ 0.00529775 -0.02340562  0.01870337  0.01545392  0.01804719  0.09740673
  0.          0.00129663  0.00870337  0.00740673  0.          0.00679775
 -0.02390562  0.00370337]
	[RESULT 106] [0.02684819 0.01615526 0.01699655 0.01792927 0.01192237 0.09399311
 0.         0.00451034 0.00699655 0.00399311 0.         0.02634819
 0.00814836 0.00850345]
	[RESULT 107] [0.02796278 0.01692849 0.01510874 0.02156828 0.01178576 0.09021747
 0.         0.00982621 0.00510874 0.00021747 0.         0.02646278
 0.00614596 0.01039126]
	[RESULT 108] [0.02086767 0.0217554  0.01737693 0.01436845 0.0091223  0.09475385
 0.         0.00486922 0.00737693 0.00475385 0.         0.01886767
 0.00849075 0.00962307]
	[RESULT 109] [ 0.00668873 -0.02062552  0.01731425  0.01406574  0.01943724  0.0946285
  0.          0.00268575  0.00731425  0.0046285   0.          0.00818873
 -0.02199702  0.00318575]
	[RESULT 110] [0.02307693 0.01881335 0.01810973 0.01437387 0.01059333 0.09621945
 0.         0.00189027 0.00810973 0.00621945 0.         0.02257693
 0.0099672  0.00739027]
	[RESULT 111] [0.01760634 0.02480536 0.01719902 0.01300463 0.00740268 0.09439805
 0.         0.00280098 0.00719902 0.00439805 0.         0.01560634
 0.00040731 0.00480098]
	[RESULT 112] [0.01227674 0.01911677 0.01684003 0.01087833 0.00455839 0.09368006
 0.         0.00497991 0.00684003 0.00368006 0.         0.01177674
 0.00043671 0.00865997]
	[RESULT 113] [ 0.00786678 -0.01830174  0.01616852  0.01293618  0.02059913  0.09233705
  0.          0.00383148  0.00616852  0.00233705  0.          0.00936678
 -0.02196469  0.00433148]
	[RESULT 114] [ 0.02805133 -0.00014315  0.01819448  0.02393262  0.02032158  0.09638896
  0.          0.00180552  0.00819448  0.00638896  0.          0.02955133
 -0.00064315  0.00319448]
	[RESULT 115] [0.02016387 0.02313912 0.01669701 0.01528642 0.00868044 0.09339402
 0.         0.00330299 0.00669701 0.00339402 0.         0.01866387
 0.00246686 0.00380299]
	[RESULT 116] [0.02521565 0.01839401 0.01639034 0.01802231 0.01080299 0.09278069
 0.         0.00782897 0.00639034 0.00278069 0.         0.02321565
 0.0091747  0.01060966]
	[RESULT 117] [ 0.00599882 -0.02200622  0.01800504  0.01475697  0.01874689  0.09601008
  0.          0.00199496  0.00800504  0.00601008  0.          0.00749882
 -0.02250622  0.00300504]
	[RESULT 118] [ 0.00548589 -0.0230289   0.01851479  0.01526512  0.01823555  0.09702957
  0.          0.00148521  0.00851479  0.00702957  0.          0.00698589
 -0.0235289   0.00351479]
	[RESULT 119] [0.03412107 0.00845559 0.01566549 0.02444123 0.01577221 0.09133097
 0.         0.00433451 0.00566549 0.00133097 0.         0.03462107
 0.00278656 0.00483451]
	[RESULT 120] [0.02531602 0.01957524 0.01510874 0.01999491 0.01021238 0.09021747
 0.         0.00517379 0.00510874 0.00021747 0.         0.02481602
 0.01020729 0.00539126]
