[METRICS]
	[DISEQUILIBRIUM COUNT] 940
[VARIABLES]
	[RESULT 1] [0 6.570558637082324 0 4 23 3998.8826658695207 99]
	[RESULT 2] [1 5.955177197789534 0 1 3 3985.1343529220553 100]
	[RESULT 3] [0 10.8217857295246 1 4 4 3642.0797754662944 91]
	[RESULT 4] [1 49.89936302516391 1 4 15 3998.414344098909 98]
	[RESULT 5] [1 5.2796754526498635 1 4 22 3213.458354217242 95]
	[RESULT 6] [1 8.676273353654429 1 4 3 3958.990238755754 98]
	[RESULT 7] [1 49.887349234046496 1 1 14 3993.00739367614 100]
	[RESULT 8] [0 49.848736845767185 1 4 4 1001.9323697686691 1]
	[RESULT 9] [0 5.00029837669354 1 4 22 3998.3382442837474 100]
	[RESULT 10] [1 49.98461948626043 1 1 15 3862.071559643456 100]
	[RESULT 11] [0 42.24434468050984 0 1 3 3996.209182440602 100]
	[RESULT 12] [1 5.14494459996453 0 1 22 3995.7174714685007 100]
	[RESULT 13] [0 6.4117361334238145 0 4 22 3999.3539838568495 100]
	[RESULT 14] [0 7.5794589832102615 1 4 11 1040.5026394323934 2]
	[RESULT 15] [1 7.638493726699404 0 4 3 3996.51700389819 100]
	[RESULT 16] [1 5.439723303646829 0 1 3 3999.9829201914754 100]
	[RESULT 17] [0 6.628995645429007 0 4 22 3995.391258524417 100]
	[RESULT 18] [0 17.966524882636353 0 1 4 3990.791477610601 100]
	[RESULT 19] [1 5.691841667557105 0 1 4 3999.989193226347 100]
	[RESULT 20] [1 5.6234818717524675 0 3 13 3995.98409171866 100]
	[RESULT 21] [1 10.57031008643019 0 3 2 3929.372035772611 91]
	[RESULT 22] [0 5.004495475805377 0 1 3 3152.902984339962 98]
	[RESULT 23] [1 5.218936904123338 1 4 22 3999.8598003868765 100]
	[RESULT 24] [1 6.181472795381828 1 4 20 1275.7376990383984 12]
	[RESULT 25] [0 49.84828971199405 0 1 4 1080.8369371443825 2]
	[RESULT 26] [1 49.5922814053254 1 1 22 3867.703254215955 99]
	[RESULT 27] [1 9.670431615484716 0 3 4 3985.1382841368054 100]
	[RESULT 28] [0 6.261129370442279 0 1 4 3998.796775581216 98]
	[RESULT 29] [0 8.169612035649122 0 1 3 3996.1813824003716 100]
	[RESULT 30] [1 6.4595824410600455 0 1 3 3955.0946765856347 99]
	[RESULT 31] [0 49.98523320548859 0 4 4 1004.3139556778364 3]
	[RESULT 32] [1 6.261129370442279 0 4 2 3654.990648397158 98]
	[RESULT 33] [0 5.00277084410553 1 4 20 1090.7823985316847 4]
	[RESULT 34] [0 6.143275350416657 1 1 23 1117.0548335639653 99]
	[RESULT 35] [1 5.392012039526819 1 4 21 3984.154166924395 98]
	[RESULT 36] [1 5.696845403848544 0 1 15 3999.992290504674 100]
	[RESULT 37] [1 5.612671072978867 0 1 1 3999.980004692567 100]
	[RESULT 38] [1 5.534618593802992 0 1 24 3575.1849872978655 99]
	[RESULT 39] [1 5.000061962671994 0 1 3 3999.9986805813915 100]
	[RESULT 40] [1 7.393647681176779 0 1 15 3982.11735542208 100]
	[RESULT 41] [1 11.88420684996011 0 4 10 1280.9083457355375 2]
	[RESULT 42] [1 6.427260891565407 0 4 23 1054.40628112833 5]
	[RESULT 43] [1 5.559636829438228 1 1 3 3986.4184912508254 100]
	[RESULT 44] [0 7.704351839649094 1 1 5 3999.3725343676883 3]
	[RESULT 45] [1 6.3528919153676355 0 1 3 3999.9956219531914 100]
	[RESULT 46] [0 5.002296177600067 0 1 24 3974.9069256587336 100]
	[RESULT 47] [1 5.688368453740185 0 1 15 3999.992290504674 100]
	[RESULT 48] [0 48.035231263053376 1 4 11 3999.9478562826976 99]
	[RESULT 49] [1 9.009750873606972 1 1 13 3900.861935881424 98]
	[RESULT 50] [0 5.200777208804338 1 4 22 3978.240444220428 100]
	[RESULT 51] [0 11.796419388143878 0 1 3 3946.66378825141 100]
	[RESULT 52] [1 49.11781135992611 0 4 3 3944.5633979133395 100]
	[RESULT 53] [1 5.743290883591545 1 3 3 3954.0856990299903 97]
	[RESULT 54] [0 5.849664426983196 1 1 4 3999.469327205291 98]
	[RESULT 55] [1 5.399653107109396 0 1 1 3999.9997046469016 100]
	[RESULT 56] [0 5.561993856172379 1 4 20 1090.7823985316847 4]
	[RESULT 57] [1 5.326927854137001 1 4 4 1080.5228487728389 99]
	[RESULT 58] [1 6.181472795381828 1 1 20 1275.7376990383984 93]
	[RESULT 59] [1 49.99456649175066 1 1 2 3999.7185647300535 100]
	[RESULT 60] [0 6.409601253286598 0 4 21 3999.9893804769376 78]
	[RESULT 61] [1 5.233038937218638 0 1 23 3986.543355212544 100]
	[RESULT 62] [1 7.935518465143698 0 4 1 1457.0246108208 6]
	[RESULT 63] [1 10.046053716704344 0 1 3 3997.773119424898 100]
	[RESULT 64] [0 5.0000288018138415 1 4 24 1058.637034199045 100]
	[RESULT 65] [1 6.54993094495036 0 1 22 3964.576569917639 90]
	[RESULT 66] [0 5.049256917948137 1 4 2 3081.0298905330183 98]
	[RESULT 67] [1 6.454688515975952 0 1 1 3840.7374193177834 87]
	[RESULT 68] [0 10.68369762393392 0 1 4 1035.7483715610213 94]
	[RESULT 69] [1 7.134636035156374 0 1 3 3988.6948045085624 99]
	[RESULT 70] [1 5.220996194353688 1 4 22 3999.8598003868765 90]
	[RESULT 71] [1 8.305815402283288 0 1 15 3999.992290504674 100]
	[RESULT 72] [1 6.770824092641973 0 1 1 3999.980004692567 100]
	[RESULT 73] [1 5.617564998062967 0 1 3 3955.0946765856347 99]
	[RESULT 74] [1 48.32548877602079 0 1 2 1474.8561361774564 100]
	[RESULT 75] [0 5.273618092239409 1 4 24 3975.4367696771274 95]
	[RESULT 76] [1 6.1491265159831485 1 4 4 1286.7087314221767 100]
	[RESULT 77] [1 5.562853677900954 0 1 15 3999.992290504674 100]
	[RESULT 78] [1 49.85887965776925 1 4 3 3999.9659757261934 100]
	[RESULT 79] [0 42.28773648695125 0 4 3 1018.1560769672697 99]
	[RESULT 80] [1 7.476984774937424 0 4 3 3885.8887138822047 98]
	[RESULT 81] [1 5.8246502091313745 1 4 22 3888.9730219565786 100]
	[RESULT 82] [1 5.6055232399318236 0 1 3 3986.0149396691554 100]
	[RESULT 83] [0 9.331499554774169 0 1 3 3998.401520980173 98]
	[RESULT 84] [1 5.17813450760306 0 1 19 3862.7290851159055 99]
	[RESULT 85] [1 5.688368453740185 0 1 2 3843.748018796882 87]
	[RESULT 86] [1 6.781258473097309 1 1 24 1456.1043146050497 93]
	[RESULT 87] [0 49.85353649061746 0 4 3 3985.1030321213602 2]
	[RESULT 88] [0 5.849707683448731 0 1 22 3999.469327205291 98]
	[RESULT 89] [0 10.904405474318988 0 4 20 3950.960638957388 99]
	[RESULT 90] [1 5.774210580567919 0 4 3 3889.4837087884353 100]
	[RESULT 91] [1 5.15742975692713 0 1 24 3691.990640427549 100]
	[RESULT 92] [1 5.6294034809034486 0 1 4 3999.989193226347 100]
	[RESULT 93] [0 48.040684218780115 1 1 11 1310.5182655767715 97]
	[RESULT 94] [1 8.708112231496418 1 4 0 3977.9136611537187 100]
	[RESULT 95] [1 5.823252203360516 1 1 3 1063.871706378453 96]
	[RESULT 96] [0 7.752598203770175 1 1 6 1098.4217882937317 2]
	[RESULT 97] [1 48.854572643756725 0 1 23 3999.995254747875 100]
	[RESULT 98] [1 5.8261033529700095 0 1 3 3999.9876753657304 100]
	[RESULT 99] [0 8.207345204887522 1 4 4 3893.4155431190393 1]
	[RESULT 100] [1 5.428172899758081 1 1 22 3999.8617474593852 100]
	[RESULT 101] [1 5.3851868624367425 0 1 2 3999.9997835103272 100]
	[RESULT 102] [0 6.851940397481556 0 1 3 3996.7385208139717 100]
	[RESULT 103] [1 6.521660701289101 1 3 3 3925.6902073930855 97]
	[RESULT 104] [1 6.591836843117697 1 4 3 3922.4371066803133 100]
	[RESULT 105] [0 48.31117808321106 0 1 15 3973.9605836954424 2]
	[RESULT 106] [1 5.688227905339415 0 1 16 3999.9953994039984 100]
	[RESULT 107] [0 6.014775198225539 0 1 21 1005.0747199353909 2]
	[RESULT 108] [1 5.360702339690361 0 1 15 3951.1194228410463 100]
	[RESULT 109] [0 5.436985508574948 0 4 20 3291.493125327256 11]
	[RESULT 110] [0 11.796419388143878 1 1 3 3946.66378825141 100]
	[RESULT 111] [0 45.495033513586264 0 1 4 1186.2559497413918 98]
	[RESULT 112] [1 49.11781135992611 0 4 3 3861.20254811718 100]
	[RESULT 113] [1 49.72684390288939 0 1 3 3961.1132170739393 100]
	[RESULT 114] [0 48.00483132318914 1 4 15 3942.398418847889 99]
	[RESULT 115] [0 8.437225106037172 0 1 22 3978.240444220428 92]
	[RESULT 116] [0 7.565079790456441 0 1 3 3194.346512505906 98]
	[RESULT 117] [0 5.19936554926178 1 1 3 1096.3939244024643 1]
	[RESULT 118] [1 8.7140067322511 0 4 20 3997.5221280154083 3]
	[RESULT 119] [1 5.64079217361211 0 1 15 3999.992290504674 100]
	[RESULT 120] [0 43.41256937784459 0 1 4 3985.1030321213602 100]
[OBJECTIVES]
	[RESULT 1] [ 0.01912443 -0.00782067  0.0169451   0.01997987  0.02391034  0.0938902
  0.          0.0030549   0.0069451   0.0038902   0.          0.02112443
 -0.01093047  0.0050549 ]
	[RESULT 2] [ 0.01576503 -0.01179228  0.01755731  0.01896848  0.02385386  0.09511463
  0.          0.00244269  0.00755731  0.00511463  0.          0.01726503
 -0.01267766  0.00294269]
	[RESULT 3] [0.01436514 0.02009809 0.01573295 0.01358315 0.00504904 0.09146589
 0.         0.00980116 0.00573295 0.00146589 0.         0.01236514
 0.00363219 0.01126705]
	[RESULT 4] [ 0.02871548  0.00360655  0.01510893  0.02177114  0.01844673  0.09021787
  0.          0.0083268   0.00510893  0.00021787  0.          0.03171548
 -0.00717558  0.01189107]
	[RESULT 5] [0.01901071 0.02208205 0.01890724 0.0113945  0.00920898 0.09781448
 0.         0.00109276 0.00890724 0.00781448 0.         0.01601071
 0.00410347 0.00809276]
	[RESULT 6] [0.02820419 0.01572658 0.01606923 0.02024825 0.01238671 0.09213845
 0.         0.00879232 0.00606923 0.00213845 0.         0.02520419
 0.00686504 0.01093077]
	[RESULT 7] [ 0.01935527 -0.00575369  0.01510896  0.01709108  0.02312684  0.09021792
  0.          0.00982689  0.00510896  0.00021792  0.          0.02085527
 -0.01653576  0.01039104]
	[RESULT 8] [0.0105158  0.01562485 0.01510905 0.01259432 0.00281243 0.09021811
 0.         0.00832716 0.00510905 0.00021811 0.         0.0085158
 0.00040674 0.01189095]
	[RESULT 9] [ 1.15596744e-02 -1.84388342e-02  1.99985086e-02  2.07776000e-02
  2.07805829e-02  9.99970171e-02  0.00000000e+00  1.49143846e-06
  9.99850856e-03  9.99701712e-03  0.00000000e+00  1.35596744e-02
 -2.04418171e-02  7.00149144e-03]
	[RESULT 10] [ 0.03494477  0.0099465   0.01510873  0.02494071  0.01527675  0.09021746
  0.          0.0098262   0.00510873  0.00021746  0.          0.03344477
 -0.00083604  0.01039127]
	[RESULT 11] [ 0.01316095 -0.01196979  0.01513074  0.01427658  0.02401511  0.09026148
  0.          0.00510779  0.00513074  0.00026148  0.          0.01366095
 -0.01870831  0.00536926]
	[RESULT 12] [ 0.00828919 -0.02107783  0.01936702  0.01794513  0.01921108  0.09873405
  0.          0.00063298  0.00936702  0.00873405  0.          0.00978919
 -0.02157783  0.00436702]
	[RESULT 13] [ 0.00855655 -0.01851665  0.0170732   0.01488807  0.02074168  0.09414639
  0.          0.0029268   0.0070732   0.00414639  0.          0.01055655
 -0.02137026  0.0049268 ]
	[RESULT 14] [0.01180829 0.01820515 0.01639686 0.01130886 0.00410258 0.09279372
 0.         0.00780942 0.00639686 0.00279372 0.         0.00980829
 0.00041144 0.01060314]
	[RESULT 15] [ 0.01068289 -0.01569131  0.0163742   0.01465274  0.02190435  0.09274839
  0.          0.0036258   0.0063742   0.00274839  0.          0.01368289
 -0.01894292  0.0056258 ]
	[RESULT 16] [ 0.00554418 -0.02292871  0.01847289  0.01523142  0.01828564  0.09694578
  0.          0.00152711  0.00847289  0.00694578  0.          0.00704418
 -0.02342871  0.00347289]
	[RESULT 17] [ 0.0119895  -0.01491237  0.01690187  0.01634755  0.02254382  0.09380373
  0.          0.00309813  0.00690187  0.00380373  0.          0.0139895
 -0.01810863  0.00509813]
	[RESULT 18] [ 0.0163717  -0.0089863   0.015358    0.01622285  0.02449315  0.090716
  0.          0.004642    0.005358    0.000716    0.          0.0168717
 -0.0152703   0.005142  ]
	[RESULT 19] [ 0.00605544 -0.02189992  0.01795536  0.01471076  0.01880004  0.09591072
  0.          0.00204464  0.00795536  0.00591072  0.          0.00755544
 -0.02239992  0.00295536]
	[RESULT 20] [ 0.00938029 -0.01869951  0.0180798   0.01655985  0.02040025  0.0961596
  0.          0.0019202   0.0080798   0.0061596   0.          0.01188029
 -0.01853991  0.0034202 ]
	[RESULT 21] [0.02529674 0.01894226 0.015761   0.01925687 0.01077887 0.091522
 0.         0.004239   0.005761   0.001522   0.         0.02279674
 0.00853575 0.005739  ]
	[RESULT 22] [2.73609533e-02 1.26614235e-02 1.99776232e-02 1.37140418e-02
 1.36692882e-02 9.99552464e-02 0.00000000e+00 2.23767847e-05
 9.97762322e-03 9.95524643e-03 0.00000000e+00 2.68609533e-02
 1.11614235e-02 4.97762322e-03]
	[RESULT 23] [ 0.01003748 -0.01906445  0.01910194  0.01842164  0.02021777  0.09820387
  0.          0.00089806  0.00910194  0.00820387  0.          0.01303748
 -0.02186058  0.00789806]
	[RESULT 24] [0.01374408 0.02103611 0.01729203 0.011184   0.00576806 0.09458406
 0.         0.00512391 0.00729203 0.00458406 0.         0.01074408
 0.00045205 0.00970797]
	[RESULT 25] [0.01552336 0.02063242 0.01510906 0.0150981  0.00531621 0.09021811
 0.         0.00517283 0.00510906 0.00021811 0.         0.01502336
 0.0004143  0.00539094]
	[RESULT 26] [0.02508305 0.01980728 0.01510967 0.02012702 0.01034636 0.09021934
 0.         0.009829   0.00510967 0.00021934 0.         0.02358305
 0.00902662 0.01039033]
	[RESULT 27] [ 0.01743903 -0.00844274  0.01588177  0.01729216  0.02447137  0.09176353
  0.          0.00411823  0.00588177  0.00176353  0.          0.01993903
 -0.0126792   0.00561823]
	[RESULT 28] [ 0.02227002 -0.00494126  0.01721128  0.02195194  0.02247063  0.09442257
  0.          0.00278872  0.00721128  0.00442257  0.          0.02277002
 -0.00751869  0.00328872]
	[RESULT 29] [ 0.01211348 -0.01408567  0.01619915  0.01535547  0.02295716  0.0923983
  0.          0.00380085  0.00619915  0.0023983   0.          0.01261348
 -0.01868737  0.00430085]
	[RESULT 30] [0.03302647 0.00599361 0.01703287 0.02318747 0.0172532  0.09406573
 0.         0.00296713 0.00703287 0.00406573 0.         0.03452647
 0.00405934 0.00346713]
	[RESULT 31] [0.01551972 0.02062845 0.01510873 0.01509676 0.00531422 0.09021746
 0.         0.00667381 0.00510873 0.00021746 0.         0.01351972
 0.00041099 0.00689127]
	[RESULT 32] [0.0265671  0.01622162 0.01721128 0.01771662 0.01213919 0.09442257
 0.         0.00278872 0.00721128 0.00442257 0.         0.0235671
 0.00835581 0.00478872]
	[RESULT 33] [1.54053736e-02 2.46084423e-02 1.99861841e-02 7.72341071e-03
 7.69577883e-03 9.99723681e-02 0.00000000e+00 1.38159387e-05
 9.98618406e-03 9.97236812e-03 0.00000000e+00 1.34053736e-02
 4.19189538e-04 7.01381594e-03]
	[RESULT 34] [0.02254781 0.02011932 0.01733288 0.01527459 0.00994034 0.09466576
 0.         0.00350137 0.00733288 0.00466576 0.         0.02204781
 0.01021493 0.00816712]
	[RESULT 35] [0.03343997 0.00484805 0.01859192 0.02064213 0.01782598 0.09718385
 0.         0.00140808 0.00859192 0.00718385 0.         0.03356003
 0.00103189 0.00840808]
	[RESULT 36] [ 0.00606106 -0.02188558  0.01794664  0.0147005   0.01880721  0.09589329
  0.          0.00205336  0.00794664  0.00589329  0.          0.00756106
 -0.02238558  0.00294664]
	[RESULT 37] [ 0.00591953 -0.02218091  0.01810045  0.01486044  0.01865954  0.09620089
  0.          0.00189955  0.00810045  0.00620089  0.          0.00741953
 -0.02268091  0.00310045]
	[RESULT 38] [0.0306476  0.01109426 0.01825814 0.01818659 0.01470287 0.09651628
 0.         0.00174186 0.00825814 0.00651628 0.         0.0291476
 0.01059426 0.00325814]
	[RESULT 39] [ 4.00162914e-03 -2.59980611e-02  1.99996902e-02  1.67503499e-02
  1.67509695e-02  9.99993804e-02  0.00000000e+00  3.09794164e-07
  9.99969021e-03  9.99938041e-03  0.00000000e+00  5.50162914e-03
 -2.64980611e-02  4.99969021e-03]
	[RESULT 40] [ 0.017952   -0.00852134  0.01647334  0.01843601  0.02451067  0.09294668
  0.          0.00352666  0.00647334  0.00294668  0.          0.019452
 -0.01157466  0.00402666]
	[RESULT 41] [0.01706396 0.02269814 0.01563418 0.01533071 0.00659907 0.09126836
 0.         0.00509746 0.00563418 0.00126836 0.         0.01406396
 0.00042978 0.00636582]
	[RESULT 42] [0.01847866 0.0244614  0.01705994 0.01389943 0.0080193  0.09411987
 0.         0.00294006 0.00705994 0.00411987 0.         0.01547866
 0.00041873 0.00494006]
	[RESULT 43] [ 0.01959466 -0.00861122  0.01820587  0.02185614  0.02455561  0.09641175
  0.          0.00179413  0.00820587  0.00641175  0.          0.02109466
 -0.01319947  0.00729413]
	[RESULT 44] [ 0.03405826  0.00770849  0.01634976  0.02344623  0.01614575  0.09269953
  0.          0.00645071  0.00634976  0.00269953  0.          0.03455826
 -0.00159198  0.00915024]
	[RESULT 45] [ 0.00687933 -0.02024571  0.01712504  0.01387723  0.01962714  0.09425009
  0.          0.00287496  0.00712504  0.00425009  0.          0.00837933
 -0.02199562  0.00337496]
	[RESULT 46] [ 1.75346799e-02 -1.24538655e-02  1.99885454e-02  2.37501581e-02
  2.37730673e-02  9.99770908e-02  0.00000000e+00  1.14545862e-05
  9.98854541e-03  9.97709083e-03  0.00000000e+00  1.80346799e-02
 -1.39538655e-02  4.98854541e-03]
	[RESULT 47] [ 0.00604627 -0.02191517  0.01796144  0.01471529  0.01879241  0.09592288
  0.          0.00203856  0.00796144  0.00592288  0.          0.00754627
 -0.02241517  0.00296144]
	[RESULT 48] [ 0.02493849 -0.00017506  0.01511355  0.02013956  0.02008753  0.09022709
  0.          0.00834064  0.00511355  0.00022709  0.          0.02693849
 -0.01194796  0.01188645]
	[RESULT 49] [0.02369944 0.02030251 0.01599805 0.01810264 0.01009875 0.09199611
 0.         0.00750584 0.00599805 0.00199611 0.         0.02219944
 0.01129862 0.00950195]
	[RESULT 50] [ 0.02246978 -0.00669419  0.01916397  0.02498084  0.0233471   0.09832794
  0.          0.00083603  0.00916397  0.00832794  0.          0.02446978
 -0.01036625  0.00783603]
	[RESULT 51] [ 0.02638025  0.00073893  0.01564132  0.0216521   0.01963054  0.09128264
  0.          0.00435868  0.00564132  0.00128264  0.          0.02688025
 -0.00497843  0.00485868]
	[RESULT 52] [ 0.02611908  0.00100826  0.01511082  0.02047577  0.01974587  0.09022164
  0.          0.00666754  0.00511082  0.00022164  0.          0.02911908
 -0.00477009  0.00688918]
	[RESULT 53] [0.02768159 0.01445027 0.01786814 0.01728859 0.01302487 0.09573628
 0.         0.00289558 0.00786814 0.00573628 0.         0.02518159
 0.00918655 0.00863186]
	[RESULT 54] [ 0.02614978 -0.00155341  0.01770319  0.02462968  0.02077671  0.09540639
  0.          0.00239042  0.00770319  0.00540639  0.          0.02664978
 -0.00814702  0.00779681]
	[RESULT 55] [ 0.00542798 -0.02314433  0.01857231  0.01532246  0.01817783  0.09714463
  0.          0.00142769  0.00857231  0.00714463  0.          0.00692798
 -0.02364433  0.00357231]
	[RESULT 56] [0.01362023 0.02182126 0.01820104 0.00950856 0.00591063 0.09640207
 0.         0.00239689 0.00820104 0.00640207 0.         0.01162023
 0.00041919 0.00879896]
	[RESULT 57] [0.02498036 0.01625153 0.0187681  0.01458803 0.01212423 0.0975362
 0.         0.0012319  0.0087681  0.0075362  0.         0.02198036
 0.01021226 0.0082319 ]
	[RESULT 58] [0.01601936 0.02331139 0.01729203 0.01232164 0.0069057  0.09458406
 0.         0.00362391 0.00729203 0.00458406 0.         0.01451936
 0.00272733 0.00820797]
	[RESULT 59] [ 0.01416959 -0.01093911  0.01510871  0.01449786  0.02428044  0.09021742
  0.          0.00982613  0.00510871  0.00021742  0.          0.01566959
 -0.0217217   0.01039129]
	[RESULT 60] [ 2.70660177e-02 -9.01444591e-06  1.70750321e-02  2.41455570e-02
  2.00045072e-02  9.41500642e-02  0.00000000e+00  2.92496788e-03
  7.07503212e-03  4.15006424e-03  0.00000000e+00  2.90660177e-02
 -2.85895020e-03  4.92496788e-03]
	[RESULT 61] [ 0.01369291 -0.01536211  0.01905502  0.02017899  0.02206894  0.09811004
  0.          0.00094498  0.00905502  0.00811004  0.          0.01519291
 -0.01586211  0.00405502]
	[RESULT 62] [0.01772439 0.02399487 0.01627048 0.01470647 0.00724743 0.09254096
 0.         0.00372952 0.00627048 0.00254096 0.         0.01472439
 0.00045391 0.00572952]
	[RESULT 63] [ 0.01021776 -0.01560923  0.01582699  0.01359936  0.02194539  0.09165397
  0.          0.00417301  0.00582699  0.00165397  0.          0.01171776
 -0.01995526  0.00467301]
	[RESULT 64] [3.47894483e-02 4.78959228e-03 1.99998560e-02 1.76054919e-02
 1.76052039e-02 9.99997120e-02 0.00000000e+00 1.44004922e-07
 9.99985600e-03 9.99971199e-03 0.00000000e+00 3.32105517e-02
 2.78930427e-03 7.00014400e-03]
	[RESULT 65] [0.03012269 0.01291647 0.01696084 0.01987009 0.01379176 0.09392167
 0.         0.00303916 0.00696084 0.00392167 0.         0.02862269
 0.01083815 0.00353916]
	[RESULT 66] [0.02209404 0.01814068 0.01976528 0.0113991  0.01092966 0.09953055
 0.         0.00023472 0.00976528 0.00953055 0.         0.02009404
 0.00732876 0.00723472]
	[RESULT 67] [0.02285739 0.02010569 0.01703692 0.01612332 0.01019715 0.09407384
 0.         0.00296308 0.00703692 0.00407384 0.         0.02135739
 0.00482047 0.00346308]
	[RESULT 68] [0.01881431 0.0245624  0.01574809 0.01578502 0.0072812  0.09149618
 0.         0.00425191 0.00574809 0.00149618 0.         0.01831431
 0.00306623 0.00475191]
	[RESULT 69] [ 0.02518975 -0.00140533  0.01659508  0.0222375   0.02095266  0.09319016
  0.          0.00340492  0.00659508  0.00319016  0.          0.02668975
 -0.00421517  0.00390492]
	[RESULT 70] [ 0.02822622 -0.0008688   0.01909502  0.02249437  0.0206844   0.09819003
  0.          0.00090498  0.00909502  0.00819003  0.          0.03122622
 -0.00367876  0.00790498]
	[RESULT 71] [ 0.00784649 -0.01831473  0.01616122  0.01291507  0.02059263  0.09232244
  0.          0.00383878  0.00616122  0.00232244  0.          0.00934649
 -0.02199229  0.00433878]
	[RESULT 72] [ 0.00721546 -0.01958906  0.01680452  0.01356451  0.01995547  0.09360903
  0.          0.00319548  0.00680452  0.00360903  0.          0.00871546
 -0.02198002  0.00369548]
	[RESULT 73] [0.03196827 0.0038772  0.01809107 0.02212927 0.0183114  0.09618213
 0.         0.00190893 0.00809107 0.00618213 0.         0.03346827
 0.0033772  0.00309107]
	[RESULT 74] [0.03364211 0.00852931 0.0151128  0.02424026 0.01598534 0.0902256
 0.         0.00516159 0.0051128  0.0002256  0.         0.03485789
 0.00275492 0.0053872 ]
	[RESULT 75] [0.02986931 0.01120486 0.01892582 0.01654592 0.01439757 0.09785165
 0.         0.00107418 0.00892582 0.00785165 0.         0.02786931
 0.00705651 0.00807418]
	[RESULT 76] [0.03355477 0.0091187  0.01732653 0.0210376  0.01569065 0.09465305
 0.         0.00502042 0.00732653 0.00465305 0.         0.03055477
 0.00277176 0.00967347]
	[RESULT 77] [ 0.00580843 -0.02239084  0.01819928  0.01495313  0.01855458  0.09639855
  0.          0.00180072  0.00819928  0.00639855  0.          0.00730843
 -0.02289084  0.00319928]
	[RESULT 78] [ 0.01392495 -0.01118408  0.01510903  0.01437602  0.02415796  0.09021806
  0.          0.00832709  0.00510903  0.00021806  0.          0.01692495
 -0.02196602  0.01189097]
	[RESULT 79] [0.02533845 0.01953096 0.01513059 0.01997334 0.01023452 0.09026118
 0.         0.00660823 0.00513059 0.00026118 0.         0.02333845
 0.01020786 0.00686941]
	[RESULT 80] [0.0285975  0.01496447 0.01643803 0.01989171 0.01276776 0.09287606
 0.         0.00356197 0.00643803 0.00287606 0.         0.0255975
 0.01115947 0.00556197]
	[RESULT 81] [ 0.03166507  0.00392482  0.01774025  0.02280709  0.01828759  0.0954805
  0.          0.00377925  0.00774025  0.0054805   0.          0.03466507
 -0.00159468  0.00925975]
	[RESULT 82] [ 0.01485397 -0.01326028  0.01811425  0.01934836  0.02311986  0.0962285
  0.          0.00188575  0.00811425  0.0062285   0.          0.01635397
 -0.01376028  0.00311425]
	[RESULT 83] [ 0.02389793 -0.0020399   0.01593782  0.0208557   0.02101995  0.09187564
  0.          0.00406218  0.00593782  0.00187564  0.          0.02439793
 -0.00716425  0.00456218]
	[RESULT 84] [0.03409558 0.00666042 0.019244   0.01843179 0.01691979 0.098488
 0.         0.000756   0.009244   0.008488   0.         0.03259558
 0.00616042 0.004244  ]
	[RESULT 85] [0.02383825 0.01820031 0.01796144 0.01522697 0.01114984 0.09592288
 0.         0.00203856 0.00796144 0.00592288 0.         0.02233825
 0.00529969 0.00296144]
	[RESULT 86] [0.01554104 0.02233879 0.01679775 0.0128239  0.00641939 0.09359549
 0.         0.00510676 0.00679775 0.00359549 0.         0.01404104
 0.0027433  0.00870225]
	[RESULT 87] [0.03097641 0.01391454 0.01510904 0.02282464 0.01304273 0.09021809
 0.         0.00667287 0.00510904 0.00021809 0.         0.02897641
 0.00713263 0.00689096]
	[RESULT 88] [ 0.02114985 -0.00655328  0.01770313  0.02212962  0.02327664  0.09540626
  0.          0.00229687  0.00770313  0.00540626  0.          0.02164985
 -0.00814702  0.00279687]
	[RESULT 89] [0.03416563 0.01011019 0.01572418 0.02349655 0.0149449  0.09144835
 0.         0.00482747 0.00572418 0.00144835 0.         0.03216563
 0.00455854 0.00627582]
	[RESULT 90] [ 0.02656985 -0.0012483   0.01781815  0.02476216  0.02087415  0.09563631
  0.          0.00218185  0.00781815  0.00563631  0.          0.02956985
 -0.00161199  0.00418185]
	[RESULT 91] [ 0.02780326 -0.00151666  0.01931992  0.0223685   0.02100833  0.09863983
  0.          0.00068008  0.00931992  0.00863983  0.          0.02930326
 -0.00201666  0.00431992]
	[RESULT 92] [ 0.00594219 -0.02212641  0.01806861  0.01482401  0.01868679  0.09613722
  0.          0.00193139  0.00806861  0.00613722  0.          0.00744219
 -0.02262641  0.00306861]
	[RESULT 93] [0.01534378 0.02045731 0.01511353 0.01500159 0.00522865 0.09022706
 0.         0.00984059 0.00511353 0.00022706 0.         0.01484378
 0.00523025 0.01038647]
	[RESULT 94] [ 0.02466451 -0.00139748  0.016062    0.02117525  0.02094874  0.09212399
  0.          0.00881401  0.006062    0.00212399  0.          0.02766451
 -0.01027349  0.010938  ]
	[RESULT 95] [0.01795342 0.02430423 0.01774235 0.01261318 0.00809789 0.0954847
 0.         0.00227294 0.00774235 0.0054847  0.         0.01645342
 0.00421107 0.00775765]
	[RESULT 96] [0.01174799 0.0180804  0.01633241 0.01137538 0.0040402  0.09266482
 0.         0.00650277 0.00633241 0.00266482 0.         0.01124799
 0.00041558 0.00916759]
	[RESULT 97] [ 0.00889327 -0.0162182   0.01511147  0.01186384  0.0216409   0.09022294
  0.          0.00516559  0.00511147  0.00022294  0.          0.01039327
 -0.02199526  0.00538853]
	[RESULT 98] [ 0.00627425 -0.02146382  0.01773807  0.01449423  0.01901809  0.09547614
  0.          0.00226193  0.00773807  0.00547614  0.          0.00777425
 -0.02198768  0.00276193]
	[RESULT 99] [0.0161382  0.0223266  0.0161884  0.0137865  0.0061633  0.0923768
 0.         0.00843481 0.0061884  0.0023768  0.         0.0141382
 0.0049498  0.0108116 ]
	[RESULT 100] [ 0.01063652 -0.01786446  0.01850098  0.01781972  0.02081777  0.09700195
  0.          0.00149902  0.00850098  0.00700195  0.          0.01213652
 -0.02186251  0.00699902]
	[RESULT 101] [ 0.0053906  -0.02321903  0.01860962  0.01535973  0.01814049  0.09721924
  0.          0.00139038  0.00860962  0.00721924  0.          0.0068906
 -0.02371903  0.00360962]
	[RESULT 102] [ 0.0111319  -0.01562129  0.01675319  0.01569574  0.02218935  0.09350638
  0.          0.00324681  0.00675319  0.00350638  0.          0.0116319
 -0.01911491  0.00374681]
	[RESULT 103] [0.02427626 0.01874092 0.01698282 0.0169139  0.01087954 0.09396564
 0.         0.00555154 0.00698282 0.00396564 0.         0.02177626
 0.01129344 0.00951718]
	[RESULT 104] [ 0.03097704  0.00404791  0.01692913  0.02436778  0.01822604  0.09385827
  0.          0.0062126   0.00692913  0.00385827  0.          0.03397704
 -0.00309382  0.01007087]
	[RESULT 105] [0.0275603  0.01732687 0.01511284 0.02111089 0.01133657 0.09022568
 0.         0.00516148 0.00511284 0.00022568 0.         0.0270603
 0.01055254 0.00538716]
	[RESULT 106] [ 0.00604291 -0.02191877  0.01796169  0.01471399  0.01879061  0.09592337
  0.          0.00203831  0.00796169  0.00592337  0.          0.00754291
 -0.02241877  0.00296169]
	[RESULT 107] [0.01789065 0.02462769 0.01748167 0.01272282 0.00768616 0.09496333
 0.         0.00251833 0.00748167 0.00496333 0.         0.01739065
 0.00040898 0.00301833]
	[RESULT 108] [ 0.02186583 -0.00680874  0.01867457  0.02369477  0.02365437  0.09734915
  0.          0.00132543  0.00867457  0.00734915  0.          0.02336583
 -0.00730874  0.00367457]
	[RESULT 109] [0.0195538  0.02196669 0.01847951 0.01205764 0.00901665 0.09695901
 0.         0.00152049 0.00847951 0.00695901 0.         0.0175538
 0.00107429 0.00352049]
	[RESULT 110] [ 0.03138025  0.00573893  0.01564132  0.0241521   0.01713054  0.09128264
  0.          0.00857604  0.00564132  0.00128264  0.          0.03188025
 -0.00497843  0.00985868]
	[RESULT 111] [0.02200733 0.02287217 0.0151205  0.01832292 0.00856391 0.09024099
 0.         0.00513851 0.0051205  0.00024099 0.         0.02150733
 0.00688683 0.0053795 ]
	[RESULT 112] [ 0.03007349  0.00496267  0.01511082  0.02245298  0.01776867  0.09022164
  0.          0.00666754  0.00511082  0.00022164  0.          0.03307349
 -0.00081569  0.00688918]
	[RESULT 113] [ 0.02410772 -0.00100162  0.01510934  0.01946788  0.02075081  0.09021869
  0.          0.00517197  0.00510934  0.00021869  0.          0.02560772
 -0.00678293  0.00539066]
	[RESULT 114] [0.02768007 0.01720631 0.01511362 0.0211696  0.01139684 0.09022725
 0.         0.00834087 0.00511362 0.00022725 0.         0.02568007
 0.00543356 0.01188638]
	[RESULT 115] [0.0317153  0.01215787 0.01612683 0.02166741 0.01392107 0.09225366
 0.         0.00387317 0.00612683 0.00225366 0.         0.0312153
 0.00741153 0.00437317]
	[RESULT 116] [0.02382158 0.01977593 0.01640249 0.01730705 0.01011204 0.09280499
 0.         0.00359751 0.00640249 0.00280499 0.         0.02332158
 0.00741909 0.00409751]
	[RESULT 117] [0.01458228 0.02375115 0.01916887 0.00853784 0.00687558 0.09833774
 0.         0.00083113 0.00916887 0.00833774 0.         0.01408228
 0.00041341 0.00633113]
	[RESULT 118] [2.99896745e-02 3.92900564e-03 1.60606688e-02 2.38358405e-02
 1.82854972e-02 9.21213377e-02 0.00000000e+00 3.93933117e-03
 6.06066883e-03 2.12133766e-03 0.00000000e+00 3.29896745e-02
 5.03432970e-05 5.93933117e-03]
	[RESULT 119] [ 0.0059604  -0.02208691  0.01804731  0.01480116  0.01870655  0.09609462
  0.          0.00195269  0.00804731  0.00609462  0.          0.0074604
 -0.02258691  0.00304731]
	[RESULT 120] [ 0.01920779 -0.00591908  0.01512686  0.01729419  0.02295954  0.09025373
  0.          0.00511941  0.00512686  0.00025373  0.          0.01970779
 -0.01266535  0.00537314]
