[METRICS]
	[DISEQUILIBRIUM COUNT] 1373
[VARIABLES]
	[RESULT 1] [1 7.129165681181783 1 4 10 3956.7628342814332 98]
	[RESULT 2] [0 5.252529592015387 1 4 18 1059.4775363500557 24]
	[RESULT 3] [1 5.766396047318401 1 4 10 3957.858068329668 98]
	[RESULT 4] [1 6.539984259688 1 4 10 3957.662183463796 93]
	[RESULT 5] [0 5.72298249283847 1 1 9 3999.9400226807898 99]
	[RESULT 6] [1 7.738139012820768 1 4 24 3999.5578743427373 2]
	[RESULT 7] [1 5.533210631483777 0 1 4 3999.9953177651614 100]
	[RESULT 8] [1 6.021789975170082 1 1 10 3860.5595272328123 100]
	[RESULT 9] [0 5.274009883830508 1 4 24 3878.7444113873316 88]
	[RESULT 10] [1 5.937492951446432 0 1 4 1410.4541261041052 5]
	[RESULT 11] [1 10.27739111232079 0 1 24 3851.6972262907334 99]
	[RESULT 12] [1 49.88233885454301 0 1 24 3992.234226470758 100]
	[RESULT 13] [0 5.944319542586789 0 4 11 3998.9476393388686 100]
	[RESULT 14] [1 5.540191671109985 1 2 24 3999.75507856666 100]
	[RESULT 15] [1 6.337327413800553 0 2 24 3996.1598850628134 100]
	[RESULT 16] [0 7.429887448729475 0 1 19 1249.7512885372719 10]
	[RESULT 17] [0 5.00000016114148 1 1 22 2467.7683943404554 55]
	[RESULT 18] [1 6.898956634653732 0 1 10 3992.748305044125 100]
	[RESULT 19] [0 5.028797136024804 1 4 24 3982.2423454729114 100]
	[RESULT 20] [0 31.115221795281535 0 4 2 1252.7137468115388 19]
	[RESULT 21] [1 49.813423117048785 0 4 10 3995.4224000045533 100]
	[RESULT 22] [1 5.680124006531287 0 1 18 3999.9995421067074 100]
	[RESULT 23] [1 6.269844069353038 1 4 20 3797.809838481121 97]
	[RESULT 24] [0 6.98688334265733 1 4 10 1204.3842287764182 2]
	[RESULT 25] [1 6.900088498492294 0 4 10 3999.986477264857 100]
	[RESULT 26] [1 9.047669959672566 0 4 12 1056.3512256599752 100]
	[RESULT 27] [1 5.411878757066232 1 1 9 3884.918555254341 98]
	[RESULT 28] [1 5.458012738499547 0 1 21 1260.024370305497 100]
	[RESULT 29] [0 5.970964219445565 1 1 23 3941.809559874376 90]
	[RESULT 30] [1 5.533210631483777 0 1 5 3999.9953177651614 100]
	[RESULT 31] [1 6.6164983151630805 0 1 10 3999.995751753033 100]
	[RESULT 32] [0 6.261306977247736 1 1 24 3556.943607258639 94]
	[RESULT 33] [0 7.066758894104282 0 4 3 3902.65405370559 1]
	[RESULT 34] [1 9.469116080242651 0 1 18 3997.113641389168 100]
	[RESULT 35] [1 5.558238585259912 0 1 18 3993.1671384259375 100]
	[RESULT 36] [0 6.750755663446702 0 4 20 3963.8475481841674 98]
	[RESULT 37] [0 5.944319542586789 0 1 11 3999.0040874507154 95]
	[RESULT 38] [1 7.9971922886235784 0 1 19 3999.999421011414 100]
	[RESULT 39] [1 5.707379877456254 0 1 4 3999.9973016094605 100]
	[RESULT 40] [1 6.584787703569404 0 1 4 3999.9953177651614 100]
	[RESULT 41] [1 7.841986173304548 0 4 10 3999.940432092918 100]
	[RESULT 42] [1 5.199983492125933 1 2 24 3999.343470528764 100]
	[RESULT 43] [0 7.175780157607919 0 4 18 3995.1004771763805 100]
	[RESULT 44] [0 8.053509500480654 0 1 9 3983.62995631932 100]
	[RESULT 45] [1 5.506456031482672 0 1 5 3999.9953177651614 100]
	[RESULT 46] [0 6.294603890045941 1 4 18 1116.7233902412406 24]
	[RESULT 47] [0 47.908860696195156 1 1 18 3677.042684472507 95]
	[RESULT 48] [1 5.981345783798796 0 1 10 3992.126833687242 100]
	[RESULT 49] [1 5.615213589381706 0 1 11 3956.142974348764 100]
	[RESULT 50] [1 5.001744068965357 0 1 23 3999.983100992021 100]
	[RESULT 51] [0 48.690026130068674 0 4 6 1213.123031226129 99]
	[RESULT 52] [0 9.630506512577508 1 1 24 3413.5405719155083 94]
	[RESULT 53] [1 6.203105378130788 0 4 10 1266.1331409474458 2]
	[RESULT 54] [0 49.30113593861639 1 4 10 1183.4321399605149 1]
	[RESULT 55] [0 5.000248623920816 0 1 24 3918.865676472913 99]
	[RESULT 56] [1 10.26673503291539 1 1 10 3968.762503981775 100]
	[RESULT 57] [1 5.546834193151908 1 4 3 1081.00947857418 2]
	[RESULT 58] [1 8.52035400887108 0 4 11 3986.594026845049 100]
	[RESULT 59] [1 5.170988393522915 0 4 23 3996.882403023224 100]
	[RESULT 60] [1 5.426245994391306 1 4 10 3968.762503981775 100]
	[RESULT 61] [0 46.90637115254298 1 1 18 3999.8271356129894 45]
	[RESULT 62] [1 5.336587660738509 0 1 4 3999.9953177651614 100]
	[RESULT 63] [1 6.585645766885295 0 1 11 3971.448860709879 100]
	[RESULT 64] [1 43.086045945102875 0 1 4 3977.6051771856387 100]
	[RESULT 65] [1 5.506456031482672 0 1 5 3866.3885842215113 14]
	[RESULT 66] [1 49.88748118086794 1 4 24 3999.8432210679657 98]
	[RESULT 67] [1 49.51828604844915 0 4 2 3965.6903447608884 100]
	[RESULT 68] [1 48.67366954139814 1 4 9 3986.3846452393427 100]
	[RESULT 69] [0 5.015413336893933 0 1 22 3988.5264387653106 99]
	[RESULT 70] [1 5.6006355311873985 0 1 10 3999.9962558785664 100]
	[RESULT 71] [1 5.843447493931128 0 1 3 3999.999201262628 100]
	[RESULT 72] [0 10.00591278976948 1 4 4 1250.430919801986 1]
	[RESULT 73] [1 5.937492951446432 0 1 4 1410.4541261041052 99]
	[RESULT 74] [0 49.39712920713254 0 1 3 3674.4365779909126 99]
	[RESULT 75] [1 6.380864287814506 0 4 3 3954.501847934644 2]
	[RESULT 76] [1 5.34160904610213 0 1 10 3869.0427805995796 100]
	[RESULT 77] [0 5.351560807197951 0 1 24 2467.8251252460395 4]
	[RESULT 78] [1 5.221793903744296 0 1 3 3980.5413644539603 100]
	[RESULT 79] [1 8.784136199777459 1 1 11 3908.8094676532473 98]
	[RESULT 80] [0 7.1824577437272605 1 1 18 3581.666202384933 94]
	[RESULT 81] [1 6.416563590488237 1 4 10 3938.335643999371 100]
	[RESULT 82] [0 5.327392385680873 0 1 10 3994.860622938607 100]
	[RESULT 83] [0 8.998731509739148 1 1 10 1204.3842287764182 100]
	[RESULT 84] [1 7.70280406638464 0 1 3 3822.6172608049114 100]
	[RESULT 85] [0 5.561171574571449 1 1 22 3995.9469061181476 94]
	[RESULT 86] [0 8.346650819058572 0 1 9 3633.068965172742 99]
	[RESULT 87] [1 5.00544256461911 0 1 11 3990.2909288687947 100]
	[RESULT 88] [1 5.614207290224939 0 1 4 3999.9955031775526 100]
	[RESULT 89] [0 49.99857662050472 1 1 9 3808.579054360371 99]
	[RESULT 90] [0 5.1241857097475565 0 1 9 3432.4519949237233 1]
	[RESULT 91] [1 49.56359115567727 0 1 24 3997.952098813392 100]
	[RESULT 92] [0 7.267786560216406 0 1 24 3991.516126610175 99]
	[RESULT 93] [1 10.090191803337566 0 1 19 3860.346355147299 10]
	[RESULT 94] [0 49.19115543391919 0 1 4 1530.4289169366427 11]
	[RESULT 95] [0 48.12039025576638 0 1 18 3989.4098601406977 95]
	[RESULT 96] [1 5.482336360476159 1 1 10 3995.438600807725 100]
	[RESULT 97] [1 5.755825031458002 0 1 3 3999.999212904372 100]
	[RESULT 98] [1 5.4000826003202045 1 4 10 3957.858068329668 98]
	[RESULT 99] [1 11.966357214542196 0 1 4 3999.996199675292 100]
	[RESULT 100] [0 9.920063342407627 0 1 9 3992.039724563072 100]
	[RESULT 101] [0 6.441571009839343 0 4 12 3984.185537678386 100]
	[RESULT 102] [0 47.91805625343484 1 4 18 3999.9999615393945 100]
	[RESULT 103] [1 49.13292096690857 0 1 19 3999.9953177651614 100]
	[RESULT 104] [1 11.082333915072601 1 4 24 1080.7013684671595 100]
	[RESULT 105] [1 10.540654019851592 0 1 23 1056.3512256599752 42]
	[RESULT 106] [0 8.458885482482632 0 4 24 3968.5669950277893 100]
	[RESULT 107] [0 5.931073829101221 1 4 4 3999.9998092825463 100]
	[RESULT 108] [1 5.199983492125933 1 2 3 3999.343470528764 1]
	[RESULT 109] [0 9.987780797444323 0 4 4 1205.3093579605575 1]
	[RESULT 110] [0 5.917505629638841 0 1 24 3989.2506416663978 4]
	[RESULT 111] [1 5.456901799220292 0 1 24 3999.9275381101606 99]
	[RESULT 112] [0 5.336587660738509 0 1 4 1157.8482203544736 99]
	[RESULT 113] [1 6.696316191783286 1 1 10 3333.0255539344234 100]
	[RESULT 114] [0 5.000000178757658 1 1 8 3971.2978921409695 1]
	[RESULT 115] [1 48.065759985297845 0 4 11 3668.918851391852 100]
	[RESULT 116] [1 5.389469226787295 0 1 4 3999.9996158199056 100]
	[RESULT 117] [1 5.614147879663943 0 1 10 3999.998468486102 100]
	[RESULT 118] [1 43.086045945102875 0 1 4 3998.181053218918 93]
	[RESULT 119] [1 48.117709792623955 0 1 24 1148.4515875904012 97]
	[RESULT 120] [0 5.943299221989001 0 4 4 3994.8661607542367 100]
[OBJECTIVES]
	[RESULT 1] [0.02842377 0.01497836 0.01659787 0.01956508 0.01276082 0.09319574
 0.         0.00720639 0.00659787 0.00319574 0.         0.02542377
 0.0071741  0.01040213]
	[RESULT 2] [0.01446242 0.02345434 0.01899192 0.00874333 0.00672717 0.09798384
 0.         0.00100808 0.00899192 0.00798384 0.         0.01246242
 0.0004705  0.00800808]
	[RESULT 3] [0.02980593 0.01236345 0.01783062 0.01840703 0.01406828 0.09566124
 0.         0.00350813 0.00783062 0.00566124 0.         0.02680593
 0.00702469 0.00916938]
	[RESULT 4] [0.02475008 0.01828141 0.01696852 0.01717226 0.0111093  0.09393703
 0.         0.00609445 0.00696852 0.00393703 0.         0.02175008
 0.01121844 0.01003148]
	[RESULT 5] [ 0.02215789 -0.00574406  0.01790194  0.02293186  0.02287203  0.09580389
  0.          0.00209806  0.00790194  0.00580389  0.          0.02265789
 -0.01194017  0.00759806]
	[RESULT 6] [ 0.03289486  0.00655729  0.01633756  0.02429622  0.01697135  0.09267513
  0.          0.00798731  0.00633756  0.00267513  0.          0.03410514
 -0.00176758  0.01066244]
	[RESULT 7] [ 0.00574355 -0.02251758  0.01826113  0.01501347  0.01849121  0.09652226
  0.          0.00173887  0.00826113  0.00652226  0.          0.00724355
 -0.02301758  0.00326113]
	[RESULT 8] [ 0.03272618  0.00525312  0.01747306  0.02267733  0.01762344  0.09494611
  0.          0.00308083  0.00747306  0.00494611  0.          0.03422618
 -0.00080077  0.00802694]
	[RESULT 9] [0.01973642 0.02133896 0.01892462 0.01148128 0.00933052 0.09784923
 0.         0.00107538 0.00892462 0.00784923 0.         0.01773642
 0.0058118  0.00807538]
	[RESULT 10] [0.01902804 0.02339131 0.01758065 0.01339304 0.00855434 0.09516131
 0.         0.00241935 0.00758065 0.00516131 0.         0.01752804
 0.00044738 0.00291935]
	[RESULT 11] [0.03040291 0.01380058 0.01579651 0.02175669 0.01334971 0.09159302
 0.         0.00420349 0.00579651 0.00159302 0.         0.02890291
 0.00939359 0.00470349]
	[RESULT 12] [ 0.01481624 -0.01029273  0.01510897  0.01482158  0.02460363  0.09021795
  0.          0.00517308  0.00510897  0.00021795  0.          0.01631624
 -0.01607478  0.00539103]
	[RESULT 13] [ 0.00843826 -0.01913334  0.01757159  0.01557652  0.02043333  0.09514319
  0.          0.00242841  0.00757159  0.00514319  0.          0.01043826
 -0.02099015  0.00442841]
	[RESULT 14] [ 0.0109962  -0.01725015  0.01824635  0.01761762  0.02112492  0.0964927
  0.          0.00175365  0.00824635  0.0064927   0.          0.0129962
 -0.02175745  0.00775365]
	[RESULT 15] [ 0.0101896  -0.01694959  0.0171392   0.01555359  0.0212752   0.09427839
  0.          0.0028608   0.0071392   0.00427839  0.          0.0121896
 -0.0186712   0.0038608 ]
	[RESULT 16] [0.01690276 0.02336053 0.01645777 0.01376472 0.00668027 0.09291555
 0.         0.00354223 0.00645777 0.00291555 0.         0.01640276
 0.00044499 0.00404223]
	[RESULT 17] [1.58361351e-02 2.41638657e-02 1.99999992e-02 7.91806875e-03
 7.91806713e-03 9.99999984e-02 0.00000000e+00 8.05707279e-10
 9.99999919e-03 9.99999839e-03 0.00000000e+00 1.53361351e-02
 8.36135881e-04 5.50000081e-03]
	[RESULT 18] [ 0.01289642 -0.01382834  0.01672476  0.01628535  0.02283583  0.09344952
  0.          0.00327524  0.00672476  0.00344952  0.          0.01439642
 -0.01637883  0.00377524]
	[RESULT 19] [ 0.02052269 -0.00933736  0.01986004  0.02494859  0.02466868  0.09972009
  0.          0.00013996  0.00986004  0.00972009  0.          0.02252269
 -0.01161727  0.00713996]
	[RESULT 20] [0.01565375 0.02083814 0.0151844  0.01505028 0.00541907 0.0903688
 0.         0.00644681 0.0051844  0.0003688  0.         0.01365375
 0.00046935 0.0068156 ]
	[RESULT 21] [ 0.01276001 -0.01234913  0.01510914  0.01379371  0.02357543  0.09021828
  0.          0.00667259  0.00510914  0.00021828  0.          0.01576001
 -0.01813086  0.00689086]
	[RESULT 22] [ 0.00602449 -0.02195148  0.01797597  0.0147262   0.01877426  0.09595194
  0.          0.00202403  0.00797597  0.00595194  0.          0.00752449
 -0.02245148  0.00297597]
	[RESULT 23] [0.02095379 0.02184341 0.01720279 0.01492271 0.00932829 0.09440559
 0.         0.00539162 0.00720279 0.00440559 0.         0.01795379
 0.007751   0.00979721]
	[RESULT 24] [0.01209759 0.01877157 0.01667399 0.01103782 0.00438579 0.09334797
 0.         0.00697804 0.00667399 0.00334797 0.         0.01009759
 0.0004236  0.01032601]
	[RESULT 25] [ 0.00728943 -0.01943466  0.01672409  0.01348084  0.02003267  0.09344817
  0.          0.00327591  0.00672409  0.00344817  0.          0.01028943
 -0.02198648  0.00527591]
	[RESULT 26] [0.03279891 0.00680835 0.01599056 0.02486471 0.01684582 0.09198111
 0.         0.00402833 0.00599056 0.00198111 0.         0.03420109
 0.00278947 0.00600944]
	[RESULT 27] [0.02566974 0.01578888 0.01854138 0.0152728  0.01235556 0.09708276
 0.         0.00145862 0.00854138 0.00708276 0.         0.02416974
 0.01112836 0.00695862]
	[RESULT 28] [0.03034463 0.00191531 0.01842933 0.0224337  0.01929235 0.09685865
 0.         0.00157067 0.00842933 0.00685865 0.         0.03184463
 0.00141531 0.00342933]
	[RESULT 29] [0.02186789 0.02059528 0.01753683 0.0146287  0.00970236 0.09507366
 0.         0.00288951 0.00753683 0.00507366 0.         0.02136789
 0.00933106 0.00796317]
	[RESULT 30] [ 0.00574355 -0.02251758  0.01826113  0.01501347  0.01849121  0.09652226
  0.          0.00173887  0.00826113  0.00652226  0.          0.00724355
 -0.02301758  0.00326113]
	[RESULT 31] [ 0.0070933  -0.01981765  0.01691095  0.01366307  0.01984117  0.0938219
  0.          0.00308905  0.00691095  0.0038219   0.          0.0085933
 -0.02199575  0.00358905]
	[RESULT 32] [0.01640356 0.02361467 0.01721111 0.01238512 0.00680734 0.09442222
 0.         0.00386667 0.00721111 0.00442222 0.         0.01590356
 0.00419245 0.00828889]
	[RESULT 33] [0.02193885 0.02143076 0.01663039 0.01602385 0.00928462 0.09326077
 0.         0.00336961 0.00663039 0.00326077 0.         0.01993885
 0.00530847 0.00536961]
	[RESULT 34] [ 0.01067338 -0.01524084  0.01591422  0.01395803  0.02212958  0.09182845
  0.          0.00408578  0.00591422  0.00182845  0.          0.01217338
 -0.01941239  0.00458578]
	[RESULT 35] [ 0.01115745 -0.0170513   0.01820875  0.01764185  0.02122435  0.0964175
  0.          0.00179125  0.00820875  0.0064175   0.          0.01265745
 -0.0175513   0.00320875]
	[RESULT 36] [0.03370471 0.00947761 0.01681768 0.02162583 0.0152612  0.09363536
 0.         0.00318232 0.00681768 0.00363536 0.         0.03170471
 0.00611297 0.00518232]
	[RESULT 37] [ 0.02505283 -0.00251876  0.01757159  0.02388381  0.02125938  0.09514319
  0.          0.00242841  0.00757159  0.00514319  0.          0.02555283
 -0.00437557  0.00292841]
	[RESULT 38] [ 0.0077497  -0.01850118  0.01625088  0.01300117  0.02049941  0.09250176
  0.          0.00374912  0.00625088  0.00250176  0.          0.0092497
 -0.02199942  0.00424912]
	[RESULT 39] [ 0.00607423 -0.02185423  0.01792846  0.01467981  0.01882289  0.09585693
  0.          0.00207154  0.00792846  0.00585693  0.          0.00757423
 -0.02235423  0.00292846]
	[RESULT 40] [ 0.00707029 -0.01986411  0.01693439  0.01368674  0.01981795  0.09386879
  0.          0.00306561  0.00693439  0.00386879  0.          0.00857029
 -0.02199532  0.00356561]
	[RESULT 41] [ 0.00775802 -0.01854339  0.01630141  0.01308112  0.0204783   0.09260282
  0.          0.00369859  0.00630141  0.00260282  0.          0.01075802
 -0.02194057  0.00569859]
	[RESULT 42] [ 0.01047301 -0.01869372  0.01916672  0.01873659  0.02040314  0.09833345
  0.          0.00083328  0.00916672  0.00833345  0.          0.01247301
 -0.02136027  0.00683328]
	[RESULT 43] [ 0.01252224 -0.01405218  0.01657442  0.01612274  0.02297391  0.09314883
  0.          0.00342558  0.00657442  0.00314883  0.          0.01452224
 -0.01790334  0.00542558]
	[RESULT 44] [ 0.01865895 -0.00757455  0.0162335   0.01867972  0.02378727  0.092467
  0.          0.0037665   0.0062335   0.002467    0.          0.01915895
 -0.01210755  0.0042665 ]
	[RESULT 45] [ 0.00568563 -0.02263341  0.01831905  0.01507139  0.01843329  0.0966381
  0.          0.00168095  0.00831905  0.0066381   0.          0.00718563
 -0.02313341  0.00331905]
	[RESULT 46] [0.01265367 0.01983269 0.01717903 0.0105583  0.00491635 0.09435805
 0.         0.00546292 0.00717903 0.00435805 0.         0.01065367
 0.00047464 0.00982097]
	[RESULT 47] [0.0152434  0.02035728 0.01511387 0.01495089 0.00517864 0.09022774
 0.         0.00984162 0.00511387 0.00022774 0.         0.0147434
 0.00512953 0.01038613]
	[RESULT 48] [ 0.012464   -0.01505954  0.01752354  0.0172673   0.02222023  0.09504707
  0.          0.00247646  0.00752354  0.00504707  0.          0.013964
 -0.01601247  0.00297646]
	[RESULT 49] [ 0.02182766 -0.00626791  0.01809557  0.02280718  0.02338396  0.09619113
  0.          0.00190443  0.00809557  0.00619113  0.          0.02332766
 -0.00676791  0.00309557]
	[RESULT 50] [ 4.02559276e-03 -2.59657021e-02  1.99912948e-02  1.67497386e-02
  1.67671490e-02  9.99825897e-02  0.00000000e+00  8.70516242e-06
  9.99129484e-03  9.98258968e-03  0.00000000e+00  5.52559276e-03
 -2.64657021e-02  4.99129484e-03]
	[RESULT 51] [0.02533415 0.01955396 0.01511188 0.01999925 0.01022302 0.09022376
 0.         0.00666435 0.00511188 0.00022376 0.         0.02333415
 0.01022227 0.00688812]
	[RESULT 52] [0.01476731 0.02065533 0.01588802 0.01355162 0.00532766 0.09177604
 0.         0.00783594 0.00588802 0.00177604 0.         0.01426731
 0.00387929 0.00961198]
	[RESULT 53] [0.01869809 0.02403239 0.01726952 0.01369476 0.00823381 0.09453905
 0.         0.00273048 0.00726952 0.00453905 0.         0.01569809
 0.00042856 0.00473048]
	[RESULT 54] [0.01053032 0.01564069 0.01511037 0.0125996  0.00282035 0.09022075
 0.         0.00833112 0.00511037 0.00022075 0.         0.00853032
 0.00041995 0.01188963]
	[RESULT 55] [3.41124787e-02 4.11372147e-03 1.99987572e-02 1.79456249e-02
 1.79431393e-02 9.99975144e-02 0.00000000e+00 1.24281061e-06
 9.99875719e-03 9.99751438e-03 0.00000000e+00 3.46124787e-02
 2.61372147e-03 4.99875719e-03]
	[RESULT 56] [ 0.02708855  0.00129069  0.01579786  0.02199107  0.01960465  0.09159573
  0.          0.00810641  0.00579786  0.00159573  0.          0.02858855
 -0.00811358  0.00970214]
	[RESULT 57] [0.01464673 0.02287913 0.01823241 0.01022475 0.00668957 0.09646482
 0.         0.00230277 0.00823241 0.00646482 0.         0.01164673
 0.00041432 0.00876759]
	[RESULT 58] [ 0.01662038 -0.00948573  0.01610611  0.01721935  0.02499286  0.09221222
  0.          0.00389389  0.00610611  0.00221222  0.          0.01962038
 -0.01327351  0.00589389]
	[RESULT 59] [ 0.00750203 -0.02176787  0.0192699   0.01740586  0.01886607  0.09853979
  0.          0.0007301   0.0092699   0.00853979  0.          0.01050203
 -0.02076787  0.0042699 ]
	[RESULT 60] [ 0.02438071 -0.00412499  0.01850571  0.02469892  0.0223125   0.09701141
  0.          0.00149429  0.00850571  0.00701141  0.          0.02738071
 -0.00811358  0.00849429]
	[RESULT 61] [ 0.034698    0.00958147  0.01511653  0.0249762   0.01520927  0.09023307
  0.          0.0098496   0.00511653  0.00023307  0.          0.034802
 -0.00218547  0.01038347]
	[RESULT 62] [ 0.00526381 -0.02347706  0.01874087  0.01549321  0.01801147  0.09748174
  0.          0.00125913  0.00874087  0.00748174  0.          0.00676381
 -0.02397706  0.00374087]
	[RESULT 63] [ 0.02039516 -0.00653859  0.01693375  0.02034821  0.0235193   0.09386751
  0.          0.00306625  0.00693375  0.00386751  0.          0.02189516
 -0.00867109  0.00356625]
	[RESULT 64] [ 0.02068498 -0.00444294  0.01512792  0.01778438  0.02247147  0.09025585
  0.          0.00511623  0.00512792  0.00025585  0.          0.02218498
 -0.01018709  0.00537208]
	[RESULT 65] [0.02348938 0.01819157 0.01831905 0.01451612 0.01115421 0.0966381
 0.         0.00168095 0.00831905 0.0066381  0.         0.02198938
 0.00530843 0.00331905]
	[RESULT 66] [ 0.02738017  0.00227121  0.01510896  0.02110353  0.01911439  0.09021792
  0.          0.00832689  0.00510896  0.00021792  0.          0.03038017
 -0.00851086  0.01189104]
	[RESULT 67] [ 0.02335224 -0.00175761  0.01510985  0.01909089  0.0211288   0.09021969
  0.          0.00667046  0.00510985  0.00021969  0.          0.02635224
 -0.00753791  0.00689015]
	[RESULT 68] [ 0.02270281 -0.00240912  0.01511192  0.01876929  0.02145456  0.09022385
  0.          0.00833577  0.00511192  0.00022385  0.          0.02570281
 -0.01318527  0.01188808]
	[RESULT 69] [ 2.29401969e-02 -6.98390619e-03  1.99241031e-02  2.36437468e-02
  2.34919531e-02  9.98482063e-02  0.00000000e+00  7.58968606e-05
  9.92410314e-03  9.84820628e-03  0.00000000e+00  2.34401969e-02
 -8.48390619e-03  4.92410314e-03]
	[RESULT 70] [ 0.00587998 -0.02224377  0.01812376  0.01487563  0.01862811  0.09624752
  0.          0.00187624  0.00812376  0.00624752  0.          0.00737998
 -0.02274377  0.00312376]
	[RESULT 71] [ 0.00628849 -0.02142382  0.01771231  0.01446271  0.01903809  0.09542462
  0.          0.00228769  0.00771231  0.00542462  0.          0.00778849
 -0.0219992   0.00278769]
	[RESULT 72] [0.01125777 0.01709029 0.01583251 0.01188012 0.00354514 0.09166503
 0.         0.00950246 0.00583251 0.00166503 0.         0.00925777
 0.00042526 0.01116749]
	[RESULT 73] [0.0288197  0.01359964 0.01758065 0.01828887 0.01345018 0.09516131
 0.         0.00241935 0.00758065 0.00516131 0.         0.0273197
 0.01023905 0.00291935]
	[RESULT 74] [0.02689298 0.01799688 0.01511014 0.02078128 0.01100156 0.09022028
 0.         0.00516958 0.00511014 0.00022028 0.         0.02639298
 0.01121716 0.00538986]
	[RESULT 75] [0.02716758 0.01573234 0.01710008 0.01818367 0.01238383 0.09420016
 0.         0.00289992 0.00710008 0.00420016 0.         0.02416758
 0.0090675  0.00489992]
	[RESULT 76] [ 0.02626562 -0.00246125  0.01872687  0.02402689  0.02148062  0.09745374
  0.          0.00127313  0.00872687  0.00745374  0.          0.02776562
 -0.00296125  0.00372687]
	[RESULT 77] [0.01930698 0.02199359 0.01869943 0.01160435 0.0090032  0.09739885
 0.         0.00130057 0.00869943 0.00739885 0.         0.01880698
 0.00250641 0.00369943]
	[RESULT 78] [ 0.01584965 -0.0132427   0.01909234  0.02131334  0.02312865  0.09818469
  0.          0.00090766  0.00909234  0.00818469  0.          0.01734965
 -0.0137427   0.00409234]
	[RESULT 79] [0.02409088 0.019864   0.01604512 0.01822776 0.010318   0.09209024
 0.         0.00736464 0.00604512 0.00209024 0.         0.02259088
 0.01095424 0.00945488]
	[RESULT 80] [0.01583803 0.02240914 0.01657111 0.01306235 0.00620457 0.09314223
 0.         0.00578666 0.00657111 0.00314223 0.         0.01533803
 0.00426692 0.00892889]
	[RESULT 81] [ 0.02971922  0.00265016  0.01706905  0.02478681  0.01892492  0.09413811
  0.          0.00579284  0.00706905  0.00413811  0.          0.03271922
 -0.00421173  0.00993095]
	[RESULT 82] [ 0.01049622 -0.01827056  0.01876678  0.01839829  0.02086472  0.09753357
  0.          0.00123322  0.00876678  0.00753357  0.          0.01099622
 -0.01977056  0.00376678]
	[RESULT 83] [0.03122184 0.01277791 0.01600025 0.02161054 0.01361105 0.09200051
 0.         0.00749924 0.00600025 0.00200051 0.         0.03072184
 0.00277842 0.00949975]
	[RESULT 84] [ 2.95614640e-02  3.21113598e-03  1.63503280e-02  2.40562240e-02
  1.86444320e-02  9.27006560e-02  0.00000000e+00  3.64967200e-03
  6.35032800e-03  2.70065599e-03  0.00000000e+00  3.10614640e-02
 -8.82080284e-05  4.14967200e-03]
	[RESULT 85] [ 0.0324278   0.00422507  0.01820272  0.02148202  0.01788746  0.09640545
  0.          0.00179728  0.00820272  0.00640545  0.          0.0329278
 -0.00136948  0.00729728]
	[RESULT 86] [0.02774498 0.01610471 0.01615031 0.01964702 0.01194765 0.09230062
 0.         0.00384969 0.00615031 0.00230062 0.         0.02724498
 0.01140533 0.00434969]
	[RESULT 87] [ 1.10202454e-02 -1.89526891e-02  1.99729345e-02  2.02195244e-02
  2.02736555e-02  9.99458690e-02  0.00000000e+00  2.70655173e-05
  9.97293448e-03  9.94586897e-03  0.00000000e+00  1.25202454e-02
 -1.94526891e-02  4.97293448e-03]
	[RESULT 88] [ 0.005907   -0.0221905   0.0180975   0.01484974  0.01865475  0.09619499
  0.          0.0019025   0.0080975   0.00619499  0.          0.007407
 -0.0226905   0.0030975 ]
	[RESULT 89] [0.02299659 0.02189471 0.0151087  0.01883525 0.00905264 0.0902174
 0.         0.0098261  0.0051087  0.0002174  0.         0.02249659
 0.01011211 0.0103913 ]
	[RESULT 90] [0.02070243 0.01984991 0.01944766 0.01117972 0.01007505 0.09889533
 0.         0.00055234 0.00944766 0.00889533 0.         0.02020243
 0.00465009 0.00444766]
	[RESULT 91] [ 0.01078311 -0.01432663  0.01510974  0.01280616  0.02258669  0.09021947
  0.          0.00517079  0.00510974  0.00021947  0.          0.01228311
 -0.02010715  0.00539026]
	[RESULT 92] [ 0.02480421 -0.00172588  0.01653009  0.02219724  0.02086294  0.09306018
  0.          0.00346991  0.00653009  0.00306018  0.          0.02530421
 -0.0056657   0.00396991]
	[RESULT 93] [0.02083662 0.02334239 0.01582099 0.01693682 0.00857881 0.09164198
 0.         0.00417901 0.00582099 0.00164198 0.         0.01933662
 0.00401563 0.00467901]
	[RESULT 94] [0.01558341 0.02069405 0.01511064 0.01512574 0.00534702 0.09022128
 0.         0.00516808 0.00511064 0.00022128 0.         0.01508341
 0.00047277 0.00538936]
	[RESULT 95] [0.0339923  0.00887897 0.01511333 0.02466614 0.01556051 0.09022665
 0.         0.00516002 0.00511333 0.00022665 0.         0.0344923
 0.00210562 0.00538667]
	[RESULT 96] [ 0.01448451 -0.01388854  0.01837305  0.01955184  0.02280573  0.09674611
  0.          0.00162695  0.00837305  0.00674611  0.          0.01598451
 -0.01814244  0.00712695]
	[RESULT 97] [ 0.00615312 -0.02169454  0.01784766  0.01459806  0.01890273  0.09569533
  0.          0.00215234  0.00784766  0.00569533  0.          0.00765312
 -0.02219454  0.00284766]
	[RESULT 98] [0.03054652 0.01088226 0.01857122 0.01766643 0.01480887 0.09714244
 0.         0.00142878 0.00857122 0.00714244 0.         0.02754652
 0.00702469 0.00842878]
	[RESULT 99] [ 0.00837616 -0.01725148  0.01562764  0.01237954  0.02112426  0.09125528
  0.          0.00437236  0.00562764  0.00125528  0.          0.00987616
 -0.0219962   0.00487236]
	[RESULT 100] [ 0.01519319 -0.01065139  0.01584459  0.01636348  0.0246743   0.09168917
  0.          0.00415541  0.00584459  0.00168917  0.          0.01569319
 -0.01596222  0.00465541]
	[RESULT 101] [ 0.01763894 -0.00940892  0.01704786  0.01939126  0.02470446  0.09409572
  0.          0.00295214  0.00704786  0.00409572  0.          0.01963894
 -0.0123132   0.00495214]
	[RESULT 102] [ 0.01488619 -0.01022766  0.01511385  0.01511387  0.02488617  0.0902277
  0.          0.00834155  0.00511385  0.0002277   0.          0.01688619
 -0.02199996  0.01188615]
	[RESULT 103] [ 0.0088939  -0.01621689  0.01511078  0.01186312  0.02164156  0.09022157
  0.          0.00516765  0.00511078  0.00022157  0.          0.0103939
 -0.02199532  0.00538922]
	[RESULT 104] [0.03191826 0.01237576 0.01570598 0.02265016 0.01406212 0.09141196
 0.         0.00988205 0.00570598 0.00141196 0.         0.02891826
 0.00278773 0.01129402]
	[RESULT 105] [0.01731397 0.02307842 0.01576445 0.01526031 0.00678921 0.0915289
 0.         0.00423555 0.00576445 0.0015289  0.         0.01581397
 0.00054952 0.00473555]
	[RESULT 106] [ 0.02280356 -0.00331779  0.01612136  0.02058382  0.0216589   0.09224271
  0.          0.00387864  0.00612136  0.00224271  0.          0.02480356
 -0.00807508  0.00587864]
	[RESULT 107] [ 0.01241096 -0.01517828  0.01758923  0.01758933  0.02241086  0.09517847
  0.          0.0042323   0.00758923  0.00517847  0.          0.01441096
 -0.02199981  0.00941077]
	[RESULT 108] [ 0.03027301  0.00110628  0.01916672  0.02136341  0.01969686  0.09833345
  0.          0.00083328  0.00916672  0.00833345  0.          0.03227301
 -0.00156027  0.00683328]
	[RESULT 109] [0.01625669 0.02209172 0.01583503 0.01437579 0.00604586 0.09167007
 0.         0.0044949  0.00583503 0.00167007 0.         0.01425669
 0.00042166 0.00616497]
	[RESULT 110] [0.03470343 0.00709587 0.01760755 0.02123695 0.01645206 0.09521511
 0.         0.00239245 0.00760755 0.00521511 0.         0.03479657
 0.00531098 0.00289245]
	[RESULT 111] [ 0.01564031 -0.01279163  0.01843194  0.02021807  0.02335419  0.09686388
  0.          0.00156806  0.00843194  0.00686388  0.          0.01714031
 -0.01329163  0.00343194]
	[RESULT 112] [0.02895886 0.01230027 0.01874087 0.01636812 0.01384986 0.09748174
 0.         0.00125913 0.00874087 0.00748174 0.         0.02845886
 0.01080027 0.00374087]
	[RESULT 113] [0.03375759 0.00938802 0.01685438 0.02184722 0.01555599 0.09370876
 0.         0.00493685 0.00685438 0.00370876 0.         0.03225759
 0.00209679 0.00864562]
	[RESULT 114] [2.68382760e-02 1.31617249e-02 1.99999991e-02 1.34191393e-02
 1.34191375e-02 9.99999982e-02 0.00000000e+00 8.93788155e-10
 9.99999911e-03 9.99999821e-03 0.00000000e+00 2.63382760e-02
 1.11617231e-02 5.50000089e-03]
	[RESULT 115] [0.03213132 0.00701785 0.01511347 0.02348586 0.01674108 0.09022693
 0.         0.0066596  0.00511347 0.00022693 0.         0.03486868
 0.00124478 0.00688653]
	[RESULT 116] [ 0.00540189 -0.02319661  0.0185985   0.01534869  0.0181517   0.09719699
  0.          0.0014015   0.0085985   0.00719699  0.          0.00690189
 -0.02369661  0.0035985 ]
	[RESULT 117] [ 0.00590392 -0.02219369  0.01809761  0.01484838  0.01865316  0.09619522
  0.          0.00190239  0.00809761  0.00619522  0.          0.00740392
 -0.02269369  0.00309761]
	[RESULT 118] [ 0.02806766  0.00293973  0.01512792  0.02147571  0.01878013  0.09025585
  0.          0.00511623  0.00512792  0.00025585  0.          0.02956766
 -0.00280442  0.00537208]
	[RESULT 119] [0.02133061 0.02355606 0.01511333 0.0182453  0.00847197 0.09022667
 0.         0.00516    0.00511333 0.00022667 0.         0.01983061
 0.00521727 0.00538667]
	[RESULT 120] [ 0.01168625 -0.01588669  0.01757294  0.01720254  0.02205665  0.09514589
  0.          0.00242706  0.00757294  0.00514589  0.          0.01368625
 -0.0177408   0.00442706]
