[METRICS]
	[DISEQUILIBRIUM COUNT] 1438
[VARIABLES]
	[RESULT 1] [0 5.336501656950155 1 4 17 1097.2517701888273 8]
	[RESULT 2] [1 6.017851276448235 0 1 6 3991.232256533665 100]
	[RESULT 3] [0 48.0567390199256 1 4 17 3982.5082192610034 94]
	[RESULT 4] [0 9.14246817760067 1 4 11 1003.9300735404247 9]
	[RESULT 5] [1 5.000104980436616 0 1 20 3999.9775718078695 100]
	[RESULT 6] [1 7.032903836664273 0 1 10 3998.2931094704913 99]
	[RESULT 7] [1 5.017174373639769 0 4 17 1067.8326416071534 8]
	[RESULT 8] [1 5.994632969679845 1 4 1 3924.967616821792 93]
	[RESULT 9] [1 10.322902335733804 1 4 12 3993.5071769386536 18]
	[RESULT 10] [0 5.007796964331405 1 4 17 3700.0314856855384 99]
	[RESULT 11] [1 49.97439608097483 1 4 10 3992.9273359384347 99]
	[RESULT 12] [1 8.38657183011356 1 4 21 3994.7341120734695 99]
	[RESULT 13] [0 7.012773409403005 0 4 11 3990.488466156912 99]
	[RESULT 14] [0 5.014752657277365 1 1 1 1255.8482777165505 9]
	[RESULT 15] [0 6.260895449353807 1 1 12 3991.130404157544 99]
	[RESULT 16] [1 5.528173898096037 0 1 11 3981.3406008784227 86]
	[RESULT 17] [0 7.515842197553866 0 4 21 3867.931648009103 95]
	[RESULT 18] [0 8.31301168866922 0 1 11 3996.6419971301298 100]
	[RESULT 19] [0 11.48760315070447 0 1 22 3569.7144301521753 97]
	[RESULT 20] [1 48.92804957332383 0 1 12 3989.822212830716 100]
	[RESULT 21] [0 6.329474103185053 0 4 10 1222.9762306124828 20]
	[RESULT 22] [1 48.436310496282914 1 4 21 1142.5380502771882 97]
	[RESULT 23] [1 6.228351190402774 0 4 11 3999.9910702927405 100]
	[RESULT 24] [1 10.588223219484147 0 1 10 3963.188047994636 88]
	[RESULT 25] [0 5.727776405271534 1 1 7 1683.4979117203618 24]
	[RESULT 26] [0 13.160851233405431 0 1 10 3999.925047787527 99]
	[RESULT 27] [0 49.75594809959649 1 1 1 3894.7530577640123 99]
	[RESULT 28] [1 46.80254322650804 0 1 21 3976.623340928983 92]
	[RESULT 29] [1 8.278383660366657 1 1 1 3998.159625999071 86]
	[RESULT 30] [0 49.95730556883703 0 4 11 3917.8427114868327 100]
	[RESULT 31] [1 5.444414597529309 1 4 1 3928.3072771128454 67]
	[RESULT 32] [0 48.08703210774196 0 1 18 3490.1930303079207 97]
	[RESULT 33] [1 5.5595225336236265 0 1 19 3999.9993418520385 100]
	[RESULT 34] [1 8.167593915326307 1 4 11 3940.530857282615 97]
	[RESULT 35] [1 5.661328290133292 0 1 11 3999.9946456221537 100]
	[RESULT 36] [0 49.987971266969645 0 4 20 2777.354555687039 99]
	[RESULT 37] [1 5.638478999633243 1 4 6 3887.8682613360274 99]
	[RESULT 38] [1 5.363381010806631 0 1 14 3994.342880563688 100]
	[RESULT 39] [0 49.56204564764787 1 1 21 1813.2719199198625 97]
	[RESULT 40] [1 8.740950119893679 1 1 21 3950.222588269524 99]
	[RESULT 41] [1 5.702050288863866 0 1 23 3999.999188284323 100]
	[RESULT 42] [1 5.728403764955389 0 1 13 3999.9992144791922 100]
	[RESULT 43] [1 5.303469956349783 0 1 11 3685.4081795210345 84]
	[RESULT 44] [0 47.21156767691887 1 4 10 1035.8045752707872 25]
	[RESULT 45] [1 6.3265306435338635 0 1 19 3999.9994109427134 100]
	[RESULT 46] [1 5.442461783620433 0 1 10 3999.999908934413 100]
	[RESULT 47] [1 5.637408508911248 1 1 22 3746.290352757451 100]
	[RESULT 48] [0 49.9994100672296 0 4 11 3986.801813824175 100]
	[RESULT 49] [1 7.630922330918134 0 4 17 3999.8790884609934 100]
	[RESULT 50] [1 5.3794017642744665 0 1 0 3999.9999096709425 100]
	[RESULT 51] [1 49.70576456441566 0 4 12 3999.9945739554037 100]
	[RESULT 52] [0 49.952786671530156 0 4 9 1111.2542201792169 34]
	[RESULT 53] [1 5.328817120811434 1 4 11 3940.530857282615 99]
	[RESULT 54] [1 8.777361379389207 0 4 17 3995.9494350312775 100]
	[RESULT 55] [1 5.374261411078389 0 1 19 3999.9998416456815 100]
	[RESULT 56] [0 9.818146047929446 0 1 1 3999.9993539147017 100]
	[RESULT 57] [0 10.241678042502208 0 1 13 3990.488466156912 100]
	[RESULT 58] [1 8.192140817182896 0 1 19 3999.9994109427134 97]
	[RESULT 59] [1 5.356303327223055 1 1 1 2797.503800886449 99]
	[RESULT 60] [1 5.5958268524825066 0 1 12 3999.995129616467 100]
	[RESULT 61] [1 5.544924499024216 0 1 12 3999.999725399627 100]
	[RESULT 62] [1 17.083897983186596 0 1 23 3953.147606075205 100]
	[RESULT 63] [1 5.001821809434338 0 4 13 3996.318195857695 89]
	[RESULT 64] [1 5.246799602043713 0 4 17 3758.8268303386626 100]
	[RESULT 65] [0 5.321013025658266 1 1 12 3994.087328174496 99]
	[RESULT 66] [1 5.728829827483298 0 1 13 3999.9992144791922 100]
	[RESULT 67] [1 49.5170403424011 1 1 1 3863.7991676521465 100]
	[RESULT 68] [1 9.310367913471296 1 1 5 3849.412200943223 77]
	[RESULT 69] [1 5.911779041018665 0 1 13 3999.9992144791922 100]
	[RESULT 70] [1 5.001821809434338 1 4 13 3996.295998690561 89]
	[RESULT 71] [0 7.779698006854333 1 1 1 1262.9646108181978 9]
	[RESULT 72] [1 7.055393572449304 0 1 23 3419.0535505063262 99]
	[RESULT 73] [0 15.527827042287454 0 1 21 3996.847977387517 100]
	[RESULT 74] [1 5.40158576531174 1 1 17 3995.7057720878956 100]
	[RESULT 75] [1 6.743580138344033 0 1 13 3999.9992144791922 100]
	[RESULT 76] [1 5.004356330907976 0 1 17 3700.0314856855384 99]
	[RESULT 77] [0 49.479587274480494 0 1 12 1503.3851602773175 20]
	[RESULT 78] [1 8.740950119893679 0 1 23 3991.09864387537 97]
	[RESULT 79] [1 7.253545285137466 1 1 21 3994.7341120734695 99]
	[RESULT 80] [0 5.257676500646612 0 1 22 3814.953431949416 99]
	[RESULT 81] [1 6.550702674833074 0 4 19 3996.0229744075655 100]
	[RESULT 82] [1 5.740818724958849 1 1 13 3999.9995039741916 100]
	[RESULT 83] [1 5.485433340705577 0 1 11 3999.9947480500273 98]
	[RESULT 84] [0 6.084386956186102 1 1 22 3955.2168920094437 99]
	[RESULT 85] [0 6.396362436881731 1 4 10 1024.3519518405558 18]
	[RESULT 86] [1 11.117663854046551 0 4 17 3951.869846553079 100]
	[RESULT 87] [0 5.002763290011504 1 4 13 3999.989604397048 100]
	[RESULT 88] [1 5.21699624049947 1 2 15 3999.745031538466 100]
	[RESULT 89] [1 8.295999477156784 0 4 10 3999.499484523235 99]
	[RESULT 90] [0 6.016220347472801 1 4 10 1071.13763953701 17]
	[RESULT 91] [1 5.785382363563652 0 1 15 3991.2342721408963 100]
	[RESULT 92] [0 6.867419066883632 0 1 23 3991.85245362949 97]
	[RESULT 93] [0 6.33220207505766 1 4 20 3757.23341579867 100]
	[RESULT 94] [1 6.435361807432891 0 1 9 3998.2931094704913 99]
	[RESULT 95] [1 5.187074558869361 0 1 20 3963.612216063719 100]
	[RESULT 96] [0 5.213321291073095 0 4 10 3997.4636468650037 100]
	[RESULT 97] [1 7.840411934532726 0 1 23 3999.957575712177 100]
	[RESULT 98] [1 9.133457959172567 0 4 17 3999.9352192269494 100]
	[RESULT 99] [0 9.14246817760067 0 4 11 1003.9300735404247 9]
	[RESULT 100] [0 5.725158540963026 0 1 22 3561.3574311970856 99]
	[RESULT 101] [1 5.897345009961227 0 1 10 3883.21332361265 100]
	[RESULT 102] [0 7.021221760896244 1 1 6 3781.188612307227 75]
	[RESULT 103] [0 7.832633222212224 0 1 12 1199.9680233554895 6]
	[RESULT 104] [1 6.387111049609436 1 1 7 3868.945568831671 24]
	[RESULT 105] [1 5.934460005394704 0 1 12 3999.9992556331126 97]
	[RESULT 106] [1 5.016144840442871 0 1 20 3999.998917834823 99]
	[RESULT 107] [1 6.691349346127804 1 4 6 3887.8682613360274 99]
	[RESULT 108] [0 11.642343817867909 0 4 22 3685.52099609232 8]
	[RESULT 109] [1 11.37087695716647 0 4 17 3970.206015911469 99]
	[RESULT 110] [1 49.65402359191566 0 1 13 3999.9998417297707 100]
	[RESULT 111] [0 49.11653964432038 0 4 11 3121.3603612483685 100]
	[RESULT 112] [1 6.734255882291705 0 1 13 3618.9855215245043 75]
	[RESULT 113] [1 7.596577208914421 0 1 12 3991.2342721408963 100]
	[RESULT 114] [0 5.169600695985031 1 4 5 3863.4723323591375 79]
	[RESULT 115] [0 6.349579115923691 0 1 10 3992.8833207543857 22]
	[RESULT 116] [1 5.61164438723362 0 1 12 3999.9986437167663 100]
	[RESULT 117] [0 5.811062930038731 0 1 11 1371.5458389427545 22]
	[RESULT 118] [1 49.24204272008389 1 2 1 3985.135657891973 100]
	[RESULT 119] [1 5.9998275353911605 0 4 13 3741.4576393902844 93]
	[RESULT 120] [1 8.163181343868397 0 4 11 3940.530857282615 98]
[OBJECTIVES]
	[RESULT 1] [0.01416964 0.02291075 0.01874111 0.00897315 0.00645537 0.09748222
 0.         0.00125889 0.00874111 0.00748222 0.         0.01216964
 0.00042853 0.00825889]
	[RESULT 2] [ 0.01301333 -0.01446455  0.01747788  0.01747349  0.02251772  0.09495577
  0.          0.00252212  0.00747788  0.00495577  0.          0.01451333
 -0.01550879  0.00302212]
	[RESULT 3] [0.02767936 0.01720715 0.01511349 0.02116944 0.01139642 0.09022698
 0.         0.00834047 0.00511349 0.00022698 0.         0.02567936
 0.00543413 0.01188651]
	[RESULT 4] [0.01139657 0.01736886 0.0159723  0.01173984 0.00368443 0.09194459
 0.         0.00908311 0.0059723  0.00194459 0.         0.00939657
 0.00042427 0.0110277 ]
	[RESULT 5] [ 4.02293294e-03 -2.59765422e-02  1.99994752e-02  1.67606792e-02
  1.67617289e-02  9.99989503e-02  0.00000000e+00  5.24847084e-07
  9.99947515e-03  9.99895031e-03  0.00000000e+00  5.52293294e-03
 -2.64765422e-02  4.99947515e-03]
	[RESULT 6] [ 0.01894921 -0.00769937  0.01664859  0.01919748  0.02409969  0.09329717
  0.          0.00335141  0.00664859  0.00329717  0.          0.02044921
 -0.0104022   0.00385141]
	[RESULT 7] [2.13419827e-02 1.87424393e-02 1.99155780e-02 1.10476243e-02
 1.08787804e-02 9.98311561e-02 0.00000000e+00 8.44219737e-05
 9.91557803e-03 9.83115605e-03 0.00000000e+00 1.83419827e-02
 3.25756072e-03 4.91557803e-03]
	[RESULT 8] [0.0222547  0.02023857 0.01750673 0.01511726 0.01013072 0.09501345
 0.         0.00447982 0.00750673 0.00501345 0.         0.0192547
 0.00874798 0.00949327]
	[RESULT 9] [0.03187753 0.01233169 0.01579078 0.0225026  0.01408415 0.09158155
 0.         0.00962767 0.00579078 0.00158155 0.         0.02887753
 0.00291324 0.01120922]
	[RESULT 10] [2.68845800e-02 1.31541032e-02 1.99613168e-02 1.35003148e-02
 1.34229484e-02 9.99226336e-02 0.00000000e+00 3.86832100e-05
 9.96131679e-03 9.92263358e-03 0.00000000e+00 2.48845800e-02
 1.10767368e-02 7.03868321e-03]
	[RESULT 11] [ 0.02940424  0.00429549  0.01510876  0.02211526  0.01810226  0.09021751
  0.          0.00832627  0.00510876  0.00021751  0.          0.03240424
 -0.006487    0.01189124]
	[RESULT 12] [ 0.02720985  0.00107     0.01613984  0.02256469  0.019715    0.09227968
  0.          0.00858047  0.00613984  0.00227968  0.          0.03020985
 -0.00765031  0.01086016]
	[RESULT 13] [ 0.02523051 -0.00142909  0.0166596   0.02260466  0.02071454  0.0933192
  0.          0.0033404   0.0066596   0.0033192   0.          0.02723051
 -0.00510989  0.0053404 ]
	[RESULT 14] [1.53704013e-02 2.47022896e-02 1.99273091e-02 7.79423700e-03
 7.64885519e-03 9.98546182e-02 0.00000000e+00 7.26909024e-05
 9.92730910e-03 9.85461820e-03 0.00000000e+00 1.48704013e-02
 4.43092191e-04 5.57269090e-03]
	[RESULT 15] [ 0.02933536  0.00212385  0.01721151  0.02451505  0.01893808  0.09442303
  0.          0.00386546  0.00721151  0.00442303  0.          0.02983536
 -0.00545313  0.00828849]
	[RESULT 16] [0.03492057 0.00680755 0.01827188 0.02030247 0.01684623 0.09654376
 0.         0.00172812 0.00827188 0.00654376 0.         0.03342057
 0.00630755 0.00327188]
	[RESULT 17] [0.02373463 0.01984324 0.01642213 0.01723411 0.01007838 0.09284427
 0.         0.00357787 0.00642213 0.00284427 0.         0.02173463
 0.00731249 0.00557787]
	[RESULT 18] [ 0.01180108 -0.0143582   0.01615928  0.01513947  0.0228209   0.09231857
  0.          0.00384072  0.00615928  0.00231857  0.          0.01230108
 -0.01903963  0.00434072]
	[RESULT 19] [0.02204054 0.02229169 0.01566777 0.01751861 0.00885415 0.09133554
 0.         0.00433223 0.00566777 0.00133554 0.         0.02154054
 0.00637276 0.00483223]
	[RESULT 20] [ 0.01612182 -0.00898947  0.01511129  0.01547784  0.02474474  0.09022258
  0.          0.00516613  0.00511129  0.00022258  0.          0.01762182
 -0.01476689  0.00538871]
	[RESULT 21] [0.01761637 0.02476278 0.01714641 0.01308858 0.00738139 0.09429281
 0.         0.00285359 0.00714641 0.00429281 0.         0.01561637
 0.00046997 0.00485359]
	[RESULT 22] [0.01632935 0.02144187 0.01511252 0.01574589 0.00597093 0.09022504
 0.         0.00833756 0.00511252 0.00022504 0.         0.01332935
 0.00521683 0.01188748]
	[RESULT 23] [ 0.00676512 -0.0204787   0.01724381  0.01399827  0.01951065  0.09448762
  0.          0.00275619  0.00724381  0.00448762  0.          0.00976512
 -0.02199107  0.00475619]
	[RESULT 24] [0.0284087  0.01583237 0.01575893 0.02081596 0.01233382 0.09151786
 0.         0.00424107 0.00575893 0.00151786 0.         0.0269087
 0.01135023 0.00474107]
	[RESULT 25] [0.01342056 0.02131445 0.01789389 0.00986944 0.00565722 0.09578779
 0.         0.00210611 0.00789389 0.00578779 0.         0.01292056
 0.00052666 0.00760611]
	[RESULT 26] [ 0.01952893 -0.00601687  0.0155458   0.01808316  0.02300844  0.0910916
  0.          0.0044542   0.0055458   0.0010916   0.          0.02002893
 -0.01192527  0.0049542 ]
	[RESULT 27] [0.02490785 0.01998287 0.01510928 0.01979001 0.01000856 0.09021855
 0.         0.00982783 0.00510928 0.00021855 0.         0.02440785
 0.00820142 0.01039072]
	[RESULT 28] [0.03125849 0.01362469 0.01511682 0.02320402 0.01343765 0.09023363
 0.         0.00514955 0.00511682 0.00023363 0.         0.02975849
 0.00785832 0.00538318]
	[RESULT 29] [ 0.03321219  0.00704352  0.01616867  0.02439091  0.01672824  0.09233733
  0.          0.006994    0.00616867  0.00233733  0.          0.03471219
 -0.00161915  0.00933133]
	[RESULT 30] [ 0.02905866  0.00394986  0.0151088   0.02219252  0.01802507  0.09021759
  0.          0.00667361  0.0051088   0.00021759  0.          0.03105866
 -0.00283255  0.0068912 ]
	[RESULT 31] [0.02151362 0.02002477 0.01846161 0.0133144  0.01023762 0.09692322
 0.         0.00161517 0.00846161 0.00692322 0.         0.01851362
 0.00705201 0.00853839]
	[RESULT 32] [0.02128206 0.02360453 0.01511341 0.01797091 0.00819774 0.09022682
 0.         0.00515976 0.00511341 0.00022682 0.         0.02078206
 0.00616865 0.00538659]
	[RESULT 33] [ 0.00579455 -0.02241156  0.01820611  0.01495644  0.01854422  0.09641222
  0.          0.00179389  0.00820611  0.00641222  0.          0.00729455
 -0.02291156  0.00320611]
	[RESULT 34] [0.02459888 0.01920138 0.01619973 0.01824984 0.01064931 0.09239947
 0.         0.0084008  0.00619973 0.00239947 0.         0.02159888
 0.01060085 0.01080027]
	[RESULT 35] [ 0.00599571 -0.02201393  0.01800964  0.01476232  0.01874304  0.09601928
  0.          0.00199036  0.00800964  0.00601928  0.          0.00749571
 -0.02251393  0.00300964]
	[RESULT 36] [0.02560967 0.01928161 0.01510872 0.02014175 0.0103592  0.09021745
 0.         0.00667383 0.00510872 0.00021745 0.         0.02360967
 0.01050094 0.00689128]
	[RESULT 37] [0.02860927 0.01333912 0.01805161 0.01747722 0.01358044 0.09610322
 0.         0.00284517 0.00805161 0.00610322 0.         0.02560927
 0.00844234 0.00894839]
	[RESULT 38] [ 0.00994586 -0.01872149  0.01866735  0.01772396  0.02038926  0.09733471
  0.          0.00133265  0.00866735  0.00733471  0.          0.01144586
 -0.01922149  0.00366735]
	[RESULT 39] [0.01539232 0.02050207 0.01510974 0.01503155 0.00525103 0.09021948
 0.         0.00982922 0.00510974 0.00021948 0.         0.01489232
 0.00528258 0.01039026]
	[RESULT 40] [0.03041278 0.01353258 0.01605464 0.02137443 0.01348371 0.09210928
 0.         0.00733608 0.00605464 0.00210928 0.         0.02891278
 0.00464186 0.00944536]
	[RESULT 41] [ 0.00606318 -0.02187446  0.01793763  0.01468804  0.01881277  0.09587527
  0.          0.00206237  0.00793763  0.00587527  0.          0.00756318
 -0.02237446  0.00293763]
	[RESULT 42] [ 0.00610794 -0.0217849   0.01789284  0.01464324  0.01885755  0.09578569
  0.          0.00210716  0.00789284  0.00578569  0.          0.00760794
 -0.0222849   0.00289284]
	[RESULT 43] [0.02285283 0.01831125 0.01883592 0.01342254 0.01109437 0.09767183
 0.         0.00116408 0.00883592 0.00767183 0.         0.02135283
 0.00518875 0.00383592]
	[RESULT 44] [0.01058795 0.01570366 0.01511571 0.01262041 0.00285183 0.09023142
 0.         0.00834713 0.00511571 0.00023142 0.         0.00858795
 0.00047224 0.01188429]
	[RESULT 45] [ 0.00685147 -0.02029766  0.01714912  0.01389942  0.01960117  0.09429825
  0.          0.00285088  0.00714912  0.00429825  0.          0.00835147
 -0.02199941  0.00335088]
	[RESULT 46] [ 0.00553379 -0.0229325   0.0184663   0.01521634  0.01828375  0.09693259
  0.          0.0015337   0.0084663   0.00693259  0.          0.00703379
 -0.0234325   0.0034663 ]
	[RESULT 47] [0.03370392 0.00565031 0.01805361 0.02131763 0.01742484 0.09610721
 0.         0.00194639 0.00805361 0.00610721 0.         0.03479608
 0.00075752 0.00744639]
	[RESULT 48] [ 0.01852927 -0.00657943  0.0151087   0.01692768  0.02328971  0.09021739
  0.          0.00667391  0.0051087   0.00021739  0.          0.02052927
 -0.01336203  0.0068913 ]
	[RESULT 49] [ 0.00774327 -0.01863379  0.01637706  0.01318723  0.0204331   0.09275412
  0.          0.00362294  0.00637706  0.00275412  0.          0.01074327
 -0.02187967  0.00562294]
	[RESULT 50] [ 0.00537533 -0.02324943  0.01862476  0.0153748   0.01812529  0.09724952
  0.          0.00137524  0.00862476  0.00724952  0.          0.00687533
 -0.02374943  0.00362476]
	[RESULT 51] [ 0.00889603 -0.01621337  0.0151094   0.01186211  0.02164332  0.09021879
  0.          0.00667181  0.0051094   0.00021879  0.          0.01189603
 -0.02199458  0.0068906 ]
	[RESULT 52] [0.01562182 0.02073062 0.01510881 0.0151477  0.00536531 0.09021761
 0.         0.00667358 0.00510881 0.00021761 0.         0.01362182
 0.00051301 0.00689119]
	[RESULT 53] [0.0321619  0.00907536 0.01876275 0.01818683 0.01571232 0.09752549
 0.         0.00123725 0.00876275 0.00752549 0.         0.0291619
 0.00560085 0.00823725]
	[RESULT 54] [ 0.01143919 -0.01460742  0.0160466   0.0145395   0.02244629  0.09209321
  0.          0.0039534   0.0060466   0.00209321  0.          0.01443919
 -0.01851421  0.0059534 ]
	[RESULT 55] [ 0.00536184 -0.02327648  0.01863832  0.0153884   0.01811176  0.09727664
  0.          0.00136168  0.00863832  0.00727664  0.          0.00686184
 -0.02377648  0.00363832]
	[RESULT 56] [ 0.00914127 -0.01671811  0.01585938  0.0133597   0.02164094  0.09171876
  0.          0.00414062  0.00585938  0.00171876  0.          0.00964127
 -0.02199935  0.00464062]
	[RESULT 57] [ 0.01608905 -0.00971202  0.01580107  0.01674612  0.02485601  0.09160213
  0.          0.00419893  0.00580107  0.00160213  0.          0.01658905
 -0.01510989  0.00469893]
	[RESULT 58] [ 0.02280788 -0.00338483  0.01619271  0.020443    0.02194241  0.09238542
  0.          0.00380729  0.00619271  0.00238542  0.          0.02430788
 -0.00699941  0.00430729]
	[RESULT 59] [0.02519566 0.01611785 0.01868649 0.01481809 0.01219107 0.09737298
 0.         0.00131351 0.00868649 0.00737298 0.         0.02369566
 0.01050917 0.00681351]
	[RESULT 60] [ 0.0058717  -0.02226147  0.01813317  0.01488561  0.01861926  0.09626634
  0.          0.00186683  0.00813317  0.00626634  0.          0.0073717
 -0.02276147  0.00313317]
	[RESULT 61] [ 0.00576387 -0.02247253  0.0182364   0.01498654  0.01851373  0.09647281
  0.          0.0017636   0.0082364   0.00647281  0.          0.00726387
 -0.02297253  0.0032364 ]
	[RESULT 62] [ 0.02491946 -0.00046269  0.01538215  0.02028296  0.02048134  0.0907643
  0.          0.00461785  0.00538215  0.0007643   0.          0.02641946
 -0.00569839  0.00511785]
	[RESULT 63] [ 2.55516069e-02 -4.43930061e-03  1.99909075e-02  2.24878353e-02
  2.24696503e-02  9.99818150e-02  0.00000000e+00  9.09248240e-06
  9.99090752e-03  9.98181504e-03  0.00000000e+00  2.85516069e-02
 -3.43930061e-03  4.99090752e-03]
	[RESULT 64] [ 0.02764164 -0.00136863  0.01901027  0.02291378  0.02093432  0.09802054
  0.          0.00098973  0.00901027  0.00802054  0.          0.03064164
 -0.00036863  0.00401027]
	[RESULT 65] [ 0.02599678 -0.00278819  0.01878497  0.02382415  0.0213941   0.09756995
  0.          0.00121503  0.00878497  0.00756995  0.          0.02649678
 -0.00721825  0.00671503]
	[RESULT 66] [ 0.00610866 -0.02178347  0.01789213  0.01464252  0.01885826  0.09578426
  0.          0.00210787  0.00789213  0.00578426  0.          0.00760866
 -0.02228347  0.00289213]
	[RESULT 67] [ 0.034987    0.00990315  0.01510985  0.02492127  0.01529842  0.0902197
  0.          0.00982955  0.00510985  0.0002197   0.          0.033487
 -0.00087715  0.01039015]
	[RESULT 68] [0.01633436 0.02227591 0.01594155 0.01450485 0.00638796 0.09188311
 0.         0.00767534 0.00594155 0.00188311 0.         0.01483436
 0.00439281 0.00955845]
	[RESULT 69] [ 0.00638542 -0.02122994  0.01761537  0.01436576  0.01913503  0.09523073
  0.          0.00238463  0.00761537  0.00523073  0.          0.00788542
 -0.02199921  0.00288463]
	[RESULT 70] [ 3.05684580e-02  5.77550507e-04  1.99909075e-02  1.99794097e-02
  1.99612247e-02  9.99818150e-02  0.00000000e+00  9.09248240e-06
  9.99090752e-03  9.98181504e-03  0.00000000e+00  3.35684580e-02
 -4.40634458e-04  7.00909248e-03]
	[RESULT 71] [0.01176653 0.01808939 0.01632286 0.01139898 0.00404469 0.09264571
 0.         0.00653143 0.00632286 0.00264571 0.         0.01126653
 0.00044367 0.00917714]
	[RESULT 72] [0.02866789 0.01469565 0.01663645 0.01962927 0.01290217 0.0932729
 0.         0.00336355 0.00663645 0.0032729  0.         0.02716789
 0.01103144 0.00386355]
	[RESULT 73] [ 0.01236538 -0.01306836  0.01543373  0.01433329  0.02346582  0.09086747
  0.          0.00456627  0.00543373  0.00086747  0.          0.01286538
 -0.01920089  0.00506627]
	[RESULT 74] [ 0.01409735 -0.01447004  0.01856739  0.01964976  0.02251498  0.09713478
  0.          0.00143261  0.00856739  0.00713478  0.          0.01559735
 -0.01833526  0.00693261]
	[RESULT 75] [ 0.00717835 -0.01964409  0.01682244  0.01357283  0.01992796  0.09364487
  0.          0.00317756  0.00682244  0.00364487  0.          0.00867835
 -0.02199921  0.00367756]
	[RESULT 76] [3.29015761e-02 7.12011111e-03 1.99783128e-02 1.67333188e-02
 1.66899444e-02 9.99566256e-02 0.00000000e+00 2.16871780e-05
 9.97831282e-03 9.95662564e-03 0.00000000e+00 3.14015761e-02
 6.62011111e-03 4.97831282e-03]
	[RESULT 77] [0.01560471 0.02071465 0.01510994 0.01513745 0.00535732 0.09021988
 0.         0.00517018 0.00510994 0.00021988 0.         0.01510471
 0.00049477 0.00539006]
	[RESULT 78] [ 0.02950952  0.00345488  0.01605464  0.02358672  0.01852256  0.09210928
  0.          0.00394536  0.00605464  0.00210928  0.          0.03100952
 -0.00043584  0.00444536]
	[RESULT 79] [ 0.0268129   0.00027612  0.01653679  0.02296163  0.02011194  0.09307357
  0.          0.00588964  0.00653679  0.00307357  0.          0.0283129
 -0.00765031  0.00896321]
	[RESULT 80] [0.03195112 0.0090733  0.01897559 0.01751218 0.01546335 0.09795117
 0.         0.00102441 0.00897559 0.00795117 0.         0.03145112
 0.0075733  0.00397559]
	[RESULT 81] [ 0.01047094 -0.0164893   0.01696024  0.01542584  0.02150535  0.09392049
  0.          0.00303976  0.00696024  0.00392049  0.          0.01347094
 -0.01856881  0.00503976]
	[RESULT 82] [ 0.01112828 -0.01674393  0.01787221  0.01712246  0.02137804  0.09574442
  0.          0.00212779  0.00787221  0.00574442  0.          0.01262828
 -0.0219995   0.00762779]
	[RESULT 83] [ 0.01897256 -0.00939346  0.01836602  0.02178531  0.02494673  0.09673204
  0.          0.00163398  0.00836602  0.00673204  0.          0.02047256
 -0.00989346  0.00336602]
	[RESULT 84] [0.03135511 0.0112461  0.01739879 0.01957937 0.01437695 0.09479757
 0.         0.00330364 0.00739879 0.00479757 0.         0.03085511
 0.00404368 0.00810121]
	[RESULT 85] [0.01253575 0.01962224 0.0170865  0.01063813 0.00481112 0.09417299
 0.         0.00574051 0.0070865  0.00417299 0.         0.01053575
 0.00044925 0.0099135 ]
	[RESULT 86] [ 0.02475112 -0.00095136  0.01570248  0.02067927  0.02072568  0.09140496
  0.          0.00489257  0.00570248  0.00140496  0.          0.02775112
 -0.00554641  0.00629752]
	[RESULT 87] [ 1.00241697e-02 -1.99620520e-02  1.99862216e-02  1.99914173e-02
  2.00189740e-02  9.99724432e-02  0.00000000e+00  1.37783764e-05
  9.98622162e-03  9.97244325e-03  0.00000000e+00  1.20241697e-02
 -2.19896087e-02  7.01377838e-03]
	[RESULT 88] [ 0.01014392 -0.01896456  0.01910848  0.01848467  0.02026772  0.09821695
  0.          0.00089152  0.00910848  0.00821695  0.          0.01214392
 -0.02174761  0.00689152]
	[RESULT 89] [ 0.01832682 -0.00783706  0.01616387  0.01815922  0.02416853  0.09232775
  0.          0.00383613  0.00616387  0.00232775  0.          0.02132682
 -0.01150931  0.00583613]
	[RESULT 90] [0.01292957 0.02040946 0.01747989 0.01024495 0.00520473 0.09495978
 0.         0.00456034 0.00747989 0.00495978 0.         0.01092957
 0.00044968 0.00952011]
	[RESULT 91] [ 0.01268959 -0.01511093  0.01780052  0.01779557  0.02219453  0.09560104
  0.          0.00219948  0.00780052  0.00560104  0.          0.01418959
 -0.01561093  0.00280052]
	[RESULT 92] [ 0.02940118  0.00265745  0.01674373  0.02481618  0.01867127  0.09348746
  0.          0.00325627  0.00674373  0.00348746  0.          0.02990118
 -0.00085509  0.00375627]
	[RESULT 93] [0.03447802 0.00837808 0.0171439  0.02152316 0.01581096 0.09428779
 0.         0.00556831 0.0071439  0.00428779 0.         0.03247802
 0.00066588 0.0098561 ]
	[RESULT 94] [ 0.01854472 -0.00850837  0.01705308  0.01960198  0.02450418  0.09410617
  0.          0.00294692  0.00705308  0.00410617  0.          0.02004472
 -0.0104022   0.00344692]
	[RESULT 95] [ 0.01960679 -0.00960525  0.01921204  0.02337145  0.02494738  0.09842407
  0.          0.00078796  0.00921204  0.00842407  0.          0.02110679
 -0.01010525  0.00421204]
	[RESULT 96] [ 0.00818181 -0.02093911  0.01912092  0.01777229  0.01953045  0.09824184
  0.          0.00087908  0.00912092  0.00824184  0.          0.01018181
 -0.02093911  0.00412092]
	[RESULT 97] [ 0.00774041 -0.01856153  0.01630194  0.01307312  0.02046923  0.09260389
  0.          0.00369806  0.00630194  0.00260389  0.          0.00924041
 -0.02195765  0.00419806]
	[RESULT 98] [ 0.00809061 -0.01788339  0.015974    0.01275631  0.0208083   0.091948
  0.          0.00407799  0.005974    0.001948    0.          0.01109061
 -0.02193539  0.006026  ]
	[RESULT 99] [0.01639657 0.02236886 0.0159723  0.01423984 0.00618443 0.09194459
 0.         0.00408311 0.0059723  0.00194459 0.         0.01439657
 0.00042427 0.0060277 ]
	[RESULT 100] [0.02924631 0.01285541 0.01789828 0.01777573 0.01357229 0.09579657
 0.         0.00210172 0.00789828 0.00579657 0.         0.02874631
 0.01135541 0.00289828]
	[RESULT 101] [ 0.02695671 -0.00067855  0.01763526  0.02468125  0.02058928  0.09527052
  0.          0.00236474  0.00763526  0.00527052  0.          0.02845671
 -0.00140803  0.00286474]
	[RESULT 102] [0.01498765 0.02164261 0.01665496 0.01251138 0.0058213  0.09330992
 0.         0.00553512 0.00665496 0.00330992 0.         0.01448765
 0.00333269 0.00884504]
	[RESULT 103] [0.01673635 0.02304093 0.01630459 0.0139113  0.00652047 0.09260917
 0.         0.00369541 0.00630459 0.00260917 0.         0.01623635
 0.00043176 0.00419541]
	[RESULT 104] [0.01735934 0.02445392 0.01709458 0.01328779 0.00747696 0.09418916
 0.         0.00421625 0.00709458 0.00418916 0.         0.01585934
 0.00426475 0.00840542]
	[RESULT 105] [ 0.02141604 -0.00616866  0.0175847   0.02183507  0.02333433  0.0951694
  0.          0.0024153   0.0075847   0.0051694   0.          0.02291604
 -0.00699926  0.0029153 ]
	[RESULT 106] [ 1.40805237e-02 -1.58400346e-02  1.99205584e-02  2.16710994e-02
  2.18299827e-02  9.98411167e-02  0.00000000e+00  7.94416298e-05
  9.92055837e-03  9.84111674e-03  0.00000000e+00  1.55805237e-02
 -1.63400346e-02  4.92055837e-03]
	[RESULT 107] [0.02741547 0.01572673 0.0168578  0.01867103 0.01238663 0.09371561
 0.         0.00642659 0.0068578  0.00371561 0.         0.02441547
 0.00844234 0.0101422 ]
	[RESULT 108] [0.01771036 0.02336461 0.01565425 0.01537381 0.0066823  0.0913085
 0.         0.00503725 0.00565425 0.0013085  0.         0.01571036
 0.00205611 0.00634575]
	[RESULT 109] [0.03191529 0.00623695 0.01567835 0.02422516 0.01713153 0.09135669
 0.         0.00496496 0.00567835 0.00135669 0.         0.03491529
 0.00159364 0.00632165]
	[RESULT 110] [ 0.00889064 -0.01621888  0.01510952  0.0118596   0.02164056  0.09021904
  0.          0.00517144  0.00510952  0.00021904  0.          0.01039064
 -0.02199984  0.00539048]
	[RESULT 111] [0.03419753 0.0090867  0.01511082 0.024765   0.01545665 0.09022165
 0.         0.00666753 0.00511082 0.00022165 0.         0.03380247
 0.00230835 0.00688918]
	[RESULT 112] [0.02013724 0.02303411 0.01682865 0.01507564 0.00873294 0.0936573
 0.         0.00317135 0.00682865 0.0036573  0.         0.01863724
 0.00230858 0.00367135]
	[RESULT 113] [ 0.0140999  -0.01229031  0.01639021  0.01638526  0.02360484  0.09278042
  0.          0.00360979  0.00639021  0.00278042  0.          0.0155999
 -0.01550989  0.00410979]
	[RESULT 114] [0.01905336 0.02167168 0.01927496 0.01061424 0.00916416 0.09854993
 0.         0.00072504 0.00927496 0.00854993 0.         0.01705336
 0.0047784  0.00772504]
	[RESULT 115] [0.0331585  0.00603046 0.01712804 0.02272869 0.01698477 0.09425608
 0.         0.00287196 0.00712804 0.00425608 0.         0.0336585
 0.00328654 0.00337196]
	[RESULT 116] [ 0.00589893 -0.02220349  0.01810242  0.0148531   0.01864826  0.09620484
  0.          0.00189758  0.00810242  0.00620484  0.          0.00739893
 -0.02270349  0.00310242]
	[RESULT 117] [0.01824952 0.02398967 0.01776081 0.01248354 0.00800516 0.09552162
 0.         0.00223919 0.00776081 0.00552162 0.         0.01774952
 0.00051033 0.00276081]
	[RESULT 118] [ 0.02321131 -0.00189921  0.01511052  0.01902143  0.0211996   0.09022103
  0.          0.00933155  0.00511052  0.00022103  0.          0.02521131
 -0.01267817  0.01088948]
	[RESULT 119] [0.02320447 0.01929531 0.01750022 0.01560191 0.01060234 0.09500043
 0.         0.00249978 0.00750022 0.00500043 0.         0.02020447
 0.00470426 0.00449978]
	[RESULT 120] [0.03126682 0.01253217 0.016201   0.0215819  0.01398391 0.09240201
 0.         0.003799   0.006201   0.00240201 0.         0.02826682
 0.00893418 0.005799  ]
