[METRICS]
	[DISEQUILIBRIUM COUNT] 1295
[VARIABLES]
	[RESULT 1] [1 8.627274000831532 0 3 14 3802.9470476075608 99]
	[RESULT 2] [0 49.73631235626841 0 1 5 3993.7319926036585 100]
	[RESULT 3] [0 49.67407478554838 1 1 16 3999.7298922190803 14]
	[RESULT 4] [0 7.023715001742627 0 4 15 3999.4617074555263 100]
	[RESULT 5] [1 5.4504365358139 0 1 13 3999.996956453103 98]
	[RESULT 6] [1 6.4045470162020885 0 1 13 3999.9987973981997 100]
	[RESULT 7] [1 5.3566895055107615 0 1 5 3999.997085523625 100]
	[RESULT 8] [1 5.427133499557702 0 1 14 3999.9830500106505 100]
	[RESULT 9] [0 47.00291934950041 1 1 7 3988.7126852292167 100]
	[RESULT 10] [0 5.317812367731934 1 4 11 3955.662037955258 75]
	[RESULT 11] [0 6.894978459160438 1 1 12 3995.6113541943564 99]
	[RESULT 12] [0 6.310192278478643 1 4 12 1018.1899294701177 100]
	[RESULT 13] [0 5.242801667425393 0 4 15 1130.3629990786478 10]
	[RESULT 14] [0 12.130368046071968 0 3 15 3972.6971500117206 100]
	[RESULT 15] [0 6.577276033771053 0 4 15 1004.7109249703456 8]
	[RESULT 16] [0 5.7366765649006615 1 1 14 3999.998128352935 100]
	[RESULT 17] [0 45.616464992512014 1 1 16 1309.3465402402471 10]
	[RESULT 18] [1 5.257758400130911 0 1 3 3989.1354930339517 100]
	[RESULT 19] [0 6.928098533507789 1 3 7 3777.656379527367 99]
	[RESULT 20] [1 7.687033206554027 0 1 13 3999.1392143093526 100]
	[RESULT 21] [0 8.418652158334758 0 1 10 3944.489597958359 100]
	[RESULT 22] [0 8.086098533328386 1 1 8 3908.364486299765 15]
	[RESULT 23] [1 8.867902207267543 0 4 12 3999.9612487045542 100]
	[RESULT 24] [1 47.419951871339485 0 4 15 3893.2565693912497 99]
	[RESULT 25] [0 5.895240978018482 0 1 12 1197.3101662725262 13]
	[RESULT 26] [0 8.006960054672668 0 1 12 3985.8006763787985 100]
	[RESULT 27] [0 49.99179025837196 1 3 16 3984.4587547946066 4]
	[RESULT 28] [0 8.981151965158341 0 1 14 3998.413918314672 100]
	[RESULT 29] [0 5.221048386402297 1 1 13 3861.201769636393 99]
	[RESULT 30] [1 5.488952349023363 0 1 3 3989.2383087683056 100]
	[RESULT 31] [1 5.58556625553408 0 1 15 3999.998425422168 100]
	[RESULT 32] [1 5.249849060173285 1 4 10 1211.5526431116102 11]
	[RESULT 33] [1 45.08054207726587 0 1 12 3969.0671532443066 13]
	[RESULT 34] [1 45.23255300359146 0 1 8 3998.7786138823676 99]
	[RESULT 35] [0 5.0002199553755515 0 1 11 3916.2081740222416 75]
	[RESULT 36] [0 46.89225968984988 0 1 1 1581.0410452123408 100]
	[RESULT 37] [0 8.930387712307095 1 4 16 1365.417572416676 11]
	[RESULT 38] [1 5.667150645579154 0 1 14 3999.989562391246 100]
	[RESULT 39] [1 5.388681137493755 0 4 15 3974.4735268910554 97]
	[RESULT 40] [1 5.589688495760396 0 1 13 3999.996628027971 100]
	[RESULT 41] [1 5.1424077827269405 0 1 14 3999.9830500106505 100]
	[RESULT 42] [0 12.078381004619438 1 1 14 3974.4008275741867 100]
	[RESULT 43] [1 6.9949991823409405 0 1 14 3969.0671532443066 18]
	[RESULT 44] [1 7.2828990229703185 0 1 15 1006.161741051702 98]
	[RESULT 45] [0 49.81595223427703 1 4 8 1028.5267137013554 12]
	[RESULT 46] [0 5.0002199553755515 1 4 10 3928.5778835246383 75]
	[RESULT 47] [0 10.175846043087532 0 1 15 3741.287269406691 98]
	[RESULT 48] [1 49.8570826050977 0 1 13 3999.9841661039827 100]
	[RESULT 49] [1 5.009895787454286 0 1 12 3999.9525753600733 97]
	[RESULT 50] [0 48.86285297905568 1 4 16 3943.898506539423 100]
	[RESULT 51] [0 5.000034204610904 1 1 1 1072.223889168554 8]
	[RESULT 52] [1 5.980032591922034 0 2 13 3999.1910375243433 97]
	[RESULT 53] [1 5.6790497481471744 0 1 5 3999.989562391246 100]
	[RESULT 54] [1 5.718187871165292 0 1 13 3742.048356488477 100]
	[RESULT 55] [1 49.30357836678391 1 1 16 3999.9989283524137 100]
	[RESULT 56] [1 5.649477499207246 0 1 14 3754.3827028208357 18]
	[RESULT 57] [1 7.850185774694465 1 1 17 3999.980112981431 14]
	[RESULT 58] [1 5.667150645579154 0 1 13 3999.989562391246 100]
	[RESULT 59] [0 8.772146419511298 0 4 16 2453.7305811293963 8]
	[RESULT 60] [0 6.049296325620459 1 1 1 1579.044730956417 11]
	[RESULT 61] [0 48.50221647845595 0 1 16 3603.095387156011 33]
	[RESULT 62] [0 6.900714383110426 0 1 12 3998.0292764889136 99]
	[RESULT 63] [0 5.0002199553755515 0 1 13 3999.959769841267 100]
	[RESULT 64] [0 49.81595223427703 0 4 8 1152.4882529843467 12]
	[RESULT 65] [1 6.016522635288847 0 1 4 3999.999480357482 100]
	[RESULT 66] [0 8.606043336839157 1 4 16 3991.687436650305 85]
	[RESULT 67] [0 10.600281098482618 0 1 14 3996.0720608134948 100]
	[RESULT 68] [0 5.444564934848026 1 4 18 3990.3250102855163 92]
	[RESULT 69] [0 9.555970505528318 0 4 13 3771.6381848014644 96]
	[RESULT 70] [1 5.7910985490078755 0 1 15 3999.996628027971 100]
	[RESULT 71] [1 47.04552250462574 0 4 0 3872.6395214515233 100]
	[RESULT 72] [0 5.887908720710138 0 1 15 3969.0671532443066 18]
	[RESULT 73] [0 8.469626724612018 0 1 12 3975.6261929260713 100]
	[RESULT 74] [1 49.8570826050977 1 4 13 3984.10360122742 100]
	[RESULT 75] [1 7.43703882204021 1 1 13 3999.99999224176 100]
	[RESULT 76] [0 49.8474828943706 0 1 5 3995.77519531309 100]
	[RESULT 77] [1 6.922234862438446 0 1 13 3994.9890525585097 12]
	[RESULT 78] [1 11.163137072428565 0 1 13 3994.609125893289 86]
	[RESULT 79] [0 5.0023103375705 0 1 18 3990.3250102855163 100]
	[RESULT 80] [1 5.784523711703659 0 1 14 3999.9974274765787 100]
	[RESULT 81] [0 5.646888481354257 1 4 9 1097.1560708047728 75]
	[RESULT 82] [0 5.7366765649006615 1 1 14 3976.2516445357187 100]
	[RESULT 83] [0 6.197544767997586 0 1 11 3915.0662633364 99]
	[RESULT 84] [1 5.6915855730069005 0 1 8 3999.9839396419006 100]
	[RESULT 85] [1 5.623791307375905 0 1 14 3930.8594345752326 100]
	[RESULT 86] [0 7.881001002425611 0 1 15 3994.257119246893 100]
	[RESULT 87] [1 46.034132869298254 0 4 13 1069.4647047387573 98]
	[RESULT 88] [1 5.649495076738238 0 1 13 3993.316076194738 100]
	[RESULT 89] [1 6.576886894941909 1 4 10 1211.5526431116102 11]
	[RESULT 90] [1 49.958463529741174 1 4 16 3911.9684913113115 1]
	[RESULT 91] [0 5.669404590192446 1 3 7 3777.656379527367 99]
	[RESULT 92] [1 48.641446197480654 1 3 8 3999.998941743465 100]
	[RESULT 93] [1 11.696091228383754 0 1 14 3999.997523823373 100]
	[RESULT 94] [1 46.32233147363646 0 4 12 3998.518004011501 98]
	[RESULT 95] [0 6.355598272258305 0 1 8 3997.0821922468817 100]
	[RESULT 96] [1 5.973837095728662 0 4 13 3653.04884686329 97]
	[RESULT 97] [0 6.016522635288847 1 1 4 3985.007290211712 3]
	[RESULT 98] [0 6.8839655799668975 1 1 2 1053.9463684876575 5]
	[RESULT 99] [1 5.25108608993112 1 1 10 3999.989562391246 100]
	[RESULT 100] [0 5.40992846820534 0 4 18 3950.9045925302576 92]
	[RESULT 101] [1 12.91698299311262 0 1 5 3847.6130617344807 5]
	[RESULT 102] [1 6.8592174914315285 0 1 7 3999.989562391246 100]
	[RESULT 103] [0 9.377285273349388 1 3 7 3780.2540435131336 99]
	[RESULT 104] [0 5.039187926562355 1 4 13 3999.959769841267 92]
	[RESULT 105] [1 7.027139891064449 0 1 14 1117.4573439814606 90]
	[RESULT 106] [0 6.785112388414205 0 1 12 3992.0846024902767 100]
	[RESULT 107] [1 5.17285976964915 0 1 4 3893.7935563689844 100]
	[RESULT 108] [0 8.515615114390833 1 1 16 1398.3159642079818 14]
	[RESULT 109] [1 6.22843267441918 0 1 9 3984.883013680842 100]
	[RESULT 110] [1 5.667150645579154 0 1 16 3999.989562391246 100]
	[RESULT 111] [1 6.9949991823409405 0 1 14 3996.0023135108636 98]
	[RESULT 112] [0 5.000136380923857 1 1 1 1470.060919779988 100]
	[RESULT 113] [1 49.9990216751652 0 3 16 3999.544904047422 100]
	[RESULT 114] [1 5.438992069285349 1 4 18 3999.974645688055 100]
	[RESULT 115] [1 13.94565497210634 1 1 12 3796.29971219003 90]
	[RESULT 116] [0 5.576996169850226 1 2 18 3804.9049839188547 88]
	[RESULT 117] [1 10.615590205025859 0 1 13 3987.7171629417435 100]
	[RESULT 118] [0 6.175315079988206 1 1 14 3941.2294601682597 5]
	[RESULT 119] [1 5.420226630352106 1 1 16 3896.0559028950693 100]
	[RESULT 120] [1 5.229236523004861 1 1 17 3982.4247168720003 100]
[OBJECTIVES]
	[RESULT 1] [0.02989519 0.01402426 0.01608055 0.02107677 0.01323787 0.0921611
 0.         0.00391945 0.00608055 0.0021611  0.         0.02739519
 0.01018536 0.00541945]
	[RESULT 2] [ 0.0149022  -0.01020713  0.01510932  0.01511508  0.02489644  0.09021864
  0.          0.00517203  0.00510932  0.00021864  0.          0.0154022
 -0.01698848  0.00539068]
	[RESULT 3] [ 0.03492786  0.00981839  0.01510947  0.02487186  0.0150908   0.09021894
  0.          0.00982841  0.00510947  0.00021894  0.          0.03457214
 -0.00196266  0.01039053]
	[RESULT 4] [ 0.00887335 -0.01778024  0.01665359  0.01441707  0.02110988  0.09330719
  0.          0.00334641  0.00665359  0.00330719  0.          0.01087335
 -0.02147305  0.00534641]
	[RESULT 5] [ 0.01888914 -0.0095581   0.01844724  0.02186543  0.02497095  0.09689448
  0.          0.00155276  0.00844724  0.00689448  0.          0.02038914
 -0.0100581   0.00344724]
	[RESULT 6] [ 0.00692181 -0.02015758  0.01707939  0.01383     0.01967121  0.09415879
  0.          0.00292061  0.00707939  0.00415879  0.          0.00842181
 -0.0219988   0.00342061]
	[RESULT 7] [ 0.00531747 -0.02336797  0.01868544  0.0154369   0.01806602  0.09737088
  0.          0.00131456  0.00868544  0.00737088  0.          0.00681747
 -0.02386797  0.00368544]
	[RESULT 8] [ 0.00551341 -0.02299011  0.01850353  0.015262    0.01825494  0.09700705
  0.          0.00149647  0.00850353  0.00700705  0.          0.00701341
 -0.02349011  0.00350353]
	[RESULT 9] [ 0.02266008 -0.00245619  0.01511627  0.01900445  0.0212281   0.09023254
  0.          0.00984881  0.00511627  0.00023254  0.          0.02316008
 -0.01422365  0.01038373]
	[RESULT 10] [0.02357722 0.01762861 0.01879417 0.01359736 0.01118569 0.09758833
 0.         0.00120583 0.00879417 0.00758833 0.         0.02157722
 0.00978305 0.00820583]
	[RESULT 11] [ 0.02700615  0.00027903  0.01672713  0.02359377  0.01986049  0.09345426
  0.          0.00531861  0.00672713  0.00345426  0.          0.02750615
 -0.00826672  0.00877287]
	[RESULT 12] [0.03237218 0.01046349 0.01716432 0.02043961 0.01476825 0.09432864
 0.         0.00550703 0.00716432 0.00432864 0.         0.03037218
 0.00279214 0.00983568]
	[RESULT 13] [0.01945886 0.02151797 0.01902317 0.01119468 0.00924102 0.09804634
 0.         0.00097683 0.00902317 0.00804634 0.         0.01745886
 0.00148203 0.00402317]
	[RESULT 14] [ 0.02243539 -0.00317959  0.01561498  0.01964016  0.0215898   0.09122996
  0.          0.00465507  0.00561498  0.00122996  0.          0.02393539
 -0.00894964  0.00588502]
	[RESULT 15] [0.01736202 0.02430205 0.01694003 0.01327096 0.00715103 0.09388007
 0.         0.00305997 0.00694003 0.00388007 0.         0.01536202
 0.00042199 0.00505997]
	[RESULT 16] [ 0.01212281 -0.01575625  0.01787906  0.01788     0.02212187  0.09575812
  0.          0.00212094  0.00787906  0.00575812  0.          0.01262281
 -0.02199813  0.00762094]
	[RESULT 17] [0.01057007 0.01569022 0.01512014 0.01260482 0.00284511 0.09024029
 0.         0.00986043 0.00512014 0.00024029 0.         0.01007007
 0.00044993 0.01037986]
	[RESULT 18] [ 0.01259797 -0.01637735  0.01897533  0.01951198  0.02156132  0.09795065
  0.          0.00102467  0.00897533  0.00795065  0.          0.01409797
 -0.01687735  0.00397533]
	[RESULT 19] [0.02423444 0.01905797 0.01670759 0.01705583 0.01047102 0.09341519
 0.         0.00637722 0.00670759 0.00341519 0.         0.02273444
 0.01047315 0.00979241]
	[RESULT 20] [ 0.00847603 -0.01788007  0.0163561   0.01352217  0.02080996  0.09271221
  0.          0.0036439   0.0063561   0.00271221  0.          0.00997603
 -0.02116787  0.0041439 ]
	[RESULT 21] [ 2.61054612e-02 -2.61056026e-05  1.61315668e-02  2.22500808e-02
  2.00130528e-02  9.22631336e-02  0.00000000e+00  3.86843322e-03
  6.13156678e-03  2.26313356e-03  0.00000000e+00  2.66054612e-02
 -4.76297204e-03  4.36843322e-03]
	[RESULT 22] [0.01681479 0.02303845 0.01622366 0.0140719  0.00651923 0.09244732
 0.         0.00682902 0.00622366 0.00244732 0.         0.01631479
 0.00559113 0.00927634]
	[RESULT 23] [ 0.00801155 -0.01801558  0.01602714  0.01279648  0.02074221  0.09205427
  0.          0.00397286  0.00602714  0.00205427  0.          0.01101155
 -0.02196131  0.00597286]
	[RESULT 24] [0.03085922 0.01402562 0.01511515 0.02300688 0.01323719 0.09023031
 0.         0.00665454 0.00511515 0.00023031 0.         0.02785922
 0.00825593 0.00688485]
	[RESULT 25] [0.01808649 0.02427532 0.01763819 0.01258596 0.00786234 0.09527637
 0.         0.00236181 0.00763819 0.00527637 0.         0.01758649
 0.0004483  0.00286181]
	[RESULT 26] [ 0.01780802 -0.00843981  0.01624783  0.01827575  0.02421991  0.09249566
  0.          0.00375217  0.00624783  0.00249566  0.          0.01830802
 -0.01294415  0.00425217]
	[RESULT 27] [0.0257313  0.01915999 0.01510872 0.02020258 0.01042001 0.09021743
 0.         0.00882615 0.00510872 0.00021743 0.         0.0242313
 0.00737742 0.01139128]
	[RESULT 28] [ 0.01048767 -0.01551611  0.01600378  0.01424951  0.02224195  0.09200757
  0.          0.00399622  0.00600378  0.00200757  0.          0.01098767
 -0.02050854  0.00449622]
	[RESULT 29] [0.02791051 0.01299465 0.01909484 0.01531299 0.01350268 0.09818968
 0.         0.00090516 0.00909484 0.00818968 0.         0.02741051
 0.00918433 0.00640516]
	[RESULT 30] [ 0.01316513 -0.01519293  0.01835807  0.01886966  0.02215353  0.09671613
  0.          0.00164193  0.00835807  0.00671613  0.          0.01466513
 -0.01569293  0.00335807]
	[RESULT 31] [ 0.00584813 -0.02230532  0.01815345  0.01490423  0.01859734  0.0963069
  0.          0.00184655  0.00815345  0.0063069   0.          0.00734813
 -0.02280532  0.00315345]
	[RESULT 32] [0.01544485 0.02444534 0.01900048 0.0094717  0.00747267 0.09800097
 0.         0.00099952 0.00900048 0.00800097 0.         0.01244485
 0.00044437 0.00799952]
	[RESULT 33] [0.0275231  0.01735519 0.01512171 0.02132898 0.01157241 0.09024342
 0.         0.00513486 0.00512171 0.00024342 0.         0.0260231
 0.01140139 0.00537829]
	[RESULT 34] [ 0.02004323 -0.00507803  0.01512126  0.01745351  0.02278902  0.09024253
  0.          0.00513621  0.00512126  0.00024253  0.          0.02154323
 -0.01083551  0.00537874]
	[RESULT 35] [2.65130481e-02 1.34880514e-02 1.99989005e-02 1.32581734e-02
 1.32559743e-02 9.99978009e-02 0.00000000e+00 1.09953503e-06
 9.99890046e-03 9.99780093e-03 0.00000000e+00 2.60130481e-02
 1.10119486e-02 4.99890046e-03]
	[RESULT 36] [0.0346277  0.00951113 0.01511657 0.0249887  0.01524444 0.09023314
 0.         0.00515029 0.00511657 0.00023314 0.         0.0348723
 0.00274427 0.00538343]
	[RESULT 37] [0.01147134 0.01748546 0.01601412 0.01171449 0.00374273 0.09202824
 0.         0.00895764 0.00601412 0.00202824 0.         0.00947134
 0.00045722 0.01098588]
	[RESULT 38] [ 0.0060113  -0.02198782  0.01799913  0.01475435  0.01875609  0.09599826
  0.          0.00200087  0.00799913  0.00599826  0.          0.0075113
 -0.02248782  0.00299913]
	[RESULT 39] [0.03302971 0.00442917 0.01860054 0.02083434 0.01803542 0.09720108
 0.         0.00139946 0.00860054 0.00720108 0.         0.03397029
 0.00542917 0.00360054]
	[RESULT 40] [ 0.0058581  -0.02228717  0.01814527  0.01489696  0.01860642  0.09629054
  0.          0.00185473  0.00814527  0.00629054  0.          0.0073581
 -0.02278717  0.00314527]
	[RESULT 41] [ 0.00464022 -0.0247365   0.01937672  0.01613519  0.01738175  0.09875344
  0.          0.00062328  0.00937672  0.00875344  0.          0.00614022
 -0.0252365   0.00437672]
	[RESULT 42] [ 0.02702908  0.00141015  0.01561894  0.02194295  0.01929493  0.09123787
  0.          0.00864319  0.00561894  0.00123787  0.          0.02752908
 -0.00935198  0.00988106]
	[RESULT 43] [0.02908453 0.01424602 0.01666945 0.01978809 0.01312699 0.0933389
 0.         0.00333055 0.00666945 0.0033389  0.         0.02758453
 0.01141508 0.00383055]
	[RESULT 44] [0.02439674 0.01908021 0.01652304 0.01766381 0.01070989 0.09304609
 0.         0.00347696 0.00652304 0.00304609 0.         0.02289674
 0.0068737  0.00397696]
	[RESULT 45] [0.01054243 0.01565156 0.01510913 0.01260752 0.00282578 0.09021826
 0.         0.0083274  0.00510913 0.00021826 0.         0.00854243
 0.0004333  0.01189087]
	[RESULT 46] [2.22500466e-02 1.77510529e-02 1.99989005e-02 1.11266726e-02
 1.11244735e-02 9.99978009e-02 0.00000000e+00 1.09953503e-06
 9.99890046e-03 9.99780093e-03 0.00000000e+00 2.02500466e-02
 7.25114615e-03 7.00109954e-03]
	[RESULT 47] [0.0246792  0.01951119 0.01580961 0.01862519 0.01024441 0.09161921
 0.         0.00419039 0.00580961 0.00161921 0.         0.0241792
 0.0088696  0.00469039]
	[RESULT 48] [ 0.00890679 -0.01620224  0.01510903  0.01186695  0.02164888  0.09021807
  0.          0.0051729   0.00510903  0.00021807  0.          0.01040679
 -0.02198418  0.00539097]
	[RESULT 49] [ 1.90963289e-02 -1.08546769e-02  1.99510059e-02  2.42246733e-02
  2.43226615e-02  9.99020118e-02  0.00000000e+00  4.89941021e-05
  9.95100590e-03  9.90201180e-03  0.00000000e+00  2.05963289e-02
 -1.13546769e-02  4.95100590e-03]
	[RESULT 50] [ 0.03218216  0.00707071  0.01511145  0.02375825  0.01646465  0.0902229
  0.          0.00833435  0.00511145  0.0002229   0.          0.03418216
 -0.00470639  0.01188855]
	[RESULT 51] [1.54265480e-02 2.45736231e-02 1.99998290e-02 7.71353051e-03
 7.71318847e-03 9.99996580e-02 0.00000000e+00 1.71017205e-07
 9.99982898e-03 9.99965797e-03 0.00000000e+00 1.49265480e-02
 4.26718982e-04 5.50017102e-03]
	[RESULT 52] [ 0.0222584  -0.00526682  0.01752521  0.02216701  0.02288341  0.09505042
  0.          0.00247479  0.00752521  0.00505042  0.          0.0242584
 -0.00621639  0.00347479]
	[RESULT 53] [ 0.00603256 -0.02194532  0.01797787  0.01473309  0.01877734  0.09595575
  0.          0.00202213  0.00797787  0.00595575  0.          0.00753256
 -0.02244532  0.00297787]
	[RESULT 54] [0.0288811  0.00097106 0.01791004 0.02394439 0.01976447 0.09582009
 0.         0.00208996 0.00791004 0.00582009 0.         0.0303811
 0.00047106 0.00291004]
	[RESULT 55] [ 0.01389071 -0.01121966  0.01511037  0.0143609   0.02414017  0.09022073
  0.          0.0098311   0.00511037  0.00022073  0.          0.01539071
 -0.02199893  0.01038963]
	[RESULT 56] [0.02158176 0.02038698 0.01803126 0.01399399 0.01005651 0.09606253
 0.         0.00196874 0.00803126 0.00606253 0.         0.02008176
 0.00311302 0.00303126]
	[RESULT 57] [ 0.03249135  0.00619271  0.01629864  0.02455637  0.01715365  0.09259728
  0.          0.00660408  0.00629864  0.00259728  0.          0.03399135
 -0.00221001  0.00920136]
	[RESULT 58] [ 0.0060113  -0.02198782  0.01799913  0.01475435  0.01875609  0.09599826
  0.          0.00200087  0.00799913  0.00599826  0.          0.0075113
 -0.02248782  0.00299913]
	[RESULT 59] [0.01666057 0.02270831 0.01604775 0.01425866 0.00635416 0.09209549
 0.         0.00395225 0.00604775 0.00209549 0.         0.01466057
 0.00061282 0.00595225]
	[RESULT 60] [0.01291761 0.02035747 0.01743986 0.01029901 0.00517873 0.09487972
 0.         0.00318041 0.00743986 0.00487972 0.         0.01241761
 0.00047775 0.00806014]
	[RESULT 61] [0.01688785 0.0220002  0.01511235 0.01577539 0.0060001  0.09022471
 0.         0.00516294 0.00511235 0.00022471 0.         0.01638785
 0.0017755  0.00538765]
	[RESULT 62] [ 0.02010301 -0.0066207   0.01672371  0.02013708  0.02331035  0.09344743
  0.          0.00327629  0.00672371  0.00344743  0.          0.02060301
 -0.01017328  0.00377629]
	[RESULT 63] [ 5.04126506e-03 -2.49576354e-02  1.99989005e-02  1.75189832e-02
  1.75211823e-02  9.99978009e-02  0.00000000e+00  1.09953503e-06
  9.99890046e-03  9.99780093e-03  0.00000000e+00  5.54126506e-03
 -2.64576354e-02  4.99890046e-03]
	[RESULT 64] [0.01555143 0.02066056 0.01510913 0.01511202 0.00533028 0.09021826
 0.         0.0066726  0.00510913 0.00021826 0.         0.01355143
 0.0004423  0.00689087]
	[RESULT 65] [ 0.006521   -0.02095851  0.01747952  0.01422978  0.01927074  0.09495903
  0.          0.00252048  0.00747952  0.00495903  0.          0.008021
 -0.02199948  0.00302048]
	[RESULT 66] [0.03109722 0.01281725 0.01608553 0.02142031 0.01359138 0.09217106
 0.         0.00874341 0.00608553 0.00217106 0.         0.02909722
 0.00298831 0.01091447]
	[RESULT 67] [ 0.01263705 -0.0131205   0.01575754  0.01495484  0.02343975  0.09151509
  0.          0.00424246  0.00575754  0.00151509  0.          0.01313705
 -0.01860541  0.00474246]
	[RESULT 68] [0.03370799 0.00783076 0.01846125 0.01916212 0.01608462 0.0969225
 0.         0.00161625 0.00846125 0.0069225  0.         0.03170799
 0.00275326 0.00853875]
	[RESULT 69] [0.02236676 0.02173331 0.01589993 0.01733348 0.00913335 0.09179987
 0.         0.0043002  0.00589993 0.00179987 0.         0.02036676
 0.00646683 0.00610007]
	[RESULT 70] [ 0.00621179 -0.02157979  0.01779158  0.01454327  0.0189601   0.09558317
  0.          0.00220842  0.00779158  0.00558317  0.          0.00771179
 -0.02207979  0.00279158]
	[RESULT 71] [ 0.02978173  0.00466557  0.01511616  0.0223151   0.01791721  0.09023231
  0.          0.00665153  0.00511616  0.00023231  0.          0.03278173
 -0.00110211  0.00688384]
	[RESULT 72] [0.02906351 0.01328806 0.01764843 0.01805911 0.01335597 0.09529687
 0.         0.00235157 0.00764843 0.00529687 0.         0.02856351
 0.01141508 0.00285157]
	[RESULT 73] [ 0.0212228  -0.00489586  0.01611866  0.01978939  0.02244793  0.09223732
  0.          0.00388134  0.00611866  0.00223732  0.          0.0217228
 -0.00965853  0.00438134]
	[RESULT 74] [ 0.02360845 -0.00150059  0.01510903  0.01921777  0.02100029  0.09021807
  0.          0.0083271   0.00510903  0.00021807  0.          0.02660845
 -0.01228252  0.01189097]
	[RESULT 75] [ 0.01254527 -0.01390947  0.01645474  0.01570474  0.02279526  0.09290948
  0.          0.00613578  0.00645474  0.00290948  0.          0.01404527
 -0.02199999  0.00904526]
	[RESULT 76] [ 0.013505   -0.01160406  0.01510906  0.01441609  0.02419797  0.09021811
  0.          0.00517283  0.00510906  0.00021811  0.          0.014005
 -0.01838594  0.00539094]
	[RESULT 77] [0.03123853 0.00452751 0.01671102 0.02456421 0.01798625 0.09342204
 0.         0.00328898 0.00671102 0.00342204 0.         0.03273853
 0.00194955 0.00378898]
	[RESULT 78] [0.03140326 0.00570525 0.01569802 0.02399866 0.01739738 0.09139604
 0.         0.00430198 0.00569802 0.00139604 0.         0.03290326
 0.00110128 0.00480198]
	[RESULT 79] [ 1.19870064e-02 -1.80014686e-02  1.99884749e-02  2.09762156e-02
  2.09992657e-02  9.99769499e-02  0.00000000e+00  1.15250611e-05
  9.98847494e-03  9.97694988e-03  0.00000000e+00  1.24870064e-02
 -1.95014686e-02  4.98847494e-03]
	[RESULT 80] [ 0.0062007  -0.02160116  0.01780187  0.01455315  0.01894942  0.09560374
  0.          0.00219813  0.00780187  0.00560374  0.          0.0077007
 -0.02210116  0.00280187]
	[RESULT 81] [0.01401873 0.02205475 0.01803603 0.00995532 0.00602738 0.09607206
 0.         0.00289192 0.00803603 0.00607206 0.         0.01201873
 0.0009827  0.00896397]
	[RESULT 82] [ 0.02429999 -0.00357907  0.01787906  0.02396859  0.02178953  0.09575812
  0.          0.00212094  0.00787906  0.00575812  0.          0.02479999
 -0.00982095  0.00762094]
	[RESULT 83] [0.03296051 0.00976422 0.01727527 0.02056735 0.01511789 0.09455053
 0.         0.00272473 0.00727527 0.00455053 0.         0.03246051
 0.00731476 0.00322473]
	[RESULT 84] [ 0.00606024 -0.02189556  0.01795581  0.01471383  0.01880222  0.09591161
  0.          0.00204419  0.00795581  0.00591161  0.          0.00756024
 -0.02239556  0.00295581]
	[RESULT 85] [ 0.02428178 -0.00379744  0.01807921  0.02400971  0.02214872  0.09615843
  0.          0.00192079  0.00807921  0.00615843  0.          0.02578178
 -0.00429744  0.00307921]
	[RESULT 86] [ 0.01338176 -0.01290656  0.01628833  0.01612337  0.02354672  0.09257665
  0.          0.00371167  0.00628833  0.00257665  0.          0.01388176
 -0.01732991  0.00421167]
	[RESULT 87] [0.02299709 0.02188396 0.01511895 0.01907012 0.00930802 0.0902379
 0.         0.00664315 0.00511895 0.0002379  0.         0.01999709
 0.00687813 0.00688105]
	[RESULT 88] [ 0.01124268 -0.01678855  0.01803123  0.01741818  0.02135572  0.09606246
  0.          0.00196877  0.00803123  0.00606246  0.          0.01274268
 -0.01728855  0.00303123]
	[RESULT 89] [0.0133847  0.02032502 0.01694033 0.01153186 0.00541251 0.09388065
 0.         0.00617902 0.00694033 0.00388065 0.         0.0103847
 0.00044437 0.01005967]
	[RESULT 90] [0.01683823 0.02194702 0.01510879 0.01600592 0.00622351 0.09021759
 0.         0.00832638 0.00510879 0.00021759 0.         0.01383823
 0.00572943 0.01189121]
	[RESULT 91] [0.02552193 0.01648299 0.01799508 0.01576834 0.0117585  0.09599016
 0.         0.00251476 0.00799508 0.00599016 0.         0.02402193
 0.01047315 0.00850492]
	[RESULT 92] [ 0.01388905 -0.01122295  0.015112    0.01436253  0.02413853  0.09022401
  0.          0.00883601  0.005112    0.00022401  0.          0.01638905
 -0.02199894  0.011388  ]
	[RESULT 93] [ 0.0083528  -0.01729688  0.01564968  0.01240092  0.02110156  0.09129936
  0.          0.00435032  0.00564968  0.00129936  0.          0.0098528
 -0.02199752  0.00485032]
	[RESULT 94] [ 0.02361425 -0.00150389  0.01511814  0.01923434  0.02100194  0.09023628
  0.          0.00664558  0.00511814  0.00023628  0.          0.02661425
 -0.00726761  0.00688186]
	[RESULT 95] [ 0.01049025 -0.01663235  0.0171226   0.01592903  0.02168382  0.09424521
  0.          0.0028774   0.0071226   0.00424521  0.          0.01099025
 -0.01938714  0.0033774 ]
	[RESULT 96] [0.02521347 0.0172534  0.01753314 0.01655703 0.0116233  0.09506627
 0.         0.00246686 0.00753314 0.00506627 0.         0.02221347
 0.00668033 0.00446686]
	[RESULT 97] [0.02831145 0.01420904 0.01747952 0.01793645 0.01289548 0.09495903
 0.         0.00306145 0.00747952 0.00495903 0.         0.02781145
 0.00716807 0.00802048]
	[RESULT 98] [0.01215242 0.01888614 0.01673372 0.01097562 0.00444307 0.09346745
 0.         0.00529883 0.00673372 0.00346745 0.         0.01165242
 0.0004187  0.00876628]
	[RESULT 99] [ 0.01001391 -0.01898262  0.01899653  0.01825174  0.02025869  0.09799306
  0.          0.00100347  0.00899653  0.00799306  0.          0.01151391
 -0.02198957  0.00650347]
	[RESULT 100] [0.02920357 0.01225015 0.01854628 0.01678237 0.01387493 0.09709256
 0.         0.00145372 0.00854628 0.00709256 0.         0.02720357
 0.01074985 0.00354628]
	[RESULT 101] [0.02029243 0.02414684 0.01556073 0.01705512 0.00817658 0.09112146
 0.         0.00443927 0.00556073 0.00112146 0.         0.01879243
 0.0037317  0.00493927]
	[RESULT 102] [ 0.0072617  -0.01948703  0.01674873  0.01350395  0.02000649  0.09349746
  0.          0.00325127  0.00674873  0.00349746  0.          0.0087617
 -0.02198957  0.00375127]
	[RESULT 103] [0.02348351 0.02058666 0.01592984 0.017847   0.00970667 0.09185967
 0.         0.00871049 0.00592984 0.00185967 0.         0.02198351
 0.01044633 0.01057016]
	[RESULT 104] [ 0.02800649 -0.00180496  0.01981145  0.02127958  0.02090248  0.0996229
  0.          0.00018855  0.00981145  0.0096229   0.          0.03000649
 -0.00418206  0.00718855]
	[RESULT 105] [0.01968486 0.02366341 0.01665172 0.01511485 0.00841829 0.09330345
 0.         0.00334828 0.00665172 0.00330345 0.         0.01818486
 0.00203314 0.00384828]
	[RESULT 106] [ 0.01421667 -0.01257859  0.01679526  0.01730122  0.0237107   0.09359052
  0.          0.00320474  0.00679526  0.00359052  0.          0.01471667
 -0.01598807  0.00370474]
	[RESULT 107] [ 0.02497343 -0.00428965  0.01926308  0.02386866  0.02239483  0.09852617
  0.          0.00073692  0.00926308  0.00852617  0.          0.02647343
 -0.00478965  0.00426308]
	[RESULT 108] [0.0115751  0.01768237 0.01610727 0.01162664 0.00384118 0.09221454
 0.         0.00717819 0.00610727 0.00221454 0.         0.0110751
 0.00046783 0.00939273]
	[RESULT 109] [ 0.01617684 -0.01106689  0.01724373  0.01870401  0.02421655  0.09448746
  0.          0.00275627  0.00724373  0.00448746  0.          0.01767684
 -0.01257944  0.00325627]
	[RESULT 110] [ 0.0060113  -0.02198782  0.01799913  0.01475435  0.01875609  0.09599826
  0.          0.00200087  0.00799913  0.00599826  0.          0.0075113
 -0.02248782  0.00299913]
	[RESULT 111] [ 0.02411044 -0.00255901  0.01666945  0.02180939  0.0215295   0.0933389
  0.          0.00333055  0.00666945  0.0033389   0.          0.02561044
 -0.00522011  0.00383055]
	[RESULT 112] [3.47560576e-02 4.75673940e-03 1.99993182e-02 1.76229939e-02
 1.76216303e-02 9.99986364e-02 0.00000000e+00 6.81811633e-07
 9.99931819e-03 9.99863638e-03 0.00000000e+00 3.47439424e-02
 2.75537577e-03 5.50068181e-03]
	[RESULT 113] [ 0.00933826 -0.01577044  0.0151087   0.01208218  0.02186478  0.0902174
  0.          0.00617391  0.0051087   0.0002174   0.          0.01183826
 -0.02155304  0.0063913 ]
	[RESULT 114] [ 0.01055067 -0.01792398  0.01847465  0.01773732  0.02078801  0.09694931
  0.          0.00157604  0.00847465  0.00694931  0.          0.01355067
 -0.02197467  0.00852535]
	[RESULT 115] [0.01605375 0.02155648 0.01550273 0.01502278 0.00602824 0.09100546
 0.         0.0089918  0.00550273 0.00100546 0.         0.01455375
 0.00455102 0.00999727]
	[RESULT 116] [0.01754873 0.02428069 0.01817058 0.01151849 0.00785966 0.09634117
 0.         0.00182942 0.00817058 0.00634117 0.         0.01654873
 0.00437814 0.00782942]
	[RESULT 117] [ 0.01648046 -0.00927533  0.01575579  0.01662392  0.02488766  0.09151158
  0.          0.00424421  0.00575579  0.00151158  0.          0.01798046
 -0.01376375  0.00474421]
	[RESULT 118] [0.01996771 0.02273377 0.01729852 0.01403608 0.00863311 0.09459704
 0.         0.00360445 0.00729852 0.00459704 0.         0.01946771
 0.00766919 0.00820148]
	[RESULT 119] [ 0.03063237  0.00211181  0.01852056  0.02215297  0.0191941   0.09704113
  0.          0.00147944  0.00852056  0.00704113  0.          0.03213237
 -0.00184706  0.00697944]
	[RESULT 120] [ 0.02025256 -0.00881501  0.01906757  0.02347763  0.0246575   0.09813513
  0.          0.00093243  0.00906757  0.00813513  0.          0.02175256
 -0.01167988  0.00643243]
