[METRICS]
	[DISEQUILIBRIUM COUNT] 8
[VARIABLES]
	[RESULT 1] [1 15.898432438641137 1 1 18 1497.5313862630635 95]
	[RESULT 2] [0 5.930177641278025 1 1 0 2020.70543054146 57]
	[RESULT 3] [1 8.549972862217526 0 2 19 3903.6866669939395 33]
	[RESULT 4] [0 5.1057884280603165 0 3 7 3858.748600243175 38]
	[RESULT 5] [0 5.251147747000569 0 4 19 2012.4130099332767 7]
	[RESULT 6] [1 26.70949041147836 1 1 3 2425.1840404480968 59]
	[RESULT 7] [1 22.607135240075543 0 4 1 2370.458715434304 99]
	[RESULT 8] [0 46.12634091014488 1 4 3 1832.874070706989 37]
	[RESULT 9] [0 10.56973474462171 0 1 0 3755.147456223878 99]
	[RESULT 10] [1 6.678870418819321 0 1 11 2335.8833708005477 100]
	[RESULT 11] [1 6.113764593731592 1 4 3 1689.5307985675604 29]
	[RESULT 12] [1 5.224864867270163 0 3 4 2841.023976250509 14]
	[RESULT 13] [1 43.37640679943999 0 2 23 2700.6108026095517 100]
	[RESULT 14] [0 22.186161248214056 1 4 11 1273.7805325972245 85]
	[RESULT 15] [0 5.14899916836025 1 1 2 3842.1979859538656 65]
	[RESULT 16] [0 8.093200993358066 1 2 4 3778.8587379406235 51]
	[RESULT 17] [1 5.296974780250044 1 2 4 1011.8079880308604 55]
	[RESULT 18] [0 36.92976495929781 1 4 19 3998.607849655854 21]
	[RESULT 19] [0 16.22718636897716 0 1 15 3951.301637663667 38]
	[RESULT 20] [0 21.702319535504735 1 1 1 1257.0748716242451 91]
	[RESULT 21] [0 12.56788823598895 1 1 2 3986.909617928606 7]
	[RESULT 22] [1 5.101422866099476 0 2 19 3903.6866669939395 33]
	[RESULT 23] [0 29.69113862159868 0 4 23 1105.3933957277245 15]
	[RESULT 24] [1 41.95800042107938 1 2 15 3131.24539421773 100]
	[RESULT 25] [0 8.397148759966052 0 1 16 3883.039220032461 58]
	[RESULT 26] [0 5.832088375089754 0 4 3 1609.8374949987399 99]
	[RESULT 27] [1 5.967832890580536 0 4 17 1078.8354616265196 92]
	[RESULT 28] [0 5.0961501327357634 1 1 2 3894.9886917184563 65]
	[RESULT 29] [0 24.664269716240454 1 4 6 1257.0748716242451 91]
	[RESULT 30] [0 16.276742926802438 1 1 2 3998.690342140251 5]
	[RESULT 31] [1 5.016441902311658 0 4 19 3072.036952825422 12]
	[RESULT 32] [0 28.52423832791176 0 1 16 3923.9549422584973 55]
	[RESULT 33] [1 5.045491765136385 1 1 14 2309.7829092926872 40]
	[RESULT 34] [0 38.017940313612165 1 4 13 1282.3286872931615 74]
	[RESULT 35] [1 16.03306326317334 0 1 18 1712.2435338188368 96]
	[RESULT 36] [0 6.5257045507121845 0 1 8 2552.8461804408394 99]
	[RESULT 37] [0 6.270338112442654 0 1 16 3882.930166469014 8]
	[RESULT 38] [1 5.818554317395241 0 1 11 2075.3561116523715 100]
	[RESULT 39] [0 8.697783114645613 0 4 3 3847.481344753861 3]
	[RESULT 40] [0 41.75243920019938 1 2 15 3089.489221401437 100]
	[RESULT 41] [0 49.416251175781184 0 2 21 1970.9047952444312 91]
	[RESULT 42] [1 5.078077969995851 0 3 4 3460.7084411120413 35]
	[RESULT 43] [1 6.5888111117511245 0 1 4 1002.0608140499363 3]
	[RESULT 44] [0 16.211329777773464 1 1 15 2486.1918164532585 38]
	[RESULT 45] [1 5.227780373376907 0 3 4 3950.125180745442 65]
	[RESULT 46] [0 7.6218154268476965 0 4 19 3998.857793197572 21]
	[RESULT 47] [0 12.940049978538685 1 4 15 1255.286561358375 59]
	[RESULT 48] [1 49.99473491243841 0 4 4 3845.3910340848743 58]
	[RESULT 49] [1 5.2736584856565045 0 4 1 3916.423837502349 100]
	[RESULT 50] [1 30.629885432529473 0 1 2 3755.147456223878 100]
	[RESULT 51] [1 21.723167236660185 1 1 7 3974.866534404462 39]
	[RESULT 52] [1 8.549972862217526 0 2 19 3950.1474458142225 33]
	[RESULT 53] [0 5.251147747000569 0 3 19 3640.669828248411 12]
	[RESULT 54] [0 7.975944967599041 1 1 4 1992.7982955743214 31]
	[RESULT 55] [0 36.44291263059086 1 4 19 1915.2999635429906 7]
	[RESULT 56] [1 15.298342264865838 0 1 3 1314.3099631453888 100]
	[RESULT 57] [0 14.564710561980162 1 1 11 2901.8950219000253 18]
	[RESULT 58] [1 14.5425210943406 1 4 4 2012.5786054832204 27]
	[RESULT 59] [1 5.191237100269474 0 1 2 2120.556920029346 97]
	[RESULT 60] [1 5.313537028931426 1 3 20 1748.8997503664232 99]
	[RESULT 61] [1 5.0434001179394885 0 4 23 3020.104708863056 31]
	[RESULT 62] [0 19.470369977601454 1 3 4 2489.4679601545454 38]
	[RESULT 63] [0 12.769158664074773 0 4 3 1607.976872842139 99]
	[RESULT 64] [1 31.18374916528915 0 4 2 3687.507566413149 100]
	[RESULT 65] [1 10.725571256114794 1 4 4 1272.1110237890744 29]
	[RESULT 66] [1 8.11253958496665 1 1 2 2335.8833708005477 100]
	[RESULT 67] [0 5.810994350753782 0 1 16 3923.9549422584973 55]
	[RESULT 68] [0 6.9987657872839835 0 3 16 3882.930166469014 7]
	[RESULT 69] [1 8.49366006551059 0 1 5 3951.254377624644 35]
	[RESULT 70] [1 7.523779551973144 0 1 7 1465.1068294306342 99]
	[RESULT 71] [0 14.78580155358592 1 4 4 1916.6843012206812 32]
	[RESULT 72] [0 14.564710561980162 1 2 11 2172.739397916274 24]
	[RESULT 73] [1 5.224864867270163 0 3 4 3789.4393486173144 14]
	[RESULT 74] [0 5.058448164760918 1 1 2 3969.417927932511 99]
	[RESULT 75] [0 9.57500504547301 1 4 0 1923.5235266999687 7]
	[RESULT 76] [0 5.01214564413566 0 3 7 3858.748600243175 92]
	[RESULT 77] [0 13.865422718542087 1 4 3 1255.286561358375 59]
	[RESULT 78] [1 5.275226038756389 0 1 23 3033.7172475221023 99]
	[RESULT 79] [1 5.818554317395241 0 4 2 2075.3561116523715 99]
	[RESULT 80] [0 5.078077969995851 0 3 3 1589.8304876226557 35]
	[RESULT 81] [0 11.475949714084038 1 1 15 1021.8300591560775 44]
	[RESULT 82] [1 5.000604594757713 0 4 15 3627.4378638658454 14]
	[RESULT 83] [0 12.56788823598895 1 1 2 3993.8985824448887 48]
	[RESULT 84] [0 10.065559469162372 1 4 15 1320.5517907317019 59]
	[RESULT 85] [1 29.69113862159868 1 4 4 1138.5871191117365 56]
	[RESULT 86] [1 5.102292351114717 1 3 20 3942.947990432346 38]
	[RESULT 87] [0 9.57500504547301 0 4 19 1840.4384801040371 7]
	[RESULT 88] [0 46.94900438528818 1 4 3 1832.874070706989 37]
	[RESULT 89] [0 13.83029620062744 1 1 11 2994.0107632433396 18]
	[RESULT 90] [1 9.651305441761664 0 2 2 3950.1474458142225 32]
	[RESULT 91] [0 5.251147747000569 0 2 19 3824.0909243906103 51]
	[RESULT 92] [1 5.221945671911477 1 3 20 1635.445092095147 99]
	[RESULT 93] [0 11.868006452297285 1 3 2 1000.3607637001435 31]
	[RESULT 94] [1 21.57772502146738 1 1 7 2496.103099301648 38]
	[RESULT 95] [0 6.695956210917178 0 1 4 2566.9081566477143 100]
	[RESULT 96] [0 6.678870418819321 1 1 2 3858.9024175436402 100]
	[RESULT 97] [1 5.091686154338511 0 2 19 2838.4223136975447 33]
	[RESULT 98] [0 43.057765037978086 0 2 21 2387.932622003951 99]
	[RESULT 99] [0 37.860442461859456 1 1 11 1269.2903605528782 3]
	[RESULT 100] [0 43.71602385804475 1 4 15 1832.874070706989 37]
	[RESULT 101] [1 19.007329024132293 1 1 23 2951.2565539252355 11]
	[RESULT 102] [0 21.74899166556034 1 1 19 2275.746995331955 12]
	[RESULT 103] [0 44.67050754490085 1 1 11 1803.8682038551763 38]
	[RESULT 104] [1 6.436714765672017 0 4 4 3480.7154263004177 99]
	[RESULT 105] [1 5.465567361614713 0 4 1 2370.458715434304 99]
[OBJECTIVES]
	[RESULT 1] [0.01500084 0.02042106 0.01542022 0.01462008 0.00546053 0.09084045
 0.         0.00923933 0.00542022 0.00084045 0.         0.01350084
 0.00358062 0.01007978]
	[RESULT 2] [0.01335681 0.02094725 0.01759044 0.01029275 0.00547362 0.09518087
 0.         0.00272869 0.00759044 0.00518087 0.         0.01285681
 0.00076638 0.00790956]
	[RESULT 3] [0.02254497 0.02135612 0.01609891 0.01737413 0.00957194 0.09219782
 0.         0.00390109 0.00609891 0.00219782 0.         0.02054497
 0.00544607 0.00490109]
	[RESULT 4] [0.02359849 0.01687985 0.01952166 0.01251675 0.01156007 0.09904332
 0.         0.00047834 0.00952166 0.00904332 0.         0.02209849
 0.00662015 0.00452166]
	[RESULT 5] [0.01951964 0.02148403 0.01899633 0.01126533 0.00925799 0.09799266
 0.         0.00100367 0.00899633 0.00799266 0.         0.01751964
 0.00151597 0.00399633]
	[RESULT 6] [0.01208703 0.0173072  0.01522017 0.01346326 0.0039036  0.09044034
 0.         0.00983948 0.00522017 0.00044034 0.         0.01058703
 0.00086686 0.01027983]
	[RESULT 7] [0.02664646 0.01808482 0.01526871 0.02067016 0.01120759 0.09053743
 0.         0.00619386 0.00526871 0.00053743 0.         0.02364646
 0.01037775 0.00673129]
	[RESULT 8] [0.0107163  0.01583499 0.01511869 0.01268012 0.0029175  0.09023738
 0.         0.00835607 0.00511869 0.00023738 0.         0.0087163
 0.00059761 0.01188131]
	[RESULT 9] [0.02807715 0.01616179 0.01576107 0.02039697 0.01191911 0.09152213
 0.         0.00423893 0.00576107 0.00152213 0.         0.02757715
 0.01068392 0.00473893]
	[RESULT 10] [0.03176353 0.00489707 0.01686646 0.02406855 0.01780147 0.09373292
 0.         0.00313354 0.00686646 0.00373292 0.         0.03326353
 0.00262998 0.00363354]
	[RESULT 11] [0.01391084 0.02127629 0.01736545 0.01115725 0.00588814 0.0947309
 0.         0.00490366 0.00736545 0.0047309  0.         0.01091084
 0.00054539 0.00963455]
	[RESULT 12] [0.02083985 0.02007807 0.01908208 0.0120468  0.01021097 0.09816417
 0.         0.00091792 0.00908208 0.00816417 0.         0.01833985
 0.00242193 0.00408208]
	[RESULT 13] [0.0334011  0.00827413 0.01512698 0.02414102 0.01611294 0.09025396
 0.         0.00561906 0.00512698 0.00025396 0.         0.0345989
 0.00252808 0.00587302]
	[RESULT 14] [0.01175211 0.01702704 0.01527493 0.01296365 0.00351352 0.09054987
 0.         0.0088248  0.00527493 0.00054987 0.         0.00975211
 0.00147717 0.01172507]
	[RESULT 15] [0.01832617 0.02232222 0.01935161 0.01013566 0.00883889 0.09870323
 0.         0.00064839 0.00935161 0.00870323 0.         0.01782617
 0.00397456 0.00614839]
	[RESULT 16] [0.01416073 0.02038227 0.01622154 0.01274806 0.00519113 0.09244308
 0.         0.00733539 0.00622154 0.00244308 0.         0.01316073
 0.00293919 0.00977846]
	[RESULT 17] [0.01549733 0.02435245 0.01885513 0.00971598 0.00742623 0.09771025
 0.         0.00114487 0.00885513 0.00771025 0.         0.01349733
 0.0006422  0.00714487]
	[RESULT 18] [ 0.03408312  0.01076504  0.01515184  0.0243138   0.01461748  0.09030368
  0.          0.00845551  0.00515184  0.00030368  0.          0.03208312
 -0.00093128  0.01184816]
	[RESULT 19] [0.0242069  0.02038418 0.01540892 0.01899006 0.00980791 0.09081785
 0.         0.00459108 0.00540892 0.00081785 0.         0.0237069
 0.00879797 0.00509108]
	[RESULT 20] [0.01250825 0.0177907  0.01528245 0.01333045 0.00389535 0.0905649
 0.         0.00965265 0.00528245 0.0005649  0.         0.01200825
 0.0022258  0.01021755]
	[RESULT 21] [0.02720468 0.01721174 0.01558357 0.02022698 0.01139413 0.09116715
 0.         0.00874928 0.00558357 0.00116715 0.         0.02670468
 0.00637889 0.00991643]
	[RESULT 22] [0.02598565 0.01447477 0.01953958 0.01393345 0.01301262 0.09907917
 0.         0.00046042 0.00953958 0.00907917 0.         0.02398565
 0.00852523 0.00453958]
	[RESULT 23] [0.01564125 0.02083587 0.01519462 0.01502869 0.00541793 0.09038924
 0.         0.00641614 0.00519462 0.00038924 0.         0.01364125
 0.00044663 0.00680538]
	[RESULT 24] [0.03183102 0.01303725 0.01513172 0.02346792 0.01373137 0.09026345
 0.         0.00939517 0.00513172 0.00026345 0.         0.02983102
 0.0023007  0.01086828]
	[RESULT 25] [0.02100484 0.02285806 0.0161371  0.01629677 0.00857097 0.0922742
 0.         0.0038629  0.0061371  0.0022742  0.         0.02050484
 0.00486774 0.0043629 ]
	[RESULT 26] [0.02798791 0.01428297 0.01772913 0.01740026 0.01285852 0.09545825
 0.         0.00227087 0.00772913 0.00545825 0.         0.02598791
 0.01025878 0.00427087]
	[RESULT 27] [0.02097523 0.02148391 0.01754087 0.01442632 0.00950805 0.09508173
 0.         0.00245913 0.00754087 0.00508173 0.         0.01797523
 0.00243436 0.00445913]
	[RESULT 28] [0.01992425 0.02051433 0.01956142 0.01062    0.00974283 0.09912284
 0.         0.00043858 0.00956142 0.00912284 0.         0.01942425
 0.00536283 0.00593858]
	[RESULT 29] [0.01246776 0.01770973 0.01524196 0.01337094 0.00385486 0.09048393
 0.         0.00872589 0.00524196 0.00048393 0.         0.01046776
 0.0022258  0.01175804]
	[RESULT 30] [ 0.03437114  0.01022158  0.01540727  0.02407466  0.01488921  0.09081455
  0.          0.00927818  0.00540727  0.00081455  0.          0.03387114
 -0.00096387  0.01009273]
	[RESULT 31] [2.17996886e-02 1.82811911e-02 1.99191203e-02 1.12711638e-02
 1.11094044e-02 9.98382406e-02 0.00000000e+00 8.08796955e-05
 9.91912030e-03 9.83824061e-03 0.00000000e+00 1.87996886e-02
 3.71880886e-03 4.91912030e-03]
	[RESULT 32] [0.02182402 0.0229721  0.01520388 0.01810619 0.00851395 0.09040776
 0.         0.00488836 0.00520388 0.00040776 0.         0.02132402
 0.00662014 0.00529612]
	[RESULT 33] [0.01647469 0.02374287 0.01978244 0.00881369 0.00837857 0.09956488
 0.         0.00021756 0.00978244 0.00956488 0.         0.01497469
 0.00069225 0.00571756]
	[RESULT 34] [0.0111156  0.01626258 0.01514698 0.01283733 0.00313129 0.09029396
 0.         0.00844094 0.00514698 0.00029396 0.         0.0091156
 0.00096862 0.01185302]
	[RESULT 35] [0.02068576 0.02389872 0.01541552 0.0174696  0.00830064 0.09083104
 0.         0.00458448 0.00541552 0.00083104 0.         0.01918576
 0.00427024 0.00508448]
	[RESULT 36] [0.02740419 0.01561616 0.01697965 0.01823263 0.01219192 0.09395929
 0.         0.00302035 0.00697965 0.00395929 0.         0.02690419
 0.01042455 0.00352035]
	[RESULT 37] [0.02181661 0.02098107 0.01720232 0.01510483 0.00950946 0.09440463
 0.         0.00279768 0.00720232 0.00440463 0.         0.02131661
 0.0046143  0.00329768]
	[RESULT 38] [0.03092999 0.00318056 0.01774944 0.02316085 0.01865972 0.09549887
 0.         0.00225056 0.00774944 0.00549887 0.         0.03242999
 0.00267943 0.00275056]
	[RESULT 39] [0.01978917 0.0241465  0.01606433 0.01579809 0.00792675 0.09212866
 0.         0.00393567 0.00606433 0.00212866 0.         0.01778917
 0.00372484 0.00593567]
	[RESULT 40] [0.03080053 0.01406703 0.01513244 0.0227016  0.01296648 0.09026488
 0.         0.00939733 0.00513244 0.00026488 0.         0.02980053
 0.00233192 0.01086756]
	[RESULT 41] [0.01741436 0.02252446 0.01511009 0.01604204 0.00626223 0.09022019
 0.         0.00566972 0.00511009 0.00022019 0.         0.01641436
 0.00230427 0.00588991]
	[RESULT 42] [0.0220485  0.01831362 0.01963788 0.01181742 0.01109319 0.09927577
 0.         0.00036212 0.00963788 0.00927577 0.         0.0195485
 0.00418638 0.00463788]
	[RESULT 43] [0.01834222 0.02472639 0.01693139 0.01402403 0.00788681 0.09386278
 0.         0.00306861 0.00693139 0.00386278 0.         0.01684222
 0.00041083 0.00356861]
	[RESULT 44] [0.01113307 0.01654253 0.01540946 0.01245235 0.00327127 0.09081891
 0.         0.00927163 0.00540946 0.00081891 0.         0.01063307
 0.00072362 0.01009054]
	[RESULT 45] [0.02897521 0.0119524  0.01907239 0.01612902 0.0142738  0.09814478
 0.         0.00092761 0.00907239 0.00814478 0.         0.02647521
 0.0105476  0.00407239]
	[RESULT 46] [ 0.02946178  0.00308126  0.01638052  0.02430167  0.01845937  0.09276105
  0.          0.00361948  0.00638052  0.00276105  0.          0.03146178
 -0.0011577   0.00561948]
	[RESULT 47] [0.01126113 0.01682041 0.01555928 0.01229164 0.0034102  0.09111856
 0.         0.00967784 0.00555928 0.00111856 0.         0.00926113
 0.00070185 0.01144072]
	[RESULT 48] [0.02005361 0.02483769 0.01510871 0.01761374 0.00783116 0.09021742
 0.         0.00667388 0.00510871 0.00021742 0.         0.01705361
 0.0039449  0.00689129]
	[RESULT 49] [ 0.02431797 -0.00460773  0.0189257   0.02470246  0.02255386  0.0978514
  0.          0.0010743   0.0089257   0.0078514   0.          0.02731797
 -0.00360773  0.0039257 ]
	[RESULT 50] [0.03149616 0.0063084  0.01518776 0.02327972 0.0170958  0.09037552
 0.         0.00493672 0.00518776 0.00037552 0.         0.03299616
 0.00068392 0.00531224]
	[RESULT 51] [0.02407142 0.02064646 0.01528212 0.01936253 0.00992677 0.09056423
 0.         0.00965365 0.00528212 0.00056423 0.         0.02257142
 0.0102107  0.01021788]
	[RESULT 52] [0.02574277 0.01815832 0.01609891 0.01897303 0.01117084 0.09219782
 0.         0.00390109 0.00609891 0.00219782 0.         0.02374277
 0.00864387 0.00490109]
	[RESULT 53] [0.02084726 0.02015641 0.01899633 0.01192913 0.00992179 0.09799266
 0.         0.00100367 0.00899633 0.00799266 0.         0.01934726
 0.00334359 0.00399633]
	[RESULT 54] [0.01185083 0.01810839 0.01625756 0.01153907 0.00405419 0.09251513
 0.         0.00672731 0.00625756 0.00251513 0.         0.01135083
 0.00059326 0.00924244]
	[RESULT 55] [0.01066313 0.01581725 0.01515412 0.01260039 0.00290863 0.09030823
 0.         0.00846235 0.00515412 0.00030823 0.         0.00866313
 0.00050902 0.01184588]
	[RESULT 56] [0.03332689 0.00788435 0.01544254 0.02457726 0.01630783 0.09088509
 0.         0.00455746 0.00544254 0.00088509 0.         0.03482689
 0.00276943 0.00505746]
	[RESULT 57] [0.01127073 0.016744   0.01547327 0.01242545 0.003372   0.09094655
 0.         0.00908018 0.00547327 0.00094655 0.         0.01077073
 0.00079746 0.01002673]
	[RESULT 58] [0.01205511 0.01752938 0.01547427 0.01306615 0.00401469 0.09094854
 0.         0.00942281 0.00547427 0.00094854 0.         0.00905511
 0.00058084 0.01152573]
	[RESULT 59] [0.0255255  0.01527719 0.01919732 0.01421677 0.01261141 0.09839463
 0.         0.00080268 0.00919732 0.00839463 0.         0.0240255
 0.00822281 0.00419732]
	[RESULT 60] [0.02508111 0.01611238 0.01880652 0.01458078 0.01219381 0.09761303
 0.         0.00119348 0.00880652 0.00761303 0.         0.02258111
 0.01027459 0.00769348]
	[RESULT 61] [0.0216997  0.01850828 0.01979203 0.01141181 0.01099586 0.09958405
 0.         0.00020797 0.00979203 0.00958405 0.         0.0186997
 0.00349172 0.00479203]
	[RESULT 62] [0.01104768 0.01637088 0.0153232  0.01253904 0.00318544 0.0906464
 0.         0.0094696  0.0053232  0.0006464  0.         0.00954768
 0.00072449 0.0111768 ]
	[RESULT 63] [0.02582876 0.01860106 0.01557018 0.01955911 0.01069947 0.09114036
 0.         0.00528946 0.00557018 0.00114036 0.         0.02382876
 0.01025858 0.00642982]
	[RESULT 64] [0.03196417 0.00678024 0.01518393 0.02350799 0.01685988 0.09036787
 0.         0.0064482  0.00518393 0.00036787 0.         0.03496417
 0.00114811 0.00681607]
	[RESULT 65] [0.01224824 0.01799167 0.01574343 0.01275897 0.00424584 0.09148686
 0.         0.00976971 0.00574343 0.00148686 0.         0.00924824
 0.00050481 0.01125657]
	[RESULT 66] [0.03258581 0.0111984  0.01621579 0.02221921 0.0146508  0.09243159
 0.         0.00685262 0.00621579 0.00243159 0.         0.03108581
 0.00262998 0.00928421]
	[RESULT 67] [0.02438106 0.01785803 0.01776091 0.01554916 0.01107099 0.09552183
 0.         0.00223909 0.00776091 0.00552183 0.         0.02388106
 0.00664197 0.00276091]
	[RESULT 68] [0.02127936 0.02205328 0.01666735 0.01563865 0.00897336 0.09333471
 0.         0.00333265 0.00666735 0.00333471 0.         0.01977936
 0.00461201 0.00483265]
	[RESULT 69] [0.02589079 0.01799653 0.01611268 0.01902638 0.01125173 0.09222536
 0.         0.00388732 0.00611268 0.00222536 0.         0.02439079
 0.00877811 0.00438732]
	[RESULT 70] [0.02766308 0.01591799 0.01641893 0.01945314 0.01229101 0.09283786
 0.         0.00358107 0.00641893 0.00283786 0.         0.02616308
 0.01024415 0.00408107]
	[RESULT 71] [0.01104987 0.01651345 0.01546357 0.01232958 0.00325672 0.09092714
 0.         0.00939072 0.00546357 0.00092714 0.         0.00904987
 0.0005863  0.01153643]
	[RESULT 72] [0.01107044 0.01654371 0.01547327 0.01232531 0.00327186 0.09094655
 0.         0.00958018 0.00547327 0.00094655 0.         0.01007044
 0.00059717 0.01052673]
	[RESULT 73] [0.02296521 0.0179527  0.01908208 0.01310948 0.01127365 0.09816417
 0.         0.00091792 0.00908208 0.00816417 0.         0.02046521
 0.0045473  0.00408208]
	[RESULT 74] [0.03403147 0.00430757 0.0197239  0.01839842 0.01784621 0.09944779
 0.         0.0002761  0.0097239  0.00944779 0.         0.03453147
 0.00175537 0.0057761 ]
	[RESULT 75] [0.01140704 0.0173039  0.01589686 0.01185823 0.00365195 0.09179372
 0.         0.00930942 0.00589686 0.00179372 0.         0.00940704
 0.00051018 0.01110314]
	[RESULT 76] [2.59215896e-02 1.41384099e-02 1.99400005e-02 1.30507940e-02
 1.29307950e-02 9.98800010e-02 0.00000000e+00 5.99994882e-05
 9.94000051e-03 9.88000102e-03 0.00000000e+00 2.44215896e-02
 9.36159009e-03 4.94000051e-03]
	[RESULT 77] [0.01120867 0.01671549 0.01550682 0.0123441  0.00335774 0.09101364
 0.         0.00952046 0.00550682 0.00101364 0.         0.00920867
 0.00070185 0.01149318]
	[RESULT 78] [0.03055137 0.01052776 0.01892087 0.01714437 0.01498612 0.09784175
 0.         0.00107913 0.00892087 0.00784175 0.         0.02905137
 0.01002776 0.00392087]
	[RESULT 79] [0.02907001 0.01318056 0.01774944 0.01816085 0.01365972 0.09549887
 0.         0.00225056 0.00774944 0.00549887 0.         0.02607001
 0.01032057 0.00425056]
	[RESULT 80] [0.02019757 0.02016455 0.01963788 0.01064196 0.00991773 0.09927577
 0.         0.00036212 0.00963788 0.00927577 0.         0.01869757
 0.00333545 0.00463788]
	[RESULT 81] [0.0112278  0.01689661 0.01566881 0.01211068 0.00344831 0.09133762
 0.         0.00849357 0.00566881 0.00133762 0.         0.0107278
 0.00055899 0.00983119]
	[RESULT 82] [2.27989452e-02 1.72040759e-02 1.99969789e-02 1.16540043e-02
 1.16479620e-02 9.99939577e-02 0.00000000e+00 3.02114722e-06
 9.99697885e-03 9.99395771e-03 0.00000000e+00 1.97989452e-02
 4.79592406e-03 4.99697885e-03]
	[RESULT 83] [0.03105648 0.01335995 0.01558357 0.02215288 0.01332003 0.09116715
 0.         0.00874928 0.00558357 0.00116715 0.         0.03055648
 0.00252709 0.00991643]
	[RESULT 84] [0.01153162 0.01735594 0.01582433 0.01202932 0.00367797 0.09164865
 0.         0.00952702 0.00582433 0.00164865 0.         0.00953162
 0.00070729 0.01117567]
	[RESULT 85] [0.0118556  0.01705022 0.01519462 0.01338587 0.00377511 0.09038924
 0.         0.00858386 0.00519462 0.00038924 0.         0.0088556
 0.00066098 0.01180538]
	[RESULT 86] [0.02347058 0.01699342 0.019536   0.01268129 0.01175329 0.099072
 0.         0.000464   0.009536   0.009072   0.         0.02097058
 0.00793458 0.006964  ]
	[RESULT 87] [0.01639572 0.02229258 0.01589686 0.01435257 0.00614629 0.09179372
 0.         0.00430942 0.00589686 0.00179372 0.         0.01439572
 0.00049886 0.00610314]
	[RESULT 88] [0.01071403 0.01583045 0.01511642 0.01268239 0.00291522 0.09023283
 0.         0.00834925 0.00511642 0.00023283 0.         0.00871403
 0.00059761 0.01188358]
	[RESULT 89] [0.01135581 0.01686444 0.01550863 0.01241496 0.00343222 0.09101726
 0.         0.0089741  0.00550863 0.00101726 0.         0.01085581
 0.00084718 0.00999137]
	[RESULT 90] [0.02552435 0.01859089 0.01588475 0.01918505 0.01095455 0.0917695
 0.         0.00411525 0.00588475 0.0017695  0.         0.02352435
 0.0086396  0.00511525]
	[RESULT 91] [0.02250719 0.01849648 0.01899633 0.0127591  0.01075176 0.09799266
 0.         0.00100367 0.00899633 0.00799266 0.         0.02150719
 0.00550352 0.00399633]
	[RESULT 92] [0.02535339 0.01555478 0.01909183 0.01428894 0.01247261 0.09818367
 0.         0.00090817 0.00909183 0.00818367 0.         0.02285339
 0.01026155 0.00740817]
	[RESULT 93] [0.01112784 0.01676332 0.01563548 0.01211069 0.00338166 0.09127097
 0.         0.00959355 0.00563548 0.00127097 0.         0.00962784
 0.00049235 0.01086452]
	[RESULT 94] [0.0120107  0.01729515 0.01528445 0.01332867 0.00389758 0.0905689
 0.         0.00964665 0.00528445 0.0005689  0.         0.0105107
 0.00072625 0.01021555]
	[RESULT 95] [0.03271673 0.0058621  0.01685463 0.02335969 0.01706895 0.09370926
 0.         0.00314537 0.00685463 0.00370926 0.         0.03321673
 0.00257136 0.00364537]
	[RESULT 96] [ 0.03437069  0.00750424  0.01686646  0.02251497  0.01624788  0.09373292
  0.          0.00490063  0.00686646  0.00373292  0.          0.03487069
 -0.00076285  0.00863354]
	[RESULT 97] [0.02140091 0.01901902 0.01958007 0.01158035 0.01074049 0.09916014
 0.         0.00041993 0.00958007 0.00916014 0.         0.01940091
 0.00398098 0.00458007]
	[RESULT 98] [0.0255098  0.01936219 0.01512802 0.02006287 0.01031891 0.09025603
 0.         0.00561595 0.00512802 0.00025603 0.         0.0245098
 0.01038178 0.00587198]
	[RESULT 99] [0.01057855 0.01572621 0.01514766 0.01256778 0.00286311 0.09029533
 0.         0.00994299 0.00514766 0.00029533 0.         0.01007855
 0.00043088 0.01035234]
	[RESULT 100] [0.01072351 0.0158494  0.01512589 0.01267291 0.0029247  0.09025179
 0.         0.00837768 0.00512589 0.00025179 0.         0.00872351
 0.00059761 0.01187411]
	[RESULT 101] [0.01213747 0.01747064 0.01533317 0.01331898 0.00398532 0.09066634
 0.         0.00950049 0.00533317 0.00066634 0.         0.01063747
 0.0008043  0.01016683]
	[RESULT 102] [0.01086372 0.01614543 0.01528171 0.0125093  0.00307271 0.09056341
 0.         0.00965488 0.00528171 0.00056341 0.         0.01036372
 0.00058201 0.01021829]
	[RESULT 103] [0.01072179 0.01584473 0.01512294 0.01267648 0.00292236 0.09024588
 0.         0.00986882 0.00512294 0.00024588 0.         0.01022179
 0.00059885 0.01037706]
	[RESULT 104] [0.02920024 0.01374782 0.01705194 0.01927221 0.01337609 0.09410389
 0.         0.00294806 0.00705194 0.00410389 0.         0.02620024
 0.0111483  0.00494806]
	[RESULT 105] [0.0297894  0.01179896 0.01841165 0.01752723 0.01435052 0.0968233
 0.         0.00158835 0.00841165 0.0068233  0.         0.0267894
 0.01037775 0.00358835]
