[METRICS]
	[DISEQUILIBRIUM COUNT] 1488
[VARIABLES]
	[RESULT 1] [0 5.795476960530226 1 1 12 3971.4292294885827 100]
	[RESULT 2] [0 46.00203462668209 1 4 18 3852.429827592694 100]
	[RESULT 3] [0 6.632889666839366 1 4 3 3780.9016130738805 100]
	[RESULT 4] [1 5.0830292834300765 1 4 14 3999.9928946918403 97]
	[RESULT 5] [1 5.475116388854092 0 4 5 3969.5574621368287 100]
	[RESULT 6] [1 5.917510503013338 0 1 20 3994.9490708307367 100]
	[RESULT 7] [1 5.00877649308063 0 3 18 3999.9877846481386 100]
	[RESULT 8] [1 14.363887314186794 0 1 21 3999.9419758474246 100]
	[RESULT 9] [1 5.081584787990866 0 1 19 3999.1140234798845 100]
	[RESULT 10] [1 6.479235603999033 0 4 20 3999.9951395849253 100]
	[RESULT 11] [1 5.04856272220832 0 4 22 3999.9921186133315 100]
	[RESULT 12] [1 5.0013535053571605 0 4 9 3998.3087066170683 100]
	[RESULT 13] [1 5.009178663278038 0 4 20 3998.927622702465 100]
	[RESULT 14] [1 5.460724489711513 0 4 5 3963.1194016655795 100]
	[RESULT 15] [1 5.184694205429503 0 4 19 3999.9419758474246 100]
	[RESULT 16] [1 6.418651371495863 0 4 12 3999.395454163328 100]
	[RESULT 17] [0 19.30401814040603 1 1 21 3987.7477150935197 100]
	[RESULT 18] [1 22.57537972667924 0 4 17 3999.3132521426787 98]
	[RESULT 19] [1 5.077660425931195 0 4 21 3965.3873368004856 100]
	[RESULT 20] [1 5.0307296877579875 0 4 20 3999.5950925307384 100]
	[RESULT 21] [1 5.237664441997048 1 4 12 3999.9990005320137 100]
	[RESULT 22] [1 7.373154400204261 0 1 9 3999.9481281362637 100]
	[RESULT 23] [1 5.00937520655917 0 4 22 3962.9225203934375 99]
	[RESULT 24] [1 5.006400990799976 0 4 22 3999.7698386830743 100]
	[RESULT 25] [1 5.023285215205889 0 4 6 3999.094114381904 100]
	[RESULT 26] [1 5.3580549075393185 1 4 18 3996.544562422032 100]
	[RESULT 27] [0 5.184405590227544 0 1 21 3992.4000359197175 100]
	[RESULT 28] [0 5.063012191121834 0 1 22 3907.2093380649653 100]
	[RESULT 29] [1 5.106115986052635 1 4 12 3984.653667923488 100]
	[RESULT 30] [1 5.000178451198291 0 1 19 3909.523779293556 100]
	[RESULT 31] [1 7.047444072426325 0 4 21 3999.972136408848 100]
	[RESULT 32] [0 8.040397108668577 0 4 22 3995.5090270177757 100]
	[RESULT 33] [1 5.051580743651948 0 1 20 3999.989940583449 100]
	[RESULT 34] [1 5.001343163179685 1 4 10 3890.0130554328525 100]
	[RESULT 35] [0 24.981649154759367 0 1 17 3999.999224180882 98]
	[RESULT 36] [1 5.266670196765518 0 4 5 3960.746340672196 100]
	[RESULT 37] [0 8.97146615427678 0 3 8 1960.9888562917308 36]
	[RESULT 38] [1 5.000206502675171 1 4 20 3999.996350231807 97]
	[RESULT 39] [1 5.3334776065933065 0 4 20 3999.9930917195106 96]
	[RESULT 40] [1 5.007287271121263 0 4 20 3989.9411406146583 8]
	[RESULT 41] [1 5.002892361609823 0 3 12 3999.0937061758077 100]
	[RESULT 42] [1 5.02837474156497 0 4 20 3999.9936382754886 100]
	[RESULT 43] [0 19.240855934389373 1 4 21 3987.7477150935197 100]
	[RESULT 44] [1 5.129639187992679 0 1 9 3999.957479385387 100]
	[RESULT 45] [1 5.113508801311473 0 4 11 3741.825956524742 100]
	[RESULT 46] [1 5.001553161487138 1 4 10 3973.430831523622 99]
	[RESULT 47] [0 5.47140774957312 1 1 8 2238.339055358441 61]
	[RESULT 48] [1 5.037476960346107 0 4 20 3999.946506408793 100]
	[RESULT 49] [1 5.000256593603563 1 4 20 3922.5551501260966 100]
	[RESULT 50] [1 5.340247636078654 0 4 13 3985.025822556325 100]
	[RESULT 51] [1 5.642032000423612 0 4 21 3967.2691338179648 100]
	[RESULT 52] [1 5.127992015216291 0 3 9 3999.9986993787056 100]
	[RESULT 53] [0 5.000206502675171 1 4 20 3999.9993867539984 97]
	[RESULT 54] [1 38.31965745027259 0 4 5 3898.6172398184544 100]
	[RESULT 55] [1 5.042557530752292 0 4 23 3984.950402986641 100]
	[RESULT 56] [1 9.931853202950117 0 4 18 3983.1992904911385 100]
	[RESULT 57] [0 5.359896881428569 1 4 12 3997.2259268661223 97]
	[RESULT 58] [0 5.000256282539159 1 4 20 3784.0719415755825 100]
	[RESULT 59] [1 15.22276675098936 0 4 12 3992.6086799327995 100]
	[RESULT 60] [1 5.002733221887136 0 4 5 3728.1238016757234 100]
	[RESULT 61] [1 5.295301903671524 0 4 17 3999.9229132785717 84]
	[RESULT 62] [0 9.46174155426423 1 1 5 2235.4325751729925 99]
	[RESULT 63] [1 5.106115986052635 1 4 13 3974.780889513417 100]
	[RESULT 64] [1 5.075145725006956 0 4 20 3997.2556868143633 100]
	[RESULT 65] [0 9.2235958426918 1 1 9 2354.465306261293 61]
	[RESULT 66] [1 5.188170780521588 0 4 20 3999.9766133672447 100]
	[RESULT 67] [1 6.683370602387769 1 4 20 3999.996350231807 97]
	[RESULT 68] [0 5.010991239376508 0 4 12 3937.571768868192 100]
	[RESULT 69] [1 5.001535802736165 0 1 9 3907.4282210085416 100]
	[RESULT 70] [1 6.496918903504505 0 1 23 3999.4927625409655 100]
	[RESULT 71] [1 5.14350975547299 0 4 20 3999.9995820019 82]
	[RESULT 72] [1 5.32218307921685 0 4 12 3969.357579776719 100]
	[RESULT 73] [1 6.092966179280175 0 4 14 3999.929741499275 100]
	[RESULT 74] [1 5.004565165090749 0 3 20 3999.2856462094987 100]
	[RESULT 75] [1 5.1057523168057894 1 4 13 3966.9350388163325 100]
	[RESULT 76] [1 5.000453851103423 0 4 5 3847.7174764628066 95]
	[RESULT 77] [1 11.611258284793637 0 4 13 3942.937128379371 100]
	[RESULT 78] [0 5.117597840569449 0 1 9 2058.482266644943 80]
	[RESULT 79] [1 5.429552289688184 0 4 5 3990.9663403935633 100]
	[RESULT 80] [1 5.978138763680949 0 4 18 3998.949702920051 100]
	[RESULT 81] [0 5.000256282539159 1 4 20 3904.6427410450215 100]
	[RESULT 82] [0 5.057454304474241 0 4 20 3999.9814620987468 96]
	[RESULT 83] [1 6.203260913094612 0 3 14 3998.0876376077003 100]
	[RESULT 84] [1 5.001535802736165 1 4 9 3980.480087354454 99]
	[RESULT 85] [1 5.005513755828495 0 4 13 3943.2297980073513 100]
	[RESULT 86] [1 7.052429248993095 0 4 21 3988.9432580031325 100]
	[RESULT 87] [1 5.440272448292033 0 3 4 3999.3054879076517 93]
	[RESULT 88] [1 26.793993461350002 0 1 17 3557.143145242647 100]
	[RESULT 89] [0 33.11628669269983 0 1 18 3999.3132521426787 91]
	[RESULT 90] [1 6.357256003690593 0 4 9 3984.464497461776 100]
	[RESULT 91] [1 5.000440672118739 1 4 19 3955.6420040238654 100]
	[RESULT 92] [1 5.019901320905542 0 4 12 3975.68389625444 100]
	[RESULT 93] [0 5.663936293657887 0 3 12 3999.974840948773 99]
	[RESULT 94] [1 5.266670196765518 0 4 5 3861.4562683613663 100]
	[RESULT 95] [1 6.316917428931291 0 4 21 3859.717408928391 100]
	[RESULT 96] [0 5.021598737798149 0 4 20 3930.3052046863163 100]
	[RESULT 97] [1 5.0830292834300765 0 4 14 3985.514216907989 80]
	[RESULT 98] [1 23.058773434932874 0 4 17 3998.277916472869 100]
	[RESULT 99] [1 5.8508184023229255 0 4 22 3999.7698386830743 100]
	[RESULT 100] [1 5.001557029961593 0 4 5 3893.100320251617 100]
	[RESULT 101] [1 5.088911361537059 0 4 14 3999.933451234332 100]
	[RESULT 102] [1 5.000654413395854 0 1 21 3905.6043444496695 100]
	[RESULT 103] [0 5.097557996596363 0 1 8 3999.924020823915 100]
	[RESULT 104] [1 7.465785812784899 0 4 22 3999.9951395849253 100]
	[RESULT 105] [1 5.000346347839547 0 4 21 3957.3875263874743 100]
[OBJECTIVES]
	[RESULT 1] [ 0.02554841 -0.00223636  0.01778478  0.02445137  0.02111818  0.09556955
  0.          0.00221522  0.00778478  0.00556955  0.          0.02604841
 -0.00866681  0.00771522]
	[RESULT 2] [ 0.03374076  0.0111402   0.01511904  0.02419182  0.0144299   0.09023808
  0.          0.00835713  0.00511904  0.00023808  0.          0.03174076
 -0.00062172  0.01188096]
	[RESULT 3] [0.0344595  0.00864145 0.01689905 0.02188117 0.01567928 0.09379811
 0.         0.00630284 0.00689905 0.00379811 0.         0.0324595
 0.00043956 0.01010095]
	[RESULT 4] [ 0.02439042 -0.00522626  0.01961668  0.02362977  0.02286313  0.09923336
  0.          0.00038332  0.00961668  0.00923336  0.          0.02739042
 -0.0069929   0.00738332]
	[RESULT 5] [ 0.0193375  -0.00905206  0.01838956  0.0220031   0.02477603  0.09677913
  0.          0.00161044  0.00838956  0.00677913  0.          0.0223375
 -0.00827293  0.00361044]
	[RESULT 6] [ 0.01059443 -0.01701312  0.01760755  0.01645853  0.02124344  0.0952151
  0.          0.00239245  0.00760755  0.0052151   0.          0.01209443
 -0.01779803  0.00289245]
	[RESULT 7] [ 4.05571007e-03 -2.59007892e-02  1.99564993e-02  1.67126040e-02
  1.67996054e-02  9.99129986e-02  0.00000000e+00  4.35006820e-05
  9.95649932e-03  9.91299864e-03  0.00000000e+00  6.55571007e-03
 -2.54007892e-02  4.95649932e-03]
	[RESULT 8] [ 0.00857545 -0.016907    0.01548244  0.01226139  0.0212965   0.09096489
  0.          0.00451756  0.00548244  0.00096489  0.          0.01007545
 -0.02194211  0.00501756]
	[RESULT 9] [ 0.00523281 -0.02439004  0.01962285  0.01680067  0.01755498  0.09924569
  0.          0.00037715  0.00962285  0.00924569  0.          0.00673281
 -0.02489004  0.00462285]
	[RESULT 10] [ 0.00698811 -0.02002864  0.01701675  0.01376918  0.01973568  0.0940335
  0.          0.00298325  0.00701675  0.0040335   0.          0.00998811
 -0.02199514  0.00498325]
	[RESULT 11] [ 0.00423945 -0.02552899  0.01976843  0.01652237  0.01698551  0.09953686
  0.          0.00023157  0.00976843  0.00953686  0.          0.00723945
 -0.02452899  0.00476843]
	[RESULT 12] [ 5.59088298e-03 -2.44023586e-02  1.99932416e-02  1.75353039e-02
  1.75488207e-02  9.99864832e-02  0.00000000e+00  6.75837928e-06
  9.99324162e-03  9.98648324e-03  0.00000000e+00  8.59088298e-03
 -2.34023586e-02  4.99324162e-03]
	[RESULT 13] [ 5.07374549e-03 -2.48807786e-02  1.99545241e-02  1.72186589e-02
  1.73096107e-02  9.99090482e-02  0.00000000e+00  4.54759083e-05
  9.95452409e-03  9.90904818e-03  0.00000000e+00  8.07374549e-03
 -2.38807786e-02  4.95452409e-03]
	[RESULT 14] [ 0.02047694 -0.00794601  0.01842296  0.02262291  0.02422301  0.09684592
  0.          0.00157704  0.00842296  0.00684592  0.          0.02347694
 -0.0071001   0.00357704]
	[RESULT 15] [ 0.00483739 -0.02438311  0.0192205   0.01599944  0.01755845  0.098441
  0.          0.0007795   0.0092205   0.008441    0.          0.00783739
 -0.02338311  0.0042205 ]
	[RESULT 16] [ 0.007523   -0.01954426  0.01706727  0.0141124   0.01997787  0.09413454
  0.          0.00293273  0.00706727  0.00413454  0.          0.010523
 -0.02140973  0.00493273]
	[RESULT 17] [ 0.02289579 -0.00243092  0.01532671  0.01943796  0.02121546  0.09065342
  0.          0.00951987  0.00532671  0.00065342  0.          0.02339579
 -0.01377749  0.01017329]
	[RESULT 18] [ 0.02273255 -0.00253663  0.01526917  0.01902003  0.02151831  0.09053835
  0.          0.00619248  0.00526917  0.00053835  0.          0.02573255
 -0.00799828  0.00673083]
	[RESULT 19] [ 0.01887597 -0.01076371  0.01963968  0.02364751  0.02436814  0.09927936
  0.          0.00036032  0.00963968  0.00927936  0.          0.02187597
 -0.00976371  0.00463968]
	[RESULT 20] [ 0.00454752 -0.02530341  0.01985093  0.01680016  0.01709829  0.09970186
  0.          0.00014907  0.00985093  0.00970186  0.          0.00754752
 -0.02430341  0.00485093]
	[RESULT 21] [ 0.00996113 -0.01907873  0.01903987  0.01829037  0.02021063  0.09807973
  0.          0.00096013  0.00903987  0.00807973  0.          0.01296113
 -0.021999    0.00796013]
	[RESULT 22] [ 0.00756947 -0.01891282  0.01648229  0.01325817  0.02029359  0.09296458
  0.          0.00351771  0.00648229  0.00296458  0.          0.00906947
 -0.02194824  0.00401771]
	[RESULT 23] [ 2.89783772e-02 -9.75182109e-04  1.99535594e-02  2.08304723e-02
  2.07375911e-02  9.99071187e-02  0.00000000e+00  4.64406422e-05
  9.95355936e-03  9.90711872e-03  0.00000000e+00  3.19783772e-02
  2.48178907e-05  4.95355936e-03]
	[RESULT 24] [ 4.25986307e-03 -2.57083355e-02  1.99681986e-02  1.68322294e-02
  1.68958322e-02  9.99363972e-02  0.00000000e+00  3.18013936e-05
  9.96819861e-03  9.93639721e-03  0.00000000e+00  7.25986307e-03
 -2.47083355e-02  4.96819861e-03]
	[RESULT 25] [ 0.00498799 -0.02489824  0.01988622  0.01707333  0.01730088  0.09977245
  0.          0.00011378  0.00988622  0.00977245  0.          0.00798799
 -0.02389824  0.00488622]
	[RESULT 26] [ 0.0133541  -0.01532764  0.01868174  0.01944965  0.02208618  0.09736347
  0.          0.00131826  0.00868174  0.00736347  0.          0.0163541
 -0.01896417  0.00831826]
	[RESULT 27] [ 0.01160667 -0.01761485  0.01922153  0.01963563  0.02119257  0.09844305
  0.          0.00077847  0.00922153  0.00844305  0.          0.01210667
 -0.01911485  0.00422153]
	[RESULT 28] [ 0.02499036 -0.00471325  0.01970361  0.0229494   0.02235663  0.09940723
  0.          0.00029639  0.00970361  0.00940723  0.          0.02549036
 -0.00621325  0.00470361]
	[RESULT 29] [ 0.0189888  -0.01053152  0.01952032  0.02352488  0.02448424  0.09904064
  0.          0.00047968  0.00952032  0.00904064  0.          0.0219888
 -0.01249088  0.00747968]
	[RESULT 30] [ 2.35885224e-02 -6.41058552e-03  1.99991079e-02  2.34570770e-02
  2.34552928e-02  9.99982158e-02  0.00000000e+00  8.92096796e-07
  9.99910790e-03  9.99821581e-03  0.00000000e+00  2.50885224e-02
 -6.91058552e-03  4.99910790e-03]
	[RESULT 31] [ 0.00738711 -0.01925361  0.01664072  0.01340464  0.0201232   0.09328144
  0.          0.00335928  0.00664072  0.00328144  0.          0.01038711
 -0.02197217  0.00535928]
	[RESULT 32] [ 0.01256957 -0.01366793  0.0162375   0.01564104  0.02316604  0.092475
  0.          0.0037625   0.0062375   0.002475    0.          0.01456957
 -0.01819293  0.0057625 ]
	[RESULT 33] [ 0.00425531 -0.02549944  0.01975475  0.01650977  0.01700028  0.09950949
  0.          0.00024525  0.00975475  0.00950949  0.          0.00575531
 -0.02599944  0.00475475]
	[RESULT 34] [ 2.93766294e-02 -6.16663775e-04  1.99932932e-02  2.05717455e-02
  2.05583319e-02  9.99865864e-02  0.00000000e+00  6.70680756e-06
  9.99329319e-03  9.98658638e-03  0.00000000e+00  3.23766294e-02
 -1.63007739e-03  7.00670681e-03]
	[RESULT 35] [ 0.02309581 -0.0021425   0.0152383   0.01940536  0.02107125  0.09047661
  0.          0.00478509  0.0052383   0.00047661  0.          0.02359581
 -0.00866589  0.0052617 ]
	[RESULT 36] [ 0.02032557 -0.00862179  0.01894736  0.02333382  0.02456089  0.09789471
  0.          0.00105264  0.00894736  0.00789471  0.          0.02332557
 -0.00762179  0.00394736]
	[RESULT 37] [0.01661624 0.02262198 0.01600574 0.01429951 0.00631099 0.09201148
 0.         0.00399426 0.00600574 0.00201148 0.         0.01511624
 0.0006105  0.00549426]
	[RESULT 38] [ 2.40046815e-02 -5.99428616e-03  1.99989677e-02  2.32492077e-02
  2.32471431e-02  9.99979354e-02  0.00000000e+00  1.03230020e-06
  9.99896770e-03  9.99793540e-03  0.00000000e+00  2.70046815e-02
 -6.99635076e-03  7.00103230e-03]
	[RESULT 39] [ 0.02125731 -0.00749228  0.01874959  0.02350305  0.02399614  0.09749919
  0.          0.00125041  0.00874959  0.00749919  0.          0.02425731
 -0.00649228  0.00374959]
	[RESULT 40] [3.09939560e-02 1.03012877e-03 1.99638272e-02 1.98072811e-02
 1.97349356e-02 9.99276545e-02 0.00000000e+00 3.61727549e-05
 9.96382725e-03 9.92765449e-03 0.00000000e+00 3.39939560e-02
 2.03012877e-03 4.96382725e-03]
	[RESULT 41] [ 4.88900856e-03 -2.50965713e-02  1.99855799e-02  1.71728741e-02
  1.72017143e-02  9.99711598e-02  0.00000000e+00  1.44200999e-05
  9.98557990e-03  9.97115980e-03  0.00000000e+00  7.38900856e-03
 -2.45965713e-02  4.98557990e-03]
	[RESULT 42] [ 0.00414432 -0.02571772  0.01986204  0.01661522  0.01689114  0.09972408
  0.          0.00013796  0.00986204  0.00972408  0.          0.00714432
 -0.02471772  0.00486204]
	[RESULT 43] [ 0.02289444 -0.00243363  0.01532807  0.01943932  0.02121681  0.09065613
  0.          0.0089842   0.00532807  0.00065613  0.          0.02489444
 -0.01377749  0.01167193]
	[RESULT 44] [ 0.00461626 -0.02480994  0.01942619  0.01619742  0.01734503  0.09885238
  0.          0.00057381  0.00942619  0.00885238  0.          0.00611626
 -0.02530994  0.00442619]
	[RESULT 45] [ 0.02730257 -0.00218774  0.01949031  0.02236325  0.02134387  0.09898062
  0.          0.00050969  0.00949031  0.00898062  0.          0.03030257
 -0.00118774  0.00449031]
	[RESULT 46] [3.18881091e-02 1.89586282e-03 1.99922462e-02 1.93175761e-02
 1.93020686e-02 9.99844925e-02 0.00000000e+00 7.75376459e-06
 9.99224624e-03 9.98449247e-03 0.00000000e+00 3.48881091e-02
 8.80355289e-04 7.00775376e-03]
	[RESULT 47] [0.01424792 0.02264603 0.01839811 0.0095268  0.00632301 0.09679621
 0.         0.00160189 0.00839811 0.00679621 0.         0.01374792
 0.00084981 0.00710189]
	[RESULT 48] [ 0.004234   -0.02558539  0.01981938  0.01659607  0.01695731  0.09963877
  0.          0.00018062  0.00981938  0.00963877  0.          0.007234
 -0.02458539  0.00481938]
	[RESULT 49] [ 2.79004391e-02 -2.09827826e-03  1.99987174e-02  2.13017044e-02
  2.12991391e-02  9.99974347e-02  0.00000000e+00  1.28263890e-06
  9.99871736e-03  9.99743472e-03  0.00000000e+00  3.09004391e-02
 -3.10084353e-03  7.00128264e-03]
	[RESULT 50] [ 0.01463425 -0.0140964   0.01873065  0.02016311  0.0227018   0.09746131
  0.          0.00126935  0.00873065  0.00746131  0.          0.01763425
 -0.0130964   0.00373065]
	[RESULT 51] [ 0.02012889 -0.00791611  0.01804501  0.02188196  0.02420806  0.09609002
  0.          0.00195499  0.00804501  0.00609002  0.          0.02312889
 -0.0078261   0.00395499]
	[RESULT 52] [ 0.00456865 -0.02486401  0.01943266  0.01618331  0.01731799  0.09886531
  0.          0.00056734  0.00943266  0.00886531  0.          0.00706865
 -0.02436401  0.00443266]
	[RESULT 53] [ 2.50016455e-02 -4.99732217e-03  1.99989677e-02  2.25007257e-02
  2.24986611e-02  9.99979354e-02  0.00000000e+00  1.03230020e-06
  9.99896770e-03  9.99793540e-03  0.00000000e+00  2.70016455e-02
 -6.99938677e-03  7.00103230e-03]
	[RESULT 54] [ 0.02890902  0.00376333  0.01514569  0.02192304  0.01836834  0.09029138
  0.          0.00656293  0.00514569  0.00029138  0.          0.03190902
 -0.00194529  0.00685431]
	[RESULT 55] [ 0.01359845 -0.01619745  0.0197959   0.02124307  0.02165128  0.0995918
  0.          0.0002041   0.0097959   0.0095918   0.          0.01659845
 -0.01519745  0.0047959 ]
	[RESULT 56] [ 0.01820519 -0.00763771  0.01584291  0.01761696  0.02406886  0.09168581
  0.          0.00447128  0.00584291  0.00168581  0.          0.02120519
 -0.0119519   0.00615709]
	[RESULT 57] [ 0.02882025  0.0001435   0.01867675  0.02257475  0.01992825  0.0973535
  0.          0.00132325  0.00867675  0.0073535   0.          0.03082025
 -0.004503    0.00832325]
	[RESULT 58] [3.24071457e-02 2.40842679e-03 1.99987189e-02 1.87983488e-02
 1.87957866e-02 9.99974378e-02 0.00000000e+00 1.28108438e-06
 9.99871892e-03 9.99743783e-03 0.00000000e+00 3.44071457e-02
 4.05864622e-04 7.00128108e-03]
	[RESULT 59] [ 0.01425918 -0.01118634  0.01544552  0.01504788  0.02415683  0.09089105
  0.          0.00566343  0.00544552  0.00089105  0.          0.01725918
 -0.01629529  0.00655448]
	[RESULT 60] [ 2.69083742e-02 -3.07799694e-03  1.99863711e-02  2.18162562e-02
  2.17889985e-02  9.99727423e-02  0.00000000e+00  1.36288587e-05
  9.98637114e-03  9.97274228e-03  0.00000000e+00  2.99083742e-02
 -2.07799694e-03  4.98637114e-03]
	[RESULT 61] [ 0.02404028 -0.00481983  0.0188601   0.02493971  0.02265991  0.09772021
  0.          0.0011399   0.0088601   0.00772021  0.          0.02704028
 -0.00381983  0.0038601 ]
	[RESULT 62] [0.02126471 0.02281984 0.01591546 0.01675916 0.00859008 0.09183092
 0.         0.00775362 0.00591546 0.00183092 0.         0.02076471
 0.01034925 0.00958454]
	[RESULT 63] [ 0.02203422 -0.0074861   0.01952032  0.02495241  0.02399305  0.09904064
  0.          0.00047968  0.00952032  0.00904064  0.          0.02503422
 -0.00944546  0.00747968]
	[RESULT 64] [ 0.00682233 -0.0228282   0.01965053  0.01763696  0.0183359   0.09930106
  0.          0.00034947  0.00965053  0.00930106  0.          0.00982233
 -0.0218282   0.00465053]
	[RESULT 65] [0.01183133 0.01778852 0.0159572  0.01197987 0.00389426 0.09191439
 0.         0.00762841 0.0059572  0.00191439 0.         0.01133133
 0.00087413 0.0095428 ]
	[RESULT 66] [ 0.00481522 -0.02439293  0.01920815  0.01596983  0.01755353  0.0984163
  0.          0.00079185  0.00920815  0.0084163   0.          0.00781522
 -0.02339293  0.00420815]
	[RESULT 67] [ 0.02714032  0.00027699  0.01686333  0.02361515  0.0201115   0.09372666
  0.          0.00641002  0.00686333  0.00372666  0.          0.03014032
 -0.00699635  0.01013667]
	[RESULT 68] [ 2.29056381e-02 -7.04000318e-03  1.99456413e-02  2.36287190e-02
  2.35200016e-02  9.98912825e-02  0.00000000e+00  5.43587271e-05
  9.94564127e-03  9.89128255e-03  0.00000000e+00  2.49056381e-02
 -7.04000318e-03  4.94564127e-03]
	[RESULT 69] [ 2.36917657e-02 -6.30056705e-03  1.99923328e-02  2.34156180e-02
  2.34002835e-02  9.99846655e-02  0.00000000e+00  7.66723832e-06
  9.99233276e-03  9.98466552e-03  0.00000000e+00  2.51917657e-02
 -6.80056705e-03  4.99233276e-03]
	[RESULT 70] [ 0.00749468 -0.01950779  0.01700247  0.01400104  0.01999611  0.09400494
  0.          0.00299753  0.00700247  0.00400494  0.          0.00899468
 -0.02150285  0.00349753]
	[RESULT 71] [ 0.02357528 -0.00579722  0.0193725   0.0244036   0.02314861  0.09874501
  0.          0.0006275   0.0093725   0.00874501  0.          0.02657528
 -0.00479722  0.0043725 ]
	[RESULT 72] [ 0.01898594 -0.00979569  0.01878162  0.02241541  0.02485216  0.09756325
  0.          0.00121838  0.00878162  0.00756325  0.          0.02198594
 -0.00879569  0.00378162]
	[RESULT 73] [ 0.00668111 -0.02070785  0.01738895  0.01417398  0.01939608  0.09477791
  0.          0.00261105  0.00738895  0.00477791  0.          0.00968111
 -0.02192994  0.00461105]
	[RESULT 74] [ 4.71723089e-03 -2.52600470e-02  1.99772779e-02  1.70745323e-02
  1.71199765e-02  9.99545558e-02  0.00000000e+00  2.27220953e-05
  9.97727790e-03  9.95455581e-03  0.00000000e+00  7.21723089e-03
 -2.47600470e-02  4.97727790e-03]
	[RESULT 75] [ 0.02371439 -0.00580742  0.01952181  0.02411009  0.02315371  0.09904362
  0.          0.00047819  0.00952181  0.00904362  0.          0.02671439
 -0.00776381  0.00747819]
	[RESULT 76] [2.78565113e-02 1.21457569e-02 1.99977318e-02 1.41816580e-02
 1.41771215e-02 9.99954635e-02 0.00000000e+00 2.26822608e-06
 9.99773177e-03 9.99546355e-03 0.00000000e+00 2.48565113e-02
 9.85424309e-03 4.99773177e-03]
	[RESULT 77] [ 2.57269667e-02  7.00450518e-05  1.56569216e-02  2.10988657e-02
  2.02149775e-02  9.13138432e-02  0.00000000e+00  5.02923519e-03
  5.65692160e-03  1.31384321e-03  0.00000000e+00  2.87269667e-02
 -4.61611174e-03  6.34307840e-03]
	[RESULT 78] [0.02074408 0.01978204 0.01947388 0.01116122 0.01010898 0.09894776
 0.         0.00052612 0.00947388 0.00894776 0.         0.02024408
 0.00471796 0.00447388]
	[RESULT 79] [ 0.01213823 -0.01635937  0.0184976   0.01856551  0.02157032  0.0969952
  0.          0.0015024   0.0084976   0.0069952   0.          0.01513823
 -0.01536417  0.0035024 ]
	[RESULT 80] [ 0.00748032 -0.02004731  0.01752763  0.0147816   0.01972635  0.09505526
  0.          0.00247237  0.00752763  0.00505526  0.          0.01048032
 -0.02099205  0.00447237]
	[RESULT 81] [ 2.98084078e-02 -1.90311160e-04  1.99987189e-02  2.00977177e-02
  2.00951556e-02  9.99974378e-02  0.00000000e+00  1.28108438e-06
  9.99871892e-03  9.99743783e-03  0.00000000e+00  3.18084078e-02
 -2.19287333e-03  7.00128108e-03]
	[RESULT 82] [ 0.02129019 -0.00843815  0.01972834  0.0247624   0.02421907  0.09945667
  0.          0.00027166  0.00972834  0.00945667  0.          0.02329019
 -0.00843815  0.00472834]
	[RESULT 83] [ 0.00850711 -0.01876226  0.01726936  0.0149076   0.02036887  0.09453873
  0.          0.00273064  0.00726936  0.00453873  0.          0.01100711
 -0.02022353  0.00423064]
	[RESULT 84] [ 2.99690054e-02 -2.33273908e-05  1.99923328e-02  2.02769982e-02
  2.02616637e-02  9.99846655e-02  0.00000000e+00  7.66723832e-06
  9.99233276e-03  9.98466552e-03  0.00000000e+00  3.29690054e-02
 -1.03866187e-03  7.00766724e-03]
	[RESULT 85] [ 2.13840465e-02 -8.58853590e-03  1.99725824e-02  2.45991032e-02
  2.45442680e-02  9.99451648e-02  0.00000000e+00  2.74176052e-05
  9.97258239e-03  9.94516479e-03  0.00000000e+00  2.43840465e-02
 -7.58853590e-03  4.97258239e-03]
	[RESULT 86] [ 0.01502817 -0.01160987  0.01663804  0.01722114  0.02394507  0.09327608
  0.          0.00336196  0.00663804  0.00327608  0.          0.01802817
 -0.01433379  0.00536196]
	[RESULT 87] [ 0.02370417 -0.00476739  0.01847157  0.02430944  0.0226337   0.09694313
  0.          0.00152843  0.00847157  0.00694313  0.          0.02620417
 -0.00426739  0.00347157]
	[RESULT 88] [0.03244477 0.00722541 0.01521936 0.02380142 0.0166373  0.09043871
 0.         0.00484193 0.00521936 0.00043871 0.         0.03394477
 0.00166412 0.00528064]
	[RESULT 89] [ 0.02849666  0.00332494  0.01517173  0.02200592  0.01833753  0.09034345
  0.          0.00498482  0.00517173  0.00034345  0.          0.02899666
 -0.00333161  0.00532827]
	[RESULT 90] [ 0.01646031 -0.0106608   0.01712111  0.01866182  0.0244196   0.09424222
  0.          0.00287889  0.00712111  0.00424222  0.          0.01946031
 -0.01241858  0.00487889]
	[RESULT 91] [ 2.49909847e-02 -5.00681291e-03  1.99977976e-02  2.27578112e-02
  2.27534065e-02  9.99955952e-02  0.00000000e+00  2.20239006e-06
  9.99779761e-03  9.99559522e-03  0.00000000e+00  2.79909847e-02
 -6.01121769e-03  7.00220239e-03]
	[RESULT 92] [ 1.64242199e-02 -1.34782152e-02  1.99024351e-02  2.28157625e-02
  2.30108924e-02  9.98048701e-02  0.00000000e+00  9.75649335e-05
  9.90243507e-03  9.80487013e-03  0.00000000e+00  1.94242199e-02
 -1.24782152e-02  4.90243507e-03]
	[RESULT 93] [ 0.01702021 -0.01098471  0.01800492  0.02051749  0.02450764  0.09600985
  0.          0.00199508  0.00800492  0.00600985  0.          0.01852021
 -0.01197487  0.00349508]
	[RESULT 94] [ 0.02623103 -0.00271632  0.01894736  0.02371345  0.02160816  0.09789471
  0.          0.00105264  0.00894736  0.00789471  0.          0.02923103
 -0.00171632  0.00394736]
	[RESULT 95] [ 0.02806056  0.00090252  0.01715804  0.02451734  0.01979874  0.09431608
  0.          0.00284196  0.00715804  0.00431608  0.          0.03106056
 -0.0007814   0.00484196]
	[RESULT 96] [ 0.02350556 -0.00638873  0.01989429  0.02340579  0.02319437  0.09978858
  0.          0.00010571  0.00989429  0.00978858  0.          0.02550556
 -0.00638873  0.00489429]
	[RESULT 97] [0.03260246 0.00298578 0.01961668 0.01952375 0.01875711 0.09923336
 0.         0.00038332 0.00961668 0.00923336 0.         0.03439754
 0.00398578 0.00461668]
	[RESULT 98] [ 0.01034876 -0.01491359  0.01526235  0.0128179   0.02229321  0.09052469
  0.          0.00621296  0.00526235  0.00052469  0.          0.01334876
 -0.02038889  0.00673765]
	[RESULT 99] [ 0.00652655 -0.02117495  0.01770151  0.01456554  0.01916252  0.09540302
  0.          0.00229849  0.00770151  0.00540302  0.          0.00952655
 -0.02177194  0.00429849]
	[RESULT 100] [ 2.42693233e-02 -5.72290362e-03  1.99922270e-02  2.31269979e-02
  2.31114518e-02  9.99844539e-02  0.00000000e+00  7.77304694e-06
  9.99222695e-03  9.98445391e-03  0.00000000e+00  2.72693233e-02
 -4.72290362e-03  4.99222695e-03]
	[RESULT 101] [ 0.00447463 -0.02511711  0.01959174  0.01637493  0.01719144  0.09918348
  0.          0.00040826  0.00959174  0.00918348  0.          0.00747463
 -0.02411711  0.00459174]
	[RESULT 102] [ 2.37685736e-02 -6.22815648e-03  1.99967301e-02  2.33706181e-02
  2.33640782e-02  9.99934601e-02  0.00000000e+00  3.26992710e-06
  9.99673007e-03  9.99346015e-03  0.00000000e+00  2.52685736e-02
 -6.72815648e-03  4.99673007e-03]
	[RESULT 103] [ 0.00552018 -0.02403539  0.01955557  0.01709344  0.01798231  0.09911114
  0.          0.00044443  0.00955557  0.00911114  0.          0.00602018
 -0.02553539  0.00455557]
	[RESULT 104] [ 0.00756219 -0.01888049  0.01644267  0.0131951   0.02030976  0.09288535
  0.          0.00355733  0.00644267  0.00288535  0.          0.01056219
 -0.02199514  0.00555733]
	[RESULT 105] [ 1.97578747e-02 -1.02403942e-02  1.99982689e-02  2.46263406e-02
  2.46298029e-02  9.99965377e-02  0.00000000e+00  1.73113962e-06
  9.99826886e-03  9.99653772e-03  0.00000000e+00  2.27578747e-02
 -9.24039417e-03  4.99826886e-03]
