[METRICS]
	[DISEQUILIBRIUM COUNT] 288
[VARIABLES]
	[RESULT 1] [1 6.089574303064376 0 4 7 3999.3949554909327 35]
	[RESULT 2] [0 10.07636926327772 0 1 17 3998.9741249215213 95]
	[RESULT 3] [1 27.943105564852395 0 4 23 3977.7274941480196 87]
	[RESULT 4] [0 21.15199293893863 1 1 24 3997.6381061805846 98]
	[RESULT 5] [0 6.228131676928505 1 2 24 3947.351978677294 75]
	[RESULT 6] [0 5.002209561919162 0 4 3 3999.774375793909 1]
	[RESULT 7] [1 5.42992856431791 0 4 15 3823.4721074618365 55]
	[RESULT 8] [1 5.992931209676729 0 1 18 3999.9446390655826 34]
	[RESULT 9] [1 5.470517301991802 0 4 23 3969.2021976748865 21]
	[RESULT 10] [0 7.259937617725014 1 1 5 1323.5594233610088 96]
	[RESULT 11] [0 6.358223517249631 0 4 22 3660.631727506596 92]
	[RESULT 12] [0 5.472719838501334 0 4 2 1488.5656683430568 8]
	[RESULT 13] [1 42.340428891323256 1 4 17 3988.678085443751 5]
	[RESULT 14] [0 47.510710439467985 1 1 3 3990.8411427415776 7]
	[RESULT 15] [0 39.52800086234868 0 4 7 3999.725331186453 32]
	[RESULT 16] [0 5.708869877715816 1 3 22 3981.8389410832524 84]
	[RESULT 17] [0 7.200378206372092 1 1 24 3997.6381061805846 98]
	[RESULT 18] [0 5.50562656489336 1 1 7 1001.9555681587779 1]
	[RESULT 19] [1 5.353262822866413 0 4 23 3962.106536751299 17]
	[RESULT 20] [0 5.021848337240462 0 1 14 3939.137139030899 86]
	[RESULT 21] [0 7.200378206372092 0 1 24 3997.6381061805846 98]
	[RESULT 22] [1 5.119901928621811 0 4 7 1036.688010581949 2]
	[RESULT 23] [0 5.500757384817769 0 4 23 3999.4279672328475 49]
	[RESULT 24] [1 7.57781786886848 1 1 7 1006.3021949406815 1]
	[RESULT 25] [0 6.530814362920427 1 4 7 3985.3479222278393 72]
	[RESULT 26] [1 5.429680364793304 0 4 7 3577.7477834037963 97]
	[RESULT 27] [1 5.1388177203162995 0 4 23 3998.519808872657 37]
	[RESULT 28] [0 41.465570579113795 1 1 18 1003.2891821812912 1]
	[RESULT 29] [1 6.185510570553017 1 4 15 3983.122289187897 76]
	[RESULT 30] [1 5.022049951803373 0 4 24 3994.2968308902723 37]
	[RESULT 31] [0 5.086172329662269 1 1 13 1004.4867156112884 1]
	[RESULT 32] [0 5.253418450132021 0 2 17 3996.843226319726 76]
	[RESULT 33] [1 5.353262822866413 0 4 23 3962.106536751299 16]
	[RESULT 34] [0 5.14072106910421 1 4 3 3856.0909451445964 1]
	[RESULT 35] [0 40.35721606396587 0 4 5 3967.4926860074347 3]
	[RESULT 36] [1 6.70922367198979 0 4 5 3434.4090309097855 83]
	[RESULT 37] [1 6.185510570553017 1 4 15 3596.76042203131 77]
	[RESULT 38] [0 5.418680309222951 1 1 24 3998.8571410580107 80]
	[RESULT 39] [0 6.526017186297307 1 4 7 3985.3479222278393 72]
	[RESULT 40] [0 5.745452781488489 1 1 17 3962.841313140209 98]
	[RESULT 41] [1 31.30157188222394 0 4 3 3990.5413357618086 87]
	[RESULT 42] [0 5.057242941911288 0 1 17 3998.9741249215213 96]
	[RESULT 43] [0 5.9021834394951 1 4 24 3988.3268620287313 99]
	[RESULT 44] [0 6.071660028656176 1 1 21 1001.5991163809648 1]
	[RESULT 45] [0 6.024624903106451 0 4 19 3994.1670741620724 76]
	[RESULT 46] [0 6.592187334334659 0 1 22 1646.628268727158 5]
	[RESULT 47] [0 5.074537513819757 0 1 7 3993.118369458794 81]
	[RESULT 48] [0 5.615062943170834 0 4 24 3943.6427616966635 21]
	[RESULT 49] [1 5.429990451016685 0 4 15 3998.224401748629 89]
	[RESULT 50] [0 46.885858303270325 1 4 17 1001.6892323701655 1]
	[RESULT 51] [1 6.097103231014157 1 4 15 3983.122289187897 76]
	[RESULT 52] [0 9.221825978122999 0 1 18 1001.7747453063043 3]
	[RESULT 53] [0 46.752244664340296 1 1 23 1018.5652450126021 3]
	[RESULT 54] [1 10.395133816325835 1 2 23 3991.2251866162096 57]
	[RESULT 55] [1 43.8417028992627 1 4 16 3999.778935803833 13]
	[RESULT 56] [1 5.241835812858072 0 3 23 3962.106536751299 18]
	[RESULT 57] [0 37.6891867459593 1 1 18 1003.2891821812912 1]
	[RESULT 58] [0 5.611061221773495 1 1 14 3740.499367085529 1]
	[RESULT 59] [0 49.54379747067098 1 1 23 1000.2423431864273 1]
	[RESULT 60] [1 7.385449476572007 0 1 19 3980.992688678325 94]
	[RESULT 61] [1 9.639244148479136 0 1 15 3968.5964415962117 94]
	[RESULT 62] [0 5.203512983241156 0 1 24 3998.008315193394 81]
	[RESULT 63] [0 49.54379747067098 0 2 23 3703.7341483748987 1]
	[RESULT 64] [0 15.319413963584488 1 2 16 3985.180199484192 75]
	[RESULT 65] [0 5.965674683903334 1 2 23 3970.7748620434395 3]
	[RESULT 66] [1 5.057242941911288 0 4 17 3998.0962063796915 96]
	[RESULT 67] [1 46.82547216245042 1 1 23 3988.5423644321827 7]
	[RESULT 68] [1 5.429680364793304 0 4 23 3585.837601177036 96]
	[RESULT 69] [1 5.42992856431791 0 4 18 3769.167853088762 55]
	[RESULT 70] [0 10.172933925673078 0 1 23 3876.6027951173446 26]
	[RESULT 71] [1 5.252986405525451 0 1 23 1464.4543671552333 18]
	[RESULT 72] [0 6.097103231014157 1 4 14 3983.122289187897 74]
	[RESULT 73] [0 5.643735032339626 0 1 17 3998.977921849739 96]
	[RESULT 74] [0 5.253418450132021 0 2 24 3959.608839902853 76]
	[RESULT 75] [0 7.3904278661326845 0 1 17 3999.5970333494033 96]
	[RESULT 76] [0 5.021848337240462 0 1 14 3998.599102946057 89]
	[RESULT 77] [0 5.8925412718500745 1 4 15 3983.122289187897 76]
	[RESULT 78] [1 5.011698871005419 1 4 15 3999.9958891175575 90]
	[RESULT 79] [0 20.266416207362198 0 4 7 3912.6640780674734 99]
	[RESULT 80] [0 5.009973880549196 0 1 14 3975.7517486077345 80]
	[RESULT 81] [0 10.414158222059488 1 1 19 1006.3387033301764 1]
	[RESULT 82] [1 6.991699586676387 0 1 15 3999.9934881243194 67]
	[RESULT 83] [1 11.141997318989793 1 2 23 3991.2251866162096 57]
	[RESULT 84] [0 5.286559880298632 1 4 22 3967.470880649524 88]
	[RESULT 85] [1 8.6765515221222 0 4 18 1002.1662054787181 83]
	[RESULT 86] [0 40.35721606396587 0 4 5 3932.3917176093137 81]
	[RESULT 87] [0 35.20781102473592 1 4 23 3655.7325060344397 74]
	[RESULT 88] [0 5.4876261719563795 1 1 18 3995.854171263701 14]
	[RESULT 89] [1 9.76683930417528 0 1 15 3995.8570571106866 95]
	[RESULT 90] [0 5.20941266899 1 3 0 3393.0557529127655 84]
	[RESULT 91] [1 7.439123589422531 0 4 3 3920.0974914293583 16]
	[RESULT 92] [0 46.333434541644976 1 1 24 1018.5652450126021 3]
	[RESULT 93] [1 5.987873029918977 0 4 14 3958.8309797268007 73]
	[RESULT 94] [0 5.245106494514148 1 4 14 3983.1963804769994 1]
	[RESULT 95] [0 45.36539946289435 0 4 23 1003.334071658202 1]
	[RESULT 96] [0 5.009973880549196 0 1 14 3878.778446492295 80]
	[RESULT 97] [0 5.910388036766257 1 4 7 3999.641483560239 98]
	[RESULT 98] [1 48.2868393666261 1 2 23 3971.462576760849 7]
	[RESULT 99] [1 5.799563686680033 0 4 17 3999.9967027993953 96]
	[RESULT 100] [1 42.340428891323256 1 4 18 3988.678085443751 75]
	[RESULT 101] [0 5.192592006138013 0 2 17 3989.87448720994 7]
	[RESULT 102] [1 5.6933876415700695 0 1 19 3980.992688678325 94]
	[RESULT 103] [0 7.643977667409415 1 4 7 3973.7511813238434 95]
	[RESULT 104] [0 8.42621481136954 0 4 7 3996.292979265872 75]
	[RESULT 105] [0 5.994916134951414 1 4 24 3998.2438971288307 76]
[OBJECTIVES]
	[RESULT 1] [ 0.02689489 -0.00049795  0.01739283  0.02428669  0.02049897  0.09478566
  0.          0.00260717  0.00739283  0.00478566  0.          0.02989489
 -0.00171228  0.00460717]
	[RESULT 2] [ 0.02682924  0.00100638  0.01582286  0.02214891  0.01949681  0.09164572
  0.          0.00417714  0.00582286  0.00164572  0.          0.02732924
 -0.0043479   0.00467714]
	[RESULT 3] [0.03085862 0.01393256 0.01520883 0.02286607 0.01328372 0.09041766
 0.         0.00637351 0.00520883 0.00041766 0.         0.02785862
 0.00835021 0.00679117]
	[RESULT 4] [ 0.03019984  0.00490832  0.01529151  0.02303718  0.01754584  0.09058302
  0.          0.00962547  0.00529151  0.00058302  0.          0.03069984
 -0.00650865  0.01020849]
	[RESULT 5] [0.02106241 0.02169356 0.01724403 0.01466515 0.00915322 0.09448807
 0.         0.0042679  0.00724403 0.00448807 0.         0.02006241
 0.00881837 0.00875597]
	[RESULT 6] [ 2.50346296e-02 -4.95434693e-03  1.99889765e-02  2.24992204e-02
  2.24771735e-02  9.99779531e-02  0.00000000e+00  1.10234526e-05
  9.98897655e-03  9.97795309e-03  0.00000000e+00  2.70346296e-02
 -4.95434693e-03  4.98897655e-03]
	[RESULT 7] [0.02303277 0.01847055 0.01849668 0.01402137 0.01101472 0.09699336
 0.         0.00150332 0.00849668 0.00699336 0.         0.02003277
 0.00353609 0.00350332]
	[RESULT 8] [ 0.02624786 -0.001261    0.01750887  0.02413723  0.0208805   0.09501773
  0.          0.00249113  0.00750887  0.00501773  0.          0.02774786
 -0.00224327  0.00299113]
	[RESULT 9] [0.03085132 0.01074851 0.01840016 0.01807541 0.01487574 0.09680033
 0.         0.00159984 0.00840016 0.00680033 0.         0.02785132
 0.01145116 0.00359984]
	[RESULT 10] [0.01576513 0.0222989  0.01653377 0.01308191 0.00614945 0.09306754
 0.         0.00589868 0.00653377 0.00306754 0.         0.01526513
 0.00423136 0.00896623]
	[RESULT 11] [0.02105776 0.021822   0.01712024 0.01484852 0.009089   0.09424048
 0.         0.00287976 0.00712024 0.00424048 0.         0.01905776
 0.00393752 0.00487976]
	[RESULT 12] [0.01885654 0.02274838 0.01839508 0.01183565 0.00862581 0.09679016
 0.         0.00160492 0.00839508 0.00679016 0.         0.01685654
 0.00046146 0.00360492]
	[RESULT 13] [0.02854599 0.0163236  0.01513041 0.02182738 0.0120882  0.09026082
 0.         0.00839123 0.00513041 0.00026082 0.         0.02554599
 0.00558442 0.01186959]
	[RESULT 14] [0.02862455 0.01626054 0.01511491 0.0216399  0.01186973 0.09022983
 0.         0.00984474 0.00511491 0.00022983 0.         0.02812455
 0.00449037 0.01038509]
	[RESULT 15] [ 0.02984109  0.00470036  0.01514073  0.02263165  0.01764982  0.09028147
  0.          0.0065778   0.00514073  0.00028147  0.          0.03184109
 -0.00201817  0.00685927]
	[RESULT 16] [0.02858303 0.01349106 0.01792591 0.01740265 0.01325447 0.09585182
 0.         0.00272227 0.00792591 0.00585182 0.         0.02708303
 0.00734288 0.00857409]
	[RESULT 17] [ 0.02892903  0.00236672  0.01656232  0.02430799  0.01881664  0.09312463
  0.          0.00581305  0.00656232  0.00312463  0.          0.02942903
 -0.00650865  0.00893768]
	[RESULT 18] [0.01372762 0.0220485  0.01832088 0.0093825  0.00602425 0.09664175
 0.         0.00167912 0.00832088 0.00664175 0.         0.01322762
 0.00040675 0.00717912]
	[RESULT 19] [0.02987031 0.01143492 0.01869477 0.01714299 0.01453254 0.09738955
 0.         0.00130523 0.00869477 0.00738955 0.         0.02687031
 0.01056508 0.00369477]
	[RESULT 20] [0.02850548 0.01160143 0.01989309 0.0144131  0.01419929 0.09978619
 0.         0.00010691 0.00989309 0.00978619 0.         0.02800548
 0.01010143 0.00489309]
	[RESULT 21] [ 0.02392903 -0.00263328  0.01656232  0.02180799  0.02131664  0.09312463
  0.          0.00343768  0.00656232  0.00312463  0.          0.02442903
 -0.00650865  0.00393768]
	[RESULT 22] [0.02087585 0.01965948 0.01946468 0.01149091 0.01042026 0.09892935
 0.         0.00053532 0.00946468 0.00892935 0.         0.01787585
 0.00234052 0.00446468]
	[RESULT 23] [ 0.02684297 -0.00148868  0.01833165  0.02408104  0.02074434  0.0966633
  0.          0.00166835  0.00833165  0.0066633   0.          0.02884297
 -0.00182538  0.00366835]
	[RESULT 24] [0.01280454 0.01920204 0.0163975  0.01205602 0.00485102 0.092795
 0.         0.0063075  0.0063975  0.002795   0.         0.01130454
 0.00040704 0.0091025 ]
	[RESULT 25] [0.0284274  0.01459695 0.01697565 0.01875023 0.01270153 0.0939513
 0.         0.00607305 0.00697565 0.0039513  0.         0.0264274
 0.00654825 0.01002435]
	[RESULT 26] [0.02589471 0.01560801 0.01849729 0.01545143 0.012446   0.09699457
 0.         0.00150271 0.00849729 0.00699457 0.         0.02289471
 0.00639742 0.00350271]
	[RESULT 27] [ 0.02569443 -0.00369609  0.01939052  0.02331701  0.02209804  0.09878104
  0.          0.00060948  0.00939052  0.00878104  0.          0.02869443
 -0.00269609  0.00439052]
	[RESULT 28] [0.01054029 0.01567375 0.01513346 0.01256996 0.00283687 0.09026691
 0.         0.00990037 0.00513346 0.00026691 0.         0.01004029
 0.00040684 0.01036654]
	[RESULT 29] [0.0290122  0.0137     0.01728779 0.01882441 0.0134     0.09457559
 0.         0.00513662 0.00728779 0.00457559 0.         0.0260122
 0.00727559 0.00971221]
	[RESULT 30] [ 0.02843917 -0.00145296  0.01989213  0.02119222  0.02097648  0.09978426
  0.          0.00010787  0.00989213  0.00978426  0.          0.03143917
 -0.00045296  0.00489213]
	[RESULT 31] [0.01501024 0.02461356 0.01960332 0.00810014 0.00730678 0.09920664
 0.         0.00039668 0.00960332 0.00920664 0.         0.01451024
 0.00040692 0.00589668]
	[RESULT 32] [ 0.02801376 -0.00097533  0.01898909  0.02250948  0.02048766  0.09797818
  0.          0.00101091  0.00898909  0.00797818  0.          0.02901376
 -0.00197533  0.00398909]
	[RESULT 33] [0.02986751 0.01143772 0.01869477 0.01714159 0.01453114 0.09738955
 0.         0.00130523 0.00869477 0.00738955 0.         0.02686751
 0.01056228 0.00369477]
	[RESULT 34] [0.01828341 0.0223334  0.01938319 0.01006692 0.0088333  0.09876638
 0.         0.00061681 0.00938319 0.00876638 0.         0.01628341
 0.00390022 0.00761681]
	[RESULT 35] [0.02620979 0.01865269 0.01513752 0.02039861 0.01067366 0.09027505
 0.         0.00658743 0.00513752 0.00027505 0.         0.02420979
 0.01107226 0.00686248]
	[RESULT 36] [0.02001492 0.02313953 0.01684555 0.01498914 0.00868023 0.09369109
 0.         0.00315445 0.00684555 0.00369109 0.         0.01701492
 0.00216937 0.00515445]
	[RESULT 37] [0.01558059 0.02286839 0.01728779 0.0121086  0.00668419 0.09457559
 0.         0.00513662 0.00728779 0.00457559 0.         0.01258059
 0.0022928  0.00971221]
	[RESULT 38] [ 0.03161611  0.00309171  0.0185244   0.02140534  0.01845414  0.0970488
  0.          0.0014756   0.0085244   0.0070488   0.          0.03211611
 -0.00185948  0.0069756 ]
	[RESULT 39] [0.02843116 0.01458944 0.0169794  0.01874648 0.01270528 0.0939588
 0.         0.0060618  0.0069794  0.0039588  0.         0.02643116
 0.00654825 0.0100206 ]
	[RESULT 40] [0.02958616 0.01254925 0.01786459 0.0179962  0.01372537 0.09572917
 0.         0.00213541 0.00786459 0.00572917 0.         0.02908616
 0.00627842 0.00763541]
	[RESULT 41] [0.03425062 0.00906748 0.01518314 0.02465002 0.01571626 0.09036628
 0.         0.00645058 0.00518314 0.00036628 0.         0.03274938
 0.00343376 0.00681686]
	[RESULT 42] [ 0.02225616 -0.00747313  0.01972928  0.024278    0.02373656  0.09945856
  0.          0.00027072  0.00972928  0.00945856  0.          0.02275616
 -0.00897313  0.00472928]
	[RESULT 43] [ 0.030329    0.00270044  0.01762856  0.02339267  0.01864978  0.09525712
  0.          0.00411433  0.00762856  0.00525712  0.          0.032329
 -0.00404245  0.00937144]
	[RESULT 44] [0.01282024 0.02023377 0.01741352 0.01028984 0.00511688 0.09482705
 0.         0.00325943 0.00741352 0.00482705 0.         0.01232024
 0.00040672 0.00808648]
	[RESULT 45] [0.03145987 0.00399028 0.01746959 0.02306568 0.01800486 0.09493919
 0.         0.00253041 0.00746959 0.00493919 0.         0.03345987
 0.00192946 0.00453041]
	[RESULT 46] [0.01739999 0.02432886 0.01692887 0.01330669 0.00716443 0.09385775
 0.         0.00307113 0.00692887 0.00385775 0.         0.01689999
 0.00047112 0.00357113]
	[RESULT 47] [ 2.97430701e-02  8.99054311e-05  1.96531647e-02  2.06487179e-02
  1.99550473e-02  9.93063293e-02  0.00000000e+00  3.46835326e-04
  9.65316467e-03  9.30632935e-03  0.00000000e+00  3.02430701e-02
 -1.41009457e-03  4.65316467e-03]
	[RESULT 48] [0.02602802 0.01587612 0.01809585 0.01587023 0.01206194 0.09619171
 0.         0.00190415 0.00809585 0.00619171 0.         0.02402802
 0.00793217 0.00390415]
	[RESULT 49] [ 0.02549466 -0.00300187  0.01849653  0.02475788  0.02175093  0.09699305
  0.          0.00150347  0.00849653  0.00699305  0.          0.02849466
 -0.00200882  0.00350347]
	[RESULT 50] [0.01052332 0.0156399  0.01511659 0.01258677 0.00281995 0.09023318
 0.         0.00834977 0.00511659 0.00023318 0.         0.00852332
 0.00040673 0.01188341]
	[RESULT 51] [0.02910865 0.01350711 0.01738424 0.01872796 0.01349644 0.09476848
 0.         0.00484728 0.00738424 0.00476848 0.         0.02610865
 0.00727559 0.00961576]
	[RESULT 52] [0.01636833 0.02232585 0.01595752 0.01424789 0.00616293 0.09191504
 0.         0.00404248 0.00595752 0.00191504 0.         0.01586833
 0.00041081 0.00454248]
	[RESULT 53] [0.01052892 0.01564587 0.01511695 0.01258903 0.00282294 0.09023391
 0.         0.00985086 0.00511695 0.00023391 0.         0.01002892
 0.00041197 0.01038305]
	[RESULT 54] [0.0307413  0.01347685 0.01578184 0.02194789 0.01351157 0.09156369
 0.         0.00865447 0.00578184 0.00156369 0.         0.0287413
 0.00404054 0.01021816]
	[RESULT 55] [ 0.03386636  0.00874086  0.0151255   0.02437142  0.01587957  0.09025099
  0.          0.00837649  0.0051255   0.00025099  0.          0.03313364
 -0.00200815  0.0118745 ]
	[RESULT 56] [0.0302047  0.010769   0.0190263  0.0168129  0.0148655  0.09805259
 0.         0.0009737  0.0090263  0.00805259 0.         0.0277047
 0.011269   0.0040263 ]
	[RESULT 57] [0.01055525 0.01570367 0.01514842 0.012555   0.00285183 0.09029683
 0.         0.00994525 0.00514842 0.00029683 0.         0.01005525
 0.00040684 0.01035158]
	[RESULT 58] [0.01550038 0.02360392 0.01810354 0.01059487 0.00680196 0.09620709
 0.         0.00189646 0.00810354 0.00620709 0.         0.01500038
 0.00239683 0.00739646]
	[RESULT 59] [0.01051641 0.0156262  0.01510978 0.01259353 0.0028131  0.09021957
 0.         0.00982935 0.00510978 0.00021957 0.         0.01001641
 0.00040663 0.01039022]
	[RESULT 60] [0.03453624 0.00898685 0.01647691 0.02280276 0.01575657 0.09295382
 0.         0.00352309 0.00647691 0.00295382 0.         0.03303624
 0.00594067 0.00402309]
	[RESULT 61] [0.03082465 0.01328871 0.01588664 0.02183236 0.01360565 0.09177329
 0.         0.00411336 0.00588664 0.00177329 0.         0.02932465
 0.009062   0.00461336]
	[RESULT 62] [ 0.02669022 -0.00246429  0.0191545   0.02292314  0.02123214  0.09830901
  0.          0.0008455   0.0091545   0.00830901  0.          0.02719022
 -0.00396429  0.0041545 ]
	[RESULT 63] [0.01725521 0.022365   0.01510978 0.01596293 0.0061825  0.09021957
 0.         0.00567065 0.00510978 0.00021957 0.         0.01625521
 0.00214543 0.00589022]
	[RESULT 64] [0.02690666 0.01765162 0.01544172 0.02029075 0.01117419 0.09088344
 0.         0.00967484 0.00544172 0.00088344 0.         0.02590666
 0.00653506 0.01055828]
	[RESULT 65] [0.02427376 0.01818259 0.01754366 0.01582139 0.01090871 0.09508731
 0.         0.00336903 0.00754366 0.00508731 0.         0.02327376
 0.0112699  0.00845634]
	[RESULT 66] [ 0.02203979 -0.00768949  0.01972928  0.02463618  0.02409474  0.09945856
  0.          0.00027072  0.00972928  0.00945856  0.          0.02503979
 -0.00668949  0.00472928]
	[RESULT 67] [0.0284727  0.01641054 0.01511675 0.02181122 0.01204473 0.09023351
 0.         0.00985026 0.00511675 0.00023351 0.         0.0269727
 0.00564405 0.01038325]
	[RESULT 68] [0.02492045 0.01658227 0.01849729 0.0149643  0.01195887 0.09699457
 0.         0.00150271 0.00849729 0.00699457 0.         0.02192045
 0.00542316 0.00350271]
	[RESULT 69] [0.02237447 0.01912885 0.01849668 0.01369222 0.01068557 0.09699336
 0.         0.00150332 0.00849668 0.00699336 0.         0.01937447
 0.00287779 0.00350332]
	[RESULT 70] [0.02028832 0.02390169 0.01580999 0.01642918 0.00804916 0.09161998
 0.         0.00419001 0.00580999 0.00161998 0.         0.01978832
 0.00447834 0.00469001]
	[RESULT 71] [0.02047552 0.02053401 0.01899047 0.01200206 0.00998299 0.09798093
 0.         0.00100953 0.00899047 0.00798093 0.         0.01897552
 0.00296599 0.00399047]
	[RESULT 72] [0.02804939 0.01456637 0.01738424 0.01794833 0.01271682 0.09476848
 0.         0.00484728 0.00738424 0.00476848 0.         0.02604939
 0.00733485 0.00961576]
	[RESULT 73] [ 0.02394008 -0.00410177  0.01804185  0.02403282  0.02205089  0.09608371
  0.          0.00195815  0.00804185  0.00608371  0.          0.02444008
 -0.00560177  0.00304185]
	[RESULT 74] [0.02934696 0.01166395 0.01898909 0.01618984 0.01416802 0.09797818
 0.         0.00101091 0.00898909 0.00797818 0.         0.02834696
 0.01066395 0.00398909]
	[RESULT 75] [ 0.02492183 -0.00155291  0.01647474  0.02217303  0.02077645  0.09294948
  0.          0.00352526  0.00647474  0.00294948  0.          0.02542183
 -0.00560343  0.00402526]
	[RESULT 76] [ 0.0247668  -0.00512629  0.01989309  0.02277696  0.02256315  0.09978619
  0.          0.00010691  0.00989309  0.00978619  0.          0.0252668
 -0.00662629  0.00489309]
	[RESULT 77] [0.02836636 0.01399169 0.01764195 0.01772025 0.01300415 0.0952839
 0.         0.00407415 0.00764195 0.0052839  0.         0.02636636
 0.00727559 0.00935805]
	[RESULT 78] [ 2.72437463e-02 -2.69843571e-03  1.99421820e-02  2.17148538e-02
  2.15992179e-02  9.98843641e-02  0.00000000e+00  5.78179503e-05
  9.94218205e-03  9.88436410e-03  0.00000000e+00  3.02437463e-02
 -3.81407161e-03  7.05781795e-03]
	[RESULT 79] [0.03087105 0.01382157 0.01530738 0.02247445 0.01308922 0.09061476
 0.         0.00607785 0.00530738 0.00061476 0.         0.02887105
 0.00743633 0.00669262]
	[RESULT 80] [3.35938099e-02 6.45556698e-03 1.99506231e-02 1.68709704e-02
 1.67722165e-02 9.99012462e-02 0.00000000e+00 4.93769232e-05
 9.95062308e-03 9.90124615e-03 0.00000000e+00 3.30938099e-02
 4.95556698e-03 4.95062308e-03]
	[RESULT 81] [0.01118657 0.0169661  0.01577953 0.011924   0.00348305 0.09155905
 0.         0.00816142 0.00577953 0.00155905 0.         0.01068657
 0.00040705 0.00972047]
	[RESULT 82] [ 2.67469841e-02  7.56932829e-05  1.66712908e-02  2.31304282e-02
  2.02121534e-02  9.33425816e-02  0.00000000e+00  3.32870920e-03
  6.67129080e-03  3.34258160e-03  0.00000000e+00  2.82469841e-02
 -2.58172511e-03  3.82870920e-03]
	[RESULT 83] [0.03065954 0.01364037 0.01570008 0.02202965 0.01342981 0.09140017
 0.         0.00889975 0.00570008 0.00140017 0.         0.02865954
 0.00404054 0.01029992]
	[RESULT 84] [0.02628886 0.01482481 0.01888633 0.01481493 0.0125876  0.09777267
 0.         0.00111367 0.00888633 0.00777267 0.         0.02428886
 0.01059748 0.00811367]
	[RESULT 85] [0.01838703 0.0244562  0.01606916 0.01533977 0.0074781  0.09213833
 0.         0.00393084 0.00606916 0.00213833 0.         0.01538703
 0.00131787 0.00593084]
	[RESULT 86] [0.02288638 0.0219761  0.01513752 0.0187369  0.00901195 0.09027505
 0.         0.00658743 0.00513752 0.00027505 0.         0.02088638
 0.00774886 0.00686248]
	[RESULT 87] [0.0125935  0.01775371 0.01516022 0.01355642 0.00387686 0.09032043
 0.         0.00848065 0.00516022 0.00032043 0.         0.0105935
 0.00243328 0.01183978]
	[RESULT 88] [0.03496516 0.0066041  0.01836106 0.01997583 0.01669795 0.09672212
 0.         0.00163894 0.00836106 0.00672212 0.         0.03453484
 0.00132622 0.00713894]
	[RESULT 89] [ 0.02835363  0.0024866   0.01586703  0.02272735  0.0190067   0.09173405
  0.          0.00413297  0.00586703  0.00173405  0.          0.02985363
 -0.00177935  0.00463297]
	[RESULT 90] [0.01629972 0.02456604 0.01913424 0.0094485  0.00771698 0.09826848
 0.         0.00086576 0.00913424 0.00826848 0.         0.01479972
 0.00216548 0.00736576]
	[RESULT 91] [0.02364707 0.01989908 0.01645386 0.01739274 0.01030046 0.09290772
 0.         0.00354614 0.00645386 0.00290772 0.         0.02064707
 0.00619321 0.00554614]
	[RESULT 92] [0.01053008 0.01564819 0.01511811 0.01258787 0.00282409 0.09023622
 0.         0.00985433 0.00511811 0.00023622 0.         0.01003008
 0.00041197 0.01038189]
	[RESULT 93] [0.02867504 0.0138097  0.01751525 0.01831465 0.01334515 0.0950305
 0.         0.00248475 0.00751525 0.0050305  0.         0.02567504
 0.01015979 0.00448475]
	[RESULT 94] [0.02916658 0.0118177  0.01901572 0.01605971 0.01409115 0.09803144
 0.         0.00098428 0.00901572 0.00803144 0.         0.02716658
 0.00784914 0.00798428]
	[RESULT 95] [0.01552771 0.02064859 0.01512087 0.01508255 0.00532429 0.09024175
 0.         0.00663738 0.00512087 0.00024175 0.         0.01352771
 0.00040684 0.00687913]
	[RESULT 96] [2.51773397e-02 1.48720372e-02 1.99506231e-02 1.26627352e-02
 1.25639814e-02 9.99012462e-02 0.00000000e+00 4.93769232e-05
 9.95062308e-03 9.90124615e-03 0.00000000e+00 2.46773397e-02
 9.62796276e-03 4.95062308e-03]
	[RESULT 97] [ 0.02606951 -0.00154776  0.01761727  0.02446066  0.02077388  0.09523454
  0.          0.00414819  0.00761727  0.00523454  0.          0.02806951
 -0.00831322  0.00938273]
	[RESULT 98] [0.02299974 0.02188736 0.0151129  0.01908052 0.00930632 0.0902258
 0.         0.0093387  0.0051129  0.0002258  0.         0.02099974
 0.01111316 0.0108871 ]
	[RESULT 99] [ 0.02222485 -0.00555361  0.01777845  0.0225301   0.0230268   0.0955569
  0.          0.00222155  0.00777845  0.0055569   0.          0.02522485
 -0.0059967   0.00422155]
	[RESULT 100] [0.02910688 0.01576271 0.01513041 0.02210783 0.01236865 0.09026082
 0.         0.00839123 0.00513041 0.00026082 0.         0.02610688
 0.00502353 0.01186959]
	[RESULT 101] [0.03280135 0.0036088  0.01919255 0.0198105  0.0181956  0.0983851
 0.         0.00080745 0.00919255 0.0083851  0.         0.03380135
 0.0026088  0.00419255]
	[RESULT 102] [0.03398801 0.00603535 0.01795266 0.021327   0.01723233 0.09590532
 0.         0.00204734 0.00795266 0.00590532 0.         0.03451199
 0.00553535 0.00295266]
	[RESULT 103] [0.02690086 0.01672701 0.01637213 0.01889224 0.0116365  0.09274425
 0.         0.00788362 0.00637213 0.00274425 0.         0.02490086
 0.00747126 0.01062787]
	[RESULT 104] [0.03132946 0.00519982 0.01612963 0.02485918 0.01740009 0.09225927
 0.         0.00387037 0.00612963 0.00225927 0.         0.03332946
 0.00045909 0.00587037]
	[RESULT 105] [ 0.03333447  0.0058281   0.01750637  0.02207321  0.01708595  0.09501274
  0.          0.00448089  0.00750637  0.00501274  0.          0.03466553
 -0.00115916  0.00949363]
