[METRICS]
	[DISEQUILIBRIUM COUNT] 1404
[VARIABLES]
	[RESULT 1] [1 5.232042658998603 0 4 9 3934.499438252535 100]
	[RESULT 2] [0 5.348538809492339 0 4 17 3999.967902740482 97]
	[RESULT 3] [0 5.000774122035869 0 1 11 3999.994155648918 100]
	[RESULT 4] [1 5.404540869870875 0 4 9 3997.943801329119 100]
	[RESULT 5] [0 5.017917362801053 0 4 17 3997.5448110587013 95]
	[RESULT 6] [0 6.479505288266848 0 1 11 3999.8599031845242 100]
	[RESULT 7] [1 5.179815246995321 1 4 12 3999.0330155421934 100]
	[RESULT 8] [1 5.000088811780968 0 1 9 3994.9165876722855 97]
	[RESULT 9] [1 5.000003703746135 1 4 24 3999.948483697011 31]
	[RESULT 10] [1 5.017776952661232 1 4 11 3980.6666573182483 100]
	[RESULT 11] [0 5.167359731903936 1 1 10 3999.974053713287 98]
	[RESULT 12] [1 5.0220721035640175 0 1 24 3999.9915828546905 100]
	[RESULT 13] [1 14.414103539830192 1 4 9 3978.406158319889 99]
	[RESULT 14] [1 5.171026664406198 0 1 8 3999.984834261976 100]
	[RESULT 15] [0 5.5808577629542455 1 1 11 1897.0700915041155 90]
	[RESULT 16] [0 10.280821165724966 1 1 9 3999.997016918084 98]
	[RESULT 17] [1 5.128042877423093 0 2 14 3999.6198941183784 100]
	[RESULT 18] [1 5.010058150289467 1 1 11 3995.253470897637 100]
	[RESULT 19] [1 5.000003150133444 1 4 24 3999.9499940683145 40]
	[RESULT 20] [1 5.000015204410124 0 4 24 3999.998655591477 95]
	[RESULT 21] [1 5.108567844072694 0 4 10 3999.822718646824 100]
	[RESULT 22] [1 5.683112189902056 0 4 22 3972.1885384683032 100]
	[RESULT 23] [1 5.0453206517484075 0 3 13 3999.984834261976 100]
	[RESULT 24] [1 5.004270391034728 1 4 24 3970.42484443868 100]
	[RESULT 25] [1 5.000052449784383 1 1 24 3972.8078624005034 100]
	[RESULT 26] [0 5.974143402779666 1 1 17 3950.6570514790783 1]
	[RESULT 27] [1 14.414103539830192 1 4 9 3999.9889277974444 99]
	[RESULT 28] [1 5.402762204491188 0 4 24 3999.9626695464394 41]
	[RESULT 29] [1 5.124028159935685 0 2 14 3999.9997583993786 100]
	[RESULT 30] [1 5.215201792936569 0 4 9 3978.0581521810823 100]
	[RESULT 31] [1 5.0000889606122705 0 1 9 3994.9156826589033 97]
	[RESULT 32] [1 5.248544750558548 0 4 11 3999.994429441505 99]
	[RESULT 33] [1 5.108353340270469 0 4 8 3999.987230606685 100]
	[RESULT 34] [1 46.31756517488071 0 1 12 3991.9415997177543 100]
	[RESULT 35] [1 5.079665705283858 0 2 8 3999.999891801444 100]
	[RESULT 36] [1 6.936868210704526 0 4 13 3999.99997087027 100]
	[RESULT 37] [1 5.001390104708515 1 4 11 3997.8871642183685 99]
	[RESULT 38] [1 5.897633583105115 0 1 11 3999.94062468773 100]
	[RESULT 39] [1 5.696029884223939 0 4 11 3957.642993910365 100]
	[RESULT 40] [0 6.259601640541679 0 1 11 3999.9471349582986 100]
	[RESULT 41] [1 8.7811993404922 0 1 11 3999.999908834658 97]
	[RESULT 42] [1 11.662140998194266 0 1 8 3997.117552116827 100]
	[RESULT 43] [1 5.000132373630699 0 1 11 3966.032230226851 100]
	[RESULT 44] [1 5.0245297615515385 0 4 24 3999.998435751019 100]
	[RESULT 45] [0 48.41319266651001 0 1 11 3987.6740895726516 100]
	[RESULT 46] [1 5.000104093096423 0 4 17 3934.6347798869087 99]
	[RESULT 47] [1 5.000000008667367 1 4 14 3997.9022214413094 40]
	[RESULT 48] [1 5.491670155160984 1 4 12 3999.0731648122023 100]
	[RESULT 49] [0 5.848715993490825 0 1 2 3988.422873606252 100]
	[RESULT 50] [1 5.000052449784383 1 1 24 3999.940179541127 91]
	[RESULT 51] [1 5.000162443686816 0 3 13 3999.2273130011113 100]
	[RESULT 52] [1 5.0130699371624505 0 1 24 3998.389489593641 94]
	[RESULT 53] [1 5.000088811780968 0 1 9 3993.1228944032464 97]
	[RESULT 54] [1 5.146255166444488 1 4 10 3993.3044764851093 90]
	[RESULT 55] [1 9.17326699817378 1 4 11 3999.9459744849046 33]
	[RESULT 56] [1 5.000108560682976 0 4 24 3977.961413697723 92]
	[RESULT 57] [0 48.48870711235308 0 1 11 3973.5711711603262 100]
	[RESULT 58] [1 6.505190729543015 0 4 12 3999.946381788941 100]
	[RESULT 59] [1 5.00310790604001 0 4 17 3952.6705891963743 99]
	[RESULT 60] [1 5.000558509962514 0 1 11 3999.998427475144 100]
	[RESULT 61] [1 5.0161167032158005 0 3 13 3999.984834261976 100]
	[RESULT 62] [1 7.437138010923646 0 2 14 3992.2368454304014 100]
	[RESULT 63] [1 10.973217839833191 1 1 11 3998.7527697744717 97]
	[RESULT 64] [1 5.1707521297658445 1 1 24 3998.080517897429 82]
	[RESULT 65] [1 5.095059743053508 0 4 12 3999.999228930953 100]
	[RESULT 66] [0 5.096476090648641 1 4 14 3999.7894595621096 98]
	[RESULT 67] [1 13.96661194804557 0 1 12 3999.997975443745 100]
	[RESULT 68] [1 5.034243754188325 0 1 9 3890.705291884646 100]
	[RESULT 69] [1 5.051109366169509 0 1 11 3998.603417369754 100]
	[RESULT 70] [1 5.17868236207576 1 4 8 3972.8180730385247 100]
	[RESULT 71] [1 6.990101732865907 0 2 11 3999.987230606685 100]
	[RESULT 72] [1 5.000100848230092 0 4 9 3999.379394476999 94]
	[RESULT 73] [1 5.000004395142989 0 4 9 3960.216110693442 100]
	[RESULT 74] [1 6.420713185391959 0 4 11 3999.9995358047054 99]
	[RESULT 75] [1 5.834630824397401 0 2 9 3999.9999340643144 100]
	[RESULT 76] [0 6.51170026093469 0 4 11 3999.945734832943 97]
	[RESULT 77] [1 5.238121921628062 0 2 9 3979.1538148695327 100]
	[RESULT 78] [0 5.002244291127446 0 1 24 3999.9307981900897 37]
	[RESULT 79] [1 5.179675843512929 0 4 24 3609.4383526783827 100]
	[RESULT 80] [1 5.076461540034554 0 4 24 3999.1753890146633 100]
	[RESULT 81] [1 5.000001116300557 1 4 24 3999.9652438407743 81]
	[RESULT 82] [1 5.3247732773111345 0 4 17 3988.064332080319 90]
	[RESULT 83] [0 9.38053618535678 1 1 13 2009.4426817842655 6]
	[RESULT 84] [1 5.080659170080157 0 1 11 3999.9454571102574 100]
	[RESULT 85] [1 5.0000917100353455 1 4 24 3999.9511144018925 36]
	[RESULT 86] [1 6.4902221279841585 0 1 14 3999.9465502064963 100]
	[RESULT 87] [1 44.09436752085453 1 1 24 3973.5596166084074 100]
	[RESULT 88] [1 47.60843011329315 0 1 12 3931.092644230624 100]
	[RESULT 89] [1 5.048341865366779 0 4 11 3988.543503480701 97]
	[RESULT 90] [1 20.72743799131386 1 1 11 3999.975542531952 100]
	[RESULT 91] [1 5.727186593046032 0 4 12 3988.963673417396 100]
	[RESULT 92] [0 5.000780190404991 0 4 11 3999.9942031486444 100]
	[RESULT 93] [0 34.1594354891284 0 1 4 3936.412029213621 79]
	[RESULT 94] [1 6.328234628089337 0 3 11 3999.9885181817326 100]
	[RESULT 95] [1 5.147486970371651 0 4 10 3999.7718074941636 100]
	[RESULT 96] [1 10.219029295016988 0 4 3 3853.4481419884255 100]
	[RESULT 97] [1 5.079227494265737 0 2 4 3999.999891801444 96]
	[RESULT 98] [0 5.758978087029858 0 3 13 3993.656679817908 100]
	[RESULT 99] [0 5.961150947971404 0 1 11 3852.136030006676 100]
	[RESULT 100] [0 5.019152605312771 1 4 16 3999.65568769145 95]
	[RESULT 101] [0 6.270168538221575 0 4 11 3999.763343103019 100]
	[RESULT 102] [1 5.185528388529107 0 4 12 3983.3749813810655 100]
	[RESULT 103] [1 5.000052449784383 1 4 24 3993.739700105413 90]
	[RESULT 104] [0 9.17326699817378 1 4 9 3985.4416723892264 32]
	[RESULT 105] [1 5.29267675187167 0 4 19 3999.9995136486264 100]
[OBJECTIVES]
	[RESULT 1] [ 0.02303566 -0.00602264  0.0190583   0.02485528  0.02326132  0.0981166
  0.          0.0009417   0.0090583   0.0081166   0.          0.02603566
 -0.00502264  0.0040583 ]
	[RESULT 2] [ 0.02132434 -0.00738338  0.01870772  0.02372374  0.02369169  0.09741543
  0.          0.00129228  0.00870772  0.00741543  0.          0.02332434
 -0.00738338  0.00370772]
	[RESULT 3] [ 5.00971060e-03 -2.49864218e-02  1.99961324e-02  1.74990539e-02
  1.75067891e-02  9.99922648e-02  0.00000000e+00  3.86761617e-06
  9.99613238e-03  9.99226477e-03  0.00000000e+00  5.50971060e-03
 -2.64864218e-02  4.99613238e-03]
	[RESULT 4] [ 0.00734005 -0.02121983  0.01855988  0.01625985  0.01914008  0.09711976
  0.          0.00144012  0.00855988  0.00711976  0.          0.01034005
 -0.02021983  0.00355988]
	[RESULT 5] [ 2.39903095e-02 -5.92168062e-03  1.99119901e-02  2.31368601e-02
  2.29608403e-02  9.98239802e-02  0.00000000e+00  8.80099085e-05
  9.91199009e-03  9.82398018e-03  0.00000000e+00  2.59903095e-02
 -5.92168062e-03  4.91199009e-03]
	[RESULT 6] [ 0.00812278 -0.01889375  0.01701653  0.01458619  0.02055313  0.09403306
  0.          0.00298347  0.00701653  0.00403306  0.          0.00862278
 -0.02186068  0.00348347]
	[RESULT 7] [ 0.01069302 -0.01854493  0.01923795  0.01895344  0.02047754  0.0984759
  0.          0.00076205  0.00923795  0.0084759   0.          0.01369302
 -0.02106903  0.00776205]
	[RESULT 8] [ 2.32248753e-02 -6.77468068e-03  1.99995560e-02  2.36382284e-02
  2.36373403e-02  9.99991120e-02  0.00000000e+00  4.44019471e-07
  9.99955598e-03  9.99911196e-03  0.00000000e+00  2.47248753e-02
 -7.27468068e-03  4.99955598e-03]
	[RESULT 9] [ 2.87657146e-02 -1.23426688e-03  1.99999815e-02  2.08671705e-02
  2.08671334e-02  9.99999630e-02  0.00000000e+00  1.85186621e-08
  9.99998148e-03  9.99996296e-03  0.00000000e+00  3.17657146e-02
 -2.23430392e-03  7.00001852e-03]
	[RESULT 10] [ 1.99895909e-02 -9.92307686e-03  1.99126677e-02  2.46137970e-02
  2.47884616e-02  9.98253355e-02  0.00000000e+00  8.73322618e-05
  9.91266774e-03  9.82533548e-03  0.00000000e+00  2.29895909e-02
 -1.10977414e-02  7.08733226e-03]
	[RESULT 11] [ 0.02407608 -0.00520709  0.01928317  0.0240372   0.02260354  0.09856634
  0.          0.00071683  0.00928317  0.00856634  0.          0.02457608
 -0.00864075  0.00621683]
	[RESULT 12] [ 0.00411639 -0.02577563  0.01989202  0.01664623  0.01686218  0.09978405
  0.          0.00010798  0.00989202  0.00978405  0.          0.00561639
 -0.02627563  0.00489202]
	[RESULT 13] [ 0.03489391  0.00962597  0.01548012  0.02447678  0.01543701  0.09096024
  0.          0.00944035  0.00548012  0.00096024  0.          0.03189391
 -0.00041379  0.01151988]
	[RESULT 14] [ 0.0047454  -0.02452436  0.01926976  0.01602734  0.01748782  0.09853952
  0.          0.00073024  0.00926976  0.00853952  0.          0.0062454
 -0.02502436  0.00426976]
	[RESULT 15] [0.01527473 0.02343757 0.01816284 0.01039311 0.00671879 0.09632568
 0.         0.00183716 0.00816284 0.00632568 0.         0.01477473
 0.00211189 0.00733716]
	[RESULT 16] [ 0.02754024  0.00174417  0.01579607  0.02246423  0.01912792  0.09159215
  0.          0.00811178  0.00579607  0.00159215  0.          0.02804024
 -0.00866368  0.00970393]
	[RESULT 17] [ 0.00494196 -0.0244905   0.01943246  0.01636966  0.01750475  0.09886491
  0.          0.00056754  0.00943246  0.00886491  0.          0.00694196
 -0.0244905   0.00443246]
	[RESULT 18] [ 1.30389353e-02 -1.69112748e-02  1.99502100e-02  2.11947827e-02
  2.12943626e-02  9.99004201e-02  0.00000000e+00  4.97899566e-05
  9.95021004e-03  9.90042009e-03  0.00000000e+00  1.45389353e-02
 -1.80108547e-02  5.54978996e-03]
	[RESULT 19] [ 2.87220530e-02 -1.27793124e-03  1.99999842e-02  2.08889971e-02
  2.08889656e-02  9.99999685e-02  0.00000000e+00  1.57506176e-08
  9.99998425e-03  9.99996850e-03  0.00000000e+00  3.17220530e-02
 -2.27796274e-03  7.00001575e-03]
	[RESULT 20] [ 2.06680870e-02 -9.33183696e-03  1.99999240e-02  2.49160705e-02
  2.49159185e-02  9.99998480e-02  0.00000000e+00  7.60208947e-08
  9.99992398e-03  9.99984796e-03  0.00000000e+00  2.36680870e-02
 -8.33183696e-03  4.99992398e-03]
	[RESULT 21] [ 0.00466571 -0.02484461  0.01951032  0.01634834  0.01732769  0.09902065
  0.          0.00048968  0.00951032  0.00902065  0.          0.00766571
 -0.02384461  0.00451032]
	[RESULT 22] [ 0.01919476 -0.00877593  0.01797069  0.02130341  0.02463796  0.09594137
  0.          0.00202931  0.00797069  0.00594137  0.          0.02219476
 -0.00883455  0.00402931]
	[RESULT 23] [ 0.00423194 -0.02555129  0.01978322  0.0165408   0.01697436  0.09956644
  0.          0.00021678  0.00978322  0.00956644  0.          0.00673194
 -0.02505129  0.00478322]
	[RESULT 24] [ 2.25691637e-02 -7.40957513e-03  1.99787388e-02  2.39973099e-02
  2.39547876e-02  9.99574777e-02  0.00000000e+00  2.12611617e-05
  9.97873884e-03  9.95747768e-03  0.00000000e+00  2.55691637e-02
 -8.45209745e-03  7.02126116e-03]
	[RESULT 25] [ 2.20252785e-02 -7.97445929e-03  1.99997378e-02  2.42377541e-02
  2.42372296e-02  9.99994755e-02  0.00000000e+00  2.62235168e-07
  9.99973776e-03  9.99947553e-03  0.00000000e+00  2.35252785e-02
 -8.97498376e-03  5.50026224e-03]
	[RESULT 26] [0.02113973 0.02132753 0.01753274 0.01427075 0.00933624 0.09506549
 0.         0.00290177 0.00753274 0.00506549 0.         0.02063973
 0.00860698 0.00796726]
	[RESULT 27] [ 0.02353095 -0.00194917  0.01548012  0.01973565  0.02122458  0.09096024
  0.          0.00944035  0.00548012  0.00096024  0.          0.02653095
 -0.01198893  0.01151988]
	[RESULT 28] [ 0.02513955 -0.00342485  0.0185644   0.02483363  0.02196243  0.09712879
  0.          0.0014356   0.0085644   0.00712879  0.          0.02813955
 -0.00242485  0.0035644 ]
	[RESULT 29] [ 0.00455195 -0.02489633  0.01944829  0.01619841  0.01730183  0.09889657
  0.          0.00055171  0.00944829  0.00889657  0.          0.00655195
 -0.02489633  0.00444829]
	[RESULT 30] [ 0.01657111 -0.01254343  0.01911454  0.02170737  0.02347828  0.09822909
  0.          0.00088546  0.00911454  0.00822909  0.          0.01957111
 -0.01154343  0.00411454]
	[RESULT 31] [ 2.32255010e-02 -6.77405421e-03  1.99995552e-02  2.36379166e-02
  2.36370271e-02  9.99991105e-02  0.00000000e+00  4.44763495e-07
  9.99955524e-03  9.99911047e-03  0.00000000e+00  2.47255010e-02
 -7.27405421e-03  4.99955524e-03]
	[RESULT 32] [ 0.01500091 -0.01400376  0.01900466  0.02075745  0.02274812  0.09800932
  0.          0.00099534  0.00900466  0.00800932  0.          0.01800091
 -0.01300376  0.00400466]
	[RESULT 33] [ 0.00450157 -0.02500963  0.0195112   0.01626758  0.01724518  0.09902239
  0.          0.0004888   0.0095112   0.00902239  0.          0.00750157
 -0.02400963  0.0045112 ]
	[RESULT 34] [ 0.01497591 -0.01014224  0.01511815  0.01491519  0.02467888  0.09023631
  0.          0.00514554  0.00511815  0.00023631  0.          0.01647591
 -0.01590594  0.00538185]
	[RESULT 35] [ 0.00436905 -0.02526202  0.01963106  0.01638112  0.01711899  0.09926213
  0.          0.00036894  0.00963106  0.00926213  0.          0.00636905
 -0.02526202  0.00463106]
	[RESULT 36] [ 0.00729754 -0.01940496  0.01670249  0.01345251  0.02004752  0.09340499
  0.          0.00329751  0.00670249  0.00340499  0.          0.01029754
 -0.02199997  0.00529751]
	[RESULT 37] [ 2.09551286e-02 -9.03793050e-03  1.99930591e-02  2.47828470e-02
  2.47689652e-02  9.99861183e-02  0.00000000e+00  6.94087500e-06
  9.99305913e-03  9.98611825e-03  0.00000000e+00  2.39551286e-02
 -1.00518122e-02  7.00694087e-03]
	[RESULT 38] [ 0.00642437 -0.02121049  0.01763486  0.01441448  0.01914476  0.09526972
  0.          0.00236514  0.00763486  0.00526972  0.          0.00792437
 -0.02194077  0.00286514]
	[RESULT 39] [ 0.02177302 -0.00617504  0.01794806  0.0225586   0.02333752  0.09589612
  0.          0.00205194  0.00794806  0.00589612  0.          0.02477302
 -0.00627892  0.00405194]
	[RESULT 40] [ 0.00783997 -0.01937281  0.01721278  0.01473916  0.0203136   0.09442556
  0.          0.00278722  0.00721278  0.00442556  0.          0.00833997
 -0.02194725  0.00328722]
	[RESULT 41] [ 0.02295433 -0.00309143  0.01604576  0.02029581  0.02179572  0.09209153
  0.          0.00395424  0.00604576  0.00209153  0.          0.02445433
 -0.00699991  0.00445424]
	[RESULT 42] [ 0.01093191 -0.01472065  0.01565256  0.01369479  0.02238967  0.09130512
  0.          0.00434744  0.00565256  0.00130512  0.          0.01243191
 -0.01941554  0.00484744]
	[RESULT 43] [ 1.84016515e-02 -1.15976868e-02  1.99993382e-02  2.39498331e-02
  2.39511566e-02  9.99986764e-02  0.00000000e+00  6.61780551e-07
  9.99933822e-03  9.99867644e-03  0.00000000e+00  1.99016515e-02
 -1.20976868e-02  4.99933822e-03]
	[RESULT 44] [ 0.00412128 -0.02575901  0.01988029  0.01663107  0.01687049  0.09976058
  0.          0.00011971  0.00988029  0.00976058  0.          0.00712128
 -0.02475901  0.00488029]
	[RESULT 45] [ 0.01814302 -0.00696956  0.01511258  0.01674038  0.02348478  0.09022516
  0.          0.00516226  0.00511258  0.00022516  0.          0.01864302
 -0.0137444   0.00538742]
	[RESULT 46] [3.20841426e-02 2.08466305e-03 1.99994796e-02 1.92087093e-02
 1.92076685e-02 9.99989592e-02 0.00000000e+00 5.20411311e-07
 9.99947959e-03 9.99895918e-03 0.00000000e+00 3.49158574e-02
 3.08466305e-03 4.99947959e-03]
	[RESULT 47] [ 3.06075099e-02  6.07509954e-04  2.00000000e-02  1.99462451e-02
  1.99462450e-02  9.99999999e-02  0.00000000e+00  4.33368341e-11
  9.99999996e-03  9.99999991e-03  0.00000000e+00  3.36075099e-02
 -3.92490133e-04  7.00000004e-03]
	[RESULT 48] [ 0.01154176 -0.01681019  0.01835195  0.0180488   0.0213449   0.09670389
  0.          0.00194416  0.00835195  0.00670389  0.          0.01454176
 -0.0211063   0.00864805]
	[RESULT 49] [ 0.01520824 -0.01249634  0.01770458  0.01916099  0.02375183  0.09540916
  0.          0.00229542  0.00770458  0.00540916  0.          0.01570824
 -0.01408718  0.00279542]
	[RESULT 50] [ 2.70599399e-02 -2.93979787e-03  1.99997378e-02  2.17204234e-02
  2.17198989e-02  9.99994755e-02  0.00000000e+00  2.62235168e-07
  9.99973776e-03  9.99947553e-03  0.00000000e+00  2.85599399e-02
 -3.94032234e-03  5.50026224e-03]
	[RESULT 51] [ 4.75033327e-03 -2.52488546e-02  1.99991879e-02  1.71239485e-02
  1.71255727e-02  9.99983758e-02  0.00000000e+00  8.12086516e-07
  9.99918791e-03  9.99837583e-03  0.00000000e+00  7.25033327e-03
 -2.47488546e-02  4.99918791e-03]
	[RESULT 52] [ 2.27204035e-02 -7.21508992e-03  1.99354934e-02  2.39865581e-02
  2.38575450e-02  9.98709868e-02  0.00000000e+00  6.45065888e-05
  9.93549341e-03  9.87098682e-03  0.00000000e+00  2.42204035e-02
 -7.71508992e-03  4.93549341e-03]
	[RESULT 53] [ 2.43938961e-02 -5.60565993e-03  1.99995560e-02  2.30537180e-02
  2.30528300e-02  9.99991120e-02  0.00000000e+00  4.44019471e-07
  9.99955598e-03  9.99911196e-03  0.00000000e+00  2.58938961e-02
 -6.10565993e-03  4.99955598e-03]
	[RESULT 54] [0.03310091 0.00373888 0.01936203 0.0196565  0.01838056 0.09872406
 0.         0.00063797 0.00936203 0.00872406 0.         0.03389909
 0.00146295 0.00763797]
	[RESULT 55] [ 0.03279328  0.00682678  0.01596651  0.0249036   0.01683661  0.09193301
  0.          0.00910048  0.00596651  0.00193301  0.          0.03420672
 -0.00224021  0.01103349]
	[RESULT 56] [3.34913566e-02 3.49189933e-03 1.99994573e-02 1.85051358e-02
 1.85040503e-02 9.99989145e-02 0.00000000e+00 5.42744494e-07
 9.99945726e-03 9.99891451e-03 0.00000000e+00 3.35086434e-02
 4.49189933e-03 4.99945726e-03]
	[RESULT 57] [ 0.02273489 -0.00237749  0.01511239  0.01903603  0.02118875  0.09022478
  0.          0.00516284  0.00511239  0.00022478  0.          0.02323489
 -0.00915272  0.00538761]
	[RESULT 58] [ 0.00705765 -0.01993821  0.01699586  0.01377261  0.0197809   0.09399171
  0.          0.00300414  0.00699586  0.00399171  0.          0.01005765
 -0.0219465   0.00500414]
	[RESULT 59] [3.03744698e-02 3.89961184e-04 1.99845086e-02 2.00860022e-02
 2.00550194e-02 9.99690172e-02 0.00000000e+00 1.54913844e-05
 9.98450862e-03 9.96901723e-03 0.00000000e+00 3.33744698e-02
 1.38996118e-03 4.98450862e-03]
	[RESULT 60] [ 4.00436342e-03 -2.59928456e-02  1.99972090e-02  1.67479952e-02
  1.67535772e-02  9.99944180e-02  0.00000000e+00  2.79099102e-06
  9.99720901e-03  9.99441802e-03  0.00000000e+00  5.50436342e-03
 -2.64928456e-02  4.99720901e-03]
	[RESULT 61] [ 4.09446192e-03 -2.58262327e-02  1.99206946e-02  1.66782729e-02
  1.68368836e-02  9.98413893e-02  0.00000000e+00  7.93053749e-05
  9.92069463e-03  9.84138925e-03  0.00000000e+00  6.59446192e-03
 -2.53262327e-02  4.92069463e-03]
	[RESULT 62] [ 0.01346899 -0.0129857   0.0164547   0.01616655  0.02325715  0.0929094
  0.          0.0035453   0.0064547   0.0029094   0.          0.01546899
 -0.01607631  0.0045453 ]
	[RESULT 63] [ 0.02947093  0.00375391  0.01571703  0.02306101  0.01837305  0.09143406
  0.          0.00834891  0.00571703  0.00143406  0.          0.03097093
 -0.00581204  0.00978297]
	[RESULT 64] [ 0.03045922  0.00118847  0.01927076  0.02111425  0.01965577  0.09854152
  0.          0.00072924  0.00927076  0.00854152  0.          0.03195922
 -0.00127002  0.00622924]
	[RESULT 65] [ 0.00443481 -0.02513115  0.01956596  0.01631635  0.01718442  0.09913192
  0.          0.00043404  0.00956596  0.00913192  0.          0.00743481
 -0.02413115  0.00456596]
	[RESULT 66] [ 0.02398205 -0.00557801  0.01956006  0.02366888  0.02278901  0.09912013
  0.          0.00043994  0.00956006  0.00912013  0.          0.02598205
 -0.00845788  0.00743994]
	[RESULT 67] [ 0.00850035 -0.01700133  0.01550167  0.01225269  0.02124934  0.09100335
  0.          0.00449833  0.00550167  0.00100335  0.          0.01000035
 -0.02199798  0.00499833]
	[RESULT 68] [ 0.02451161 -0.00532284  0.01983445  0.02324252  0.02291142  0.0996689
  0.          0.00016555  0.00983445  0.0096689   0.          0.02601161
 -0.00582284  0.00483445]
	[RESULT 69] [ 0.00556581 -0.02419107  0.01975688  0.01716823  0.01765447  0.09951376
  0.          0.00024312  0.00975688  0.00951376  0.          0.00706581
 -0.02469107  0.00475688]
	[RESULT 70] [ 0.02278065 -0.00646138  0.01924202  0.02499664  0.02348069  0.09848405
  0.          0.00075798  0.00924202  0.00848405  0.          0.02578065
 -0.00897733  0.00775798]
	[RESULT 71] [ 0.00734058 -0.0193316   0.01667218  0.01342857  0.0200842   0.09334437
  0.          0.00332782  0.00667218  0.00334437  0.          0.00934058
 -0.02198724  0.00432782]
	[RESULT 72] [ 2.17489340e-02 -8.25056182e-03  1.99994958e-02  2.43762893e-02
  2.43752809e-02  9.99989916e-02  0.00000000e+00  5.04190304e-07
  9.99949581e-03  9.99899162e-03  0.00000000e+00  2.47489340e-02
 -7.25056182e-03  4.99949581e-03]
	[RESULT 73] [ 1.93525617e-02 -1.06474163e-02  1.99999780e-02  2.44262479e-02
  2.44262918e-02  9.99999560e-02  0.00000000e+00  2.19756184e-08
  9.99997802e-03  9.99995605e-03  0.00000000e+00  2.23525617e-02
 -9.64741635e-03  4.99997802e-03]
	[RESULT 74] [ 0.01693496 -0.01013055  0.01706551  0.01881574  0.02468473  0.09413101
  0.          0.00293449  0.00706551  0.00413101  0.          0.01993496
 -0.01199954  0.00493449]
	[RESULT 75] [ 0.00627472 -0.02145062  0.01772534  0.01447538  0.01902469  0.09545069
  0.          0.00227466  0.00772534  0.00545069  0.          0.00827472
 -0.02199993  0.00327466]
	[RESULT 76] [ 0.02306346 -0.00392722  0.01699068  0.02201776  0.02196361  0.09398137
  0.          0.00300932  0.00699068  0.00398137  0.          0.02506346
 -0.00694585  0.00500932]
	[RESULT 77] [ 0.01632908 -0.01270929  0.01903837  0.0214721   0.02339535  0.09807675
  0.          0.00096163  0.00903837  0.00807675  0.          0.01832908
 -0.01270929  0.00403837]
	[RESULT 78] [ 2.47677071e-02 -5.22109656e-03  1.99888037e-02  2.26329409e-02
  2.26105483e-02  9.99776073e-02  0.00000000e+00  1.11963278e-05
  9.98880367e-03  9.97760734e-03  0.00000000e+00  2.52677071e-02
 -6.72109656e-03  4.98880367e-03]
	[RESULT 79] [ 2.82575589e-02 -9.80893600e-04  1.92384525e-02  2.22635418e-02
  2.07404468e-02  9.84769050e-02  0.00000000e+00  7.61547524e-04
  9.23845248e-03  8.47690495e-03  0.00000000e+00  3.12575589e-02
  1.91064000e-05  4.23845248e-03]
	[RESULT 80] [ 0.00515343 -0.02449142  0.01964485  0.01679399  0.01750429  0.0992897
  0.          0.00035515  0.00964485  0.0092897   0.          0.00815343
 -0.02349142  0.00464485]
	[RESULT 81] [ 2.80347135e-02 -1.96528093e-03  1.99999944e-02  2.12326516e-02
  2.12326405e-02  9.99999888e-02  0.00000000e+00  5.58149654e-09
  9.99999442e-03  9.99998884e-03  0.00000000e+00  3.10347135e-02
 -2.96529209e-03  7.00000558e-03]
	[RESULT 82] [0.03148627 0.00271204 0.01877423 0.02134552 0.01889398 0.09754846
 0.         0.00122577 0.00877423 0.00754846 0.         0.03448627
 0.00371204 0.00377423]
	[RESULT 83] [0.01144989 0.01737917 0.01592928 0.01183103 0.00368958 0.09185855
 0.         0.00771217 0.00592928 0.00185855 0.         0.01094989
 0.00052061 0.00957072]
	[RESULT 84] [ 0.00442762 -0.02519919  0.01962681  0.01640402  0.01715041  0.09925361
  0.          0.00037319  0.00962681  0.00925361  0.          0.00592762
 -0.02569919  0.00462681]
	[RESULT 85] [ 2.87415564e-02 -1.25798510e-03  1.99995415e-02  2.08799096e-02
  2.08789925e-02  9.99990830e-02  0.00000000e+00  4.58508127e-07
  9.99954149e-03  9.99908298e-03  0.00000000e+00  3.17415564e-02
 -2.25890212e-03  7.00045851e-03]
	[RESULT 86] [ 0.00704548 -0.01996237  0.01700785  0.01378452  0.01976881  0.09401571
  0.          0.00299215  0.00700785  0.00401571  0.          0.00854548
 -0.02194666  0.00349215]
	[RESULT 87] [ 0.02672531  0.0016006   0.01512471  0.02079971  0.0194497   0.09024941
  0.          0.00987412  0.00512471  0.00024941  0.          0.02822531
 -0.00914999  0.01037529]
	[RESULT 88] [ 0.02722985  0.00211519  0.01511466  0.02103691  0.0191924   0.09022931
  0.          0.00515603  0.00511466  0.00022931  0.          0.02872985
 -0.0036555   0.00538534]
	[RESULT 89] [ 0.02708684 -0.00268259  0.01976944  0.02205242  0.0215913   0.09953887
  0.          0.00023056  0.00976944  0.00953887  0.          0.03008684
 -0.00168259  0.00476944]
	[RESULT 90] [ 0.01372552 -0.01157339  0.01529891  0.01456113  0.02396331  0.09059782
  0.          0.00960327  0.00529891  0.00059782  0.          0.01522552
 -0.02197557  0.01020109]
	[RESULT 91] [ 0.01376151 -0.01413337  0.01789488  0.01847308  0.02268331  0.09578976
  0.          0.00210512  0.00789488  0.00578976  0.          0.01676151
 -0.01434361  0.00410512]
	[RESULT 92] [ 5.00969342e-03 -2.49864087e-02  1.99961021e-02  1.74989998e-02
  1.75067957e-02  9.99922042e-02  0.00000000e+00  3.89791091e-06
  9.99610209e-03  9.99220418e-03  0.00000000e+00  7.00969342e-03
 -2.49864087e-02  4.99610209e-03]
	[RESULT 93] [0.02313001 0.0217042  0.01516579 0.01881633 0.0091479  0.09033157
 0.         0.00500264 0.00516579 0.00033157 0.         0.02263001
 0.00796422 0.00533421]
	[RESULT 94] [ 0.00686393 -0.02028362  0.01714755  0.01390329  0.01960819  0.0942951
  0.          0.00285245  0.00714755  0.0042951   0.          0.00936393
 -0.02198852  0.00435245]
	[RESULT 95] [ 0.00486878 -0.02448857  0.01935735  0.01622041  0.01750572  0.0987147
  0.          0.00064265  0.00935735  0.0087147   0.          0.00786878
 -0.02348857  0.00435735]
	[RESULT 96] [ 0.0295528   0.00374882  0.01580398  0.02323238  0.01837559  0.09160797
  0.          0.00458805  0.00580398  0.00160797  0.          0.0325528
 -0.00064321  0.00619602]
	[RESULT 97] [ 0.02036716 -0.00926578  0.01963294  0.024383    0.02488289  0.09926589
  0.          0.00036706  0.00963294  0.00926589  0.          0.02236716
 -0.00926578  0.00463294]
	[RESULT 98] [ 0.01221699 -0.01562557  0.01784256  0.01787233  0.02218721  0.09568512
  0.          0.00215744  0.00784256  0.00568512  0.          0.01371699
 -0.01694045  0.00365744]
	[RESULT 99] [ 0.02883492  0.00128539  0.01754952  0.02425826  0.0193573   0.09509905
  0.          0.00245048  0.00754952  0.00509905  0.          0.02933492
 -0.00061556  0.00295048]
	[RESULT 100] [ 2.71002647e-02 -2.80577188e-03  1.99060366e-02  2.15908127e-02
  2.14028859e-02  9.98120732e-02  0.00000000e+00  9.39633830e-05
  9.90603662e-03  9.81207323e-03  0.00000000e+00  2.91002647e-02
 -4.99369864e-03  7.09396338e-03]
	[RESULT 101] [ 0.00803196 -0.01917052  0.01720248  0.0148197   0.02041474  0.09440496
  0.          0.00279752  0.00720248  0.00440496  0.          0.01003196
 -0.02176556  0.00479752]
	[RESULT 102] [ 0.01476746 -0.01445007  0.01921753  0.02096002  0.02252497  0.09843506
  0.          0.00078247  0.00921753  0.00843506  0.          0.01776746
 -0.01345007  0.00421753]
	[RESULT 103] [3.21886702e-02 2.18893241e-03 1.99997378e-02 1.91560583e-02
 1.91555338e-02 9.99994755e-02 0.00000000e+00 2.62235168e-07
 9.99973776e-03 9.99947553e-03 0.00000000e+00 3.48113298e-02
 1.18840794e-03 7.00026224e-03]
	[RESULT 104] [0.02705582 0.01697768 0.01596651 0.01957815 0.01151116 0.09193301
 0.         0.00910048 0.00596651 0.00193301 0.         0.02505582
 0.00691069 0.01103349]
	[RESULT 105] [ 0.00513254 -0.0237354   0.01886794  0.01561819  0.0178823   0.09773589
  0.          0.00113206  0.00886794  0.00773589  0.          0.00813254
 -0.0227354   0.00386794]
