[METRICS]
	[DISEQUILIBRIUM COUNT] 1315
[VARIABLES]
	[RESULT 1] [1 5.035412215223324 1 4 8 3995.413349043107 99]
	[RESULT 2] [0 6.670598710418404 0 3 9 3999.8611677176837 100]
	[RESULT 3] [1 6.118153792517977 0 1 11 3999.502226601409 100]
	[RESULT 4] [1 5.035293181163775 0 1 13 3999.981650914085 100]
	[RESULT 5] [1 5.081212623260136 0 1 11 3999.73103625772 100]
	[RESULT 6] [1 5.013131706409959 1 3 8 3978.989144609647 100]
	[RESULT 7] [0 6.46384158264477 0 4 15 3991.883733671003 100]
	[RESULT 8] [1 5.081986322089974 0 4 9 3999.9407623849715 98]
	[RESULT 9] [1 5.145222574891854 1 4 16 3965.7388294431535 100]
	[RESULT 10] [1 22.624768894377183 1 4 15 3983.7066085081815 100]
	[RESULT 11] [1 5.000133290235221 1 4 8 3998.171505999638 90]
	[RESULT 12] [1 5.2293854435621565 0 3 10 3977.110769862477 97]
	[RESULT 13] [1 5.29556420540778 0 4 21 3993.4096034674985 94]
	[RESULT 14] [0 5.002868855110397 1 4 5 3976.5428388280284 100]
	[RESULT 15] [1 5.019895484507788 0 4 16 3999.3900823630297 100]
	[RESULT 16] [0 5.027051782057403 0 1 17 3844.366147159686 100]
	[RESULT 17] [1 5.004596452950771 0 1 13 3999.888053959202 100]
	[RESULT 18] [0 6.126126458390168 1 4 8 3716.857539035289 100]
	[RESULT 19] [1 5.0006205139923035 0 1 13 3999.985347157046 100]
	[RESULT 20] [1 5.633712764209526 0 4 9 3983.9853509860677 100]
	[RESULT 21] [0 14.695423765142824 1 4 18 3821.9010116809304 100]
	[RESULT 22] [1 6.383227228799342 0 1 13 3999.9992673115476 100]
	[RESULT 23] [1 15.239134951162248 0 1 13 3999.9994417719754 100]
	[RESULT 24] [0 5.521771451670073 0 3 9 3980.042649416044 100]
	[RESULT 25] [1 6.9089585760875405 0 3 14 3999.356482285869 100]
	[RESULT 26] [0 5.021658374013363 0 4 5 3946.3519062256078 100]
	[RESULT 27] [1 5.076299239635089 0 1 13 3999.888053959202 100]
	[RESULT 28] [1 5.001533709853718 0 4 16 3999.3900823630297 100]
	[RESULT 29] [1 5.138045520091656 1 4 8 3999.0336483777414 100]
	[RESULT 30] [1 6.27346138323116 0 1 16 3995.094236033697 100]
	[RESULT 31] [0 5.358609305946066 1 3 14 3991.749981235352 100]
	[RESULT 32] [1 11.094135973283372 0 1 17 3994.4171281365793 99]
	[RESULT 33] [1 8.264007862398463 1 4 9 3965.755865952767 100]
	[RESULT 34] [1 5.059548745373699 0 1 11 3992.8791824282484 100]
	[RESULT 35] [0 5.014572257010885 0 4 11 3924.367172231398 100]
	[RESULT 36] [1 7.370958240147334 0 1 14 3999.876440558047 100]
	[RESULT 37] [1 5.000615777752281 1 4 16 3999.9810401070013 90]
	[RESULT 38] [1 5.026434728174485 0 4 13 3999.0765810201688 100]
	[RESULT 39] [1 5.0000777180844995 1 4 13 3998.171505999638 86]
	[RESULT 40] [1 5.000069501665703 1 3 19 3699.382123021756 100]
	[RESULT 41] [1 5.142232744168286 1 4 16 3976.250347189397 100]
	[RESULT 42] [0 9.36159789055768 0 1 19 3841.2071367594303 100]
	[RESULT 43] [1 5.207181895462675 0 4 9 3999.9551823953425 95]
	[RESULT 44] [1 5.0000777180844995 1 4 13 3999.853644255115 86]
	[RESULT 45] [1 5.074239654811681 0 1 11 3999.73103625772 100]
	[RESULT 46] [1 5.1385681016558316 0 4 15 3919.074616559103 100]
	[RESULT 47] [1 5.236280429642567 1 4 16 3974.4996478715498 100]
	[RESULT 48] [1 9.50696948008633 0 4 3 3854.072002106058 100]
	[RESULT 49] [0 5.4103461059047016 0 3 16 3999.385551690566 96]
	[RESULT 50] [0 15.259208919483571 1 1 11 3879.8164460775297 98]
	[RESULT 51] [1 5.000114765543699 0 3 17 3999.6235170136433 100]
	[RESULT 52] [1 5.180217105852211 0 4 11 1499.3468521788511 100]
	[RESULT 53] [0 11.357778642226457 0 1 7 1001.1876652026376 3]
	[RESULT 54] [1 5.2293854435621565 0 3 5 3977.9020580309857 100]
	[RESULT 55] [1 5.323857187788588 0 4 8 3983.4366448601913 100]
	[RESULT 56] [1 5.025453376584158 1 3 7 3995.5245433800437 100]
	[RESULT 57] [1 5.000050139845952 1 4 13 3999.33526140502 87]
	[RESULT 58] [1 5.048959540773423 0 1 11 3999.73103625772 100]
	[RESULT 59] [0 5.282884674865268 0 3 7 3949.0444669499757 94]
	[RESULT 60] [1 5.238945934399115 0 3 19 3999.9809395841885 97]
	[RESULT 61] [0 5.358609305946066 1 3 14 3909.950498303881 100]
	[RESULT 62] [1 5.0567777144299315 0 4 17 3963.2617323543986 100]
	[RESULT 63] [1 5.884790493920387 0 4 13 3999.919954266521 100]
	[RESULT 64] [0 7.460644018058149 0 2 10 3965.0441657627166 100]
	[RESULT 65] [1 5.013109782851305 0 1 11 3999.73103625772 100]
	[RESULT 66] [1 6.696020050888432 0 1 13 3999.861936032732 100]
	[RESULT 67] [1 5.441885421163037 0 4 16 3998.2303996347205 100]
	[RESULT 68] [1 15.20882788513442 0 1 13 3986.56409792398 100]
	[RESULT 69] [1 6.186497609634722 0 4 16 3999.8153151931924 100]
	[RESULT 70] [1 5.111893504458326 1 4 15 3982.9287034727636 100]
	[RESULT 71] [1 6.08793554433059 0 1 13 3999.99904993851 100]
	[RESULT 72] [1 5.000166638095028 1 4 16 3971.003753880033 100]
	[RESULT 73] [1 5.891814744648966 0 1 14 3999.6247455083912 100]
	[RESULT 74] [1 5.116051396379952 0 1 14 3999.916547834553 100]
	[RESULT 75] [1 9.704258127695152 0 2 10 3964.907971330154 100]
	[RESULT 76] [1 5.116051396379952 0 4 14 3999.9169692737905 100]
	[RESULT 77] [1 5.7126374268528615 1 1 12 3962.873058337609 100]
	[RESULT 78] [0 5.0119506978523045 1 1 10 3875.5370334540526 97]
	[RESULT 79] [1 6.505405926337312 1 4 17 3999.981498286462 90]
	[RESULT 80] [1 5.124003011751734 0 4 10 3999.9979260842138 100]
	[RESULT 81] [1 5.010430693427721 0 4 16 3999.9310083889877 100]
	[RESULT 82] [1 5.001920603916346 0 1 4 3999.3400932386785 100]
	[RESULT 83] [1 5.044435529846225 0 4 17 3643.344403144574 100]
	[RESULT 84] [1 5.000077625387106 1 4 13 3999.33526140502 87]
	[RESULT 85] [1 9.44420579206899 0 1 16 3995.094236033697 100]
	[RESULT 86] [1 5.450180476340881 0 1 13 3999.999423093906 100]
	[RESULT 87] [0 5.198933915677197 0 3 14 3991.7372582637454 100]
	[RESULT 88] [1 5.311702093189847 0 4 8 3888.7978656597943 100]
	[RESULT 89] [1 5.000172017381253 1 4 8 3998.1927762790947 90]
	[RESULT 90] [0 5.0084036824228235 0 4 15 3542.666517252927 100]
	[RESULT 91] [0 5.0682658667087335 0 4 16 3998.4407218376537 90]
	[RESULT 92] [0 8.391489813731821 1 2 13 1005.1479964939753 3]
	[RESULT 93] [1 5.107406824509966 0 4 14 3999.1095470104096 100]
	[RESULT 94] [1 5.0097137879342535 0 1 11 3999.73103625772 100]
	[RESULT 95] [1 5.006943326291518 1 4 8 3999.6789124775587 99]
	[RESULT 96] [0 7.460644018058149 1 2 11 3965.0441657627166 100]
	[RESULT 97] [0 5.216415888733097 1 2 6 1506.8156400027226 3]
	[RESULT 98] [1 5.8599763646296 0 4 11 3975.297154258581 100]
	[RESULT 99] [1 5.00002829060392 1 4 13 3999.964301669844 86]
	[RESULT 100] [0 5.349323016543924 1 2 16 3985.4603677509135 100]
	[RESULT 101] [1 5.2060881929656295 1 4 15 3982.5652824593085 100]
	[RESULT 102] [0 5.038619934217152 1 1 12 3903.5792642634224 100]
	[RESULT 103] [0 9.054824301032973 0 4 16 3949.0444669499757 94]
	[RESULT 104] [1 15.809712825485192 1 4 16 3999.7482974784957 100]
	[RESULT 105] [1 5.896945588520535 0 4 14 3996.1462047300865 100]
[OBJECTIVES]
	[RESULT 1] [ 0.02304661 -0.00678238  0.01982899  0.0239832   0.02364119  0.09965799
  0.          0.00017101  0.00982899  0.00965799  0.          0.02604661
 -0.00812439  0.00717101]
	[RESULT 2] [ 0.00826583 -0.01860641  0.01687224  0.01444127  0.02069679  0.09374448
  0.          0.00312776  0.00687224  0.00374448  0.          0.00976583
 -0.02186193  0.00462776]
	[RESULT 3] [ 0.00712751 -0.02023304  0.01736055  0.01435457  0.01963348  0.09472109
  0.          0.00263945  0.00736055  0.00472109  0.          0.00862751
 -0.02151194  0.00313945]
	[RESULT 4] [ 0.00418879 -0.02564076  0.01982955  0.01658872  0.01692962  0.0996591
  0.          0.00017045  0.00982955  0.0096591   0.          0.00568879
 -0.02614076  0.00482955]
	[RESULT 5] [ 0.00464166 -0.02498277  0.01962444  0.01650749  0.01725861  0.09924887
  0.          0.00037556  0.00962444  0.00924887  0.          0.00614166
 -0.02548277  0.00462444]
	[RESULT 6] [ 2.04810566e-02 -9.45413594e-03  1.99351925e-02  2.48933170e-02
  2.49770680e-02  9.98703850e-02  0.00000000e+00  6.48074990e-05
  9.93519250e-03  9.87038500e-03  0.00000000e+00  2.29810566e-02
 -1.05837509e-02  6.56480750e-03]
	[RESULT 7] [ 0.01409775 -0.0129316   0.01702935  0.0175929   0.0235342   0.0940587
  0.          0.00297065  0.00702935  0.0040587   0.          0.01609775
 -0.0158729   0.00497065]
	[RESULT 8] [ 0.0177713  -0.01184983  0.01962113  0.02306735  0.02382508  0.09924226
  0.          0.00037887  0.00962113  0.00924226  0.          0.0207713
 -0.01084983  0.00462113]
	[RESULT 9] [ 0.0240875  -0.00527846  0.01936596  0.0241573   0.02288923  0.09873193
  0.          0.00063404  0.00936596  0.00873193  0.          0.0270875
 -0.00754653  0.00763404]
	[RESULT 10] [ 0.02359595 -0.00167251  0.01526846  0.01945066  0.02108626  0.09053692
  0.          0.00880538  0.00526846  0.00053692  0.          0.02659595
 -0.01213559  0.01173154]
	[RESULT 11] [ 2.88863577e-02 -1.11297596e-03  1.99993336e-02  2.08078207e-02
  2.08064880e-02  9.99986673e-02  0.00000000e+00  6.66362357e-07
  9.99933364e-03  9.99866728e-03  0.00000000e+00  3.18863577e-02
 -2.11430869e-03  7.00066636e-03]
	[RESULT 12] [0.03188198 0.0028149  0.01906707 0.0207084  0.01884255 0.09813415
 0.         0.00093293 0.00906707 0.00813415 0.         0.03438198
 0.0033149  0.00406707]
	[RESULT 13] [ 0.02749904 -0.00136028  0.01885932  0.0232115   0.02093014  0.09771864
  0.          0.00114068  0.00885932  0.00771864  0.          0.03049904
 -0.00036028  0.00385932]
	[RESULT 14] [ 2.21163128e-02 -7.86938392e-03  1.99856968e-02  2.39632984e-02
  2.39346920e-02  9.99713935e-02  0.00000000e+00  1.43032416e-05
  9.98569676e-03  9.97139352e-03  0.00000000e+00  2.41163128e-02
 -9.89799041e-03  7.01430324e-03]
	[RESULT 15] [ 4.69292891e-03 -2.52095342e-02  1.99024631e-02  1.69501591e-02
  1.71452329e-02  9.98049262e-02  0.00000000e+00  9.75368791e-05
  9.90246312e-03  9.80492624e-03  0.00000000e+00  7.69292891e-03
 -2.42095342e-02  4.90246312e-03]
	[RESULT 16] [ 0.02667166 -0.00319665  0.0198683   0.02186172  0.02159832  0.09973661
  0.          0.0001317   0.0098683   0.00973661  0.          0.02717166
 -0.00469665  0.0048683 ]
	[RESULT 17] [ 4.13432411e-03 -2.58427988e-02  1.99771229e-02  1.67828464e-02
  1.68286006e-02  9.99542458e-02  0.00000000e+00  2.28771112e-05
  9.97712289e-03  9.95424578e-03  0.00000000e+00  5.63432411e-03
 -2.63427988e-02  4.97712289e-03]
	[RESULT 18] [0.03437998 0.00826833 0.01735169 0.02116245 0.01586584 0.09470339
 0.         0.00494492 0.00735169 0.00470339 0.         0.03237998
 0.00097172 0.00964831]
	[RESULT 19] [ 4.01774491e-03 -2.59791544e-02  1.99968994e-02  1.67542215e-02
  1.67604228e-02  9.99937987e-02  0.00000000e+00  3.10064597e-06
  9.99689935e-03  9.99379871e-03  0.00000000e+00  5.51774491e-03
 -2.64791544e-02  4.99689935e-03]
	[RESULT 20] [ 0.01570103 -0.01235948  0.01806051  0.01969128  0.02357026  0.09612103
  0.          0.00193949  0.00806051  0.00612103  0.          0.01870103
 -0.01223846  0.00393949]
	[RESULT 21] [ 3.35448068e-02  1.09877035e-02  1.54674897e-02  2.35711689e-02
  1.45061482e-02  9.09349793e-02  0.00000000e+00  9.40246897e-03
  5.46748966e-03  9.34979316e-04  0.00000000e+00  3.15448068e-02
 -7.73171505e-05  1.15325103e-02]
	[RESULT 22] [ 0.00690274 -0.02019526  0.017098    0.01384836  0.01965237  0.09419599
  0.          0.002902    0.007098    0.00419599  0.          0.00840274
 -0.02199927  0.003402  ]
	[RESULT 23] [ 0.00855568 -0.01688919  0.01544487  0.01219515  0.02130541  0.09088975
  0.          0.00455513  0.00544487  0.00088975  0.          0.01005568
 -0.02199944  0.00505513]
	[RESULT 24] [ 0.01781229 -0.01047335  0.01828564  0.02133461  0.02476332  0.09657129
  0.          0.00171436  0.00828564  0.00657129  0.          0.01931229
 -0.01097335  0.00328564]
	[RESULT 25] [ 0.00790854 -0.01881029  0.01671883  0.01378251  0.02034486  0.09343766
  0.          0.00328117  0.00671883  0.00343766  0.          0.01040854
 -0.02137263  0.00478117]
	[RESULT 26] [ 0.0221592  -0.0077348   0.019894    0.02407939  0.0238674   0.09978801
  0.          0.000106    0.009894    0.00978801  0.          0.0241592
 -0.0077348   0.004894  ]
	[RESULT 27] [ 0.0044659  -0.02517965  0.01964555  0.01645127  0.01716018  0.0992911
  0.          0.00035445  0.00964555  0.0092911   0.          0.0059659
 -0.02567965  0.00464555]
	[RESULT 28] [ 4.60304884e-03 -2.53892944e-02  1.99923432e-02  1.70400392e-02
  1.70553528e-02  9.99846864e-02  0.00000000e+00  7.65680595e-06
  9.99234319e-03  9.98468639e-03  0.00000000e+00  7.60304884e-03
 -2.43892944e-02  4.99234319e-03]
	[RESULT 29] [ 0.01053689 -0.01885661  0.0193935   0.01910869  0.0203217   0.09878699
  0.          0.0006065   0.0093935   0.00878699  0.          0.01353689
 -0.02106961  0.0076065 ]
	[RESULT 30] [ 0.01090173 -0.01629756  0.01719929  0.0159998   0.02160122  0.09439858
  0.          0.00280071  0.00719929  0.00439858  0.          0.01240173
 -0.01789898  0.00330071]
	[RESULT 31] [ 0.01752278 -0.01115745  0.01868023  0.02178174  0.02442128  0.09736047
  0.          0.00131977  0.00868023  0.00736047  0.          0.01902278
 -0.01579698  0.00781977]
	[RESULT 32] [ 0.02285892 -0.00284589  0.01570481  0.01973667  0.02167295  0.09140961
  0.          0.00429519  0.00570481  0.00140961  0.          0.02435892
 -0.00743628  0.00479519]
	[RESULT 33] [ 0.02727783  0.00110522  0.01617261  0.02264782  0.01969739  0.09234521
  0.          0.00848218  0.00617261  0.00234521  0.          0.03027783
 -0.00754957  0.01082739]
	[RESULT 34] [ 0.00982322 -0.01989577  0.01971899  0.0192401   0.01980212  0.09943798
  0.          0.00028101  0.00971899  0.00943798  0.          0.01132322
 -0.02039577  0.00471899]
	[RESULT 35] [ 2.38611178e-02 -6.06706742e-03  1.99281852e-02  2.31771633e-02
  2.30335337e-02  9.98563704e-02  0.00000000e+00  7.18147816e-05
  9.92818522e-03  9.85637044e-03  0.00000000e+00  2.58611178e-02
 -6.06706742e-03  4.92818522e-03]
	[RESULT 36] [ 0.00763969 -0.01884356  0.01648326  0.01329473  0.02032822  0.09296652
  0.          0.00351674  0.00648326  0.00296652  0.          0.00913969
 -0.02187705  0.00401674]
	[RESULT 37] [ 2.72038407e-02 -2.79308231e-03  1.99969230e-02  2.16526951e-02
  2.16465412e-02  9.99938460e-02  0.00000000e+00  3.07699402e-06
  9.99692301e-03  9.99384601e-03  0.00000000e+00  3.02038407e-02
 -3.79923629e-03  7.00307699e-03]
	[RESULT 38] [ 0.0050193  -0.02485193  0.01987123  0.01706649  0.01732403  0.09974246
  0.          0.00012877  0.00987123  0.00974246  0.          0.0080193
 -0.02385193  0.00487123]
	[RESULT 39] [ 2.93709284e-02 -6.28683084e-04  1.99996114e-02  2.05651187e-02
  2.05643415e-02  9.99992229e-02  0.00000000e+00  3.88560224e-07
  9.99961144e-03  9.99922288e-03  0.00000000e+00  3.23709284e-02
 -1.62946020e-03  7.00038856e-03]
	[RESULT 40] [3.20809197e-02 2.08126718e-03 1.99996525e-02 1.92100614e-02
 1.92093664e-02 9.99993050e-02 0.00000000e+00 3.47484178e-07
 9.99965252e-03 9.99930503e-03 0.00000000e+00 3.45809197e-02
 1.08057222e-03 6.50034748e-03]
	[RESULT 41] [ 0.021802   -0.00757539  0.01937739  0.02471709  0.02403769  0.09875478
  0.          0.00062261  0.00937739  0.00875478  0.          0.024802
 -0.0098206   0.00762261]
	[RESULT 42] [ 0.03066687  0.00473432  0.01593256  0.02423227  0.01763284  0.09186512
  0.          0.00406744  0.00593256  0.00186512  0.          0.03116687
 -0.00040057  0.00456744]
	[RESULT 43] [ 0.02156953 -0.00757235  0.01914188  0.02424758  0.02403618  0.09828376
  0.          0.00085812  0.00914188  0.00828376  0.          0.02456953
 -0.00657235  0.00414188]
	[RESULT 44] [ 2.78125592e-02 -2.18705228e-03  1.99996114e-02  2.13443033e-02
  2.13435261e-02  9.99992229e-02  0.00000000e+00  3.88560224e-07
  9.99961144e-03  9.99922288e-03  0.00000000e+00  3.08125592e-02
 -3.18782940e-03  7.00038856e-03]
	[RESULT 45] [ 0.00461165 -0.02504281  0.01965445  0.01653751  0.0172286   0.09930891
  0.          0.00034555  0.00965445  0.00930891  0.          0.00611165
 -0.02554281  0.00465445]
	[RESULT 46] [ 0.02370814 -0.00568334  0.01939148  0.02430871  0.02309167  0.09878296
  0.          0.00060852  0.00939148  0.00878296  0.          0.02670814
 -0.00468334  0.00439148]
	[RESULT 47] [ 0.02257946 -0.00646493  0.01904439  0.02460631  0.02348247  0.09808878
  0.          0.00095561  0.00904439  0.00808878  0.          0.02557946
 -0.00937615  0.00795561]
	[RESULT 48] [ 0.02943555  0.00352761  0.01590794  0.02332969  0.0184862   0.09181588
  0.          0.00427618  0.00590794  0.00181588  0.          0.03243555
 -0.00065651  0.00609206]
	[RESULT 49] [ 0.02305448 -0.00549075  0.01854523  0.02434508  0.02274537  0.09709046
  0.          0.00145477  0.00854523  0.00709046  0.          0.02455448
 -0.00599075  0.00354523]
	[RESULT 50] [0.02141564 0.02314028 0.01544408 0.0175417  0.00842986 0.09088816
 0.         0.00916776 0.00544408 0.00088816 0.         0.02091564
 0.01097156 0.01005592]
	[RESULT 51] [ 4.37147128e-03 -2.56279550e-02  1.99994262e-02  1.69348750e-02
  1.69360225e-02  9.99988525e-02  0.00000000e+00  5.73761870e-07
  9.99942624e-03  9.99885248e-03  0.00000000e+00  6.87147128e-03
 -2.51279550e-02  4.99942624e-03]
	[RESULT 52] [0.02951603 0.00027952 0.01923651 0.02163722 0.02011024 0.09847302
 0.         0.00076349 0.00923651 0.00847302 0.         0.03251603
 0.00127952 0.00423651]
	[RESULT 53] [0.01609033 0.02176988 0.01567955 0.01452583 0.00588494 0.09135911
 0.         0.00432045 0.00567955 0.00135911 0.         0.01559033
 0.00041077 0.00482045]
	[RESULT 54] [ 0.01666271 -0.01240436  0.01906707  0.02168196  0.02354782  0.09813415
  0.          0.00093293  0.00906707  0.00813415  0.          0.01916271
 -0.01190436  0.00406707]
	[RESULT 55] [ 0.01518587 -0.01359097  0.01877684  0.0205082   0.02295452  0.09755368
  0.          0.00122316  0.00877684  0.00755368  0.          0.01818587
 -0.01259097  0.00377684]
	[RESULT 56] [ 0.01292003 -0.01695587  0.01987589  0.02102385  0.02127207  0.09975178
  0.          0.00012411  0.00987589  0.00975178  0.          0.01542003
 -0.01820408  0.00662411]
	[RESULT 57] [ 2.82192006e-02 -1.78054876e-03  1.99997493e-02  2.11407758e-02
  2.11402744e-02  9.99994986e-02  0.00000000e+00  2.50686660e-07
  9.99974931e-03  9.99949863e-03  0.00000000e+00  3.12192006e-02
 -2.78105013e-03  7.00025069e-03]
	[RESULT 58] [ 0.00449947 -0.02526716  0.01976663  0.01664968  0.01711642  0.09953326
  0.          0.00023337  0.00976663  0.00953326  0.          0.00599947
 -0.02576716  0.00476663]
	[RESULT 59] [0.02998311 0.01111943 0.01889747 0.01664535 0.01444029 0.09779493
 0.         0.00110253 0.00889747 0.00779493 0.         0.02848311
 0.01061943 0.00389747]
	[RESULT 60] [ 0.01998336 -0.00905233  0.01903569  0.02329521  0.02477617  0.09807138
  0.          0.00096431  0.00903569  0.00807138  0.          0.02248336
 -0.00855233  0.00403569]
	[RESULT 61] [ 0.03088732  0.00220709  0.01868023  0.02153599  0.01889646  0.09736047
  0.          0.00131977  0.00868023  0.00736047  0.          0.03238732
 -0.00243244  0.00781977]
	[RESULT 62] [ 0.01914526 -0.01058611  0.01973136  0.02391967  0.02445695  0.09946273
  0.          0.00026864  0.00973136  0.00946273  0.          0.02214526
 -0.00958611  0.00473136]
	[RESULT 63] [ 0.00642698 -0.02122584  0.01765281  0.01444271  0.01913708  0.09530563
  0.          0.00234719  0.00765281  0.00530563  0.          0.00942698
 -0.02192021  0.00434719]
	[RESULT 64] [ 0.02313084 -0.00331398  0.01644482  0.02123265  0.02165699  0.09288964
  0.          0.00355518  0.00644482  0.00288964  0.          0.02413084
 -0.00742434  0.00455518]
	[RESULT 65] [ 4.33080158e-03 -2.56044977e-02  1.99352993e-02  1.68183497e-02
  1.69477511e-02  9.98705986e-02  0.00000000e+00  6.47007021e-05
  9.93529930e-03  9.87059860e-03  0.00000000e+00  5.83080158e-03
 -2.61044977e-02  4.93529930e-03]
	[RESULT 66] [ 0.00728272 -0.01957187  0.01685459  0.01367324  0.01996407  0.09370917
  0.          0.00314541  0.00685459  0.00370917  0.          0.00878272
 -0.02186269  0.00364541]
	[RESULT 67] [ 0.00718494 -0.02128274  0.01846768  0.01604399  0.01910863  0.09693536
  0.          0.00153232  0.00846768  0.00693536  0.          0.01018494
 -0.02034738  0.00353232]
	[RESULT 68] [ 0.01729308 -0.00815299  0.01544608  0.01656566  0.0243265   0.09089215
  0.          0.00455392  0.00544608  0.00089215  0.          0.01879308
 -0.01326084  0.00505392]
	[RESULT 69] [ 0.00689657 -0.02039019  0.01728676  0.01412843  0.0195549   0.09457352
  0.          0.00271324  0.00728676  0.00457352  0.          0.00989657
 -0.02181667  0.00471324]
	[RESULT 70] [ 0.01964743 -0.0098494   0.01949683  0.02381897  0.0248253   0.09899367
  0.          0.00050317  0.00949683  0.00899367  0.          0.02264743
 -0.01185573  0.00750317]
	[RESULT 71] [ 0.00660624 -0.02078847  0.01739471  0.01414518  0.01935577  0.09478942
  0.          0.00260529  0.00739471  0.00478942  0.          0.00810624
 -0.02199905  0.00310529]
	[RESULT 72] [ 2.24259543e-02 -7.57321261e-03  1.99991669e-02  2.40382724e-02
  2.40366063e-02  9.99983339e-02  0.00000000e+00  8.33051657e-07
  9.99916695e-03  9.99833390e-03  0.00000000e+00  2.54259543e-02
 -8.57487872e-03  7.00083305e-03]
	[RESULT 73] [ 0.00672674 -0.02091622  0.01764296  0.01457782  0.01929189  0.09528593
  0.          0.00235704  0.00764296  0.00528593  0.          0.00822674
 -0.02163029  0.00285704]
	[RESULT 74] [ 0.00460309 -0.02487699  0.01948008  0.01627167  0.01731151  0.09896016
  0.          0.00051992  0.00948008  0.00896016  0.          0.00610309
 -0.02537699  0.00448008]
	[RESULT 75] [ 0.02272275 -0.00315379  0.01587654  0.01992618  0.0218269   0.09175308
  0.          0.00412346  0.00587654  0.00175308  0.          0.02472275
 -0.00740071  0.00512346]
	[RESULT 76] [ 0.00460268 -0.0248774   0.01948008  0.01627146  0.0173113   0.09896016
  0.          0.00051992  0.00948008  0.00896016  0.          0.00760268
 -0.0238774   0.00448008]
	[RESULT 77] [ 0.02602048 -0.001899    0.01791947  0.02463945  0.0211995   0.09583895
  0.          0.00208053  0.00791947  0.00583895  0.          0.02752048
 -0.00706005  0.00758053]
	[RESULT 78] [2.41225900e-02 1.59364578e-02 1.99409522e-02 1.21498668e-02
 1.20317711e-02 9.98819043e-02 0.00000000e+00 5.90478265e-05
 9.94095217e-03 9.88190435e-03 0.00000000e+00 2.36225900e-02
 9.18163786e-03 5.55904783e-03]
	[RESULT 79] [ 0.03020462  0.00320894  0.01699568  0.02465416  0.01864553  0.09399137
  0.          0.00601295  0.00699568  0.00399137  0.          0.03320462
 -0.00379969  0.01000432]
	[RESULT 80] [ 0.00455369 -0.0248947   0.01944839  0.01619942  0.01730265  0.09889677
  0.          0.00055161  0.00944839  0.00889677  0.          0.00755369
 -0.0238947   0.00444839]
	[RESULT 81] [ 4.12041683e-03 -2.58279681e-02  1.99483849e-02  1.67327858e-02
  1.68360160e-02  9.98967698e-02  0.00000000e+00  5.16150860e-05
  9.94838491e-03  9.89676983e-03  0.00000000e+00  7.12041683e-03
 -2.48279681e-02  4.94838491e-03]
	[RESULT 82] [ 4.65252027e-03 -2.53378951e-02  1.99904154e-02  1.70618832e-02
  1.70810524e-02  9.99808308e-02  0.00000000e+00  9.58461134e-06
  9.99041539e-03  9.98083078e-03  0.00000000e+00  6.15252027e-03
 -2.58378951e-02  4.99041539e-03]
	[RESULT 83] [ 0.02757512 -0.00221215  0.01978727  0.02178153  0.02135608  0.09957455
  0.          0.00021273  0.00978727  0.00957455  0.          0.03057512
 -0.00121215  0.00478727]
	[RESULT 84] [ 2.82193380e-02 -1.78027394e-03  1.99996119e-02  2.11409132e-02
  2.11401370e-02  9.99992238e-02  0.00000000e+00  3.88096809e-07
  9.99961190e-03  9.99922381e-03  0.00000000e+00  3.12193380e-02
 -2.78105013e-03  7.00038810e-03]
	[RESULT 85] [ 0.01218261 -0.0137358   0.01591841  0.01471892  0.0228821   0.09183682
  0.          0.00408159  0.00591841  0.00183682  0.          0.01368261
 -0.01789898  0.00458159]
	[RESULT 86] [ 0.00555273 -0.02289512  0.01844785  0.01519814  0.01830244  0.09689569
  0.          0.00155215  0.00844785  0.00689569  0.          0.00705273
 -0.02339512  0.00344785]
	[RESULT 87] [ 0.01203984 -0.01713054  0.01917037  0.01977548  0.02143473  0.09834074
  0.          0.00082963  0.00917037  0.00834074  0.          0.01353984
 -0.01763054  0.00417037]
	[RESULT 88] [ 0.02559939 -0.00321245  0.01881184  0.02423254  0.02185623  0.09762368
  0.          0.00118816  0.00881184  0.00762368  0.          0.02859939
 -0.00221245  0.00381184]
	[RESULT 89] [ 2.88680669e-02 -1.13107320e-03  1.99991401e-02  2.08172565e-02
  2.08155366e-02  9.99982801e-02  0.00000000e+00  8.59938982e-07
  9.99914006e-03  9.99828012e-03  0.00000000e+00  3.18680669e-02
 -2.13279308e-03  7.00085994e-03]
	[RESULT 90] [ 2.87458843e-02 -1.21244749e-03  1.99583318e-02  2.06895602e-02
  2.06062237e-02  9.99166635e-02  0.00000000e+00  4.16682454e-05
  9.95833175e-03  9.91666351e-03  0.00000000e+00  3.07458843e-02
 -1.21244749e-03  4.95833175e-03]
	[RESULT 91] [ 0.02496907 -0.00471141  0.01968048  0.02299474  0.02235571  0.09936097
  0.          0.00031952  0.00968048  0.00936097  0.          0.02696907
 -0.00471141  0.00468048]
	[RESULT 92] [0.01154961 0.01768818 0.01613857 0.01156696 0.00384409 0.09227713
 0.         0.0075843  0.00613857 0.00227713 0.         0.01054961
 0.00041105 0.00986143]
	[RESULT 93] [ 0.00534478 -0.02417028  0.01951505  0.01669497  0.01766486  0.09903011
  0.          0.00048495  0.00951505  0.00903011  0.          0.00834478
 -0.02317028  0.00451505]
	[RESULT 94] [ 4.31420257e-03 -2.56376957e-02  1.99518983e-02  1.68349488e-02
  1.69311521e-02  9.99037966e-02  0.00000000e+00  4.81016901e-05
  9.95189831e-03  9.90379662e-03  0.00000000e+00  5.81420257e-03
 -2.61376957e-02  4.95189831e-03]
	[RESULT 95] [ 1.93514932e-02 -1.06140296e-02  1.99655228e-02  2.43740307e-02
  2.44429852e-02  9.99310455e-02  0.00000000e+00  3.44772447e-05
  9.96552276e-03  9.93104551e-03  0.00000000e+00  2.23514932e-02
 -1.16829841e-02  7.03447724e-03]
	[RESULT 96] [ 0.02813084  0.00168602  0.01644482  0.02373265  0.01915699  0.09288964
  0.          0.00666555  0.00644482  0.00288964  0.          0.02913084
 -0.00742434  0.00955518]
	[RESULT 97] [0.01456271 0.02367315 0.01911044 0.0086157  0.00683657 0.09822087
 0.         0.00088956 0.00911044 0.00822087 0.         0.01356271
 0.00045228 0.00688956]
	[RESULT 98] [ 0.01873706 -0.00895115  0.01768821  0.02065084  0.02472557  0.09537641
  0.          0.00231179  0.00768821  0.00537641  0.          0.02173706
 -0.00957473  0.00431179]
	[RESULT 99] [ 2.77024555e-02 -2.29740301e-03  1.99998586e-02  2.13989844e-02
  2.13987015e-02  9.99997171e-02  0.00000000e+00  1.41449018e-07
  9.99985855e-03  9.99971710e-03  0.00000000e+00  3.07024555e-02
 -3.29768591e-03  7.00014145e-03]
	[RESULT 100] [ 0.02048751 -0.00821805  0.01870556  0.0233021   0.02410902  0.09741112
  0.          0.00129444  0.00870556  0.00741112  0.          0.02148751
 -0.01280692  0.00729444]
	[RESULT 101] [ 0.02012586 -0.00901977  0.01914563  0.02353138  0.02475989  0.09829127
  0.          0.00085437  0.00914563  0.00829127  0.          0.02312586
 -0.01172851  0.00785437]
	[RESULT 102] [ 0.03003853  0.00022445  0.01981408  0.02025961  0.01988778  0.09962816
  0.          0.00018592  0.00981408  0.00962816  0.          0.03053853
 -0.00214739  0.00568592]
	[RESULT 103] [0.0270748  0.01693605 0.01598915 0.01955367 0.01153197 0.09197831
 0.         0.00403254 0.00598915 0.00197831 0.         0.0250748
 0.01108564 0.00601085]
	[RESULT 104] [ 0.01382581 -0.01159757  0.01542338  0.01479798  0.02395122  0.09084676
  0.          0.00927014  0.00542338  0.00084676  0.          0.01682581
 -0.02175081  0.01157662]
	[RESULT 105] [ 0.00970326 -0.01793256  0.01763582  0.01605535  0.02078372  0.09527163
  0.          0.00236418  0.00763582  0.00527163  0.          0.01270326
 -0.01866093  0.00436418]
