[METRICS]
	[DISEQUILIBRIUM COUNT] 20
[VARIABLES]
	[RESULT 1] [1 5.077064621247045 0 1 12 3034.11232702741 93]
	[RESULT 2] [1 27.808941672201463 1 3 22 3929.0931708012417 100]
	[RESULT 3] [1 44.34516444895164 0 2 20 3981.848956013206 17]
	[RESULT 4] [1 39.18111393815353 0 1 23 2956.16479889833 97]
	[RESULT 5] [1 39.19134893429778 0 1 22 1917.613007672083 100]
	[RESULT 6] [0 5.920395160304233 0 1 1 3926.407054349066 51]
	[RESULT 7] [1 13.974123441601844 1 4 14 1964.853033198127 100]
	[RESULT 8] [1 26.819849639641056 0 1 17 3996.091720599133 100]
	[RESULT 9] [1 27.425578781971836 0 3 8 1301.8812410070987 100]
	[RESULT 10] [1 39.14073961437926 0 1 9 2042.1637587914925 100]
	[RESULT 11] [0 9.833657286396713 1 1 14 3634.180106575219 94]
	[RESULT 12] [0 7.830259031834131 1 4 21 1916.023110560403 100]
	[RESULT 13] [1 7.550374400805805 0 1 23 3752.199851198618 99]
	[RESULT 14] [0 46.16061481924851 0 1 14 1889.009593508574 99]
	[RESULT 15] [1 38.14413109843368 0 1 22 1828.3149041524055 100]
	[RESULT 16] [1 8.656296440250678 0 3 22 3999.0640264165795 100]
	[RESULT 17] [1 41.715944441025876 0 3 9 1597.6104033800416 100]
	[RESULT 18] [1 9.089884332442471 0 3 8 1301.8812410070987 100]
	[RESULT 19] [0 7.77166038669652 0 3 1 2637.2763382712137 4]
	[RESULT 20] [0 40.94861844060376 0 4 4 3997.1693022233067 22]
	[RESULT 21] [0 5.2664367781987735 1 1 13 1520.4297236326988 78]
	[RESULT 22] [1 5.193717646691836 1 3 21 1792.7009413298204 100]
	[RESULT 23] [0 26.209261698778707 0 3 13 3986.15248020325 96]
	[RESULT 24] [0 6.965664270075379 1 1 2 2205.724890867259 71]
	[RESULT 25] [0 5.411759552407284 1 4 15 2933.6990948675666 97]
	[RESULT 26] [1 7.554640939726646 0 1 0 1811.7906105055665 100]
	[RESULT 27] [1 14.53132931451402 0 1 22 1615.4482393845615 100]
	[RESULT 28] [1 8.290125788421351 0 3 24 3999.7233578411647 96]
	[RESULT 29] [1 27.425578781971836 0 3 8 1238.4982547465006 100]
	[RESULT 30] [1 6.0368861735964225 0 1 9 2108.1852658791613 100]
	[RESULT 31] [1 27.808941672201463 0 3 23 3812.553340850385 100]
	[RESULT 32] [0 7.705215238255462 0 1 22 1880.726446473838 98]
	[RESULT 33] [1 32.26950075401703 0 1 17 3997.384322315128 100]
	[RESULT 34] [1 42.13967409040549 0 1 13 1061.3791411130824 100]
	[RESULT 35] [0 6.840646816725435 0 1 12 2765.0959086507432 93]
	[RESULT 36] [1 41.715944441025876 0 3 9 1596.6949447789457 100]
	[RESULT 37] [0 11.733067683401822 1 1 1 1840.8326928342638 94]
	[RESULT 38] [0 46.991500854495904 0 1 9 2241.591384244034 100]
	[RESULT 39] [1 9.175484642331106 0 3 8 1301.8812410070987 100]
	[RESULT 40] [1 32.59460668080476 0 1 17 3761.3229039012244 100]
	[RESULT 41] [1 17.77563194227536 0 3 24 3868.4034530407052 100]
	[RESULT 42] [1 9.289211155698517 1 2 22 2015.9676914902425 22]
	[RESULT 43] [1 5.1387024376324915 1 3 12 2824.334940182892 100]
	[RESULT 44] [1 12.022723235989742 0 3 10 3776.288952440828 100]
	[RESULT 45] [0 46.75258960459631 0 1 9 1889.009593508574 100]
	[RESULT 46] [1 44.41476080012243 0 2 23 3928.4888068576543 99]
	[RESULT 47] [0 5.569752233654931 1 4 22 1483.0672625034683 14]
	[RESULT 48] [1 5.470416673534848 1 2 22 2105.498645846044 99]
	[RESULT 49] [1 6.790198618877858 0 1 23 3145.6724677420943 100]
	[RESULT 50] [1 38.14413109843368 0 1 22 1782.370890175658 100]
	[RESULT 51] [0 5.919765074601749 0 1 5 1919.9594487759366 14]
	[RESULT 52] [1 8.102064475756068 0 3 22 3999.496581389621 100]
	[RESULT 53] [1 27.425578781971836 0 3 8 1248.5571127538115 100]
	[RESULT 54] [1 26.784075773287 0 1 17 1719.7333343504254 100]
	[RESULT 55] [0 27.808941672201463 0 1 22 3966.3346338754855 93]
	[RESULT 56] [1 5.193717646691836 1 3 21 1822.9691992653516 95]
	[RESULT 57] [1 8.077955975604294 0 3 22 1473.9865024502471 100]
	[RESULT 58] [0 5.404659842258437 0 1 13 2813.594482793875 5]
	[RESULT 59] [0 5.431827322506021 0 3 14 1587.8035444475227 96]
	[RESULT 60] [0 40.94861844060376 0 1 16 3998.3179900935406 22]
	[RESULT 61] [0 25.232284547423944 0 2 0 1148.7324785794367 8]
	[RESULT 62] [0 26.54935697230459 1 4 1 3983.6418382314155 97]
	[RESULT 63] [1 39.19134893429778 0 1 22 1789.9850727220862 100]
	[RESULT 64] [1 6.412719668073118 0 2 14 1892.8930852316307 100]
	[RESULT 65] [0 46.31445616001329 1 1 9 1729.3198229979207 99]
	[RESULT 66] [1 32.26950075401703 0 1 17 3773.8155208667927 100]
	[RESULT 67] [1 20.864193903386468 0 3 8 1455.5773606115142 100]
	[RESULT 68] [1 45.158478968689735 0 3 23 3812.553340850385 100]
	[RESULT 69] [1 5.875829827659127 0 1 14 2408.6887564737435 99]
	[RESULT 70] [1 45.69296699553016 0 1 16 3996.091720599133 100]
	[RESULT 71] [0 6.106233921283872 1 1 24 1205.9458652126807 16]
	[RESULT 72] [1 47.058275036089185 0 1 22 2112.313539161294 100]
	[RESULT 73] [0 6.4491200377773445 1 4 21 1811.6560922317537 100]
	[RESULT 74] [1 21.090391220347783 0 3 9 1352.660393377201 100]
	[RESULT 75] [0 40.94861844060376 0 3 22 3999.050760950828 22]
	[RESULT 76] [1 6.481582003680592 0 3 23 1473.9865024502471 100]
	[RESULT 77] [1 48.75280790633964 0 1 9 3839.785919488192 100]
	[RESULT 78] [1 21.102089789279077 0 1 17 1923.011022107984 95]
	[RESULT 79] [1 49.19665946596692 0 1 15 1969.421760585327 100]
	[RESULT 80] [1 11.003099225179284 0 3 24 3938.269574628174 96]
	[RESULT 81] [1 41.63890717460522 0 1 22 1917.613007672083 100]
	[RESULT 82] [1 24.06318020375861 0 1 24 1723.0725690289078 100]
	[RESULT 83] [0 5.025508011712988 1 1 22 1840.0832526723907 88]
	[RESULT 84] [1 44.12938818849757 0 1 14 1808.6837311050535 100]
	[RESULT 85] [1 40.94861844060376 0 1 16 3998.3179900935406 99]
	[RESULT 86] [1 5.193717646691836 1 3 21 1822.9691992653516 100]
	[RESULT 87] [1 15.034455753265052 0 1 22 1615.4482393845615 100]
	[RESULT 88] [0 17.77563194227536 0 3 24 3823.5365353910197 100]
	[RESULT 89] [0 13.090296264561363 0 1 12 2068.800953583215 100]
	[RESULT 90] [1 5.047077000958762 0 1 23 2105.498645846044 100]
	[RESULT 91] [1 5.891658771458204 0 3 22 3990.2758429295645 100]
	[RESULT 92] [1 12.022723235989742 0 3 10 3982.8909312062806 100]
	[RESULT 93] [1 9.275965437091322 1 3 12 2739.099047819461 100]
	[RESULT 94] [1 41.715944441025876 0 3 22 1630.4432222110536 100]
	[RESULT 95] [1 45.79511812157351 0 2 22 3575.087974153615 17]
	[RESULT 96] [1 5.220341662690428 0 4 4 3997.1825676890494 100]
	[RESULT 97] [0 16.812287962595555 0 3 24 2241.591384244034 100]
	[RESULT 98] [1 8.697576375668179 0 1 24 3996.6012964164456 99]
	[RESULT 99] [0 46.99366511217185 0 1 13 2043.3687601795984 100]
	[RESULT 100] [1 8.93032088829977 0 2 16 3998.617782994761 21]
	[RESULT 101] [1 7.554640939726646 0 1 0 1654.7598519230085 100]
	[RESULT 102] [1 7.487377836532164 0 1 16 2000.2659338319816 99]
	[RESULT 103] [1 5.0765459570143365 0 1 14 1351.419767226709 99]
	[RESULT 104] [1 9.15976511532681 0 3 8 2314.3951301565626 100]
	[RESULT 105] [0 41.0056145361174 0 4 4 3995.5575609236307 22]
[OBJECTIVES]
	[RESULT 1] [0.02377299 0.01658476 0.01964225 0.01267313 0.01195762 0.09928449
 0.         0.00035775 0.00964225 0.00928449 0.         0.02227299
 0.00691524 0.00464225]
	[RESULT 2] [ 0.03227325  0.00706325  0.01521001  0.02370163  0.01671838  0.09042001
  0.          0.00913002  0.00521001  0.00042001  0.          0.03477325
 -0.00351674  0.01128999]
	[RESULT 3] [0.03084603 0.01403004 0.01512393 0.02298712 0.01323498 0.09024786
 0.         0.00562821 0.00512393 0.00024786 0.         0.02884603
 0.0082779  0.00587607]
	[RESULT 4] [0.02172687 0.02313101 0.01514212 0.01840025 0.0086845  0.09028424
 0.         0.00507363 0.00514212 0.00028424 0.         0.02022687
 0.00558475 0.00535788]
	[RESULT 5] [0.03356134 0.00841926 0.01514208 0.02424379 0.01604037 0.09028416
 0.         0.00507376 0.00514208 0.00028416 0.         0.03493866
 0.00270342 0.00535792]
	[RESULT 6] [0.02434283 0.01805354 0.01760363 0.01576597 0.01097323 0.09520726
 0.         0.00239637 0.00760363 0.00520726 0.         0.02384283
 0.0067392  0.00289637]
	[RESULT 7] [0.03180467 0.01269403 0.0155013  0.02290039 0.01390299 0.09100259
 0.         0.00950389 0.0055013  0.00100259 0.         0.02880467
 0.00269662 0.0114987 ]
	[RESULT 8] [ 0.01216079 -0.01305832  0.01521911  0.01365906  0.02322084  0.09043821
  0.          0.00484268  0.00521911  0.00043821  0.          0.01366079
 -0.0186201   0.00528089]
	[RESULT 9] [0.03355704 0.0083436  0.01521344 0.02434868 0.0160782  0.09042688
 0.         0.00585967 0.00521344 0.00042688 0.         0.03394296
 0.00277048 0.00628656]
	[RESULT 10] [0.03354251 0.00840022 0.01514228 0.02423468 0.01604989 0.09028457
 0.         0.00507315 0.00514228 0.00028457 0.         0.03495749
 0.00268479 0.00535772]
	[RESULT 11] [0.01531344 0.02117054 0.0158571  0.01387108 0.00558527 0.09171419
 0.         0.00792871 0.0058571  0.00171419 0.         0.01481344
 0.00445634 0.0096429 ]
	[RESULT 12] [0.03160175 0.01209286 0.01630539 0.02134278 0.01395357 0.09261079
 0.         0.00808382 0.00630539 0.00261079 0.         0.02960175
 0.00270365 0.01069461]
	[RESULT 13] [0.02969936 0.01389234 0.0164083  0.02048723 0.01330383 0.0928166
 0.         0.0035917  0.0064083  0.0028166  0.         0.02819936
 0.01070895 0.0040917 ]
	[RESULT 14] [0.0254112  0.01947021 0.01511859 0.02002771 0.0102649  0.09023719
 0.         0.00514422 0.00511859 0.00023719 0.         0.0249112
 0.0102926  0.00538141]
	[RESULT 15] [0.03356904 0.0084226  0.01514644 0.02425418 0.0160387  0.09029288
 0.         0.00506069 0.00514644 0.00029288 0.         0.03493096
 0.00271548 0.00535356]
	[RESULT 16] [ 0.00882838 -0.01724543  0.01607381  0.01327491  0.02112728  0.09214763
  0.          0.00392619  0.00607381  0.00214763  0.          0.01132838
 -0.0210978   0.00542619]
	[RESULT 17] [0.03360995 0.00847738 0.01513257 0.02425383 0.01601131 0.09026514
 0.         0.00610229 0.00513257 0.00026514 0.         0.03389005
 0.00274252 0.00636743]
	[RESULT 18] [0.03278814 0.0068058  0.01598234 0.02488242 0.0168471  0.09196468
 0.         0.00401766 0.00598234 0.00196468 0.         0.03471186
 0.00277048 0.00551766]
	[RESULT 19] [0.01698224 0.02330792 0.01632568 0.01400261 0.00665396 0.09265135
 0.         0.00367432 0.00632568 0.00265135 0.         0.01548224
 0.00065656 0.00517432]
	[RESULT 20] [0.0321543  0.00701897 0.01513532 0.02378013 0.01649051 0.09027065
 0.         0.00659403 0.00513532 0.00027065 0.         0.0341543
 0.00028962 0.00686468]
	[RESULT 21] [0.01506719 0.02401528 0.01894808 0.00911147 0.00700764 0.09789617
 0.         0.00105192 0.00894808 0.00789617 0.         0.01456719
 0.00111911 0.00655192]
	[RESULT 22] [0.03453142 0.00534283 0.0191886  0.0192014  0.01757859 0.09837719
 0.         0.0008114  0.0091886  0.00837719 0.         0.03296858
 0.00272002 0.0073114 ]
	[RESULT 23] [0.03468633 0.00946119 0.01522513 0.02481914 0.0152694  0.09045026
 0.         0.00582461 0.00522513 0.00045026 0.         0.03381367
 0.00291146 0.00627487]
	[RESULT 24] [0.01269617 0.01938214 0.01668596 0.01131914 0.00469107 0.09337193
 0.         0.00544211 0.00668596 0.00337193 0.         0.01219617
 0.00101021 0.00881404]
	[RESULT 25] [0.01911439 0.02234393 0.01854168 0.01174468 0.00882804 0.09708336
 0.         0.00145832 0.00854168 0.00708336 0.         0.01711439
 0.00557271 0.00845832]
	[RESULT 26] [0.03231099 0.00590438 0.01640661 0.02448459 0.01729781 0.09281322
 0.         0.00359339 0.00640661 0.00281322 0.         0.03381099
 0.0027176  0.00409339]
	[RESULT 27] [0.03326584 0.00779107 0.01547477 0.02459508 0.01635447 0.09094955
 0.         0.00452523 0.00547477 0.00094955 0.         0.03476584
 0.00274062 0.00502523]
	[RESULT 28] [ 0.02410815 -0.00205732  0.01616547  0.02105227  0.02127866  0.09233093
  0.          0.00383453  0.00616547  0.00233093  0.          0.02660815
 -0.00572639  0.00533453]
	[RESULT 29] [0.03356226 0.00834882 0.01521344 0.02435129 0.01607559 0.09042688
 0.         0.00585967 0.00521344 0.00042688 0.         0.03393774
 0.0027757  0.00628656]
	[RESULT 30] [0.03121921 0.00376448 0.01745473 0.0234583  0.01836776 0.09490945
 0.         0.00254527 0.00745473 0.00490945 0.         0.03271921
 0.00267394 0.00304527]
	[RESULT 31] [3.08480799e-02 5.63807479e-03 1.52100051e-02 2.29890477e-02
 1.74309626e-02 9.04200103e-02 0.00000000e+00 5.86998460e-03
 5.21000513e-03 4.20010269e-04 0.00000000e+00 3.33480799e-02
 5.80850624e-05 6.28999487e-03]
	[RESULT 32] [0.02330759 0.02034296 0.01634945 0.01712962 0.00982852 0.0926989
 0.         0.00365055 0.00634945 0.0026989  0.         0.02280759
 0.00695814 0.00415055]
	[RESULT 33] [ 0.01119106 -0.01398581  0.01517687  0.01311083  0.0227571   0.09035374
  0.          0.00496939  0.00517687  0.00035374  0.          0.01269106
 -0.01963207  0.00532313]
	[RESULT 34] [0.03365801 0.00852692 0.0151311  0.02427565 0.01598654 0.09026219
 0.         0.00510671 0.0051311  0.00026219 0.         0.03484199
 0.00278911 0.0053689 ]
	[RESULT 35] [0.01975623 0.02348361 0.01676016 0.01473787 0.0082582  0.09352032
 0.         0.00323984 0.00676016 0.00352032 0.         0.01925623
 0.00299607 0.00373984]
	[RESULT 36] [0.03361005 0.00847748 0.01513257 0.02425388 0.01601126 0.09026514
 0.         0.00610229 0.00513257 0.00026514 0.         0.03388995
 0.00274262 0.00636743]
	[RESULT 37] [0.01378987 0.01943644 0.01564657 0.01342507 0.00471822 0.09129315
 0.         0.00856028 0.00564657 0.00129315 0.         0.01328987
 0.00314329 0.00985343]
	[RESULT 38] [0.03453325 0.00941694 0.0151163  0.02494108 0.01529153 0.0902326
 0.         0.00515109 0.0051163  0.0002326  0.         0.03496675
 0.00264955 0.0053837 ]
	[RESULT 39] [0.03280439 0.0068383  0.01596609 0.02489867 0.01683085 0.09193219
 0.         0.00403391 0.00596609 0.00193219 0.         0.03469561
 0.00277048 0.00553391]
	[RESULT 40] [0.03145482 0.00627996 0.01517486 0.0232397  0.01711002 0.09034972
 0.         0.00497543 0.00517486 0.00034972 0.         0.03295482
 0.00062968 0.00532514]
	[RESULT 41] [ 0.02964589  0.00428293  0.01536296  0.02261739  0.01810853  0.09072592
  0.          0.00541112  0.00536296  0.00072592  0.          0.03214589
 -0.00099115  0.00613704]
	[RESULT 42] [0.01250958 0.0184549  0.01594532 0.01258681 0.00447745 0.09189064
 0.         0.00816404 0.00594532 0.00189064 0.         0.01050958
 0.00056426 0.01005468]
	[RESULT 43] [0.03408849 0.00469753 0.01939096 0.01911931 0.01790124 0.09878193
 0.         0.00060904 0.00939096 0.00878193 0.         0.03341151
 0.00247946 0.00710904]
	[RESULT 44] [0.03086381 0.00524058 0.01562323 0.02361675 0.01762971 0.09124646
 0.         0.00463031 0.00562323 0.00124646 0.         0.03336381
 0.00048704 0.00587677]
	[RESULT 45] [0.03459044 0.00947349 0.01511695 0.02497065 0.01526325 0.0902339
 0.         0.00514914 0.00511695 0.0002339  0.         0.03490956
 0.0027074  0.00538305]
	[RESULT 46] [0.03259965 0.01227663 0.01512372 0.02386425 0.01411168 0.09024743
 0.         0.00562885 0.00512372 0.00024743 0.         0.03059965
 0.00652407 0.00587628]
	[RESULT 47] [0.01366098 0.02184619 0.01818522 0.00955266 0.0059231  0.09637043
 0.         0.00244435 0.00818522 0.00637043 0.         0.01166098
 0.00047576 0.00881478]
	[RESULT 48] [0.024726   0.0168736  0.0184004  0.01501241 0.0118132  0.09680079
 0.         0.0015996  0.0084004  0.00680079 0.         0.022726
 0.01032561 0.0075996 ]
	[RESULT 49] [0.03149724 0.00470526 0.01679199 0.0243134  0.01789737 0.09358397
 0.         0.00320801 0.00679199 0.00358397 0.         0.03299724
 0.00228923 0.00370801]
	[RESULT 50] [0.03357487 0.00842843 0.01514644 0.02425709 0.01603578 0.09029288
 0.         0.00506069 0.00514644 0.00029288 0.         0.03492513
 0.00272131 0.00535356]
	[RESULT 51] [0.01813128 0.02426424 0.01760449 0.01265891 0.00786788 0.09520897
 0.         0.00239551 0.00760449 0.00520897 0.         0.01763128
 0.00052679 0.00289551]
	[RESULT 52] [ 0.00827458 -0.01794432  0.0162189   0.01321564  0.02077784  0.0924378
  0.          0.0037811   0.0062189   0.0024378   0.          0.01077458
 -0.02150652  0.0052811 ]
	[RESULT 53] [0.03356145 0.00834801 0.01521344 0.02435089 0.016076   0.09042688
 0.         0.00585967 0.00521344 0.00042688 0.         0.03393855
 0.00277489 0.00628656]
	[RESULT 54] [0.03350943 0.00828998 0.01521945 0.02433389 0.01610501 0.0904389
 0.         0.00484165 0.00521945 0.0004389  0.         0.03499057
 0.00272888 0.00528055]
	[RESULT 55] [0.02836365 0.01642634 0.01521001 0.02136682 0.01178683 0.09042001
 0.         0.00486998 0.00521001 0.00042001 0.         0.02786365
 0.00984635 0.00528999]
	[RESULT 56] [0.01880576 0.02200565 0.0191886  0.01086999 0.00924718 0.09837719
 0.         0.0008114  0.0091886  0.00837719 0.         0.01630576
 0.00361716 0.0073114 ]
	[RESULT 57] [0.03252889 0.00630279 0.0162261  0.0246464  0.0170986  0.09245221
 0.         0.0037739  0.0062261  0.00245221 0.         0.03497111
 0.002755   0.0052739 ]
	[RESULT 58] [0.01928384 0.02215658 0.01855958 0.01180255 0.00892171 0.09711916
 0.         0.00144042 0.00855958 0.00711916 0.         0.01878384
 0.00234342 0.00355958]
	[RESULT 59] [0.02274848 0.01875948 0.01849204 0.01363618 0.01062026 0.09698408
 0.         0.00150796 0.00849204 0.00698408 0.         0.02124848
 0.00474052 0.00349204]
	[RESULT 60] [ 0.03118749  0.00605217  0.01513532  0.02329673  0.01697392  0.09027065
  0.          0.00509403  0.00513532  0.00027065  0.          0.03168749
 -0.00067719  0.00536468]
	[RESULT 61] [0.01566784 0.02090333 0.01523549 0.01498068 0.00545167 0.09047098
 0.         0.00529353 0.00523549 0.00047098 0.         0.01466784
 0.00043235 0.00576451]
	[RESULT 62] [0.03033363 0.01444464 0.01522174 0.02233421 0.01277768 0.09044347
 0.         0.00866521 0.00522174 0.00044347 0.         0.02833363
 0.00288811 0.01177826]
	[RESULT 63] [0.03357828 0.0084362  0.01514208 0.02425226 0.0160319  0.09028416
 0.         0.00507376 0.00514208 0.00028416 0.         0.03492172
 0.00272036 0.00535792]
	[RESULT 64] [0.03163451 0.00456216 0.01707235 0.02382422 0.01796892 0.0941447
 0.         0.00292765 0.00707235 0.0041447  0.         0.03363451
 0.00270686 0.00392765]
	[RESULT 65] [0.02039041 0.02449142 0.01511816 0.01751796 0.00775429 0.09023633
 0.         0.00985449 0.00511816 0.00023633 0.         0.01989041
 0.01027225 0.01038184]
	[RESULT 66] [0.03133492 0.00615805 0.01517687 0.02318276 0.01717097 0.09035374
 0.         0.00496939 0.00517687 0.00035374 0.         0.03283492
 0.00051179 0.00532313]
	[RESULT 67] [0.03346027 0.00816378 0.01529649 0.02442486 0.01616811 0.09059297
 0.         0.00561054 0.00529649 0.00059297 0.         0.03403973
 0.00275675 0.00620351]
	[RESULT 68] [3.09366034e-02 5.81512176e-03 1.51214817e-02 2.29005242e-02
 1.73424391e-02 9.02429633e-02 0.00000000e+00 6.13555505e-03
 5.12148165e-03 2.42963303e-04 0.00000000e+00 3.34366034e-02
 5.80850624e-05 6.37851835e-03]
	[RESULT 69] [0.02905217 0.01328234 0.01766549 0.01827785 0.01360883 0.09533097
 0.         0.00233451 0.00766549 0.00533097 0.         0.02755217
 0.01038668 0.00283451]
	[RESULT 70] [ 0.01225997 -0.01285995  0.01511992  0.01355987  0.02332002  0.09023985
  0.          0.00514023  0.00511992  0.00023985  0.          0.01375997
 -0.0186201   0.00538008]
	[RESULT 71] [0.01283091 0.02020481 0.01737391 0.01035459 0.00510241 0.09474781
 0.         0.00337828 0.00737391 0.00474781 0.         0.01233091
 0.000457   0.00812609]
	[RESULT 72] [0.03355711 0.00844099 0.01511612 0.02420274 0.0160295  0.09023224
 0.         0.00515163 0.00511612 0.00023224 0.         0.03494289
 0.00267323 0.00538388]
	[RESULT 73] [0.03232393 0.01063452 0.01704155 0.02059964 0.01468274 0.0940831
 0.         0.00587535 0.00704155 0.0040831  0.         0.03032393
 0.00271762 0.00995845]
	[RESULT 74] [0.03347356 0.008181   0.01529256 0.02442562 0.0161595  0.09058512
 0.         0.00562231 0.00529256 0.00058512 0.         0.03402644
 0.00276612 0.00620744]
	[RESULT 75] [ 0.03052603  0.0053907   0.01513532  0.022966    0.01730465  0.09027065
  0.          0.00609403  0.00513532  0.00027065  0.          0.03202603
 -0.00133865  0.00636468]
	[RESULT 76] [0.03174016 0.00472531 0.01701484 0.02385766 0.01788734 0.09402969
 0.         0.00298516 0.00701484 0.00402969 0.         0.03424016
 0.002755   0.00448516]
	[RESULT 77] [ 0.0305138   0.00540208  0.01511172  0.02267449  0.01754896  0.09022345
  0.          0.00516483  0.00511172  0.00022345  0.          0.0320138
 -0.00037447  0.00538828]
	[RESULT 78] [0.01992303 0.02478461 0.01529236 0.01727297 0.0078577  0.09058472
 0.         0.00470764 0.00529236 0.00058472 0.         0.01842303
 0.00363067 0.00520764]
	[RESULT 79] [0.03358532 0.00847469 0.01511063 0.0242086  0.01601265 0.09022126
 0.         0.00516812 0.00511063 0.00022126 0.         0.03491468
 0.00269595 0.00538937]
	[RESULT 80] [0.02792021 0.01636582 0.01571397 0.02063915 0.01206709 0.09142794
 0.         0.00435809 0.00571397 0.00142794 0.         0.02542021
 0.01120624 0.00578603]
	[RESULT 81] [0.03357058 0.00843774 0.01513284 0.02423455 0.01603113 0.09026568
 0.         0.00510148 0.00513284 0.00026568 0.         0.03492942
 0.00270342 0.00536716]
	[RESULT 82] [0.03347928 0.00823006 0.01524921 0.02436346 0.01613497 0.09049843
 0.         0.00475236 0.00524921 0.00049843 0.         0.03497928
 0.00272849 0.00525079]
	[RESULT 83] [0.01670015 0.02342422 0.01987563 0.00853662 0.00828789 0.09975126
 0.         0.00012437 0.00987563 0.00975126 0.         0.01620015
 0.00182451 0.00562437]
	[RESULT 84] [0.0335934  0.00846881 0.0151246  0.0242336  0.0160156  0.09024919
 0.         0.00512621 0.0051246  0.00024919 0.         0.0349066
 0.002718   0.0053754 ]
	[RESULT 85] [ 0.02044065 -0.00469467  0.01513532  0.01767331  0.02259733  0.09027065
  0.          0.00509403  0.00513532  0.00027065  0.          0.02194065
 -0.01042402  0.00536468]
	[RESULT 86] [0.03452758 0.00533898 0.0191886  0.01920332 0.01758051 0.09837719
 0.         0.0008114  0.0091886  0.00837719 0.         0.03297242
 0.00271617 0.0073114 ]
	[RESULT 87] [0.03328749 0.00783436 0.01545313 0.02457343 0.01633282 0.09090625
 0.         0.00454687 0.00545313 0.00090625 0.         0.03478749
 0.00274062 0.00504687]
	[RESULT 88] [ 0.03153474  0.00617178  0.01536296  0.02381181  0.01691411  0.09072592
  0.          0.00541112  0.00536296  0.00072592  0.          0.03303474
 -0.0001023   0.00613704]
	[RESULT 89] [0.03413047 0.00858043 0.01555004 0.02460971 0.01570979 0.09110007
 0.         0.00444996 0.00555004 0.00110007 0.         0.03463047
 0.0026805  0.00494996]
	[RESULT 90] [ 0.0288992 -0.000876   0.0197752  0.0211376  0.020688   0.0995504
  0.         0.0002248  0.0097752  0.0095504  0.         0.0303992
 -0.001376   0.0047752]
	[RESULT 91] [ 0.01335782 -0.01428536  0.01764318  0.01789368  0.02260732  0.09528637
  0.          0.00235682  0.00764318  0.00528637  0.          0.01585782
 -0.014999    0.00385682]
	[RESULT 92] [ 0.01853436 -0.00708887  0.01562323  0.01745203  0.02379443  0.09124646
  0.          0.00463031  0.00562323  0.00124646  0.          0.02103436
 -0.01184241  0.00587677]
	[RESULT 93] [0.03243373 0.01161857 0.01594769 0.02254533 0.01444071 0.09189539
 0.         0.00865692 0.00594769 0.00189539 0.         0.02993373
 0.00251396 0.01055231]
	[RESULT 94] [0.03360642 0.00847385 0.01513257 0.02425207 0.01601307 0.09026514
 0.         0.00610229 0.00513257 0.00026514 0.         0.03389358
 0.00273899 0.00636743]
	[RESULT 95] [0.01774689 0.02286652 0.01511963 0.016444   0.00668326 0.09023926
 0.         0.00564111 0.00511963 0.00023926 0.         0.01574689
 0.00162726 0.00588037]
	[RESULT 96] [ 0.00743486 -0.02166235  0.01909721  0.01711325  0.01891882  0.09819443
  0.          0.00090279  0.00909721  0.00819443  0.          0.01043486
 -0.02066235  0.00409721]
	[RESULT 97] [0.0342593  0.00886905 0.01539025 0.02478498 0.01556548 0.0907805
 0.         0.00532925 0.00539025 0.0007805  0.         0.0342407
 0.00264955 0.00610975]
	[RESULT 98] [ 0.02092757 -0.0051368   0.01606438  0.01931036  0.0228184   0.09212876
  0.          0.00393562  0.00606438  0.00212876  0.          0.02242757
 -0.00900805  0.00443562]
	[RESULT 99] [0.03456831 0.00945201 0.0151163  0.0249586  0.01527399 0.09023259
 0.         0.00515111 0.0051163  0.00023259 0.         0.03493169
 0.0026846  0.0053837 ]
	[RESULT 100] [ 0.02904567  0.00303153  0.01601413  0.02329403  0.01873423  0.09202827
  0.          0.00398587  0.00601413  0.00202827  0.          0.03104567
 -0.0009402   0.00498587]
	[RESULT 101] [0.0323297  0.00592309 0.01640661 0.02447523 0.01728846 0.09281322
 0.         0.00359339 0.00640661 0.00281322 0.         0.0338297
 0.00273631 0.00409339]
	[RESULT 102] [0.02774242 0.01582383 0.01643374 0.0194706  0.01233808 0.09286748
 0.         0.00356626 0.00643374 0.00286748 0.         0.02624242
 0.01030868 0.00406626]
	[RESULT 103] [0.03087825 0.00947726 0.01964448 0.0162224  0.01551137 0.09928897
 0.         0.00035552 0.00964448 0.00928897 0.         0.02937825
 0.00897726 0.00464448]
	[RESULT 104] [0.0326656  0.00669656 0.01596904 0.02496365 0.01690172 0.09193807
 0.         0.00403096 0.00596904 0.00193807 0.         0.0348344
 0.00263463 0.00553096]
	[RESULT 105] [0.03338386 0.00824875 0.01513511 0.0243946  0.01587563 0.09027023
 0.         0.00659466 0.00513511 0.00027023 0.         0.03461614
 0.00151897 0.00686489]
