[METRICS]
	[DISEQUILIBRIUM COUNT] 1165
[VARIABLES]
	[RESULT 1] [1 5.008449196881741 0 1 5 3999.6856985242534 95]
	[RESULT 2] [0 10.320536304967053 0 1 5 3961.661610619919 100]
	[RESULT 3] [0 6.4909252578327115 0 4 4 3999.688951742598 100]
	[RESULT 4] [0 49.59538688314311 1 3 8 3817.600163095769 100]
	[RESULT 5] [1 5.038268947873393 0 1 5 3999.753565917982 100]
	[RESULT 6] [0 5.001059754421989 0 1 14 3999.6938388738918 100]
	[RESULT 7] [1 5.006285413484758 0 4 7 3999.4661316080974 100]
	[RESULT 8] [1 5.001622055131285 1 2 4 3996.020526973151 99]
	[RESULT 9] [0 5.099220722334043 0 3 5 3936.5100413549176 100]
	[RESULT 10] [0 10.320536304967053 0 1 5 3876.2332452853148 100]
	[RESULT 11] [1 5.265562072663471 0 3 6 3999.99186259407 100]
	[RESULT 12] [0 12.908075497603404 0 1 6 1710.3780932128027 100]
	[RESULT 13] [1 10.006182929169205 0 1 5 3999.986956277011 100]
	[RESULT 14] [1 5.2308913434038375 0 4 14 3989.944736602974 29]
	[RESULT 15] [1 6.366005772627567 0 1 5 3998.412516630855 100]
	[RESULT 16] [1 5.003671836657299 1 4 16 3998.047333496842 99]
	[RESULT 17] [1 6.673553395181074 0 4 7 3999.4661316080974 100]
	[RESULT 18] [0 5.065677024920202 1 2 5 3761.5766922604603 100]
	[RESULT 19] [1 5.703681117362627 0 1 14 3998.8776338193534 100]
	[RESULT 20] [1 5.0374565085711795 0 1 5 3998.9453314352527 100]
	[RESULT 21] [1 5.057207718964031 0 4 13 3995.647772374876 29]
	[RESULT 22] [1 5.9167386252029734 0 1 5 3999.9392960985024 100]
	[RESULT 23] [1 5.1869464522095745 0 1 1 3998.869638964896 95]
	[RESULT 24] [1 5.1638879490672664 0 3 6 3999.992643276768 100]
	[RESULT 25] [1 5.001622055131285 1 2 2 3996.2881914855393 99]
	[RESULT 26] [1 5.059908856851658 0 4 13 3997.4100222051734 29]
	[RESULT 27] [1 5.141056421871104 0 4 7 3999.4661316080974 100]
	[RESULT 28] [1 5.008239199196414 0 1 5 3999.924596597315 100]
	[RESULT 29] [1 5.026459412278939 1 2 5 3998.83335412326 98]
	[RESULT 30] [1 5.654627211403137 1 1 3 3999.516278632831 100]
	[RESULT 31] [1 5.064096130675817 0 1 5 3999.968910301864 100]
	[RESULT 32] [1 5.19546349944369 0 3 8 3811.2208655836275 100]
	[RESULT 33] [1 5.120954363136635 0 4 8 3999.9967108913056 100]
	[RESULT 34] [1 9.432942493736192 0 3 8 3965.591688133377 100]
	[RESULT 35] [1 48.22687499007268 0 1 5 3998.415965642231 100]
	[RESULT 36] [0 7.32989369428619 1 1 5 3998.8675688775957 98]
	[RESULT 37] [1 5.1242864529968735 0 4 5 3998.8296017491116 82]
	[RESULT 38] [1 5.005490205892466 0 4 12 3998.753305757819 28]
	[RESULT 39] [1 5.145897352003902 0 3 5 3959.9071744930056 100]
	[RESULT 40] [0 5.496177330934103 0 1 2 3976.6518313084653 100]
	[RESULT 41] [1 6.168883338486514 0 1 4 3999.987636245352 100]
	[RESULT 42] [0 13.063881184045995 1 1 6 3984.87999924101 100]
	[RESULT 43] [1 16.17390893513433 0 2 5 3999.6856985242534 95]
	[RESULT 44] [1 5.90416972991841 0 3 6 3999.992643276768 100]
	[RESULT 45] [1 12.805981846725508 1 2 5 3999.9683600279977 99]
	[RESULT 46] [1 6.594235257058085 0 1 5 3999.9895886971417 100]
	[RESULT 47] [1 5.0103606391877324 0 1 5 3999.9246732616853 100]
	[RESULT 48] [1 5.004619722983696 0 3 13 3999.903666416531 100]
	[RESULT 49] [1 5.496177330934103 0 4 2 3976.6518313084653 100]
	[RESULT 50] [1 5.565693498823357 1 1 14 3999.98459694001 100]
	[RESULT 51] [1 5.026459412278939 1 4 5 3998.8359954461466 98]
	[RESULT 52] [1 49.19251783693574 1 3 13 3787.4315866699885 97]
	[RESULT 53] [0 7.207979888573844 0 4 7 3997.867046763703 80]
	[RESULT 54] [1 5.11040117631916 1 4 16 3998.8650686581664 99]
	[RESULT 55] [1 5.697126837607262 0 4 24 3860.614524350379 99]
	[RESULT 56] [1 6.850809384991791 0 1 21 3999.742425498948 100]
	[RESULT 57] [1 5.0548290202316215 1 2 4 3999.239060892981 99]
	[RESULT 58] [1 5.078773807962252 0 3 8 3999.8092749041884 100]
	[RESULT 59] [0 5.16525551532067 1 1 8 3989.569274436084 100]
	[RESULT 60] [1 5.001622055131285 1 2 4 3998.401380450827 99]
	[RESULT 61] [1 5.020783531587746 0 3 6 3989.7188316497823 100]
	[RESULT 62] [1 6.304603787507438 0 4 7 3999.998169563302 100]
	[RESULT 63] [1 7.959244204183088 1 2 5 3999.99026409676 98]
	[RESULT 64] [0 7.412316711461498 0 2 11 3986.9710563058024 100]
	[RESULT 65] [1 5.164576017494146 0 1 5 3999.9458920611137 100]
	[RESULT 66] [1 5.124225326736515 0 4 21 3999.9641685896695 95]
	[RESULT 67] [0 5.16525551532067 1 1 8 3950.030094271372 25]
	[RESULT 68] [1 5.237891371839031 1 1 14 3999.9484232695004 100]
	[RESULT 69] [1 5.149460370586201 0 1 7 3999.8467553539413 100]
	[RESULT 70] [1 5.178890241070469 0 4 8 3660.29463948459 100]
	[RESULT 71] [1 5.680792618519406 0 2 6 3996.0718503047615 99]
	[RESULT 72] [1 5.026680020503458 1 2 4 3998.8473663826844 99]
	[RESULT 73] [0 12.908075497603404 1 1 6 1457.7058355402835 100]
	[RESULT 74] [0 5.232020836318206 0 1 5 3901.3180055503262 100]
	[RESULT 75] [1 27.948357459821143 0 1 8 3990.8910888436944 100]
	[RESULT 76] [1 7.580357340459943 0 4 15 3999.98459694001 100]
	[RESULT 77] [1 5.0005140377867825 0 1 5 3999.969244498757 99]
	[RESULT 78] [1 5.270298472990731 0 1 7 3999.994400892038 100]
	[RESULT 79] [1 5.031774255600529 0 2 5 3999.851316995587 100]
	[RESULT 80] [1 5.0689338874540315 0 2 3 3998.577999838708 99]
	[RESULT 81] [0 6.65636867029505 0 4 14 3741.5748583656177 27]
	[RESULT 82] [0 5.095920664780334 0 2 5 3999.922882446241 100]
	[RESULT 83] [1 48.53617410255969 0 4 7 3879.502197803345 100]
	[RESULT 84] [1 7.169849817417884 1 1 14 3998.8776338193534 97]
	[RESULT 85] [0 5.17089912804992 0 3 8 3811.2208655836275 100]
	[RESULT 86] [0 6.271487465769233 1 3 6 3725.790499055367 100]
	[RESULT 87] [1 5.412771661192582 0 3 6 3999.977329032803 100]
	[RESULT 88] [1 5.079030609121546 0 4 6 3963.682089766637 100]
	[RESULT 89] [1 9.025577407378169 0 1 4 3999.986956277011 97]
	[RESULT 90] [0 6.834930207143804 0 1 5 3975.409715040884 100]
	[RESULT 91] [1 5.245786674678447 0 3 5 3999.903596795128 99]
	[RESULT 92] [1 8.019998835580143 0 1 5 3996.297721338055 100]
	[RESULT 93] [0 5.838175075859385 0 4 5 3985.0022653076117 100]
	[RESULT 94] [1 5.194550514657138 0 3 8 3998.8099472669965 18]
	[RESULT 95] [1 5.006285413484758 0 1 7 3999.4602526395497 100]
	[RESULT 96] [0 5.0153133840183886 0 1 6 3999.993001540832 100]
	[RESULT 97] [1 9.032305764823267 1 1 6 1710.9409101236702 27]
	[RESULT 98] [1 5.00153157913314 0 2 12 3999.4428169754383 28]
	[RESULT 99] [1 5.475443213640284 0 1 7 3995.877637010199 100]
	[RESULT 100] [1 5.18821999034391 0 4 7 3999.600330047744 100]
	[RESULT 101] [1 13.063881184045995 1 1 6 3999.896037189837 100]
	[RESULT 102] [1 5.145897352003902 1 3 5 3999.8786430505575 84]
	[RESULT 103] [1 5.39700437005005 0 3 7 3959.9706169287674 100]
	[RESULT 104] [1 5.153160931077215 1 1 14 3962.77148605358 100]
	[RESULT 105] [1 12.996456575137055 1 1 5 3829.9977268660696 99]
[OBJECTIVES]
	[RESULT 1] [ 2.10189578e-02 -8.93915015e-03  1.99581080e-02  2.48033591e-02
  2.47195751e-02  9.99162159e-02  0.00000000e+00  4.18920304e-05
  9.95810797e-03  9.91621594e-03  0.00000000e+00  2.25189578e-02
 -9.43915015e-03  4.95810797e-03]
	[RESULT 2] [ 0.02434129 -0.00144978  0.01579107  0.02085726  0.02072489  0.09158214
  0.          0.00420893  0.00579107  0.00158214  0.          0.02484129
 -0.00686763  0.00470893]
	[RESULT 3] [ 0.00829994 -0.01870735  0.01700729  0.0146609   0.02064633  0.09401457
  0.          0.00299271  0.00700729  0.00401457  0.          0.01029994
 -0.02169277  0.00499271]
	[RESULT 4] [ 3.31231631e-02  1.17671767e-02  1.51096602e-02  2.38970912e-02
  1.41164116e-02  9.02193204e-02  0.00000000e+00  8.82898065e-03
  5.10966022e-03  2.19320433e-04  0.00000000e+00  3.16231631e-02
 -1.35028519e-05  1.13903398e-02]
	[RESULT 5] [ 0.00442832 -0.02538739  0.01981571  0.01668772  0.01705631  0.09963142
  0.          0.00018429  0.00981571  0.00963142  0.          0.00592832
 -0.02588739  0.00481571]
	[RESULT 6] [ 5.30775026e-03 -2.46869566e-02  1.99947068e-02  1.76459354e-02
  1.76565217e-02  9.99894137e-02  0.00000000e+00  5.29316266e-06
  9.99470684e-03  9.98941367e-03  0.00000000e+00  5.80775026e-03
 -2.61869566e-02  4.99470684e-03]
	[RESULT 7] [ 4.55393691e-03 -2.54148323e-02  1.99687692e-02  1.69801223e-02
  1.70425838e-02  9.99375385e-02  0.00000000e+00  3.12307691e-05
  9.96876923e-03  9.93753846e-03  0.00000000e+00  7.55393691e-03
 -2.44148323e-02  4.96876923e-03]
	[RESULT 8] [ 2.24411073e-02 -7.55079555e-03  1.99919029e-02  2.40415921e-02
  2.40253978e-02  9.99838057e-02  0.00000000e+00  8.09714165e-06
  9.99190286e-03  9.98380572e-03  0.00000000e+00  2.44411073e-02
 -8.56698983e-03  6.00809714e-03]
	[RESULT 9] [ 0.02338837 -0.0061603   0.01954868  0.0239828   0.02308015  0.09909735
  0.          0.00045132  0.00954868  0.00909735  0.          0.02488837
 -0.0066603   0.00454868]
	[RESULT 10] [ 0.03000772  0.00421665  0.01579107  0.02369047  0.01789168  0.09158214
  0.          0.00420893  0.00579107  0.00158214  0.          0.03050772
 -0.00120121  0.00470893]
	[RESULT 11] [ 0.00505732 -0.02389349  0.01895081  0.01570488  0.01780325  0.09790163
  0.          0.00104919  0.00895081  0.00790163  0.          0.00755732
 -0.02339349  0.00395081]
	[RESULT 12] [0.03416869 0.0086074  0.01556129 0.02457372 0.0156963  0.09112258
 0.         0.00443871 0.00556129 0.00112258 0.         0.03466869
 0.00272998 0.00493871]
	[RESULT 13] [ 0.00818056 -0.01765191  0.01583248  0.01258899  0.02092404  0.09166495
  0.          0.00416752  0.00583248  0.00166495  0.          0.00968056
 -0.02198696  0.00466752]
	[RESULT 14] [0.03183113 0.00276904 0.0190621  0.02074129 0.01886548 0.09812419
 0.         0.0009379  0.0090621  0.00812419 0.         0.03483113
 0.00376904 0.0040621 ]
	[RESULT 15] [ 0.00837943 -0.01873383  0.01711327  0.01460962  0.02038308  0.09422653
  0.          0.00288673  0.00711327  0.00422653  0.          0.00987943
 -0.0205073   0.00338673]
	[RESULT 16] [ 2.08294918e-02 -9.15221622e-03  1.99817080e-02  2.48626921e-02
  2.48261081e-02  9.99634160e-02  0.00000000e+00  1.82920180e-05
  9.98170798e-03  9.96341596e-03  0.00000000e+00  2.38294918e-02
 -1.01888003e-02  7.01829202e-03]
	[RESULT 17] [ 0.00765254 -0.01921763  0.01687017  0.01388152  0.02014118  0.09374034
  0.          0.00312983  0.00687017  0.00374034  0.          0.01065254
 -0.02147729  0.00512983]
	[RESULT 18] [0.03293554 0.00324369 0.01969185 0.01899445 0.01837816 0.09938371
 0.         0.00030815 0.00969185 0.00938371 0.         0.03393554
 0.00062739 0.00630815]
	[RESULT 19] [ 0.00713932 -0.0207955   0.01793482  0.01522189  0.01935225  0.09586964
  0.          0.00206518  0.00793482  0.00586964  0.          0.00863932
 -0.0212955   0.00293482]
	[RESULT 20] [ 0.0051925  -0.02462698  0.01981948  0.01707547  0.01743651  0.09963896
  0.          0.00018052  0.00981948  0.00963896  0.          0.0066925
 -0.02512698  0.00481948]
	[RESULT 21] [ 0.02769968 -0.00202976  0.01972944  0.021806    0.02126488  0.09945888
  0.          0.00027056  0.00972944  0.00945888  0.          0.03069968
 -0.00102976  0.00472944]
	[RESULT 22] [ 0.00645196 -0.02115664  0.0176086   0.01438888  0.01917168  0.0952172
  0.          0.0023914   0.0076086   0.0052172   0.          0.00795196
 -0.02193944  0.0028914 ]
	[RESULT 23] [ 0.02253564 -0.00667685  0.01921249  0.02483655  0.02358842  0.09842498
  0.          0.00078751  0.00921249  0.00842498  0.          0.02403564
 -0.00717685  0.00421249]
	[RESULT 24] [ 0.00471141 -0.02458454  0.01929595  0.01604962  0.01745773  0.09859189
  0.          0.00070405  0.00929595  0.00859189  0.          0.00721141
 -0.02408454  0.00429595]
	[RESULT 25] [ 2.22400500e-02 -7.75185281e-03  1.99919029e-02  2.41421207e-02
  2.41259264e-02  9.99838057e-02  0.00000000e+00  8.09714165e-06
  9.99190286e-03  9.98380572e-03  0.00000000e+00  2.42400500e-02
 -8.76804710e-03  6.00809714e-03]
	[RESULT 26] [ 0.02635168 -0.0033657   0.01971739  0.02249808  0.02193285  0.09943477
  0.          0.00028261  0.00971739  0.00943477  0.          0.02935168
 -0.0023657   0.00471739]
	[RESULT 27] [ 0.0051408  -0.0242411   0.0193819   0.01639326  0.01762945  0.09876381
  0.          0.0006181   0.0093819   0.00876381  0.          0.0081408
 -0.0232411   0.0043819 ]
	[RESULT 28] [ 4.11603601e-03 -2.58431046e-02  1.99591407e-02  1.67467290e-02
  1.68284477e-02  9.99182813e-02  0.00000000e+00  4.08593477e-05
  9.95914065e-03  9.91828130e-03  0.00000000e+00  5.61603601e-03
 -2.63431046e-02  4.95914065e-03]
	[RESULT 29] [ 0.02357685 -0.00629426  0.01987111  0.0236549   0.02339713  0.09974223
  0.          0.00012889  0.00987111  0.00974223  0.          0.02557685
 -0.00755204  0.00612889]
	[RESULT 30] [ 0.01145271 -0.01656912  0.01802183  0.0175091   0.02146544  0.09604366
  0.          0.00197817  0.00802183  0.00604366  0.          0.01295271
 -0.02152546  0.00747817]
	[RESULT 31] [ 0.00433223 -0.0253666   0.01969882  0.01646435  0.0170667   0.09939765
  0.          0.00030118  0.00969882  0.00939765  0.          0.00583223
 -0.0258666   0.00469882]
	[RESULT 32] [ 0.02689394 -0.00228853  0.01918248  0.02302931  0.02139427  0.09836496
  0.          0.00081752  0.00918248  0.00836496  0.          0.02939394
 -0.00178853  0.00418248]
	[RESULT 33] [ 0.0045428  -0.02491768  0.01946048  0.01621213  0.01729116  0.09892097
  0.          0.00053952  0.00946048  0.00892097  0.          0.0075428
 -0.02391768  0.00446048]
	[RESULT 34] [ 0.02255928 -0.00336104  0.01592031  0.0199101   0.02193052  0.09184062
  0.          0.00407969  0.00592031  0.00184062  0.          0.02505928
 -0.00752041  0.00557969]
	[RESULT 35] [ 0.01037659 -0.01473646  0.01511305  0.01260788  0.02238177  0.09022611
  0.          0.00516084  0.00511305  0.00022611  0.          0.01187659
 -0.02051035  0.00538695]
	[RESULT 36] [ 0.02791514  0.00141359  0.01650155  0.0237099   0.0192932   0.0930031
  0.          0.00599535  0.00650155  0.0030031   0.          0.02841514
 -0.00758331  0.00899845]
	[RESULT 37] [ 0.02461816 -0.00482911  0.01944727  0.02377002  0.02266455  0.09889453
  0.          0.00055273  0.00944727  0.00889453  0.          0.02761816
 -0.00382911  0.00444727]
	[RESULT 38] [ 2.49408059e-02 -5.03189293e-03  1.99726989e-02  2.28205487e-02
  2.27659465e-02  9.99453977e-02  0.00000000e+00  2.73011406e-05
  9.97269886e-03  9.94539772e-03  0.00000000e+00  2.79408059e-02
 -4.03189293e-03  4.97269886e-03]
	[RESULT 39] [ 0.02003493 -0.00932846  0.01936339  0.02381256  0.02491423  0.09872679
  0.          0.00063661  0.00936339  0.00872679  0.          0.02253493
 -0.00882846  0.00436339]
	[RESULT 40] [ 0.01873108 -0.00961077  0.01834185  0.02187832  0.02480538  0.0966837
  0.          0.00165815  0.00834185  0.0066837   0.          0.01923108
 -0.01111077  0.00334185]
	[RESULT 41] [ 0.00670702 -0.02059831  0.01730533  0.01406151  0.01945085  0.09461067
  0.          0.00269467  0.00730533  0.00461067  0.          0.00820702
 -0.02198764  0.00319467]
	[RESULT 42] [ 0.0238701  -0.00168155  0.01555164  0.02026251  0.02084077  0.09110328
  0.          0.00884508  0.00555164  0.00110328  0.          0.0243701
 -0.01257826  0.00994836]
	[RESULT 43] [ 0.02556635  0.00015564  0.01541071  0.02064925  0.02017218  0.09082143
  0.          0.00476786  0.00541071  0.00082143  0.          0.02756635
 -0.00502293  0.00558929]
	[RESULT 44] [ 0.00638154 -0.02124428  0.01762582  0.01437949  0.01912786  0.09525163
  0.          0.00237418  0.00762582  0.00525163  0.          0.00888154
 -0.02199265  0.00387418]
	[RESULT 45] [ 0.0234638  -0.00210399  0.0155678   0.0198336   0.021302    0.09113559
  0.          0.00929661  0.0055678   0.00113559  0.          0.0254638
 -0.0119684   0.0104322 ]
	[RESULT 46] [ 0.00708306 -0.01984429  0.01692735  0.01368255  0.01982785  0.0938547
  0.          0.00307265  0.00692735  0.0038547   0.          0.00858306
 -0.02198959  0.00357265]
	[RESULT 47] [ 4.12637244e-03 -2.58223556e-02  1.99487280e-02  1.67362782e-02
  1.68388222e-02  9.98974560e-02  0.00000000e+00  5.12719854e-05
  9.94872801e-03  9.89745603e-03  0.00000000e+00  5.62637244e-03
 -2.63223556e-02  4.94872801e-03]
	[RESULT 48] [ 4.11895620e-03 -2.58580514e-02  1.99770076e-02  1.67749895e-02
  1.68209743e-02  9.99540152e-02  0.00000000e+00  2.29923964e-05
  9.97700760e-03  9.95401521e-03  0.00000000e+00  6.61895620e-03
 -2.53580514e-02  4.97700760e-03]
	[RESULT 49] [ 0.01773108 -0.01061077  0.01834185  0.02112832  0.02444462  0.0966837
  0.          0.00165815  0.00834185  0.0066837   0.          0.02073108
 -0.00992707  0.00365815]
	[RESULT 50] [ 0.01082192 -0.01737155  0.01819347  0.01745117  0.02106422  0.09638695
  0.          0.00180653  0.00819347  0.00638695  0.          0.01232192
 -0.02198461  0.00730653]
	[RESULT 51] [ 0.02357444 -0.00629667  0.01987111  0.02365611  0.02339834  0.09974223
  0.          0.00012889  0.00987111  0.00974223  0.          0.02657444
 -0.00755445  0.00712889]
	[RESULT 52] [0.01874146 0.0238521  0.01511064 0.01695477 0.00717605 0.09022128
 0.         0.00883191 0.00511064 0.00022128 0.         0.01624146
 0.00763082 0.01138936]
	[RESULT 53] [ 0.02945429  0.00289567  0.01655861  0.02456506  0.01855216  0.09311723
  0.          0.00344139  0.00655861  0.00311723  0.          0.03145429
 -0.0009871   0.00544139]
	[RESULT 54] [ 0.02058277 -0.00892011  0.01950288  0.0242957   0.02471005  0.09900575
  0.          0.00049712  0.00950288  0.00900575  0.          0.02358277
 -0.01091435  0.00749712]
	[RESULT 55] [0.03274819 0.00930565 0.01794616 0.01970486 0.01559718 0.09589231
 0.         0.00205384 0.00794616 0.00589231 0.         0.02974819
 0.00919796 0.00405384]
	[RESULT 56] [ 0.00750106 -0.01925283  0.01675389  0.01363136  0.02012359  0.09350778
  0.          0.00324611  0.00675389  0.00350778  0.          0.00900106
 -0.02174505  0.00374611]
	[RESULT 57] [ 0.01999836 -0.00974175  0.0197401   0.02435934  0.02487913  0.09948021
  0.          0.0002599   0.0097401   0.00948021  0.          0.02199836
 -0.01126154  0.0062599 ]
	[RESULT 58] [ 0.00455439 -0.0250805   0.01963489  0.01647953  0.01720975  0.09926978
  0.          0.00036511  0.00963489  0.00926978  0.          0.00705439
 -0.0245805   0.00463489]
	[RESULT 59] [ 0.01806904 -0.01122187  0.0192909   0.02297088  0.02438907  0.09858181
  0.          0.0007091   0.0092909   0.00858181  0.          0.01856904
 -0.01464006  0.0062091 ]
	[RESULT 60] [ 2.05106371e-02 -9.48126576e-03  1.99919029e-02  2.49931728e-02
  2.49906329e-02  9.99838057e-02  0.00000000e+00  8.09714165e-06
  9.99190286e-03  9.98380572e-03  0.00000000e+00  2.25106371e-02
 -1.04974600e-02  6.00809714e-03]
	[RESULT 61] [ 0.01138697 -0.01851123  0.0198982   0.02029078  0.02049439  0.0997964
  0.          0.0001018   0.0098982   0.0097964   0.          0.01388697
 -0.01801123  0.0048982 ]
	[RESULT 62] [ 0.00683226 -0.02033731  0.01716957  0.01392049  0.01958134  0.09433914
  0.          0.00283043  0.00716957  0.00433914  0.          0.00983226
 -0.02199817  0.00483043]
	[RESULT 63] [ 0.0260802  -0.00018267  0.01626287  0.0221844   0.02034133  0.09252573
  0.          0.0072114   0.00626287  0.00252573  0.          0.0280802
 -0.00865693  0.00973713]
	[RESULT 64] [ 0.01709987 -0.00936541  0.01646528  0.01824785  0.02468271  0.09293056
  0.          0.00353472  0.00646528  0.00293056  0.          0.01809987
 -0.01343485  0.00453472]
	[RESULT 65] [ 0.00476058 -0.02453282  0.01929341  0.0160704   0.01748359  0.09858682
  0.          0.00070659  0.00929341  0.00858682  0.          0.00626058
 -0.02503282  0.00429341]
	[RESULT 66] [ 0.02125494 -0.00819257  0.01944751  0.02454873  0.02434628  0.09889501
  0.          0.00055249  0.00944751  0.00889501  0.          0.02425494
 -0.00719257  0.00444751]
	[RESULT 67] [0.02289074 0.01781835 0.0192909  0.01250901 0.01109082 0.09858181
 0.         0.0007091  0.0092909  0.00858181 0.         0.02239074
 0.00859984 0.0062091 ]
	[RESULT 68] [ 0.01001234 -0.01902678  0.01903913  0.01831486  0.02023661  0.09807825
  0.          0.00096087  0.00903913  0.00807825  0.          0.01151234
 -0.02194853  0.00646087]
	[RESULT 69] [ 0.00480244 -0.02454742  0.01934987  0.01617602  0.01747629  0.09869973
  0.          0.00065013  0.00934987  0.00869973  0.          0.00630244
 -0.02504742  0.00434987]
	[RESULT 70] [ 0.02804501 -0.00119627  0.01924128  0.02236558  0.02084813  0.09848255
  0.          0.00075872  0.00924128  0.00848255  0.          0.03104501
 -0.00019627  0.00424128]
	[RESULT 71] [ 0.01941996 -0.00855483  0.01797479  0.02142216  0.02452741  0.09594957
  0.          0.00202521  0.00797479  0.00594957  0.          0.02141996
 -0.00860525  0.00302521]
	[RESULT 72] [ 0.02023177 -0.0096383   0.01987007  0.02467098  0.02493085  0.09974013
  0.          0.00012993  0.00987007  0.00974013  0.          0.02223177
 -0.01089817  0.00612993]
	[RESULT 73] [0.03080474 0.01363398 0.01556129 0.02206044 0.01318301 0.09112258
 0.         0.00881613 0.00556129 0.00112258 0.         0.03030474
 0.00275655 0.00993871]
	[RESULT 74] [ 0.02588835 -0.00317003  0.01905837  0.02346827  0.02158501  0.09811675
  0.          0.00094163  0.00905837  0.00811675  0.          0.02638835
 -0.00467003  0.00405837]
	[RESULT 75] [ 0.01546756 -0.00974122  0.01520878  0.01529695  0.02487939  0.09041757
  0.          0.00487365  0.00520878  0.00041757  0.          0.01696756
 -0.01532366  0.00529122]
	[RESULT 76] [ 0.00761888 -0.01877762  0.01639651  0.01315421  0.02036119  0.09279302
  0.          0.00360349  0.00639651  0.00279302  0.          0.01061888
 -0.02198461  0.00560349]
	[RESULT 77] [ 1.40332866e-02 -1.59641446e-02  1.99974311e-02  2.17627900e-02
  2.17679277e-02  9.99948623e-02  0.00000000e+00  2.56886844e-06
  9.99743113e-03  9.99486226e-03  0.00000000e+00  1.55332866e-02
 -1.64641446e-02  4.99743113e-03]
	[RESULT 78] [ 0.00506952 -0.02386657  0.01893608  0.01568888  0.01781672  0.09787217
  0.          0.00106392  0.00893608  0.00787217  0.          0.00656952
 -0.02436657  0.00393608]
	[RESULT 79] [ 0.00430178 -0.02554424  0.01984602  0.01666992  0.01697788  0.09969204
  0.          0.00015398  0.00984602  0.00969204  0.          0.00630178
 -0.02554424  0.00484602]
	[RESULT 80] [ 0.01566791 -0.01400965  0.01967756  0.02210029  0.02274518  0.09935512
  0.          0.00032244  0.00967756  0.00935512  0.          0.01766791
 -0.01400965  0.00467756]
	[RESULT 81] [0.01935771 0.02376002 0.01688227 0.01435545 0.00811999 0.09376454
 0.         0.00311773 0.00688227 0.00376454 0.         0.01735771
 0.00247544 0.00511773]
	[RESULT 82] [ 0.00551451 -0.02404787  0.01956237  0.01710081  0.01797607  0.09912475
  0.          0.00043763  0.00956237  0.00912475  0.          0.00651451
 -0.02504787  0.00456237]
	[RESULT 83] [ 0.02959213  0.00447987  0.01511227  0.02221447  0.01801007  0.09022454
  0.          0.0066632   0.00511227  0.00022454  0.          0.03259213
 -0.0012956   0.00688773]
	[RESULT 84] [ 0.02849678  0.00191942  0.01657736  0.02386443  0.01929029  0.09315472
  0.          0.00576791  0.00657736  0.00315472  0.          0.02999678
 -0.00592586  0.00892264]
	[RESULT 85] [ 0.0278062  -0.00146402  0.01927022  0.02219157  0.02073201  0.09854045
  0.          0.00072978  0.00927022  0.00854045  0.          0.0293062
 -0.00196402  0.00427022]
	[RESULT 86] [0.03429004 0.00850876 0.0172012  0.02134322 0.01574562 0.0944024
 0.         0.0048964  0.0072012  0.0044024  0.         0.03279004
 0.00091116 0.0092988 ]
	[RESULT 87] [ 0.00548351 -0.02305563  0.01853914  0.01530047  0.01822218  0.09707828
  0.          0.00146086  0.00853914  0.00707828  0.          0.00798351
 -0.02255563  0.00353914]
	[RESULT 88] [ 0.01917343 -0.01046036  0.01963379  0.0237874   0.02451982  0.09926758
  0.          0.00036621  0.00963379  0.00926758  0.          0.02217343
 -0.00946036  0.00463379]
	[RESULT 89] [ 0.02301813 -0.00297678  0.01599491  0.02025143  0.02173839  0.09198982
  0.          0.00400509  0.00599491  0.00198982  0.          0.02451813
 -0.00698696  0.00450509]
	[RESULT 90] [ 0.02063301 -0.0061307   0.01676371  0.02046207  0.02306535  0.09352742
  0.          0.00323629  0.00676371  0.00352742  0.          0.02113301
 -0.00960328  0.00373629]
	[RESULT 91] [ 0.0150825  -0.01393102  0.01901353  0.02081154  0.02278449  0.09802706
  0.          0.00098647  0.00901353  0.00802706  0.          0.0175825
 -0.01343102  0.00401353]
	[RESULT 92] [ 0.01098094 -0.01526284  0.01624378  0.01460614  0.02211858  0.09248756
  0.          0.00375622  0.00624378  0.00248756  0.          0.01248094
 -0.01877527  0.00425622]
	[RESULT 93] [ 0.01665403 -0.01106606  0.01772009  0.01990715  0.02446697  0.09544018
  0.          0.00227991  0.00772009  0.00544018  0.          0.01865403
 -0.01262588  0.00427991]
	[RESULT 94] [ 0.02570934 -0.00347634  0.01918567  0.02361682  0.02198817  0.09837135
  0.          0.00081433  0.00918567  0.00837135  0.          0.02820934
 -0.00297634  0.00418567]
	[RESULT 95] [ 4.55957131e-03 -2.54091979e-02  1.99687692e-02  1.69829395e-02
  1.70454010e-02  9.99375385e-02  0.00000000e+00  3.12307691e-05
  9.96876923e-03  9.93753846e-03  0.00000000e+00  6.05957131e-03
 -2.59091979e-02  4.96876923e-03]
	[RESULT 96] [ 5.08240861e-03 -2.48421793e-02  1.99245879e-02  1.74280861e-02
  1.75789104e-02  9.98491758e-02  0.00000000e+00  7.54121056e-05
  9.92458789e-03  9.84917579e-03  0.00000000e+00  5.58240861e-03
 -2.63421793e-02  4.92458789e-03]
	[RESULT 97] [0.01253394 0.01852752 0.01599358 0.0125266  0.00451376 0.09198716
 0.         0.00751926 0.00599358 0.00198716 0.         0.01103394
 0.00054036 0.00950642]
	[RESULT 98] [ 2.42787092e-02 -5.71364459e-03  1.99923538e-02  2.31221147e-02
  2.31068223e-02  9.99847076e-02  0.00000000e+00  7.64618493e-06
  9.99235382e-03  9.98470763e-03  0.00000000e+00  2.62787092e-02
 -5.71364459e-03  4.99235382e-03]
	[RESULT 99] [ 0.00915002 -0.0192388   0.01838881  0.01690823  0.0201306   0.09677762
  0.          0.00161119  0.00838881  0.00677762  0.          0.01065002
 -0.0197388   0.00338881]
	[RESULT 100] [ 0.00518541 -0.02402257  0.01920797  0.01615467  0.01773872  0.09841595
  0.          0.00079203  0.00920797  0.00841595  0.          0.00818541
 -0.02302257  0.00420797]
	[RESULT 101] [ 0.01355189 -0.01199975  0.01555164  0.01485341  0.02375013  0.09110328
  0.          0.00884508  0.00555164  0.00110328  0.          0.01505189
 -0.02189647  0.00994836]
	[RESULT 102] [ 0.02858091 -0.00078249  0.01936339  0.02191446  0.02064124  0.09872679
  0.          0.00063661  0.00936339  0.00872679  0.          0.03108091
 -0.0030557   0.00713661]
	[RESULT 103] [ 0.02080987 -0.00776921  0.01857909  0.02302357  0.02413461  0.09715817
  0.          0.00142091  0.00857909  0.00715817  0.          0.02330987
 -0.00726921  0.00357909]
	[RESULT 104] [ 0.02462046 -0.00471544  0.01933591  0.02393591  0.02260772  0.09867182
  0.          0.00066409  0.00933591  0.00867182  0.          0.02612046
 -0.00704363  0.00616409]
	[RESULT 105] [0.02476087 0.01968336 0.01555577 0.01929677 0.01040832 0.09111155
 0.         0.00883268 0.00555577 0.00111155 0.         0.02326087
 0.00979491 0.00994423]
