[METRICS]
	[DISEQUILIBRIUM COUNT] 12
[VARIABLES]
	[RESULT 1] [0 24.580262298095743 1 4 0 3849.5453332831908 53]
	[RESULT 2] [1 9.75822190778876 0 2 19 3772.74033879668 79]
	[RESULT 3] [0 5.101953131449758 1 2 5 3919.977770688259 51]
	[RESULT 4] [0 6.218147240012149 0 3 7 1159.3542169468342 56]
	[RESULT 5] [0 34.09054770251033 0 4 6 3969.3856232758026 83]
	[RESULT 6] [1 5.620107008734928 1 4 14 1302.070730867616 24]
	[RESULT 7] [0 9.626923298540836 0 2 4 3170.8935922625114 99]
	[RESULT 8] [0 25.096081501507143 0 4 4 1642.236080264708 100]
	[RESULT 9] [1 28.827170862926682 1 4 1 3882.315825104354 50]
	[RESULT 10] [1 7.252911473751213 1 4 17 2289.901010074611 59]
	[RESULT 11] [1 6.577243696340775 0 4 15 3303.8294397870936 100]
	[RESULT 12] [1 7.808653319696042 1 2 17 3989.7586157964124 64]
	[RESULT 13] [0 5.391148541737905 1 2 23 3933.3997596205877 57]
	[RESULT 14] [1 6.233527143842819 1 1 2 1565.0099398858829 11]
	[RESULT 15] [1 30.824096323310503 0 4 1 3310.6409918053896 100]
	[RESULT 16] [1 5.2419536541864 1 1 1 1368.6549064121762 87]
	[RESULT 17] [1 9.950122163418188 1 2 17 3989.7586157964124 32]
	[RESULT 18] [0 10.59401381482561 1 4 21 1585.6913679756337 23]
	[RESULT 19] [1 7.274685936178878 0 4 14 3998.214381664954 48]
	[RESULT 20] [1 5.821067528408493 0 4 4 1435.0876715570098 100]
	[RESULT 21] [0 46.177583410866625 1 1 23 1379.0213204887207 51]
	[RESULT 22] [0 33.2280493764081 0 4 5 3983.398029928224 40]
	[RESULT 23] [0 29.463267480860992 0 4 6 3980.324647105802 70]
	[RESULT 24] [0 5.116356537193939 1 1 1 2855.184349121523 49]
	[RESULT 25] [1 7.947893341126457 0 2 22 1229.6027807320618 1]
	[RESULT 26] [0 5.394892709427385 0 4 3 1580.1424052700588 20]
	[RESULT 27] [1 5.541080111654412 1 3 14 3952.283787149128 25]
	[RESULT 28] [1 5.427677297378503 0 4 18 3328.9291155620103 100]
	[RESULT 29] [0 28.18011945380679 1 1 21 1482.4508989600788 23]
	[RESULT 30] [1 5.137290287230908 1 4 1 1134.996409100055 12]
	[RESULT 31] [0 33.35533764701622 0 3 5 3988.548942085045 86]
	[RESULT 32] [1 27.091633074668685 1 2 5 3973.101115643927 100]
	[RESULT 33] [0 49.70117847978274 0 2 19 1481.8650925210022 99]
	[RESULT 34] [0 10.451282474629242 0 4 4 3972.9087024562746 83]
	[RESULT 35] [1 5.022046161816826 1 4 13 2952.1051925675542 14]
	[RESULT 36] [1 8.082006748315408 0 4 15 3303.8294397870936 100]
	[RESULT 37] [0 7.276339817807213 1 2 4 1229.6027807320618 1]
	[RESULT 38] [0 36.021428993099796 1 3 5 3988.548942085045 19]
	[RESULT 39] [1 11.187438045437336 1 4 21 1699.1187761997057 24]
	[RESULT 40] [0 7.240906914645298 1 2 1 3988.3709866011372 58]
	[RESULT 41] [0 10.718243332288118 1 1 5 1057.4208941345928 9]
	[RESULT 42] [0 32.04558251943929 0 4 9 3987.9570746081918 70]
	[RESULT 43] [0 7.924111212130649 0 1 2 3210.1529269121197 100]
	[RESULT 44] [0 28.86190168576118 1 1 21 1482.3466254891991 23]
	[RESULT 45] [0 42.18865635411264 0 4 19 3956.445656047599 100]
	[RESULT 46] [0 5.424859914135553 1 1 2 3895.8411592813914 53]
	[RESULT 47] [0 5.824287742372663 0 4 1 1287.568419800174 15]
	[RESULT 48] [0 6.349418397838077 0 4 4 3972.9087024562746 84]
	[RESULT 49] [0 33.373281450476625 0 2 6 3980.23231270713 81]
	[RESULT 50] [0 6.156144648866168 0 1 1 3970.948191996222 92]
	[RESULT 51] [1 37.78997073527979 0 4 15 3997.308835996985 83]
	[RESULT 52] [1 6.866146811225943 0 2 22 3819.812669393209 1]
	[RESULT 53] [0 5.530715840569366 1 1 15 1691.3980762781468 90]
	[RESULT 54] [1 48.4134759779655 1 1 23 1415.2977742856926 53]
	[RESULT 55] [0 5.081385812881024 0 4 1 1186.2253007832694 1]
	[RESULT 56] [1 5.792197924485621 0 3 15 3018.7083064262433 98]
	[RESULT 57] [1 5.01194370022972 0 2 23 3833.230662683143 40]
	[RESULT 58] [1 33.67686168845144 0 1 5 3992.733860127984 83]
	[RESULT 59] [1 41.504831274054894 1 4 19 3727.844251728823 100]
	[RESULT 60] [0 7.287220129487191 1 2 24 3868.448039756293 50]
	[RESULT 61] [0 28.86190168576118 1 4 21 1465.6662904297536 23]
	[RESULT 62] [0 6.169416872402955 1 2 5 2572.22263398563 100]
	[RESULT 63] [0 5.758373892808073 0 2 6 3994.308658958044 87]
	[RESULT 64] [1 5.106991691085541 1 4 13 1754.5988641210838 99]
	[RESULT 65] [1 7.808653319696042 1 2 18 3897.3875698886222 100]
	[RESULT 66] [1 9.30648501013426 1 1 21 1658.3253771837897 26]
	[RESULT 67] [0 10.348945500904708 0 2 2 3897.4379588804345 79]
	[RESULT 68] [0 6.592302238998036 0 1 14 3738.173910916921 17]
	[RESULT 69] [1 5.541080111654412 1 3 4 3699.242452016728 25]
	[RESULT 70] [0 34.15912009060883 0 4 17 3980.190398875106 83]
	[RESULT 71] [1 46.2987719777731 1 1 23 1273.5276540079453 51]
	[RESULT 72] [0 25.702448648999926 1 4 15 1235.0923615895388 100]
	[RESULT 73] [1 9.312024299087344 0 2 19 3945.4923440132584 99]
	[RESULT 74] [0 6.349418397838077 0 4 14 3970.0212990839946 84]
	[RESULT 75] [0 5.3807007129193405 0 1 14 3542.8406007310327 20]
	[RESULT 76] [1 11.233999649676402 0 4 20 3570.7198600956212 100]
	[RESULT 77] [1 30.60607681059348 0 1 5 3980.324647105802 87]
	[RESULT 78] [0 10.605029341881194 1 4 14 1491.7525303015182 24]
	[RESULT 79] [1 41.20925361215706 0 2 5 1232.4094056733888 68]
	[RESULT 80] [1 9.615051006963407 0 1 5 2298.6844810461835 79]
	[RESULT 81] [0 6.022013507905072 0 2 19 1458.0689283694874 99]
	[RESULT 82] [0 26.965021935801328 1 2 5 3973.096982339553 100]
	[RESULT 83] [0 8.03532041641451 1 1 1 3986.9904947306068 65]
	[RESULT 84] [0 15.969415772025371 0 3 5 3998.285238518246 83]
	[RESULT 85] [0 33.05458297112162 0 4 4 1334.5033690770695 7]
	[RESULT 86] [0 7.83311135829994 1 1 1 1134.996409100055 87]
	[RESULT 87] [0 5.426410866151486 1 4 13 3176.5120456740046 14]
	[RESULT 88] [1 26.45562206905024 1 2 5 3799.6988912653105 100]
	[RESULT 89] [1 10.093657358230189 0 4 11 1242.3227715914993 5]
	[RESULT 90] [1 5.476348821440092 0 1 7 1001.2126807750133 94]
	[RESULT 91] [0 49.70117847978274 0 2 19 1481.8650925210022 98]
	[RESULT 92] [1 5.692688669489661 0 1 4 1726.980273323595 11]
	[RESULT 93] [1 40.40255504657017 1 4 17 2447.799691642368 80]
	[RESULT 94] [0 8.247333814034704 0 2 5 3933.517872360065 57]
	[RESULT 95] [0 7.447475191505308 1 4 1 1134.996409100055 70]
	[RESULT 96] [0 6.305692857897323 1 2 5 1246.6969111666126 1]
	[RESULT 97] [0 5.30970250665526 0 4 19 3949.056024859119 100]
	[RESULT 98] [0 28.128340089882755 1 1 21 1534.457929219068 23]
	[RESULT 99] [1 7.0433025676431775 1 4 17 3993.8538388642637 57]
	[RESULT 100] [0 12.282783177104717 0 3 3 1442.966180202529 13]
	[RESULT 101] [0 33.31396454511306 0 2 6 3658.3673481645246 84]
	[RESULT 102] [0 10.519667052621152 1 4 4 3997.335570901442 87]
	[RESULT 103] [1 6.773632552382996 0 1 14 3947.417869663769 100]
	[RESULT 104] [1 5.499893441366251 1 4 5 3970.973027078737 38]
	[RESULT 105] [1 5.472594068974584 0 2 6 2512.29118146584 49]
[OBJECTIVES]
	[RESULT 1] [0.01422179 0.01946474 0.01524295 0.01424647 0.00473237 0.0904859
 0.         0.00872885 0.00524295 0.0004859  0.         0.01222179
 0.00397884 0.01175705]
	[RESULT 2] [0.02025502 0.02387666 0.01586832 0.01657502 0.00831167 0.09173665
 0.         0.00413168 0.00586832 0.00173665 0.         0.01825502
 0.0033867  0.00513168]
	[RESULT 3] [0.02088852 0.01957408 0.0195374  0.01113816 0.01021296 0.0990748
 0.         0.0004626  0.0095374  0.0090748  0.         0.01988852
 0.00635112 0.0064626 ]
	[RESULT 4] [0.01791668 0.02482919 0.01725413 0.01307714 0.00758541 0.09450827
 0.         0.00274587 0.00725413 0.00450827 0.         0.01641668
 0.00066255 0.00424587]
	[RESULT 5] [0.02751538 0.01731846 0.01516617 0.02100844 0.01134077 0.09033233
 0.         0.0065015  0.00516617 0.00033233 0.         0.02551538
 0.01065079 0.00683383]
	[RESULT 6] [0.01457549 0.0226617  0.01808622 0.01040842 0.00658085 0.09617243
 0.         0.00274135 0.00808622 0.00617243 0.         0.01157549
 0.00048927 0.00891378]
	[RESULT 7] [0.02662034 0.01749107 0.01588859 0.01947729 0.01125446 0.09177717
 0.         0.00411141 0.00588859 0.00177717 0.         0.02562034
 0.01073176 0.00511141]
	[RESULT 8] [0.03450069 0.00926368 0.01523701 0.02489414 0.01536816 0.09047402
 0.         0.00628897 0.00523701 0.00047402 0.         0.03349931
 0.0027377  0.00676299]
	[RESULT 9] [0.01597385 0.02117524 0.01520139 0.01543484 0.00583762 0.09040278
 0.         0.00860418 0.00520139 0.00040278 0.         0.01297385
 0.00477246 0.01179861]
	[RESULT 10] [0.01337349 0.01991057 0.01653708 0.01213112 0.00520528 0.09307417
 0.         0.00738875 0.00653708 0.00307417 0.         0.01037349
 0.0008364  0.01046292]
	[RESULT 11] [0.0311933  0.00425324 0.01694006 0.02424327 0.01812338 0.09388011
 0.         0.00305994 0.00694006 0.00388011 0.         0.0341933
 0.00213335 0.00505994]
	[RESULT 12] [0.03058817 0.01309903 0.0163128  0.02107489 0.01370049 0.0926256
 0.         0.0070616  0.0063128  0.0026256  0.         0.02858817
 0.00472463 0.0096872 ]
	[RESULT 13] [0.02087182 0.02053402 0.01859415 0.01254468 0.00973299 0.0971883
 0.         0.00140585 0.00859415 0.0071883  0.         0.01987182
 0.00727767 0.00740585]
	[RESULT 14] [0.0137149  0.02095351 0.01723861 0.01124953 0.00572676 0.09447722
 0.         0.00378416 0.00723861 0.00447722 0.         0.0122149
 0.00047629 0.00826139]
	[RESULT 15] [0.03293869 0.00775229 0.0151864  0.02399894 0.01637385 0.0903728
 0.         0.0064408  0.0051864  0.0003728  0.         0.03406131
 0.00212509 0.0068136 ]
	[RESULT 16] [0.01668977 0.02428431 0.01902592 0.01005601 0.00810784 0.09805183
 0.         0.00097408 0.00902592 0.00805183 0.         0.01518977
 0.00166386 0.00647408]
	[RESULT 17] [0.02986501 0.01429468 0.01584032 0.02142202 0.01310266 0.09168064
 0.         0.00847904 0.00584032 0.00168064 0.         0.02786501
 0.00497531 0.01015968]
	[RESULT 18] [0.01127089 0.01702916 0.01575826 0.01199805 0.00351458 0.09151653
 0.         0.00972521 0.00575826 0.00151653 0.         0.00927089
 0.00051263 0.01124174]
	[RESULT 19] [ 0.02876236  0.0022355   0.01652686  0.02392148  0.01913225  0.09305373
  0.          0.00347314  0.00652686  0.00305373  0.          0.03176236
 -0.00071078  0.00547314]
	[RESULT 20] [0.03101304 0.00326739 0.01774564 0.02312502 0.0186163  0.09549128
 0.         0.00225436 0.00774564 0.00549128 0.         0.03401304
 0.00275868 0.00425436]
	[RESULT 21] [0.01075475 0.0158733  0.01511855 0.01269956 0.00293665 0.09023709
 0.         0.00985564 0.00511855 0.00023709 0.         0.01025475
 0.00063621 0.01038145]
	[RESULT 22] [0.03052226 0.01430667 0.01517107 0.02250453 0.01284667 0.09034214
 0.         0.00648679 0.00517107 0.00034214 0.         0.02852226
 0.0076488  0.00682893]
	[RESULT 23] [0.02983134 0.0149723  0.01519636 0.02212113 0.01251385 0.09039272
 0.         0.00641092 0.00519636 0.00039272 0.         0.02783134
 0.00836502 0.00680364]
	[RESULT 24] [0.01539774 0.0248766  0.01947886 0.00848059 0.0074383  0.09895771
 0.         0.00052114 0.00947886 0.00895771 0.         0.01489774
 0.00091889 0.00602114]
	[RESULT 25] [0.01769008 0.02395658 0.0162665  0.01469529 0.00722829 0.092533
 0.         0.0037335  0.0062665  0.002533   0.         0.01569008
 0.00042358 0.0047335 ]
	[RESULT 26] [0.01908706 0.02232844 0.01858451 0.01166677 0.00883578 0.09716901
 0.         0.00141549 0.00858451 0.00716901 0.         0.01708706
 0.00067156 0.00358451]
	[RESULT 27] [0.02310269 0.01865283 0.01824448 0.01443463 0.01092359 0.09648896
 0.         0.00176657 0.00824448 0.00648896 0.         0.02060269
 0.00885821 0.00825552]
	[RESULT 28] [0.02959991 0.00109772 0.01850219 0.02269676 0.01970114 0.09700438
 0.         0.00149781 0.00850219 0.00700438 0.         0.03259991
 0.00209772 0.00350219]
	[RESULT 29] [0.01070901 0.01591579 0.01520678 0.01254433 0.00295789 0.09041356
 0.         0.00987966 0.00520678 0.00041356 0.         0.01020901
 0.00050223 0.01029322]
	[RESULT 30] [0.0158374  0.02476619 0.01939641 0.00907408 0.00786691 0.09879283
 0.         0.00060359 0.00939641 0.00879283 0.         0.0128374
 0.00044098 0.00760359]
	[RESULT 31] [0.03364994 0.01117973 0.01517033 0.02406948 0.01441013 0.09034065
 0.         0.00598902 0.00517033 0.00034065 0.         0.03214994
 0.00452039 0.00632967]
	[RESULT 32] [ 0.02674082  0.00152429  0.01521653  0.0209452   0.01948785  0.09043306
  0.          0.00964959  0.00521653  0.00043306  0.          0.02874082
 -0.00904265  0.01078347]
	[RESULT 33] [0.02535517 0.01953543 0.01510941 0.02001347 0.01023229 0.09021881
 0.         0.00567178 0.00510941 0.00021881 0.         0.02435517
 0.01024576 0.00589059]
	[RESULT 34] [0.02888432 0.01534064 0.01577504 0.0207796  0.01232968 0.09155008
 0.         0.00467488 0.00577504 0.00155008 0.         0.02688432
 0.00989072 0.00622496]
	[RESULT 35] [0.01670457 0.02340328 0.01989215 0.00876406 0.00854836 0.09978429
 0.         0.00010785 0.00989215 0.00978429 0.         0.01370457
 0.00081242 0.00710785]
	[RESULT 36] [0.03190847 0.00568358 0.01622489 0.02495844 0.01740821 0.09244978
 0.         0.00377511 0.00622489 0.00244978 0.         0.03490847
 0.00213335 0.00577511]
	[RESULT 37] [0.01194968 0.01847577 0.01652609 0.0111857  0.00423788 0.09305219
 0.         0.00642172 0.00652609 0.00305219 0.         0.01094968
 0.00042358 0.00947391]
	[RESULT 38] [0.02754633 0.01729753 0.01515615 0.02103895 0.01135124 0.09031229
 0.         0.00896844 0.00515615 0.00031229 0.         0.02604633
 0.00560982 0.01134385]
	[RESULT 39] [0.01222411 0.01791977 0.01569566 0.01281857 0.00420989 0.09139132
 0.         0.00991303 0.00569566 0.00139132 0.         0.00922411
 0.00052846 0.01130434]
	[RESULT 40] [0.02907087 0.01438635 0.01654278 0.01972127 0.01280682 0.09308556
 0.         0.00637167 0.00654278 0.00308556 0.         0.02807087
 0.00547191 0.00945722]
	[RESULT 41] [0.01117224 0.01691649 0.01574424 0.01196976 0.00345824 0.09148848
 0.         0.00826727 0.00574424 0.00148848 0.         0.01067224
 0.000428   0.00975576]
	[RESULT 42] [0.03269576 0.01212596 0.01517828 0.02358046 0.01393702 0.09035656
 0.         0.00646516 0.00517828 0.00035656 0.         0.03069576
 0.00548252 0.00682172]
	[RESULT 43] [0.03295881 0.00668464 0.01627417 0.02410933 0.01665768 0.09254835
 0.         0.00372583 0.00627417 0.00254835 0.         0.03345881
 0.00223298 0.00422583]
	[RESULT 44] [0.01070333 0.01590444 0.01520111 0.01255    0.00295222 0.09040222
 0.         0.00989667 0.00520111 0.00040222 0.         0.01020333
 0.00050222 0.01029889]
	[RESULT 45] [ 0.02575222  0.00062129  0.01513093  0.0205725   0.01968936  0.09026186
  0.          0.00660721  0.00513093  0.00026186  0.          0.02775222
 -0.00611685  0.00686907]
	[RESULT 46] [0.01876479 0.0227261  0.01850912 0.01161872 0.00863695 0.09701823
 0.         0.00149088 0.00850912 0.00701823 0.         0.01826479
 0.00525567 0.00699088]
	[RESULT 47] [0.01820167 0.02405753 0.0177408  0.01248964 0.00797123 0.09548159
 0.         0.0022592  0.0077408  0.00548159 0.         0.01620167
 0.00046087 0.0042592 ]
	[RESULT 48] [0.03030282 0.01256899 0.01712819 0.01945913 0.0137155  0.09425637
 0.         0.00287181 0.00712819 0.00425637 0.         0.02830282
 0.00982536 0.00487181]
	[RESULT 49] [0.03013119 0.01469859 0.01517022 0.02231026 0.0126507  0.09034045
 0.         0.00548933 0.00517022 0.00034045 0.         0.02913119
 0.00803904 0.00582978]
	[RESULT 50] [0.03110416 0.01157689 0.01731895 0.01957365 0.01421156 0.09463791
 0.         0.00268105 0.00731895 0.00463791 0.         0.03060416
 0.0092148  0.00318105]
	[RESULT 51] [ 0.03017054  0.00502257  0.01514797  0.02255723  0.01773872  0.09029595
  0.          0.00655608  0.00514797  0.00029595  0.          0.03317054
 -0.00068149  0.00685203]
	[RESULT 52] [0.0209905 0.022265  0.0167445 0.0156285 0.0091175 0.093489  0.
 0.0032555 0.0067445 0.003489  0.        0.0189905 0.003246  0.0042555]
	[RESULT 53] [0.01535245 0.0236189  0.01826645 0.01027656 0.00680945 0.09653289
 0.         0.00173355 0.00826645 0.00653289 0.         0.01485245
 0.00208601 0.00723355]
	[RESULT 54] [0.01176874 0.01688131 0.01511258 0.0134655  0.00369066 0.09022516
 0.         0.00983774 0.00511258 0.00022516 0.         0.01026874
 0.00065616 0.01038742]
	[RESULT 55] [0.02004386 0.02033244 0.0196237  0.01058639 0.00983378 0.09924739
 0.         0.0003763  0.0096237  0.00924739 0.         0.01804386
 0.00266756 0.0046237 ]
	[RESULT 56] [0.02607763 0.0161325  0.01778987 0.01660401 0.01218375 0.09557974
 0.         0.00221013 0.00778987 0.00557974 0.         0.02357763
 0.00728776 0.00371013]
	[RESULT 57] [2.45279789e-02 1.55310347e-02 1.99409863e-02 1.26025100e-02
 1.24844826e-02 9.98819727e-02 0.00000000e+00 5.90136597e-05
 9.94098634e-03 9.88197268e-03 0.00000000e+00 2.25279789e-02
 7.46896527e-03 4.94098634e-03]
	[RESULT 58] [0.03335026 0.00818178 0.01516848 0.02417785 0.01615911 0.09033696
 0.         0.00499456 0.00516848 0.00033696 0.         0.03485026
 0.00251874 0.00533152]
	[RESULT 59] [0.03323659 0.01163009 0.01513332 0.02416832 0.01443495 0.09026663
 0.         0.00839995 0.00513332 0.00026663 0.         0.03023659
 0.00089673 0.01186668]
	[RESULT 60] [0.01590548 0.02242653 0.01652104 0.01317118 0.00621326 0.09304208
 0.         0.00643687 0.00652104 0.00304208 0.         0.01490548
 0.00438444 0.00947896]
	[RESULT 61] [0.01070173 0.01590284 0.01520111 0.0125492  0.00295142 0.09040222
 0.         0.00860333 0.00520111 0.00040222 0.         0.00870173
 0.00050061 0.01179889]
	[RESULT 62] [0.03273498 0.00996026 0.01730477 0.02041034 0.01501987 0.09460953
 0.         0.0040857  0.00730477 0.00460953 0.         0.03173498
 0.00256979 0.00869523]
	[RESULT 63] [0.03036384 0.00252031 0.01784354 0.02305277 0.01873985 0.09568707
 0.         0.00215646 0.00784354 0.00568707 0.         0.03136384
 0.00120738 0.00315646]
	[RESULT 64] [0.02579203 0.01469123 0.01951675 0.0138709  0.01290439 0.09903349
 0.         0.00048325 0.00951675 0.00903349 0.         0.02279203
 0.01027528 0.00748325]
	[RESULT 65] [ 0.03278956  0.00647676  0.0163128   0.02438602  0.01701162  0.0926256
  0.          0.0070616   0.0063128   0.0026256   0.          0.03478956
 -0.00189764  0.0096872 ]
	[RESULT 66] [0.01247299 0.01841524 0.01594224 0.01257313 0.00445762 0.09188449
 0.         0.00767327 0.00594224 0.00188449 0.         0.01097299
 0.00053075 0.00955776]
	[RESULT 67] [0.0215962  0.02261627 0.01578753 0.0171168  0.00869187 0.09157506
 0.         0.00421247 0.00578753 0.00157506 0.         0.0205962
 0.00580867 0.00521247]
	[RESULT 68] [0.0193459  0.02372531 0.01692879 0.01427977 0.00813735 0.09385757
 0.         0.00307121 0.00692879 0.00385757 0.         0.0188459
 0.00241712 0.00357121]
	[RESULT 69] [0.01642624 0.02467072 0.01824448 0.0110964  0.00758536 0.09648896
 0.         0.00176657 0.00824448 0.00648896 0.         0.01392624
 0.00218176 0.00825552]
	[RESULT 70] [0.0302248  0.01460941 0.01516579 0.02236372 0.01269529 0.09033157
 0.         0.00650264 0.00516579 0.00033157 0.         0.0282248
 0.00794099 0.00683421]
	[RESULT 71] [0.01174536 0.01686356 0.01511821 0.01344537 0.00368178 0.09023641
 0.         0.00985462 0.00511821 0.00023641 0.         0.01024536
 0.00062715 0.01038179]
	[RESULT 72] [0.03045441 0.0143152  0.01523039 0.02238162 0.0128424  0.09046078
 0.         0.00869117 0.00523039 0.00046078 0.         0.02845441
 0.00277598 0.01176961]
	[RESULT 73] [0.03480214 0.0092566  0.01594126 0.02373918 0.0156217  0.09188252
 0.         0.00405874 0.00594126 0.00188252 0.         0.03280214
 0.00513912 0.00505874]
	[RESULT 74] [0.0296727  0.01319912 0.01712819 0.01914407 0.01340044 0.09425637
 0.         0.00287181 0.00712819 0.00425637 0.         0.0276727
 0.01045549 0.00487181]
	[RESULT 75] [0.02016452 0.02121414 0.01862135 0.01215023 0.00939293 0.0972427
 0.         0.00137865 0.00862135 0.0072427  0.         0.01966452
 0.00328586 0.00362135]
	[RESULT 76] [0.03193302 0.00624184 0.01569118 0.02425328 0.01712908 0.09138236
 0.         0.00492646 0.00569118 0.00138236 0.         0.03493302
 0.0016242  0.00630882]
	[RESULT 77] [0.03160632 0.01320576 0.01518793 0.02327127 0.01364712 0.09037585
 0.         0.00493622 0.00518793 0.00037585 0.         0.03010632
 0.00758161 0.00531207]
	[RESULT 78] [0.01126346 0.01702046 0.015757   0.01199623 0.00351023 0.091514
 0.         0.009729   0.005757   0.001514   0.         0.00926346
 0.00050646 0.011243  ]
	[RESULT 79] [0.01696424 0.02209862 0.01513438 0.01603056 0.00629931 0.09026875
 0.         0.00559687 0.00513438 0.00026875 0.         0.01496424
 0.00082987 0.00586562]
	[RESULT 80] [0.0181616  0.02405206 0.01589046 0.0154951  0.00727603 0.09178093
 0.         0.00410954 0.00589046 0.00178093 0.         0.0166616
 0.00127113 0.00460954]
	[RESULT 81] [0.02771626 0.01481095 0.01747278 0.01764896 0.01259452 0.09494557
 0.         0.00252722 0.00747278 0.00494557 0.         0.02671626
 0.01024348 0.00352722]
	[RESULT 82] [ 0.02774059  0.00252287  0.01521772  0.02169688  0.01873857  0.09043544
  0.          0.00965317  0.00521772  0.00043544  0.          0.02874059
 -0.00904169  0.01078228]
	[RESULT 83] [0.02823787 0.01552307 0.01623906 0.01976035 0.01223846 0.09247812
 0.         0.00678282 0.00623906 0.00247812 0.         0.02773787
 0.00600119 0.00926094]
	[RESULT 84] [ 0.03007585  0.00465812  0.01541773  0.02316452  0.01767094  0.09083546
  0.          0.00524681  0.00541773  0.00083546  0.          0.03157585
 -0.00150642  0.00608227]
	[RESULT 85] [0.01561715 0.02078924 0.01517209 0.01505044 0.00539462 0.09034418
 0.         0.00648373 0.00517209 0.00034418 0.         0.01361715
 0.00044507 0.00682791]
	[RESULT 86] [0.01294926 0.01925368 0.01630442 0.01201799 0.00462684 0.09260885
 0.         0.00658673 0.00630442 0.00260885 0.         0.01244926
 0.00164483 0.00919558]
	[RESULT 87] [0.01447179 0.02297709 0.0185053  0.00947794 0.00648855 0.0970106
 0.         0.0014947  0.0085053  0.0070106  0.         0.01247179
 0.00096649 0.0084947 ]
	[RESULT 88] [0.03399673 0.01078061 0.01522266 0.02441437 0.01485969 0.09044532
 0.         0.00966798 0.00522266 0.00044532 0.         0.03199673
 0.00022593 0.01077734]
	[RESULT 89] [0.01725346 0.02307399 0.01582053 0.01514594 0.00678699 0.09164105
 0.         0.00453842 0.00582053 0.00164105 0.         0.01425346
 0.00043294 0.00617947]
	[RESULT 90] [0.02245057 0.0191627  0.01838673 0.01389519 0.01066865 0.09677347
 0.         0.00161327 0.00838673 0.00677347 0.         0.02095057
 0.0043373  0.00338673]
	[RESULT 91] [0.02202183 0.02286876 0.01510941 0.01834681 0.00856562 0.09021881
 0.         0.00567178 0.00510941 0.00021881 0.         0.02102183
 0.00691243 0.00589059]
	[RESULT 92] [0.01944808 0.02259804 0.01795388 0.01304322 0.00895098 0.09590776
 0.         0.00204612 0.00795388 0.00590776 0.         0.01794808
 0.00090196 0.00295388]
	[RESULT 93] [0.01248601 0.01762336 0.01513735 0.01378697 0.00406168 0.09027471
 0.         0.00841206 0.00513735 0.00027471 0.         0.00948601
 0.00134865 0.01186265]
	[RESULT 94] [0.02346369 0.0203591  0.01617721 0.01746603 0.00982045 0.09235442
 0.         0.00382279 0.00617721 0.00235442 0.         0.02246369
 0.00728648 0.00482279]
	[RESULT 95] [0.01231176 0.0187621  0.01645034 0.01148038 0.00438105 0.09290067
 0.         0.00764899 0.00645034 0.00290067 0.         0.01031176
 0.00086142 0.01054966]
	[RESULT 96] [0.0125935  0.01976205 0.01716855 0.01054393 0.00488102 0.09433709
 0.         0.00449436 0.00716855 0.00433709 0.         0.0115935
 0.00042496 0.00883145]
	[RESULT 97] [ 0.02295259 -0.00586507  0.01881766  0.02470279  0.02293254  0.09763532
  0.          0.00118234  0.00881766  0.00763532  0.          0.02495259
 -0.00586507  0.00381766]
	[RESULT 98] [0.01071458 0.01592181 0.01520723 0.01254645 0.00296091 0.09041445
 0.         0.00987832 0.00520723 0.00041445 0.         0.01021458
 0.00050736 0.01029277]
	[RESULT 99] [0.03316418 0.01019287 0.01664295 0.02186766 0.01515356 0.0932859
 0.         0.00707114 0.00664295 0.0032859  0.         0.03016418
 0.00247878 0.01035705]
	[RESULT 100] [0.01607299 0.02167665 0.01560366 0.014631   0.00583833 0.09120732
 0.         0.00468901 0.00560366 0.00120732 0.         0.01457299
 0.00046933 0.00589634]
	[RESULT 101] [0.01805174 0.02322231 0.01517057 0.01627002 0.00661115 0.09034113
 0.         0.0054883  0.00517057 0.00034113 0.         0.01705174
 0.00288117 0.00582943]
	[RESULT 102] [ 0.03478767  0.00944542  0.01576691  0.02374347  0.01527729  0.09153382
  0.          0.00969927  0.00576691  0.00153382  0.          0.03278767
 -0.00102076  0.01123309]
	[RESULT 103] [ 0.02414133 -0.00266136  0.01680269  0.0220247   0.02158068  0.09360538
  0.          0.00319731  0.00680269  0.00360538  0.          0.02564133
 -0.00505598  0.00369731]
	[RESULT 104] [0.02621933 0.0154471  0.01833357 0.01585931 0.01252645 0.09666714
 0.         0.00199929 0.00833357 0.00666714 0.         0.02321933
 0.01111424 0.00866643]
	[RESULT 105] [0.02019315 0.02141148 0.01839537 0.01275352 0.00954426 0.09679074
 0.         0.00160463 0.00839537 0.00679074 0.         0.01819315
 0.00158852 0.00339537]
