[METRICS]
	[DISEQUILIBRIUM COUNT] 6
[VARIABLES]
	[RESULT 1] [0 7.51835536188175 0 1 16 3816.8699053089517 48]
	[RESULT 2] [1 29.12492334200334 1 4 22 1187.4889325803124 15]
	[RESULT 3] [1 5.0001516698526665 0 3 3 3775.8689792350783 3]
	[RESULT 4] [1 5.442879966301845 0 1 13 3252.4824456976144 41]
	[RESULT 5] [0 15.324039809474769 0 1 15 3770.9356016839993 96]
	[RESULT 6] [0 11.25247137789788 1 1 16 1902.6551719884515 48]
	[RESULT 7] [0 18.022600098187766 1 1 2 2347.377129227054 25]
	[RESULT 8] [0 15.324039809474769 0 1 15 3773.112825396872 100]
	[RESULT 9] [1 38.55848036399658 0 2 12 3769.236025357158 98]
	[RESULT 10] [1 34.05639448393073 0 1 14 1640.0817102539563 88]
	[RESULT 11] [1 5.2787747212488 0 3 13 3561.161495306518 13]
	[RESULT 12] [0 15.324039809474769 0 1 15 3832.8584031336513 100]
	[RESULT 13] [1 45.91023949334627 0 3 3 3518.578335470028 2]
	[RESULT 14] [1 5.762828360199685 0 3 17 1350.4243877785523 43]
	[RESULT 15] [1 21.815645012806357 1 2 17 2278.1746808596818 43]
	[RESULT 16] [0 5.869085251798359 1 1 24 2968.6230887470933 9]
	[RESULT 17] [1 5.613210927081798 1 1 23 1138.1256232182063 27]
	[RESULT 18] [0 35.49160731819211 1 4 13 2747.6260394044484 4]
	[RESULT 19] [0 23.586060279099613 0 2 24 1471.5348027497598 100]
	[RESULT 20] [1 6.39389828902741 1 3 9 2786.589778282433 25]
	[RESULT 21] [0 7.658730499066559 1 2 23 1508.0013795668365 78]
	[RESULT 22] [1 5.869943990970761 0 3 3 3518.578335470028 6]
	[RESULT 23] [0 8.763446190889576 0 1 13 3319.4091687429586 100]
	[RESULT 24] [0 5.252076342171987 1 3 9 2804.8063167600776 25]
	[RESULT 25] [1 6.345114351148395 0 3 9 2724.01968138583 99]
	[RESULT 26] [1 5.001956866707383 0 1 23 1167.2083119534943 35]
	[RESULT 27] [0 7.659189982345274 1 3 14 1255.7742629451172 20]
	[RESULT 28] [1 5.9983741742956465 1 1 12 2624.027118691319 83]
	[RESULT 29] [1 5.0592380673254596 1 2 23 1233.787774571749 77]
	[RESULT 30] [1 37.80438163081609 1 1 14 3834.7461281644264 34]
	[RESULT 31] [0 10.482232111761933 0 4 13 1814.574386167873 3]
	[RESULT 32] [1 10.46831179568104 1 2 11 2495.662812890074 20]
	[RESULT 33] [0 6.540456475904978 0 4 16 3788.184854880298 46]
	[RESULT 34] [0 28.530676585258767 0 2 24 1460.6168053999768 5]
	[RESULT 35] [1 7.251050144329742 1 1 13 2737.5385774624065 24]
	[RESULT 36] [1 9.561674206767988 0 1 15 3739.021331320282 24]
	[RESULT 37] [1 49.667683649777025 1 4 13 1762.9513291195115 76]
	[RESULT 38] [0 10.32815167944626 0 1 13 3317.9974110082803 98]
	[RESULT 39] [0 40.68532976760817 1 1 14 3710.922242149663 34]
	[RESULT 40] [1 5.45758893748932 0 3 13 3251.8575019549507 15]
	[RESULT 41] [0 49.23133139020352 0 4 14 2150.1203727881875 90]
	[RESULT 42] [0 13.52583279881156 1 2 23 3707.6613441879135 78]
	[RESULT 43] [1 7.176047562670422 1 4 2 1090.926561228951 25]
	[RESULT 44] [1 35.00893021537167 0 2 11 3894.626239394694 98]
	[RESULT 45] [0 49.41569544310631 1 4 16 1618.0633719160664 9]
	[RESULT 46] [1 5.1399335428409865 0 3 17 1646.6832497158491 8]
	[RESULT 47] [0 5.613210927081798 1 1 23 1138.1256232182063 30]
	[RESULT 48] [0 5.094578330450062 1 4 3 2802.270402441808 25]
	[RESULT 49] [0 6.371182761486892 1 2 23 1018.2653943752223 92]
	[RESULT 50] [1 8.720067572502314 0 2 11 2505.2496536785106 100]
	[RESULT 51] [0 10.965309890711783 1 1 16 3861.326654178126 48]
	[RESULT 52] [1 38.37316084436424 0 2 12 1354.8462125935007 98]
	[RESULT 53] [0 15.384084026953243 1 1 15 3832.8584031336513 100]
	[RESULT 54] [1 5.31383738282984 1 1 24 2667.28295427128 10]
	[RESULT 55] [0 15.443339207530446 0 1 15 3423.9481993082154 100]
	[RESULT 56] [1 5.000102361678953 0 3 9 3651.8976190303456 10]
	[RESULT 57] [1 38.01491238799191 1 1 14 3772.023549825903 34]
	[RESULT 58] [0 15.607213452024164 1 3 15 2724.9389326119312 45]
	[RESULT 59] [0 15.384084026953243 1 1 15 3966.996945179376 100]
	[RESULT 60] [1 10.48564496680389 1 4 3 2849.1405103012626 24]
	[RESULT 61] [0 5.216861107479392 0 1 23 1085.4330909327048 35]
	[RESULT 62] [0 49.306868666222826 1 3 19 2269.498873737072 12]
	[RESULT 63] [0 15.113453410735843 1 4 17 1222.2685787851367 34]
	[RESULT 64] [1 7.610834329641003 0 2 11 3894.626239394694 25]
	[RESULT 65] [0 5.233473089185811 0 1 13 3713.820557399217 100]
	[RESULT 66] [1 5.008297083056814 1 1 13 3336.773140093455 83]
	[RESULT 67] [1 5.613210927081798 1 4 23 1129.4236712123204 19]
	[RESULT 68] [0 5.312049346441748 0 3 17 1115.2246112686787 43]
	[RESULT 69] [1 9.21148197023954 0 3 4 1397.665580739405 10]
	[RESULT 70] [1 37.912122536503276 0 4 22 3956.358247341996 98]
	[RESULT 71] [0 11.807406780061076 0 1 18 1585.1028544081046 100]
	[RESULT 72] [1 5.677424650741316 1 3 3 3409.268220936473 6]
	[RESULT 73] [0 6.129740112317924 1 4 19 2244.235508595094 45]
	[RESULT 74] [1 7.349355136308819 0 1 23 2498.804588153427 34]
	[RESULT 75] [0 49.84687305949554 0 4 13 1467.032270649407 74]
	[RESULT 76] [1 14.211086889220304 0 2 22 3705.4967492297537 16]
	[RESULT 77] [1 6.24850150598305 0 3 13 1138.1256232182063 27]
	[RESULT 78] [0 5.613210927081798 0 1 13 1228.6996407613972 27]
	[RESULT 79] [0 18.473260418525484 0 1 15 3929.4530995627892 100]
	[RESULT 80] [1 26.063934134281954 1 2 17 2085.1659064719133 43]
	[RESULT 81] [1 23.758480917246825 0 2 9 1471.5348027497598 100]
	[RESULT 82] [0 9.851451594334117 0 1 19 3769.764999278973 100]
	[RESULT 83] [0 5.77291151867272 0 3 3 2724.01968138583 95]
	[RESULT 84] [0 5.095859487300294 1 1 23 1127.9044971179046 27]
	[RESULT 85] [1 6.012884300670537 1 1 13 3710.625227344336 41]
	[RESULT 86] [1 45.91023949334627 1 3 3 3518.578335470028 1]
	[RESULT 87] [1 7.277943447919964 0 2 22 3620.0802224631216 38]
	[RESULT 88] [0 5.613210927081798 1 4 23 1138.1256232182063 29]
	[RESULT 89] [1 5.134415450425328 0 4 24 1046.9867108806916 27]
	[RESULT 90] [1 34.846799792432975 1 1 13 2737.5385774624065 96]
	[RESULT 91] [1 40.04411796104198 1 1 14 3458.326285254706 41]
	[RESULT 92] [0 19.688042507894256 1 4 15 2778.6633458439424 27]
	[RESULT 93] [1 5.433210225905624 1 3 19 3141.7459912252652 45]
	[RESULT 94] [0 37.647457617006935 1 4 13 2767.9145957489814 4]
	[RESULT 95] [0 6.66045537567556 1 1 13 3421.969950673628 34]
	[RESULT 96] [1 10.664779337766356 1 2 11 2968.029164612241 20]
	[RESULT 97] [0 20.216889557263244 1 1 3 3869.2941357604163 100]
	[RESULT 98] [1 14.863838902664511 0 4 6 1025.5268854586757 2]
	[RESULT 99] [1 28.062338071367094 1 2 24 2088.7117904704182 4]
	[RESULT 100] [1 5.869982536216716 1 3 17 1149.6055788164056 50]
	[RESULT 101] [1 6.572148678790737 0 1 19 3532.5598190683013 26]
	[RESULT 102] [0 6.235084753938979 0 2 24 2505.2496536785106 100]
	[RESULT 103] [0 10.106975686297696 1 2 11 2535.411661259958 18]
	[RESULT 104] [0 16.232588618490418 1 1 15 3718.7485878498114 100]
	[RESULT 105] [0 5.42424836028912 0 1 24 3215.2247509581834 10]
[OBJECTIVES]
	[RESULT 1] [0.01980141 0.02377747 0.01642112 0.01526903 0.00811126 0.09284224
 0.         0.00357888 0.00642112 0.00284224 0.         0.01930141
 0.00338029 0.00407888]
	[RESULT 2] [0.01165183 0.01685083 0.01519901 0.01327741 0.00367542 0.09039801
 0.         0.00859702 0.00519901 0.00039801 0.         0.00865183
 0.00045282 0.01180099]
	[RESULT 3] [2.37120435e-02 1.62887147e-02 1.99992418e-02 1.21071591e-02
 1.21056426e-02 9.99984835e-02 0.00000000e+00 7.58234262e-07
 9.99924177e-03 9.99848353e-03 0.00000000e+00 2.12120435e-02
 6.21128527e-03 4.99924177e-03]
	[RESULT 4] [0.02060767 0.02092704 0.01846529 0.0128559  0.00978648 0.09693058
 0.         0.00153471 0.00846529 0.00693058 0.         0.01910767
 0.00257296 0.00346529]
	[RESULT 5] [0.02190154 0.02265692 0.01544154 0.01778846 0.00867154 0.09088308
 0.         0.00455846 0.00544154 0.00088308 0.         0.02140154
 0.00646001 0.00505846]
	[RESULT 6] [0.01136126 0.01705068 0.01568942 0.0121465  0.00352534 0.09137884
 0.         0.00843174 0.00568942 0.00137884 0.         0.01086126
 0.00067184 0.00981058]
	[RESULT 7] [0.01099228 0.01634884 0.01535657 0.01246129 0.00317442 0.09071313
 0.         0.0094303  0.00535657 0.00071313 0.         0.01049228
 0.00063571 0.01014343]
	[RESULT 8] [0.03207719 0.00663565 0.01544154 0.0242009  0.01668217 0.09088308
 0.         0.00455846 0.00544154 0.00088308 0.         0.03257719
 0.00051873 0.00505846]
	[RESULT 9] [0.02525501 0.01960031 0.01514468 0.02016048 0.01044985 0.09028936
 0.         0.00556595 0.00514468 0.00028936 0.         0.02325501
 0.00911033 0.00585532]
	[RESULT 10] [0.01796688 0.02313323 0.01516635 0.01648391 0.00681662 0.09033271
 0.         0.00500094 0.00516635 0.00033271 0.         0.01646688
 0.00180053 0.00533365]
	[RESULT 11] [0.02148472 0.01960529 0.01890999 0.01262737 0.01044736 0.09781999
 0.         0.00109001 0.00890999 0.00781999 0.         0.01898472
 0.00289471 0.00390999]
	[RESULT 12] [ 0.03130565  0.00586411  0.01544154  0.02381513  0.01706794  0.09088308
  0.          0.00455846  0.00544154  0.00088308  0.          0.03180565
 -0.00025281  0.00505846]
	[RESULT 13] [0.01755547 0.02267477 0.0151193  0.01634878 0.00658739 0.09023861
 0.         0.00614209 0.0051193  0.00023861 0.         0.01505547
 0.00143617 0.0063807 ]
	[RESULT 14] [0.01941486 0.02274879 0.01783635 0.0132029  0.00887561 0.0956727
 0.         0.00216365 0.00783635 0.0056727  0.         0.01691486
 0.00057851 0.00366365]
	[RESULT 15] [0.01198327 0.01726392 0.01528065 0.01332066 0.00388196 0.0905613
 0.         0.00984196 0.00528065 0.0005613  0.         0.00998327
 0.00070262 0.01071935]
	[RESULT 16] [0.01348414 0.02115925 0.01767511 0.01022941 0.00557962 0.09535021
 0.         0.00247468 0.00767511 0.00535021 0.         0.01298414
 0.00080904 0.00782489]
	[RESULT 17] [0.01458618 0.02268558 0.01809941 0.01039397 0.00659279 0.09619882
 0.         0.00190059 0.00809941 0.00619882 0.         0.01308618
 0.00048677 0.00740059]
	[RESULT 18] [0.01085424 0.01601302 0.01515877 0.01268896 0.00300651 0.09031754
 0.         0.00847632 0.00515877 0.00031754 0.         0.00885424
 0.00069547 0.01184123]
	[RESULT 19] [0.03449995 0.00924467 0.01525528 0.0248671  0.01537767 0.09051057
 0.         0.00523415 0.00525528 0.00051057 0.         0.03450005
 0.00275523 0.00574472]
	[RESULT 20] [0.01385648 0.02094512 0.01708864 0.01154528 0.00572256 0.09417729
 0.         0.00523407 0.00708864 0.00417729 0.         0.01135648
 0.00076784 0.00941136]
	[RESULT 21] [0.01248447 0.01885107 0.01636659 0.01169234 0.00442553 0.09273319
 0.         0.00690022 0.00636659 0.00273319 0.         0.01148447
 0.00111788 0.00963341]
	[RESULT 22] [0.02011855 0.02220757 0.01767388 0.01379846 0.00914621 0.09534775
 0.         0.00232612 0.00767388 0.00534775 0.         0.01761855
 0.00144468 0.00382612]
	[RESULT 23] [0.03306456 0.0070149  0.01604966 0.02439323 0.01649255 0.09209932
 0.         0.00395034 0.00604966 0.00209932 0.         0.03356456
 0.00211422 0.00445034]
	[RESULT 24] [0.01476874 0.02376211 0.01899337 0.00889432 0.00688105 0.09798673
 0.         0.00100663 0.00899337 0.00798673 0.         0.01326874
 0.00077537 0.00750663]
	[RESULT 25] [0.0286125  0.01425541 0.01713209 0.01885811 0.0131223  0.09426418
 0.         0.00286791 0.00713209 0.00426418 0.         0.0261125
 0.01048041 0.00436791]
	[RESULT 26] [2.15119654e-02 1.84977998e-02 1.99902348e-02 1.10206305e-02
 1.10011001e-02 9.99804696e-02 0.00000000e+00 9.76522429e-06
 9.99023478e-03 9.98046955e-03 0.00000000e+00 2.00119654e-02
 5.00220019e-03 4.99023478e-03]
	[RESULT 27] [0.01183903 0.01820545 0.01636642 0.01136988 0.00410273 0.09273285
 0.         0.00740073 0.00636642 0.00273285 0.         0.01033903
 0.00047261 0.01013358]
	[RESULT 28] [0.01505926 0.0225613  0.01750203 0.01152658 0.00653065 0.09500407
 0.         0.0029939  0.00750203 0.00500407 0.         0.01355926
 0.00155723 0.00799797]
	[RESULT 29] [0.01677762 0.023502   0.01972037 0.00905825 0.008499   0.09944075
 0.         0.00027963 0.00972037 0.00944075 0.         0.01477762
 0.00105725 0.00627963]
	[RESULT 30] [0.0147315  0.01987941 0.01514791 0.01489389 0.00518971 0.09029582
 0.         0.00994373 0.00514791 0.00029582 0.         0.0132315
 0.00358359 0.01035209]
	[RESULT 31] [0.01625817 0.02202951 0.01577134 0.01447208 0.00601476 0.09154268
 0.         0.00468598 0.00577134 0.00154268 0.         0.01425817
 0.00048683 0.00622866]
	[RESULT 32] [0.01242859 0.01820159 0.015773   0.01280479 0.00435079 0.091546
 0.         0.008681   0.005773   0.001546   0.         0.01042859
 0.00065559 0.010227  ]
	[RESULT 33] [0.01997098 0.02306087 0.01696815 0.01453326 0.00846956 0.0939363
 0.         0.00303185 0.00696815 0.0039363  0.         0.01797098
 0.00300283 0.00503185]
	[RESULT 34] [0.01565588 0.02085971 0.01520383 0.0150222  0.00542985 0.09040765
 0.         0.00538852 0.00520383 0.00040765 0.         0.01465588
 0.00045206 0.00579617]
	[RESULT 35] [0.01328316 0.01982112 0.01653796 0.01208463 0.00516056 0.09307593
 0.         0.00588611 0.00653796 0.00307593 0.         0.01178316
 0.00074519 0.00896204]
	[RESULT 36] [0.01934423 0.02475676 0.01589901 0.0160736  0.00787162 0.09179802
 0.         0.00410099 0.00589901 0.00179802 0.         0.01784423
 0.00244522 0.00460099]
	[RESULT 37] [0.01218578 0.01729527 0.01510949 0.01367866 0.00389764 0.09021897
 0.         0.00832846 0.00510949 0.00021897 0.         0.00918578
 0.0010763  0.01189051]
	[RESULT 38] [0.0233408  0.02086908 0.01579012 0.01798522 0.00956546 0.09158024
 0.         0.00420988 0.00579012 0.00158024 0.         0.0228408
 0.00755068 0.00470988]
	[RESULT 39] [0.01242475 0.01756105 0.01513629 0.01350794 0.00378052 0.09027259
 0.         0.00990888 0.00513629 0.00027259 0.         0.01192475
 0.00228846 0.01036371]
	[RESULT 40] [0.02047127 0.02109841 0.01843032 0.01284015 0.0097008  0.09686064
 0.         0.00156968 0.00843032 0.00686064 0.         0.01797127
 0.00140159 0.00343032]
	[RESULT 41] [0.01726208 0.02237262 0.01511054 0.01596523 0.00618631 0.09022109
 0.         0.00666837 0.00511054 0.00022109 0.         0.01526208
 0.00215154 0.00688946]
	[RESULT 42] [0.01336396 0.01888885 0.01552489 0.01339465 0.00444442 0.09104978
 0.         0.00942533 0.00552489 0.00104978 0.         0.01236396
 0.00283907 0.01047511]
	[RESULT 43] [0.01305046 0.01962474 0.01657428 0.0119138  0.00506237 0.09314857
 0.         0.00727715 0.00657428 0.00314857 0.         0.01005046
 0.00047617 0.01042572]
	[RESULT 44] [0.02762182 0.01721694 0.01516124 0.02131904 0.01164153 0.09032249
 0.         0.00551627 0.00516124 0.00032249 0.         0.02562182
 0.01146058 0.00583876]
	[RESULT 45] [0.01058715 0.01569725 0.01511009 0.01262843 0.00284862 0.09022019
 0.         0.00833028 0.00511009 0.00022019 0.         0.00858715
 0.00047706 0.01188991]
	[RESULT 46] [0.02086407 0.01974971 0.01938622 0.0116027  0.01037514 0.09877244
 0.         0.00061378 0.00938622 0.00877244 0.         0.01836407
 0.00275029 0.00438622]
	[RESULT 47] [0.0135976  0.021697   0.01809941 0.00964968 0.0058485  0.09619882
 0.         0.00190059 0.00809941 0.00619882 0.         0.0130976
 0.00049819 0.00740059]
	[RESULT 48] [0.01534228 0.02491025 0.01956797 0.00831919 0.00745512 0.09913594
 0.         0.00043203 0.00956797 0.00913594 0.         0.01334228
 0.00077431 0.00743203]
	[RESULT 49] [0.01453874 0.02164739 0.01710865 0.01160639 0.0058237  0.0942173
 0.         0.00467404 0.00710865 0.0042173  0.         0.01353874
 0.00243009 0.00889135]
	[RESULT 50] [0.03252944 0.00647013 0.01605931 0.02489632 0.01701493 0.09211861
 0.         0.00394069 0.00605931 0.00211861 0.         0.03452944
 0.00258875 0.00494069]
	[RESULT 51] [0.01491378 0.02063163 0.01571784 0.01388013 0.00531581 0.09143569
 0.         0.00834647 0.00571784 0.00143569 0.         0.01441378
 0.00419594 0.00978216]
	[RESULT 52] [0.0230462  0.02180834 0.01514546 0.01905491 0.00934583 0.09029092
 0.         0.00556361 0.00514546 0.00029092 0.         0.0210462
 0.00690074 0.00585454]
	[RESULT 53] [ 0.03369202  0.01086877  0.01543921  0.0236872   0.01456561  0.09087842
  0.          0.00918237  0.00543921  0.00087842  0.          0.03319202
 -0.00025281  0.01006079]
	[RESULT 54] [0.01548576 0.0242914  0.01880565 0.00978441 0.0073957  0.09761129
 0.         0.00119435 0.00880565 0.00761129 0.         0.01398576
 0.00068011 0.00669435]
	[RESULT 55] [0.03352322 0.00808629 0.01543694 0.02491701 0.01595686 0.09087387
 0.         0.00456306 0.00543694 0.00087387 0.         0.03402322
 0.00196016 0.00506306]
	[RESULT 56] [2.28944119e-02 1.71060999e-02 1.99994882e-02 1.16979736e-02
 1.16969501e-02 9.99989765e-02 0.00000000e+00 5.11756011e-07
 9.99948824e-03 9.99897649e-03 0.00000000e+00 2.03944119e-02
 5.39390013e-03 4.99948824e-03]
	[RESULT 57] [0.01391609 0.01906308 0.01514699 0.01448755 0.00478154 0.09029399
 0.         0.00994098 0.00514699 0.00029399 0.         0.01241609
 0.00276909 0.01035301]
	[RESULT 58] [0.01126866 0.01669942 0.01543077 0.01248818 0.00334971 0.09086153
 0.         0.0097923  0.00543077 0.00086153 0.         0.00976866
 0.00083789 0.01106923]
	[RESULT 59] [ 0.0287855   0.00334629  0.01543921  0.02255156  0.01832686  0.09087842
  0.          0.00918237  0.00543921  0.00087842  0.          0.0292855
 -0.00777529  0.01006079]
	[RESULT 60] [0.0125622  0.01833313 0.01577093 0.0128747  0.00441657 0.09154187
 0.         0.0096872  0.00577093 0.00154187 0.         0.0095622
 0.00079127 0.01122907]
	[RESULT 61] [0.01962458 0.02126649 0.01910893 0.01114889 0.00936676 0.09821786
 0.         0.00089107 0.00910893 0.00821786 0.         0.01912458
 0.00323351 0.00410893]
	[RESULT 62] [0.0106911  0.01580146 0.01511036 0.01268001 0.00290073 0.09022072
 0.         0.00883108 0.00511036 0.00022072 0.         0.0091911
 0.00058074 0.01138964]
	[RESULT 63] [0.01097141 0.01642131 0.01544991 0.01231085 0.00321066 0.09089981
 0.         0.00934972 0.00544991 0.00089981 0.         0.00897141
 0.0005215  0.01155009]
	[RESULT 64] [0.02244179 0.02117349 0.01638472 0.01689381 0.00966326 0.09276944
 0.         0.00361528 0.00638472 0.00276944 0.         0.02044179
 0.00505707 0.00461528]
	[RESULT 65] [ 0.02893792 -0.00011568  0.01905359  0.02195065  0.02005784  0.09810719
  0.          0.00094641  0.00905359  0.00810719  0.          0.02943792
 -0.00161568  0.00405359]
	[RESULT 66] [1.79780979e-02 2.20630462e-02 1.99588560e-02 9.30076499e-03
 9.21847691e-03 9.99177119e-02 0.00000000e+00 4.11440398e-05
 9.95885596e-03 9.91771192e-03 0.00000000e+00 1.64780979e-02
 2.01924190e-03 5.54114404e-03]
	[RESULT 67] [0.01455916 0.02265857 0.01809941 0.01038047 0.00657928 0.09619882
 0.         0.00270177 0.00809941 0.00619882 0.         0.01155916
 0.00045975 0.00890059]
	[RESULT 68] [0.01937045 0.02181871 0.01881083 0.01146898 0.00909064 0.09762166
 0.         0.00118917 0.00881083 0.00762166 0.         0.01787045
 0.00168129 0.00381083]
	[RESULT 69] [0.01741708 0.0233765  0.01595942 0.01501941 0.00693825 0.09191884
 0.         0.00404058 0.00595942 0.00191884 0.         0.01491708
 0.00045766 0.00554058]
	[RESULT 70] [0.03191935 0.01293321 0.01514744 0.02348852 0.0137834  0.09029488
 0.         0.00655768 0.00514744 0.00029488 0.         0.02891935
 0.00722809 0.00685256]
	[RESULT 71] [0.03410342 0.00846301 0.01564042 0.02448766 0.0157685  0.09128084
 0.         0.00435958 0.00564042 0.00128084 0.         0.03460342
 0.00274384 0.00485958]
	[RESULT 72] [0.01520634 0.0231871  0.01798076 0.01088203 0.00684355 0.09596152
 0.         0.00255772 0.00798076 0.00596152 0.         0.01270634
 0.00122558 0.00851924]
	[RESULT 73] [0.01305582 0.02040352 0.0173477  0.01050635 0.00520176 0.09469541
 0.         0.00495689 0.0073477  0.00469541 0.         0.01105582
 0.00070812 0.0096523 ]
	[RESULT 74] [0.01820085 0.02469367 0.01649282 0.01461119 0.00759684 0.09298565
 0.         0.00350718 0.00649282 0.00298565 0.         0.01670085
 0.00070802 0.00400718]
	[RESULT 75] [0.01609413 0.02120319 0.01510906 0.01538348 0.0056016  0.09021812
 0.         0.00667282 0.00510906 0.00021812 0.         0.01409413
 0.00098508 0.00689094]
	[RESULT 76] [0.01868112 0.02417078 0.01548966 0.01635606 0.00733539 0.09097933
 0.         0.00453101 0.00548966 0.00097933 0.         0.01668112
 0.00219146 0.00551034]
	[RESULT 77] [0.01871047 0.02406583 0.0172237  0.01376968 0.00821709 0.09444741
 0.         0.0027763  0.0072237  0.00444741 0.         0.01621047
 0.00048677 0.0042763 ]
	[RESULT 78] [0.01859319 0.0233074  0.01809941 0.01214748 0.0083463  0.09619882
 0.         0.00190059 0.00809941 0.00619882 0.         0.01809319
 0.0011926  0.00309941]
	[RESULT 79] [ 0.02811325  0.00276778  0.01534546  0.02207482  0.01861611  0.09069093
  0.          0.00465454  0.00534546  0.00069093  0.          0.02861325
 -0.00354129  0.00515454]
	[RESULT 80] [0.01189363 0.01712025 0.01522661 0.0133569  0.00381012 0.09045323
 0.         0.00967984 0.00522661 0.00045323 0.         0.00989363
 0.00066702 0.01077339]
	[RESULT 81] [0.03350218 0.00824912 0.01525306 0.02438067 0.01612544 0.09050611
 0.         0.00524083 0.00525306 0.00050611 0.         0.03449782
 0.00275523 0.00574694]
	[RESULT 82] [0.03169679 0.0058423  0.01585449 0.02463013 0.01707885 0.09170898
 0.         0.00414551 0.00585449 0.00170898 0.         0.03219679
 0.00055128 0.00464551]
	[RESULT 83] [0.02163396 0.02054582 0.01782022 0.01408665 0.00972709 0.09564044
 0.         0.00217978 0.00782022 0.00564044 0.         0.02013396
 0.00381374 0.00367978]
	[RESULT 84] [0.01504863 0.02461126 0.01956263 0.00818037 0.00730563 0.09912526
 0.         0.00043737 0.00956263 0.00912526 0.         0.01454863
 0.000486   0.00593737]
	[RESULT 85] [0.0158054  0.0232894  0.017484   0.01192671 0.0068947  0.094968
 0.         0.00304801 0.007484   0.004968   0.         0.0143054
 0.00232141 0.008016  ]
	[RESULT 86] [0.01255345 0.01767275 0.0151193  0.01384777 0.00408638 0.09023861
 0.         0.00885791 0.0051193  0.00023861 0.         0.01005345
 0.00143415 0.0113807 ]
	[RESULT 87] [0.01938632 0.02408833 0.01652535 0.01515514 0.00820583 0.09305069
 0.         0.00347465 0.00652535 0.00305069 0.         0.01738632
 0.00186098 0.00447465]
	[RESULT 88] [0.01359368 0.02169309 0.01809941 0.00964773 0.00584655 0.09619882
 0.         0.00270177 0.00809941 0.00619882 0.         0.01159368
 0.00049427 0.00890059]
	[RESULT 89] [0.0208877  0.01970475 0.01940756 0.01158251 0.01039763 0.09881511
 0.         0.00059244 0.00940756 0.00881511 0.         0.0178877
 0.00229525 0.00440756]
	[RESULT 90] [0.01564754 0.02080963 0.01516209 0.01533063 0.00565482 0.09032418
 0.         0.00998627 0.00516209 0.00032418 0.         0.01414754
 0.00448545 0.01033791]
	[RESULT 91] [0.01257498 0.0177137  0.01513872 0.01382941 0.00410685 0.09027744
 0.         0.00991616 0.00513872 0.00027744 0.         0.01107498
 0.00143626 0.01036128]
	[RESULT 92] [0.01109045 0.01640917 0.01531871 0.01256716 0.00320458 0.09063743
 0.         0.00895614 0.00531871 0.00063743 0.         0.00909045
 0.00077174 0.01168129]
	[RESULT 93] [0.01555343 0.0240421  0.01848867 0.01029371 0.00727105 0.09697734
 0.         0.00151133 0.00848867 0.00697734 0.         0.01305343
 0.00106475 0.00801133]
	[RESULT 94] [0.01085197 0.01600057 0.0151486  0.01270308 0.00300028 0.0902972
 0.         0.0084458  0.0051486  0.0002972  0.         0.00885197
 0.00070337 0.0118514 ]
	[RESULT 95] [0.01321432 0.0200937  0.01687938 0.01128809 0.00504685 0.09375876
 0.         0.00486187 0.00687938 0.00375876 0.         0.01271432
 0.00133494 0.00862062]
	[RESULT 96] [0.01258844 0.01833865 0.01575021 0.0129189  0.00441933 0.09150042
 0.         0.00874936 0.00575021 0.00150042 0.         0.01058844
 0.00083823 0.01024979]
	[RESULT 97] [ 0.0343223   0.01036938  0.01530832  0.02419867  0.01481531  0.09061664
  0.          0.00957504  0.00530832  0.00061664  0.          0.0338223
 -0.00101398  0.01019168]
	[RESULT 98] [0.01687063 0.02233088 0.01546024 0.01549495 0.00641544 0.09092048
 0.         0.00561927 0.00546024 0.00092048 0.         0.01387063
 0.00041039 0.00653976]
	[RESULT 99] [0.01173676 0.01694456 0.01520779 0.01330669 0.00372228 0.09041559
 0.         0.00962338 0.00520779 0.00041559 0.         0.00973676
 0.00052897 0.01079221]
	[RESULT 100] [0.01428334 0.02195716 0.01767382 0.01088094 0.00622858 0.09534764
 0.         0.00347853 0.00767382 0.00534764 0.         0.01178334
 0.00060952 0.00882618]
	[RESULT 101] [0.01947976 0.02357634 0.0169439  0.01457403 0.00846183 0.0938878
 0.         0.0030561  0.0069439  0.0038878  0.         0.01797976
 0.00153586 0.0035561 ]
	[RESULT 102] [0.0323517  0.00511464 0.01723705 0.02296857 0.01744268 0.0944741
 0.         0.00276295 0.00723705 0.0044741  0.         0.0333517
 0.00258875 0.00376295]
	[RESULT 103] [0.01147928 0.01729801 0.01581874 0.01201154 0.00364901 0.09163747
 0.         0.00854379 0.00581874 0.00163747 0.         0.01047928
 0.00066054 0.01018126]
	[RESULT 104] [0.03244955 0.0121417  0.01540874 0.02311166 0.01392915 0.09081749
 0.         0.00927377 0.00540874 0.00081749 0.         0.03194955
 0.00095919 0.01009126]
	[RESULT 105] [0.01950222 0.02198715 0.01851062 0.01198518 0.00900642 0.09702125
 0.         0.00148938 0.00851062 0.00702125 0.         0.01900222
 0.00251285 0.00351062]
