[METRICS]
	[DISEQUILIBRIUM COUNT] 38
[VARIABLES]
	[RESULT 1] [0 10.458764552068395 0 4 12 1066.5294976842436 8]
	[RESULT 2] [0 16.992332811692926 0 1 21 3953.014327440199 21]
	[RESULT 3] [1 20.282142274176675 0 2 19 3934.4586398269953 95]
	[RESULT 4] [1 11.618402251961214 1 1 14 3998.5546084319776 67]
	[RESULT 5] [1 6.6179404727633795 0 2 19 3991.060351875409 98]
	[RESULT 6] [1 8.95328233156619 1 1 13 3980.1314226666827 93]
	[RESULT 7] [1 43.95806948655562 0 1 19 3996.5867382195606 97]
	[RESULT 8] [1 6.7016773880172105 0 1 15 3981.0344575623003 50]
	[RESULT 9] [1 6.028499278839279 0 1 13 3990.0219612586006 95]
	[RESULT 10] [0 5.056771346906317 0 2 8 3536.00089857405 39]
	[RESULT 11] [1 5.140892305226561 0 1 13 3980.1314226666827 43]
	[RESULT 12] [1 5.7760417849438195 1 2 9 1208.7893123725453 51]
	[RESULT 13] [1 25.534956298260052 1 3 15 3994.6105925422526 50]
	[RESULT 14] [1 5.401332450939806 1 4 19 3722.4729114352917 60]
	[RESULT 15] [0 7.76184867527202 0 4 12 1125.529371993388 8]
	[RESULT 16] [1 41.262213181692694 0 4 15 3972.05495684902 95]
	[RESULT 17] [1 6.56834767272349 0 4 13 3886.59957645506 19]
	[RESULT 18] [0 5.20760719193168 1 1 9 3795.090861946358 52]
	[RESULT 19] [0 7.099713297571738 0 4 15 3991.182339636836 60]
	[RESULT 20] [0 5.774150070062046 0 4 12 1136.0500610132897 44]
	[RESULT 21] [1 7.32759247597095 0 2 8 3757.667003563011 57]
	[RESULT 22] [0 5.07198501657619 1 1 14 3987.6730534446215 67]
	[RESULT 23] [0 8.95834354090744 1 1 17 1138.3961305321018 60]
	[RESULT 24] [1 5.227104484470761 0 2 8 3956.63919304799 99]
	[RESULT 25] [1 35.77928991152413 0 1 8 3999.6748970001076 93]
	[RESULT 26] [1 44.76430844110916 0 4 13 3990.816330957222 1]
	[RESULT 27] [1 43.260950337533274 0 1 19 3878.611702782261 91]
	[RESULT 28] [0 5.884519122181552 1 2 16 3851.3534212496215 60]
	[RESULT 29] [0 5.016465195972975 0 3 0 3122.57173244447 98]
	[RESULT 30] [1 7.107269300291441 1 4 15 3819.846556794495 10]
	[RESULT 31] [0 8.115602941092623 1 1 14 3998.3515604804775 95]
	[RESULT 32] [1 5.416802150764983 1 1 13 2548.113972602434 43]
	[RESULT 33] [1 6.382111592098441 0 4 13 1087.5278565819385 93]
	[RESULT 34] [1 9.569037188131102 0 1 10 2358.058831649859 53]
	[RESULT 35] [0 5.529304339036292 1 2 14 2274.9075737493413 8]
	[RESULT 36] [0 5.509885882880952 0 1 13 3866.5905391603674 100]
	[RESULT 37] [1 7.023896751943058 0 1 8 3956.1581136071095 100]
	[RESULT 38] [1 5.7546376624850275 0 1 15 3981.0344575623003 50]
	[RESULT 39] [1 44.39169127063442 1 1 19 3996.5867382195606 99]
	[RESULT 40] [1 12.120673706763416 1 1 13 3817.3182995294783 99]
	[RESULT 41] [1 5.747860578735779 1 2 15 3757.667003563011 62]
	[RESULT 42] [1 5.25385963338117 0 4 12 1107.3759536307048 93]
	[RESULT 43] [1 11.83876111835129 1 2 13 2354.2068650174147 8]
	[RESULT 44] [1 44.863146712763985 0 1 13 3996.5867382195606 97]
	[RESULT 45] [1 47.885465746277774 1 1 13 3980.1314226666827 93]
	[RESULT 46] [1 10.702101314028013 0 2 20 3991.3305973725296 98]
	[RESULT 47] [0 6.4884231445616285 0 4 13 3985.9095764799767 4]
	[RESULT 48] [0 5.581759568397751 0 3 4 3674.682634834964 70]
	[RESULT 49] [1 6.5188648996416525 0 2 15 3990.4278460927308 49]
	[RESULT 50] [0 5.208062807176614 1 3 2 3903.3921559145765 86]
	[RESULT 51] [0 7.306854853913972 1 1 8 3967.971855615413 90]
	[RESULT 52] [1 39.52383564172875 1 2 0 3998.924769209517 95]
	[RESULT 53] [0 5.157763545164393 0 4 12 1165.4796523777331 44]
	[RESULT 54] [1 5.1612431975529685 0 2 8 3980.8249542767967 99]
	[RESULT 55] [0 6.518712413401892 1 1 9 3795.090861946358 52]
	[RESULT 56] [1 5.606055954910593 0 2 19 3974.738534900832 100]
	[RESULT 57] [0 7.838430750684118 1 4 1 1412.3773703136978 43]
	[RESULT 58] [1 6.520116029470801 0 4 8 3927.672592087428 50]
	[RESULT 59] [1 25.40138379582451 1 3 15 3994.6105925422526 50]
	[RESULT 60] [1 42.10430252847897 0 4 13 1087.5278565819385 93]
	[RESULT 61] [1 6.223054669492255 0 1 9 3572.996871760006 2]
	[RESULT 62] [1 25.534956298260052 1 3 15 3996.597343741535 50]
	[RESULT 63] [0 5.016465195972975 0 3 0 3228.6675884126735 99]
	[RESULT 64] [1 5.25086703153345 0 4 15 1131.2175783789123 48]
	[RESULT 65] [1 7.016066917613727 0 2 19 3922.318015809693 100]
	[RESULT 66] [0 10.72098402885491 0 2 12 3999.571413468103 96]
	[RESULT 67] [1 37.15376997304147 0 4 7 1710.8718864144191 33]
	[RESULT 68] [1 42.3998685789802 1 4 19 3972.05495684902 95]
	[RESULT 69] [0 5.4059580244957655 0 4 5 3914.899658289328 96]
	[RESULT 70] [0 16.992332811692926 0 4 21 3973.54124182182 93]
	[RESULT 71] [1 42.26237996478042 0 3 13 3997.9478964080827 2]
	[RESULT 72] [1 6.6717346117831555 0 2 19 3922.784859148116 96]
	[RESULT 73] [1 5.066670482623581 0 4 3 3578.754442630937 99]
	[RESULT 74] [0 5.372374525554531 1 3 4 3996.4165402710255 48]
	[RESULT 75] [0 5.4012695967605096 1 2 16 3851.3534212496215 40]
	[RESULT 76] [1 5.670958474973289 0 1 14 1290.9354991807804 50]
	[RESULT 77] [0 6.544668843245049 0 1 18 1142.1256788999412 4]
	[RESULT 78] [1 44.64497730937429 0 1 19 3996.5867382195606 99]
	[RESULT 79] [1 7.694489404989209 0 2 1 3524.965614468074 35]
	[RESULT 80] [1 8.95328233156619 0 4 13 3980.1314226666827 96]
	[RESULT 81] [1 39.9100224852137 0 2 20 2705.4303269408206 95]
	[RESULT 82] [1 44.102635477494516 0 1 13 3994.5999870202786 97]
	[RESULT 83] [0 6.378058690685421 1 1 18 1142.1256788999412 4]
	[RESULT 84] [0 5.086258061979145 0 2 16 3883.162368298668 61]
	[RESULT 85] [1 7.611221596414271 0 1 5 3991.141743944489 98]
	[RESULT 86] [0 20.2181214971575 0 1 14 3998.527226575133 99]
	[RESULT 87] [0 11.13000922727388 1 1 8 1119.766568023079 78]
	[RESULT 88] [1 35.17909769582355 0 1 8 3998.5175926894776 59]
	[RESULT 89] [0 5.365851659404209 1 1 13 3955.8800596466353 9]
	[RESULT 90] [0 8.812805637479947 0 1 13 3978.8922401146165 93]
	[RESULT 91] [1 7.548384406436685 0 1 14 3998.631456205546 95]
	[RESULT 92] [1 5.179821706033046 1 3 13 2308.9516744166967 32]
	[RESULT 93] [1 5.3548849651578205 0 3 15 3990.0511800645518 47]
	[RESULT 94] [1 6.552462448190793 1 4 9 1268.2202432382805 56]
	[RESULT 95] [1 5.140892305226561 0 1 13 3996.408293665733 44]
	[RESULT 96] [0 5.002888351460717 1 2 2 2274.9075737493413 8]
	[RESULT 97] [0 49.65862982414321 1 3 4 3879.4336593815606 51]
	[RESULT 98] [1 25.534956298260052 0 3 15 3878.2469202494594 99]
	[RESULT 99] [0 5.260813508086702 1 3 8 1478.6886554403898 40]
	[RESULT 100] [1 6.5188648996416525 0 2 15 3997.206515087241 49]
	[RESULT 101] [1 7.38496685353371 1 1 14 3974.689950885622 95]
	[RESULT 102] [1 10.046207775316155 1 3 19 3988.0181355177097 98]
	[RESULT 103] [1 10.467996845239956 0 1 13 1076.1836983247974 94]
	[RESULT 104] [0 45.14761232306155 1 4 15 3482.440536117792 100]
	[RESULT 105] [0 25.10181354546248 1 4 12 1063.2091160515201 10]
[OBJECTIVES]
	[RESULT 1] [0.01620045 0.0219746  0.01577414 0.01443901 0.0059873  0.09154828
 0.         0.00467757 0.00577414 0.00154828 0.         0.01420045
 0.00042631 0.00622586]
	[RESULT 2] [0.02431713 0.02029803 0.01538484 0.0190813  0.00985098 0.09076968
 0.         0.00461516 0.00538484 0.00076968 0.         0.02381713
 0.00893228 0.00511516]
	[RESULT 3] [0.02654334 0.01814957 0.01530708 0.02056104 0.01117521 0.09061417
 0.         0.00507875 0.00530708 0.00061417 0.         0.02454334
 0.01023626 0.00569292]
	[RESULT 4] [ 0.03412185  0.00846555  0.01565631  0.02470462  0.01601723  0.09131261
  0.          0.00853108  0.00565631  0.00131261  0.          0.03437815
 -0.00122184  0.00984369]
	[RESULT 5] [ 2.70083944e-02  9.84961239e-05  1.69098983e-02  2.36190446e-02
  2.02007519e-02  9.38197966e-02  0.00000000e+00  3.09010172e-03
  6.90989828e-03  3.81979656e-03  0.00000000e+00  2.90083944e-02
 -2.08170732e-03  4.09010172e-03]
	[RESULT 6] [0.028439   0.01555157 0.01600943 0.02045535 0.01247422 0.09201886
 0.         0.00747171 0.00600943 0.00201886 0.         0.026939
 0.00657043 0.00949057]
	[RESULT 7] [ 0.0268781   0.00175297  0.01512513  0.02087675  0.01937352  0.09025026
  0.          0.00512461  0.00512513  0.00025026  0.          0.0283781
 -0.00399677  0.00537487]
	[RESULT 8] [0.03245854 0.01069076 0.0168507  0.02120322 0.01490462 0.0937014
 0.         0.0031493  0.0068507  0.0037014  0.         0.03095854
 0.00839217 0.0036493 ]
	[RESULT 9] [0.03033344 0.00286856 0.01746488 0.02388597 0.01881572 0.09492975
 0.         0.00253512 0.00746488 0.00492975 0.         0.03183344
 0.00179831 0.00303512]
	[RESULT 10] [0.02133209 0.01893651 0.01973139 0.01106896 0.01053174 0.09946278
 0.         0.00026861 0.00973139 0.00946278 0.         0.02033209
 0.00506349 0.00473139]
	[RESULT 11] [0.03465693 0.00596053 0.01938253 0.01850466 0.01726973 0.09876507
 0.         0.00061747 0.00938253 0.00876507 0.         0.03315693
 0.00546053 0.00438253]
	[RESULT 12] [0.01443718 0.02225243 0.01781525 0.01074572 0.00637621 0.0956305
 0.         0.00255425 0.00781525 0.0056305  0.         0.01243718
 0.00062193 0.00818475]
	[RESULT 13] [0.03219071 0.01257711 0.01523218 0.02349709 0.01396145 0.09046436
 0.         0.00919654 0.00523218 0.00046436 0.         0.02969071
 0.00204147 0.01126782]
	[RESULT 14] [0.01712177 0.0243102  0.01856803 0.01095884 0.0080949  0.09713607
 0.         0.00143197 0.00856803 0.00713607 0.         0.01412177
 0.00255374 0.00843197]
	[RESULT 15] [0.01675974 0.02308888 0.01632913 0.01388617 0.00654444 0.09265827
 0.         0.00367087 0.00632913 0.00265827 0.         0.01475974
 0.00043061 0.00567087]
	[RESULT 16] [0.03127221 0.0135936  0.01513418 0.02318483 0.0134532  0.09026837
 0.         0.00659745 0.00513418 0.00026837 0.         0.02827221
 0.00786197 0.00686582]
	[RESULT 17] [0.02270656 0.02034666 0.01694678 0.01618312 0.01007667 0.09389355
 0.         0.00305322 0.00694678 0.00389355 0.         0.01970656
 0.00475978 0.00505322]
	[RESULT 18] [0.01726705 0.02359253 0.01914042 0.0099229  0.00820373 0.09828084
 0.         0.00085958 0.00914042 0.00828084 0.         0.01676705
 0.00312663 0.00635958]
	[RESULT 19] [0.03441767 0.00780462 0.01661305 0.02287158 0.01609769 0.0932261
 0.         0.00338695 0.00661305 0.0032261  0.         0.03358233
 0.00403073 0.00538695]
	[RESULT 20] [0.01838547 0.02379628 0.01781825 0.01246536 0.00810186 0.0956365
 0.         0.00218175 0.00781825 0.0056365  0.         0.01638547
 0.00056722 0.00418175]
	[RESULT 21] [0.02029504 0.02320237 0.01650259 0.01564364 0.00864881 0.09300518
 0.         0.00349741 0.00650259 0.00300518 0.         0.01829504
 0.00279245 0.00449741]
	[RESULT 22] [0.03199642 0.00833934 0.01966424 0.01650184 0.01583033 0.09932849
 0.         0.00033576 0.00966424 0.00932849 0.         0.03149642
 0.00566783 0.00583576]
	[RESULT 23] [0.01171272 0.01772112 0.0160084  0.01184376 0.00386056 0.0920168
 0.         0.0074748  0.0060084  0.0020168  0.         0.01121272
 0.00070432 0.0094916 ]
	[RESULT 24] [0.0307827  0.00170807 0.01907463 0.0212467  0.01939597 0.09814927
 0.         0.00092537 0.00907463 0.00814927 0.         0.0327827
 0.00170807 0.00407463]
	[RESULT 25] [ 0.02666359  0.00150626  0.01515734  0.0208178   0.01949687  0.09031467
  0.          0.00502799  0.00515734  0.00031467  0.          0.02816359
 -0.00417907  0.00534266]
	[RESULT 26] [0.03460624 0.0102711  0.01512266 0.02486914 0.01511445 0.09024531
 0.         0.00663203 0.00512266 0.00024531 0.         0.03160624
 0.00451642 0.00687734]
	[RESULT 27] [0.02239682 0.02247583 0.01512735 0.01875738 0.00901209 0.09025471
 0.         0.00511794 0.00512735 0.00025471 0.         0.02089682
 0.00626947 0.00537265]
	[RESULT 28] [0.01674027 0.02439346 0.0176532  0.01189034 0.00719673 0.09530639
 0.         0.00304041 0.0076532  0.00530639 0.         0.01574027
 0.00408707 0.0083468 ]
	[RESULT 29] [2.72782501e-02 1.28027424e-02 1.99190076e-02 1.37606137e-02
 1.35986288e-02 9.98380152e-02 0.00000000e+00 8.09924237e-05
 9.91900758e-03 9.83801515e-03 0.00000000e+00 2.57782501e-02
 1.06972576e-02 4.91900758e-03]
	[RESULT 30] [0.01587541 0.02248454 0.01660913 0.01327401 0.00649227 0.09321826
 0.         0.00717261 0.00660913 0.00321826 0.         0.01287541
 0.00326628 0.01039087]
	[RESULT 31] [ 0.03199825  0.00578336  0.01621489  0.02467854  0.01710832  0.09242978
  0.          0.00685533  0.00621489  0.00242978  0.          0.03249825
 -0.00378686  0.00928511]
	[RESULT 32] [0.01529709 0.02382616 0.01852907 0.01010493 0.00716308 0.09705815
 0.         0.00147093 0.00852907 0.00705815 0.         0.01379709
 0.00076802 0.00697093]
	[RESULT 33] [0.02081175 0.02208928 0.01709898 0.01500741 0.00920536 0.09419796
 0.         0.00290102 0.00709898 0.00419796 0.         0.01781175
 0.00271277 0.00490102]
	[RESULT 34] [0.01768943 0.02358725 0.01589782 0.01524798 0.00704362 0.09179564
 0.         0.00410218 0.00589782 0.00179564 0.         0.01618943
 0.0007916  0.00460218]
	[RESULT 35] [0.01384164 0.0221111  0.01826946 0.00951663 0.00605555 0.09653892
 0.         0.00173054 0.00826946 0.00653892 0.         0.01284164
 0.00057218 0.00773054]
	[RESULT 36] [ 0.02774302 -0.00056849  0.01831151  0.02366123  0.02028424  0.09662302
  0.          0.00168849  0.00831151  0.00662302  0.          0.02824302
 -0.00206849  0.00331151]
	[RESULT 37] [ 0.02326773 -0.00338577  0.0166535   0.02136411  0.02194288  0.09330699
  0.          0.0033465   0.0066535   0.00330699  0.          0.02476773
 -0.00607878  0.0038465 ]
	[RESULT 38] [0.03345743 0.00869298 0.01784959 0.02020433 0.01590351 0.09569918
 0.         0.00215041 0.00784959 0.00569918 0.         0.03195743
 0.00819298 0.00284959]
	[RESULT 39] [ 0.02687944  0.00175565  0.01512379  0.0208754   0.01937217  0.09024758
  0.          0.00987136  0.00512379  0.00024758  0.          0.02837944
 -0.00899677  0.01037621]
	[RESULT 40] [0.02462513 0.01975916 0.01561571 0.01913899 0.01037042 0.09123142
 0.         0.00865286 0.00561571 0.00123142 0.         0.02312513
 0.00999059 0.00988429]
	[RESULT 41] [0.01671137 0.02457201 0.01786064 0.01181472 0.007536   0.09572128
 0.         0.00241808 0.00786064 0.00572128 0.         0.01471137
 0.00285073 0.00813936]
	[RESULT 42] [0.0227019  0.01831041 0.01898769 0.01311942 0.01109479 0.09797537
 0.         0.00101231 0.00898769 0.00797537 0.         0.0197019
 0.00368959 0.00398769]
	[RESULT 43] [0.01222698 0.01786484 0.01563786 0.01290671 0.00418242 0.09127571
 0.         0.00908643 0.00563786 0.00127571 0.         0.01022698
 0.00058913 0.01036214]
	[RESULT 44] [ 0.02688087  0.00175851  0.01512236  0.02087397  0.01937074  0.09024472
  0.          0.00513292  0.00512236  0.00024472  0.          0.02838087
 -0.00399677  0.00537764]
	[RESULT 45] [0.0275435  0.01734256 0.01511393 0.02135085 0.01157872 0.09022787
 0.         0.0098418  0.00511393 0.00022787 0.         0.0260435
 0.00657043 0.01038607]
	[RESULT 46] [ 0.02802445  0.00227842  0.01574603  0.02238128  0.01911079  0.09149207
  0.          0.00425397  0.00574603  0.00149207  0.          0.03002445
 -0.00222951  0.00525397]
	[RESULT 47] [0.03320406 0.00978663 0.0170093  0.02108807 0.01510668 0.09401861
 0.         0.0029907  0.0070093  0.00401861 0.         0.03120406
 0.00680524 0.0049907 ]
	[RESULT 48] [0.02059029 0.02124867 0.01816104 0.01305359 0.00937567 0.09632207
 0.         0.00183896 0.00816104 0.00632207 0.         0.01909029
 0.00242926 0.00333896]
	[RESULT 49] [0.03355223 0.00656721 0.01698502 0.02299635 0.0169664  0.09397004
 0.         0.00301498 0.00698502 0.00397004 0.         0.03444777
 0.00453725 0.00401498]
	[RESULT 50] [0.02061166 0.02024948 0.01913886 0.01159754 0.00987526 0.09827772
 0.         0.00086114 0.00913886 0.00827772 0.         0.01911166
 0.0064728  0.00736114]
	[RESULT 51] [0.02428969 0.0191983  0.01651201 0.01737683 0.01040085 0.09302402
 0.         0.00596397 0.00651201 0.00302402 0.         0.02378969
 0.01022232 0.00898799]
	[RESULT 52] [ 0.03155681  0.00641606  0.01514075  0.02323953  0.01704197  0.0902815
  0.          0.00942225  0.00514075  0.0002815   0.          0.03355681
 -0.00430244  0.01085925]
	[RESULT 53] [0.01988812 0.02079321 0.01931867 0.01096605 0.00960339 0.09863734
 0.         0.00068133 0.00931867 0.00863734 0.         0.01788812
 0.00220679 0.00431867]
	[RESULT 54] [ 0.02554601 -0.00375972  0.01930573  0.0235184   0.02212986  0.09861146
  0.          0.00069427  0.00930573  0.00861146  0.          0.02754601
 -0.00375972  0.00430573]
	[RESULT 55] [0.01511177 0.02209691 0.01698514 0.01207817 0.00604846 0.09397028
 0.         0.00454458 0.00698514 0.00397028 0.         0.01461177
 0.00312663 0.00851486]
	[RESULT 56] [ 0.01845181 -0.00966141  0.01811322  0.02114573  0.0249193   0.09622643
  0.          0.00188678  0.00811322  0.00622643  0.          0.02045181
 -0.00966141  0.00311322]
	[RESULT 57] [0.01188667 0.01818928 0.01630262 0.01148941 0.00409464 0.09260523
 0.         0.00809215 0.00630262 0.00260523 0.         0.00988667
 0.00058405 0.01069738]
	[RESULT 58] [0.02479782 0.01821815 0.01698404 0.01717285 0.01114093 0.09396807
 0.         0.00301596 0.00698404 0.00396807 0.         0.02179782
 0.00681378 0.00501596]
	[RESULT 59] [0.03219216 0.01257421 0.01523363 0.02349564 0.0139629  0.09046726
 0.         0.00920089 0.00523363 0.00046726 0.         0.02969216
 0.00204147 0.01126637]
	[RESULT 60] [0.01884399 0.02397521 0.01513122 0.01697517 0.0072376  0.09026244
 0.         0.00660634 0.00513122 0.00026244 0.         0.01584399
 0.00271277 0.00686878]
	[RESULT 61] [0.01983391 0.02291693 0.01724916 0.01429322 0.00879153 0.09449831
 0.         0.00275084 0.00724916 0.00449831 0.         0.01833391
 0.00158475 0.00325084]
	[RESULT 62] [0.03362932 0.0111385  0.01523218 0.02421639 0.01468075 0.09046436
 0.         0.00919654 0.00523218 0.00046436 0.         0.03112932
 0.00060286 0.01126782]
	[RESULT 63] [3.07038557e-02 9.37713672e-03 1.99190076e-02 1.54734165e-02
 1.53114316e-02 9.98380152e-02 0.00000000e+00 8.09924237e-05
 9.91900758e-03 9.83801515e-03 0.00000000e+00 2.92038557e-02
 8.87713672e-03 4.91900758e-03]
	[RESULT 64] [0.02059057 0.02041221 0.01899723 0.01204944 0.0100439  0.09799445
 0.         0.00100277 0.00899723 0.00799445 0.         0.01759057
 0.00158779 0.00399723]
	[RESULT 65] [ 0.02625546 -0.00040233  0.01665779  0.02286441  0.02045117  0.09331558
  0.          0.00334221  0.00665779  0.00331558  0.          0.02825546
 -0.00308675  0.00434221]
	[RESULT 66] [ 2.56774242e-02 -6.65144508e-05  1.57439387e-02  2.14546201e-02
  2.00332572e-02  9.14878774e-02  0.00000000e+00  4.25606132e-03
  5.74393868e-03  1.48787736e-03  0.00000000e+00  2.66774242e-02
 -5.57863709e-03  5.25606132e-03]
	[RESULT 67] [0.01671501 0.02186582 0.01515081 0.01588129 0.00618291 0.09030162
 0.         0.00654756 0.00515081 0.00030162 0.         0.01371501
 0.0005642  0.00684919]
	[RESULT 68] [0.02626824 0.01860156 0.01513021 0.0206888  0.01094922 0.09026042
 0.         0.00839063 0.00513021 0.00026042 0.         0.02326824
 0.00786197 0.01186979]
	[RESULT 69] [0.02823293 0.01321077 0.01855629 0.01628203 0.01339461 0.09711259
 0.         0.00144371 0.00855629 0.00711259 0.         0.02623293
 0.00978923 0.00355629]
	[RESULT 70] [0.03003049 0.01458467 0.01538484 0.02193798 0.01270767 0.09076968
 0.         0.00584547 0.00538484 0.00076968 0.         0.02803049
 0.00835435 0.00661516]
	[RESULT 71] [ 0.03056374  0.00543306  0.01513068  0.02272788  0.01753347  0.09026135
  0.          0.00610797  0.00513068  0.00026135  0.          0.03306374
 -0.00030558  0.00636932]
	[RESULT 72] [0.027986   0.01514256 0.01687144 0.01893583 0.01267872 0.09374289
 0.         0.00312856 0.00687144 0.00374289 0.         0.025986
 0.01011455 0.00412856]
	[RESULT 73] [0.03208806 0.00822446 0.01968748 0.0167628  0.01613777 0.09937497
 0.         0.00031252 0.00968748 0.00937497 0.         0.02908806
 0.00922446 0.00468748]
	[RESULT 74] [0.03411353 0.00547021 0.01864332 0.01997826 0.0172649  0.09728664
 0.         0.00135668 0.00864332 0.00728664 0.         0.03438647
 0.00075685 0.00785668]
	[RESULT 75] [0.01749533 0.02393648 0.01856819 0.01089537 0.00803176 0.09713639
 0.         0.00143181 0.00856819 0.00713639 0.         0.01649533
 0.00392713 0.00743181]
	[RESULT 76] [0.01961305 0.02239466 0.01799229 0.01306808 0.00905267 0.09598459
 0.         0.00200771 0.00799229 0.00598459 0.         0.01811305
 0.00110534 0.00299229]
	[RESULT 77] [0.01738788 0.02435277 0.01696489 0.0132466  0.00717638 0.09392978
 0.         0.00303511 0.00696489 0.00392978 0.         0.01688788
 0.00042298 0.00353511]
	[RESULT 78] [ 0.02188021 -0.0032428   0.01512302  0.01837463  0.0218714   0.09024603
  0.          0.00513095  0.00512302  0.00024603  0.          0.02338021
 -0.00899677  0.00537698]
	[RESULT 79] [0.01890631 0.02474032 0.01635337 0.01517311 0.00787984 0.09270673
 0.         0.00364663 0.00635337 0.00270673 0.         0.01690631
 0.00155294 0.00464663]
	[RESULT 80] [0.034939   0.00905157 0.01600943 0.02370535 0.01572422 0.09201886
 0.         0.00399057 0.00600943 0.00201886 0.         0.031939
 0.00507043 0.00599057]
	[RESULT 81] [0.01994621 0.02491455 0.01513924 0.01751425 0.00779272 0.09027847
 0.         0.00558229 0.00513924 0.00027847 0.         0.01794621
 0.00380697 0.00586076]
	[RESULT 82] [ 0.02831612  0.00319144  0.01512468  0.02159508  0.01865428  0.09024936
  0.          0.00512596  0.00512468  0.00024936  0.          0.02981612
 -0.0025592   0.00537532]
	[RESULT 83] [0.01252554 0.01962809 0.01710256 0.01060894 0.00481405 0.09420511
 0.         0.00419233 0.00710256 0.00420511 0.         0.01202554
 0.00042298 0.00839744]
	[RESULT 84] [0.0245094  0.01588764 0.01960296 0.01285027 0.01205618 0.09920592
 0.         0.00039704 0.00960296 0.00920592 0.         0.0235094
 0.00811236 0.00460296]
	[RESULT 85] [ 0.02748945  0.00110488  0.01638457  0.02307159  0.01969756  0.09276915
  0.          0.00361543  0.00638457  0.00276915  0.          0.02898945
 -0.00212598  0.00411543]
	[RESULT 86] [ 0.02108254 -0.00422576  0.0153083   0.01850372  0.02211288  0.09061659
  0.          0.0046917   0.0053083   0.00061659  0.          0.02158254
 -0.01060916  0.0051917 ]
	[RESULT 87] [0.01178596 0.01748722 0.01570126 0.01234109 0.00374361 0.09140252
 0.         0.00839622 0.00570126 0.00140252 0.         0.01128596
 0.00108469 0.00979874]
	[RESULT 88] [ 0.02976287  0.00460251  0.01516036  0.02237198  0.01794875  0.09032073
  0.          0.00501891  0.00516036  0.00032073  0.          0.03126287
 -0.00107676  0.00533964]
	[RESULT 89] [0.02292036 0.01841892 0.01866072 0.0134691  0.01079054 0.09732144
 0.         0.00133928 0.00866072 0.00732144 0.         0.02242036
 0.00925964 0.00683928]
	[RESULT 90] [0.0320941  0.01186701 0.0160389  0.02198871 0.0140665  0.09207779
 0.         0.0039611  0.0060389  0.00207779 0.         0.0315941
 0.0069448  0.0044611 ]
	[RESULT 91] [ 0.02555509 -0.000854    0.01640909  0.02214118  0.020677    0.09281818
  0.          0.00359091  0.00640909  0.00281818  0.          0.02705509
 -0.00403582  0.00409091]
	[RESULT 92] [0.01589199 0.02487008 0.01923793 0.0093391  0.00781496 0.09847586
 0.         0.00076207 0.00923793 0.00847586 0.         0.01339199
 0.00065406 0.00726207]
	[RESULT 93] [0.03205599 0.00336564 0.01869035 0.02118648 0.01856718 0.0973807
 0.         0.00130965 0.00869035 0.0073807  0.         0.03455599
 0.00386564 0.00369035]
	[RESULT 94] [0.01363005 0.02058894 0.01695889 0.01162669 0.00554447 0.09391779
 0.         0.00612332 0.00695889 0.00391779 0.         0.01063005
 0.00067116 0.01004111]
	[RESULT 95] [ 0.0274071  -0.00197543  0.01938253  0.02247265  0.02123772  0.09876507
  0.          0.00061747  0.00938253  0.00876507  0.          0.0289071
 -0.00247543  0.00438253]
	[RESULT 96] [1.55577776e-02 2.44566226e-02 1.99855998e-02 7.80048904e-03
 7.77168871e-03 9.99711997e-02 0.00000000e+00 1.44001646e-05
 9.98559984e-03 9.97119967e-03 0.00000000e+00 1.45577776e-02
 5.72177759e-04 6.01440016e-03]
	[RESULT 97] [0.01480308 0.01991259 0.01510951 0.01473728 0.0049563  0.09021902
 0.         0.00882852 0.00510951 0.00021902 0.         0.01330308
 0.00469357 0.01139049]
	[RESULT 98] [0.03049104 0.01427678 0.01523218 0.02264725 0.01311161 0.09046436
 0.         0.00580346 0.00523218 0.00046436 0.         0.02799104
 0.00874115 0.00626782]
	[RESULT 99] [0.01453902 0.02350471 0.01896569 0.00882097 0.00675235 0.09793139
 0.         0.00103431 0.00896569 0.00793139 0.         0.01303902
 0.00057332 0.00753431]
	[RESULT 100] [0.02914308 0.00215806 0.01698502 0.02479907 0.01917097 0.09397004
 0.         0.00301498 0.00698502 0.00397004 0.         0.03114308
 0.0001281  0.00401498]
	[RESULT 101] [0.02823342 0.01528946 0.01647712 0.01965103 0.01260527 0.09295424
 0.         0.00606864 0.00647712 0.00295424 0.         0.02673342
 0.0072437  0.00902288]
	[RESULT 102] [ 0.03460619  0.00877923  0.01582696  0.02420646  0.01586039  0.09165393
  0.          0.00901911  0.00582696  0.00165393  0.          0.03289381
 -0.00056684  0.01067304]
	[RESULT 103] [0.01984213 0.02438483 0.01577304 0.01651151 0.00805758 0.09154607
 0.         0.00422696 0.00577304 0.00154607 0.         0.01834213
 0.00306909 0.00472696]
	[RESULT 104] [0.03127346 0.01360503 0.01512151 0.02295446 0.01319749 0.09024303
 0.         0.00836454 0.00512151 0.00024303 0.         0.02927346
 0.00184805 0.01187849]
	[RESULT 105] [0.01066775 0.01590469 0.01523695 0.01247845 0.00295235 0.09047389
 0.         0.00871084 0.00523695 0.00047389 0.         0.00866775
 0.0004308  0.01176305]
