[METRICS]
	[DISEQUILIBRIUM COUNT] 4
[VARIABLES]
	[RESULT 1] [1 9.95872832836575 0 3 21 3085.8397361259185 94]
	[RESULT 2] [1 47.3980892696983 0 3 6 1188.6741831343352 70]
	[RESULT 3] [1 27.885588675698312 0 2 17 1716.4190781107652 5]
	[RESULT 4] [1 38.450359728112446 0 3 15 1035.0559855190259 21]
	[RESULT 5] [1 5.003444578440327 1 2 0 3031.982319830803 60]
	[RESULT 6] [1 7.055529251125568 1 1 0 3035.592245943742 84]
	[RESULT 7] [0 5.666178645951794 0 2 19 1083.0380402152523 3]
	[RESULT 8] [1 9.304372984253337 0 3 21 3686.4567847330086 68]
	[RESULT 9] [1 36.52130840039047 1 2 0 3699.097733686816 80]
	[RESULT 10] [1 16.791641773948257 0 4 17 3968.372039264138 11]
	[RESULT 11] [0 35.63231745783331 1 4 14 3860.8934831673587 11]
	[RESULT 12] [0 8.23095789845603 0 1 5 1016.8916813574283 82]
	[RESULT 13] [1 26.96317630904827 1 4 21 2991.23026254209 11]
	[RESULT 14] [0 5.003444578440327 1 2 0 3059.6111951768175 23]
	[RESULT 15] [1 8.516098275509489 1 1 0 3699.097733686816 86]
	[RESULT 16] [0 7.196586988346317 1 2 0 2408.8073153721434 60]
	[RESULT 17] [1 7.440560745549706 1 3 2 1160.9486272463364 14]
	[RESULT 18] [0 7.113676547818947 0 3 2 1367.6604901739427 39]
	[RESULT 19] [1 8.022725187181933 0 1 19 3930.045270868224 20]
	[RESULT 20] [0 7.042584410568943 0 1 5 3693.5755260554615 82]
	[RESULT 21] [1 5.084546885059892 1 3 0 1102.477431131891 98]
	[RESULT 22] [0 7.443871572128314 1 3 2 1084.5152345402757 14]
	[RESULT 23] [0 5.001679500467773 1 1 21 3449.862607809092 14]
	[RESULT 24] [1 16.728468164030602 0 2 17 3999.135483032547 6]
	[RESULT 25] [0 45.64451546421316 0 4 6 1465.242653538068 66]
	[RESULT 26] [0 28.833439095236844 0 3 12 1297.1327715230912 48]
	[RESULT 27] [0 47.649232403435164 1 4 1 1572.9930985910576 92]
	[RESULT 28] [1 5.655252802769623 1 1 7 1263.5614732607503 45]
	[RESULT 29] [1 14.84164301195177 0 1 0 3867.6183814392816 35]
	[RESULT 30] [1 5.139070858219035 1 2 1 3027.6707561226267 64]
	[RESULT 31] [0 8.693641014116052 0 4 1 1343.6174482078172 5]
	[RESULT 32] [0 6.599019743100998 1 4 22 2129.9075148323204 17]
	[RESULT 33] [1 5.387164584934047 0 3 15 1035.0559855190259 21]
	[RESULT 34] [1 28.292603566971792 1 4 21 3585.8777877173916 11]
	[RESULT 35] [1 49.3725225391334 1 2 6 3979.7813346939492 57]
	[RESULT 36] [0 19.188633305438902 1 1 10 3707.770272753093 80]
	[RESULT 37] [0 18.037936736707373 1 1 18 1782.9150455647668 44]
	[RESULT 38] [1 5.666178645951794 0 2 17 1031.0768839163004 99]
	[RESULT 39] [1 7.02982281193622 1 3 7 1347.6825923614358 72]
	[RESULT 40] [1 5.3625721455295885 0 1 5 1157.1954424350902 94]
	[RESULT 41] [1 5.0061081902021085 1 2 3 3281.8391941203517 60]
	[RESULT 42] [1 5.739313714634437 1 1 21 3577.0374617765765 68]
	[RESULT 43] [1 7.8981673628654425 1 1 17 1229.3515041105852 45]
	[RESULT 44] [0 8.620082011256923 1 1 7 1218.6183268298669 46]
	[RESULT 45] [1 42.637498050428675 0 1 12 1014.8598966543536 98]
	[RESULT 46] [1 5.001007307211232 1 2 11 1615.4452982072412 61]
	[RESULT 47] [1 49.3725225391334 1 3 6 3999.4260644683623 48]
	[RESULT 48] [0 46.29855865899351 1 4 18 3595.0495596440433 91]
	[RESULT 49] [1 5.16134503402485 0 2 19 1073.5259572467637 1]
	[RESULT 50] [0 5.02633843962748 1 1 6 1218.6183268298669 46]
	[RESULT 51] [1 49.95166169600999 0 3 15 3342.4171816281155 39]
	[RESULT 52] [1 37.189428729059166 0 4 21 2252.2261146111814 11]
	[RESULT 53] [1 36.426581250199455 1 4 9 3977.2428671323632 81]
	[RESULT 54] [0 11.269946582471364 1 1 0 1316.692778905022 80]
	[RESULT 55] [1 5.938151744527843 0 3 19 3757.693358930932 69]
	[RESULT 56] [1 6.16944557657113 0 3 21 3504.686763764154 37]
	[RESULT 57] [1 9.608846027068145 1 1 5 1123.5356665759618 71]
	[RESULT 58] [1 6.203995523209029 0 3 19 2438.679084658007 100]
	[RESULT 59] [1 6.3597705431914715 1 3 13 1013.053610526773 99]
	[RESULT 60] [0 5.088616286549854 1 1 9 1339.3671457791336 36]
	[RESULT 61] [0 5.986236294288201 1 1 4 1196.8145128888457 99]
	[RESULT 62] [0 8.051538918799155 0 1 19 3908.5203071647607 20]
	[RESULT 63] [0 6.301239640975372 1 2 1 3180.9433570217075 100]
	[RESULT 64] [0 7.055529251125568 0 1 0 3978.9253528239483 77]
	[RESULT 65] [1 5.003444578440327 1 2 0 3020.7161907757986 60]
	[RESULT 66] [0 5.006984754348266 1 4 21 1869.991034787603 23]
	[RESULT 67] [0 35.03683992717643 1 3 6 1868.1863725704188 93]
	[RESULT 68] [0 5.00067298400114 1 1 21 3449.0281971720315 4]
	[RESULT 69] [1 7.443335988274927 1 2 21 1446.5820603598718 67]
	[RESULT 70] [0 5.003444578440327 0 3 0 3069.778986231989 8]
	[RESULT 71] [1 5.47837286925607 0 3 7 1070.6534260269295 85]
	[RESULT 72] [0 48.59881779497968 0 4 6 1539.2276489240885 66]
	[RESULT 73] [0 6.436624494491691 1 4 0 1218.015181661044 81]
	[RESULT 74] [0 26.95882509513864 0 3 12 1297.1327715230912 48]
	[RESULT 75] [0 49.947881444742364 1 4 5 1048.102983473163 73]
	[RESULT 76] [0 15.918460208657624 0 1 5 3679.3574022816283 86]
	[RESULT 77] [1 45.324928628218544 0 2 16 1174.373854454669 100]
	[RESULT 78] [1 5.0061081902021085 0 2 3 3867.8922097876502 60]
	[RESULT 79] [1 7.889435836544886 1 3 2 1160.9486272463364 14]
	[RESULT 80] [0 8.050574097063873 0 1 19 1234.4927371629824 100]
	[RESULT 81] [0 7.604758299513095 0 4 0 3971.194350237855 80]
	[RESULT 82] [0 8.520081973918604 1 2 17 1107.9847228499525 100]
	[RESULT 83] [0 48.955601304821286 0 1 18 1029.317774431844 10]
	[RESULT 84] [1 5.902132038169512 0 4 8 2982.2472436990033 60]
	[RESULT 85] [1 40.7178082368023 0 4 21 2208.5137173218213 11]
	[RESULT 86] [1 6.938612170055425 1 1 19 1290.8317669619353 45]
	[RESULT 87] [0 6.013759129679197 1 1 17 3449.862607809092 14]
	[RESULT 88] [0 48.32630750681034 0 3 21 3365.7769263290656 21]
	[RESULT 89] [1 47.91691099914323 1 3 12 3867.2242625686818 10]
	[RESULT 90] [0 5.2482514010598855 1 1 0 3706.1196342516073 58]
	[RESULT 91] [0 5.213388060288061 0 2 19 1082.6629089471041 3]
	[RESULT 92] [0 23.356568452137576 1 2 8 3179.245353405792 95]
	[RESULT 93] [1 8.655064599485147 0 3 15 1049.6796314041596 64]
	[RESULT 94] [0 49.870360547642875 1 4 0 1029.8266884871132 22]
	[RESULT 95] [1 5.002808029101653 1 2 0 3031.982319830803 60]
	[RESULT 96] [1 46.86232225308779 1 2 21 3264.7914190549814 68]
	[RESULT 97] [0 22.88570149993719 0 4 8 3985.3305061475085 91]
	[RESULT 98] [1 5.051345108077715 1 2 19 1128.3135826723378 65]
	[RESULT 99] [1 27.74825705256586 1 2 18 1636.879683254759 5]
	[RESULT 100] [1 6.381574028701312 1 1 0 3437.4889814994704 87]
	[RESULT 101] [1 8.812785992856444 0 3 21 3647.3345656280276 93]
	[RESULT 102] [1 6.122166827103187 1 4 13 3157.1892003137655 38]
	[RESULT 103] [1 49.172854868771864 0 3 21 1094.461781162554 22]
	[RESULT 104] [1 5.366411718720352 1 1 18 1174.6005413360317 56]
	[RESULT 105] [0 6.406967787111523 1 1 4 1225.3037391644082 99]
[OBJECTIVES]
	[RESULT 1] [0.02036174 0.02379916 0.01583911 0.01667221 0.00835042 0.09167821
 0.         0.00416089 0.00583911 0.00167821 0.         0.01786174
 0.00352263 0.00566089]
	[RESULT 2] [0.01698073 0.02209594 0.01511521 0.01606755 0.00629797 0.09023042
 0.         0.00615436 0.00511521 0.00023042 0.         0.01448073
 0.00086552 0.00638479]
	[RESULT 3] [0.01668839 0.02189772 0.01520933 0.0157802  0.00619886 0.09041866
 0.         0.00537201 0.00520933 0.00041866 0.         0.01468839
 0.00047906 0.00579067]
	[RESULT 4] [0.01660417 0.02174931 0.01514514 0.01583438 0.00612465 0.09029027
 0.         0.00606459 0.00514514 0.00029027 0.         0.01410417
 0.00045903 0.00635486]
	[RESULT 5] [1.71000357e-02 2.29171280e-02 1.99828362e-02 8.82576353e-03
 8.79143599e-03 9.99656725e-02 0.00000000e+00 1.71637702e-05
 9.98283623e-03 9.96567246e-03 0.00000000e+00 1.51000357e-02
 1.11719951e-03 6.01716377e-03]
	[RESULT 6] [0.01444454 0.02108092 0.01663638 0.0125177  0.00579046 0.09327276
 0.         0.00559087 0.00663638 0.00327276 0.         0.01294454
 0.00180816 0.00886362]
	[RESULT 7] [0.0184174  0.02358172 0.01800088 0.01220738 0.00820914 0.09600176
 0.         0.00199912 0.00800088 0.00600176 0.         0.0174174
 0.00041828 0.00300088]
	[RESULT 8] [0.01939482 0.02466256 0.01594262 0.01603348 0.00791872 0.09188524
 0.         0.00405738 0.00594262 0.00188524 0.         0.01689482
 0.00245221 0.00555738]
	[RESULT 9] [0.01402388 0.01917762 0.01515375 0.01453132 0.00483881 0.09030749
 0.         0.00946124 0.00515375 0.00030749 0.         0.01202388
 0.00287013 0.01084625]
	[RESULT 10] [0.02765005 0.01695907 0.01539088 0.02098871 0.01177047 0.09078176
 0.         0.00582736 0.00539088 0.00078176 0.         0.02465005
 0.01125917 0.00660912]
	[RESULT 11] [0.01418879 0.01934686 0.01515807 0.0143573  0.00467343 0.09031613
 0.         0.0084742  0.00515807 0.00031613 0.         0.01218879
 0.00403072 0.01184193]
	[RESULT 12] [0.01744217 0.02362393 0.01618177 0.01444844 0.00681197 0.09236353
 0.         0.00381823 0.00618177 0.00236353 0.         0.01694217
 0.0012604  0.00431823]
	[RESULT 13] [0.01204455 0.01726229 0.01521774 0.01344566 0.00388114 0.09043548
 0.         0.00865322 0.00521774 0.00043548 0.         0.00904455
 0.00082681 0.01178226]
	[RESULT 14] [1.58866540e-02 2.41305097e-02 1.99828362e-02 7.96907267e-03
 7.93474513e-03 9.99656725e-02 0.00000000e+00 1.71637702e-05
 9.98283623e-03 9.96567246e-03 0.00000000e+00 1.48866540e-02
 9.03817805e-04 6.01716377e-03]
	[RESULT 15] [0.01535824 0.02146539 0.01610715 0.01376839 0.00598269 0.0922143
 0.         0.00717855 0.00610715 0.0022143  0.         0.01385824
 0.00325109 0.00939285]
	[RESULT 16] [0.01243868 0.01900285 0.01656417 0.01137309 0.00450143 0.09312834
 0.         0.0063075  0.00656417 0.00312834 0.         0.01143868
 0.00087452 0.00943583]
	[RESULT 17] [0.01290136 0.01935461 0.01645325 0.0120208  0.00492731 0.0929065
 0.         0.00714025 0.00645325 0.0029065  0.         0.01040136
 0.00044811 0.01004675]
	[RESULT 18] [0.0171636  0.02376942 0.01660582 0.01367307 0.00688471 0.09321164
 0.         0.00339418 0.00660582 0.00321164 0.         0.0156636
 0.00055778 0.00489418]
	[RESULT 19] [0.02407194 0.01968513 0.01624294 0.01792156 0.01040744 0.09248588
 0.         0.00375706 0.00624294 0.00248588 0.         0.02257194
 0.006829   0.00425706]
	[RESULT 20] [0.01958177 0.02377489 0.01664334 0.01482588 0.00811256 0.09328668
 0.         0.00335666 0.00664334 0.00328668 0.         0.01908177
 0.00293843 0.00385666]
	[RESULT 21] [0.02249074 0.01789904 0.01961022 0.01208004 0.01130048 0.09922044
 0.         0.00038978 0.00961022 0.00922044 0.         0.01999074
 0.00688052 0.00688978]
	[RESULT 22] [0.01189429 0.01834614 0.01645185 0.01126936 0.00417307 0.09290371
 0.         0.00714444 0.00645185 0.00290371 0.         0.01039429
 0.00044244 0.01004815]
	[RESULT 23] [1.63081985e-02 2.37001849e-02 1.99916166e-02 8.16667438e-03
 8.14990754e-03 9.99832332e-02 0.00000000e+00 8.38342238e-06
 9.99161658e-03 9.98323316e-03 0.00000000e+00 1.58081985e-02
 1.31658192e-03 5.50838342e-03]
	[RESULT 24] [ 0.02923227  0.00383945  0.01539282  0.02245537  0.01833027  0.09078564
  0.          0.00482154  0.00539282  0.00078564  0.          0.03123227
 -0.00137491  0.00560718]
	[RESULT 25] [0.01593566 0.02105572 0.01512006 0.01528773 0.00552786 0.09024013
 0.         0.00663981 0.00512006 0.00024013 0.         0.01393566
 0.00081559 0.00687994]
	[RESULT 26] [0.01580782 0.02100916 0.01520134 0.0151019  0.00550458 0.09040268
 0.         0.00589598 0.00520134 0.00040268 0.         0.01430782
 0.00060648 0.00629866]
	[RESULT 27] [0.01259167 0.01770621 0.01511455 0.01362401 0.00385311 0.0902291
 0.         0.00834365 0.00511455 0.0002291  0.         0.01059167
 0.00247712 0.01188545]
	[RESULT 28] [0.01460416 0.02262485 0.01802069 0.01052105 0.00656242 0.09604137
 0.         0.00197931 0.00802069 0.00604137 0.         0.01310416
 0.00058347 0.00747931]
	[RESULT 29] [0.02073545 0.02380336 0.01546118 0.01742595 0.00834832 0.09092237
 0.         0.00453882 0.00546118 0.00092237 0.         0.01923545
 0.00427427 0.00503882]
	[RESULT 30] [0.01655676 0.0240537  0.01938954 0.00944406 0.00822315 0.09877909
 0.         0.00061046 0.00938954 0.00877909 0.         0.01455676
 0.00116721 0.00661046]
	[RESULT 31] [0.01650669 0.02257196 0.01606527 0.01415544 0.00628598 0.09213054
 0.         0.00393473 0.00606527 0.00213054 0.         0.01450669
 0.00044142 0.00593473]
	[RESULT 32] [0.0124917  0.0194155  0.0169238  0.01086014 0.00470775 0.0938476
 0.         0.00622859 0.0069238  0.0038476  0.         0.0104917
 0.00056789 0.0100762 ]
	[RESULT 33] [0.02006351 0.02133202 0.01860447 0.01237504 0.00958399 0.09720895
 0.         0.00139553 0.00860447 0.00720895 0.         0.01756351
 0.00116798 0.00360447]
	[RESULT 34] [0.01285134 0.01805716 0.01520582 0.01386693 0.00427858 0.09041165
 0.         0.00861747 0.00520582 0.00041165 0.         0.00985134
 0.00164552 0.01179418]
	[RESULT 35] [0.02538647 0.01950333 0.0151102  0.02027794 0.01049833 0.0902204
 0.         0.0093306  0.0051102  0.0002204  0.         0.02338647
 0.00872373 0.0108898 ]
	[RESULT 36] [0.01325176 0.01858095 0.01532919 0.01363209 0.00429047 0.09065839
 0.         0.00951242 0.00532919 0.00065839 0.         0.01275176
 0.00292256 0.01017081]
	[RESULT 37] [0.01098581 0.01634199 0.01535618 0.01245864 0.003171   0.09071236
 0.         0.00943147 0.00535618 0.00071236 0.         0.01048581
 0.00062964 0.01014382]
	[RESULT 38] [0.02920963 0.01278949 0.01800088 0.0178535  0.01385526 0.09600176
 0.         0.00199912 0.00800088 0.00600176 0.         0.02720963
 0.01021051 0.00300088]
	[RESULT 39] [0.01357336 0.02022362 0.01665026 0.01206129 0.00536181 0.09330052
 0.         0.00654922 0.00665026 0.00330052 0.         0.01107336
 0.0009231  0.00984974]
	[RESULT 40] [0.02274461 0.01858586 0.01866953 0.01361801 0.01095707 0.09733906
 0.         0.00133047 0.00866953 0.00733906 0.         0.02124461
 0.00491414 0.00366953]
	[RESULT 41] [1.72984517e-02 2.27319038e-02 1.99696445e-02 8.94475916e-03
 8.88404809e-03 9.99392889e-02 0.00000000e+00 3.03555336e-05
 9.96964447e-03 9.93928893e-03 0.00000000e+00 1.52984517e-02
 1.32880725e-03 6.03035553e-03]
	[RESULT 42] [0.01587596 0.02375066 0.0178747  0.01137594 0.00712533 0.09574939
 0.         0.0021253  0.0078747  0.00574939 0.         0.01437596
 0.00200127 0.0076253 ]
	[RESULT 43] [0.01286336 0.01914601 0.01628265 0.0122577  0.00482301 0.09256531
 0.         0.00665204 0.00628265 0.00256531 0.         0.01136336
 0.0005807  0.00921735]
	[RESULT 44] [0.01166857 0.01775081 0.01608223 0.01171094 0.0038754  0.09216446
 0.         0.0072533  0.00608223 0.00216446 0.         0.01116857
 0.00058634 0.00941777]
	[RESULT 45] [0.02300371 0.02186689 0.01512941 0.01905774 0.00931656 0.09025882
 0.         0.00511178 0.00512941 0.00025882 0.         0.02150371
 0.0068743  0.00537059]
	[RESULT 46] [1.67543526e-02 2.32506789e-02 1.99949685e-02 8.63472348e-03
 8.62466055e-03 9.99899371e-02 0.00000000e+00 5.03146782e-06
 9.99496853e-03 9.98993706e-03 0.00000000e+00 1.47543526e-02
 7.59384026e-04 6.00503147e-03]
	[RESULT 47] [ 0.0340735   0.0089633   0.0151102   0.02445205  0.01576835  0.0902204
  0.          0.0088306   0.0051102   0.0002204   0.          0.0334265
 -0.0018163   0.0113898 ]
	[RESULT 48] [0.01357186 0.01869007 0.01511821 0.01410862 0.00434504 0.09023641
 0.         0.00835462 0.00511821 0.00023641 0.         0.01157186
 0.00345366 0.01188179]
	[RESULT 49] [0.02071711 0.01997754 0.01930535 0.01165053 0.01026123 0.09861071
 0.         0.00069465 0.00930535 0.00861071 0.         0.01871711
 0.00302246 0.00430535]
	[RESULT 50] [0.01545803 0.02467028 0.01987169 0.00792148 0.00766486 0.09974337
 0.         0.00012831 0.00987169 0.00974337 0.         0.01495803
 0.00058634 0.00562831]
	[RESULT 51] [0.01734703 0.02245584 0.01510881 0.0162603  0.00647792 0.09021762
 0.         0.00617357 0.00510881 0.00021762 0.         0.01484703
 0.00123822 0.00639119]
	[RESULT 52] [0.01672543 0.02187608 0.01515065 0.01588674 0.00618804 0.0903013
 0.         0.00654805 0.00515065 0.0003013  0.         0.01372543
 0.00057478 0.00684935]
	[RESULT 53] [0.02524124 0.01960456 0.01515419 0.02013933 0.01044772 0.09030839
 0.         0.00846258 0.00515419 0.00030839 0.         0.02224124
 0.00891295 0.01184581]
	[RESULT 54] [0.01187092 0.01755868 0.01568776 0.01240381 0.00377934 0.09137553
 0.         0.00843671 0.00568776 0.00137553 0.         0.01137092
 0.00118315 0.00981224]
	[RESULT 55] [0.02154292 0.02087731 0.01757978 0.01465179 0.00981135 0.09515955
 0.         0.00242022 0.00757978 0.00515955 0.         0.01904292
 0.00296314 0.00392022]
	[RESULT 56] [0.01981844 0.02287683 0.01730474 0.01420211 0.00881159 0.09460947
 0.         0.00269526 0.00730474 0.00460947 0.         0.01731844
 0.0015137  0.00419526]
	[RESULT 57] [0.01277352 0.01866497 0.01589145 0.01279959 0.00458249 0.0917829
 0.         0.00782565 0.00589145 0.0017829  0.         0.01127352
 0.00088208 0.00960855]
	[RESULT 58] [0.0313374  0.00406879 0.01726861 0.02367839 0.0182156  0.09453721
 0.         0.00273139 0.00726861 0.00453721 0.         0.0338374
 0.00260601 0.00423139]
	[RESULT 59] [0.02332636 0.01955479 0.01711885 0.0162349  0.0104726  0.0942377
 0.         0.00514345 0.00711885 0.0042377  0.         0.02082636
 0.01020751 0.00938115]
	[RESULT 60] [0.0151334  0.02472639 0.01959299 0.00817722 0.00736319 0.09918597
 0.         0.00040701 0.00959299 0.00918597 0.         0.0146334
 0.00054041 0.00590701]
	[RESULT 61] [0.02273831 0.01974436 0.01751732 0.01509317 0.01012782 0.09503465
 0.         0.00294803 0.00751732 0.00503465 0.         0.02223831
 0.01022099 0.00798268]
	[RESULT 62] [0.02184675 0.02191915 0.0162341  0.01657223 0.00904043 0.0924682
 0.         0.0037659  0.0062341  0.0024682  0.         0.02134675
 0.00561266 0.0042659 ]
	[RESULT 63] [0.03291321 0.00991404 0.01717274 0.02069749 0.01504298 0.09434548
 0.         0.00448177 0.00717274 0.00434548 0.         0.03191321
 0.00225953 0.00882726]
	[RESULT 64] [0.03103465 0.01232897 0.01663638 0.02056276 0.01383552 0.09327276
 0.         0.00336362 0.00663638 0.00327276 0.         0.03053465
 0.00860172 0.00386362]
	[RESULT 65] [1.70929751e-02 2.29241886e-02 1.99828362e-02 8.82223323e-03
 8.78790569e-03 9.99656725e-02 0.00000000e+00 1.71637702e-05
 9.98283623e-03 9.96567246e-03 0.00000000e+00 1.50929751e-02
 1.11013892e-03 6.01716377e-03]
	[RESULT 66] [1.55117507e-02 2.45229308e-02 1.99653185e-02 7.80789766e-03
 7.73853460e-03 9.99306369e-02 0.00000000e+00 3.46815298e-05
 9.96531847e-03 9.93063694e-03 0.00000000e+00 1.35117507e-02
 5.46432252e-04 7.03468153e-03]
	[RESULT 67] [0.01295088 0.01811198 0.0151611  0.01373379 0.00405599 0.0903222
 0.         0.0089833  0.0051611  0.0003222  0.         0.01145088
 0.00278978 0.0113389 ]
	[RESULT 68] [1.62879455e-02 2.37154172e-02 1.99966373e-02 8.14901672e-03
 8.14229141e-03 9.99932747e-02 0.00000000e+00 3.36265699e-06
 9.99663734e-03 9.99327469e-03 0.00000000e+00 1.57879455e-02
 1.29130813e-03 5.50336266e-03]
	[RESULT 69] [0.01328271 0.01973479 0.01645208 0.01221324 0.0051174  0.09290416
 0.         0.00664376 0.00645208 0.00290416 0.         0.01128271
 0.00083063 0.00954792]
	[RESULT 70] [2.08521888e-02 1.91649749e-02 1.99828362e-02 1.04518401e-02
 1.04175125e-02 9.99656725e-02 0.00000000e+00 1.71637702e-05
 9.98283623e-03 9.96567246e-03 0.00000000e+00 1.93521888e-02
 4.33502506e-03 4.98283623e-03]
	[RESULT 71] [0.02084365 0.02077425 0.0183821  0.01309868 0.00986287 0.09676419
 0.         0.0016179  0.0083821  0.00676419 0.         0.01834365
 0.00172575 0.0033821 ]
	[RESULT 72] [0.01593497 0.02104708 0.01511211 0.01529932 0.00552354 0.09022422
 0.         0.00666367 0.00511211 0.00022422 0.         0.01393497
 0.00082286 0.00688789]
	[RESULT 73] [0.01327468 0.0203267  0.01705202 0.01105931 0.00516335 0.09410404
 0.         0.00584394 0.00705202 0.00410404 0.         0.01127468
 0.00122266 0.00994798]
	[RESULT 74] [0.01582426 0.02104204 0.01521778 0.01508546 0.00552102 0.09043556
 0.         0.00584666 0.00521778 0.00043556 0.         0.01432426
 0.00060648 0.00628222]
	[RESULT 75] [0.01103305 0.01614187 0.01510882 0.0128533  0.00307094 0.09021764
 0.         0.00832646 0.00510882 0.00021764 0.         0.00903305
 0.00092424 0.01189118]
	[RESULT 76] [0.01856108 0.02398059 0.01541952 0.01615126 0.0069903  0.09083903
 0.         0.00458048 0.00541952 0.00083903 0.         0.01806108
 0.00314156 0.00508048]
	[RESULT 77] [0.03365976 0.00853877 0.01512099 0.02426137 0.01598062 0.09024198
 0.         0.00563702 0.00512099 0.00024198 0.         0.03434024
 0.00278075 0.00587901]
	[RESULT 78] [2.54356098e-02 1.45947457e-02 1.99696445e-02 1.30133382e-02
 1.29526271e-02 9.99392889e-02 0.00000000e+00 3.03555336e-05
 9.96964447e-03 9.93928893e-03 0.00000000e+00 2.34356098e-02
 8.40525428e-03 4.96964447e-03]
	[RESULT 79] [0.01273364 0.01901917 0.01628553 0.01218852 0.00475959 0.09257107
 0.         0.0076434  0.00628553 0.00257107 0.         0.01023364
 0.00044811 0.01021447]
	[RESULT 80] [0.03354163 0.00730724 0.01623439 0.02387759 0.01634638 0.09246879
 0.         0.00376561 0.00623439 0.00246879 0.         0.03404163
 0.00277603 0.00426561]
	[RESULT 81] [0.02895532 0.01465763 0.01638706 0.01989708 0.01267119 0.09277411
 0.         0.00361294 0.00638706 0.00277411 0.         0.02695532
 0.01043174 0.00561294]
	[RESULT 82] [0.03132043 0.01257339 0.01610617 0.02150096 0.0137133  0.09221235
 0.         0.00768148 0.00610617 0.00221235 0.         0.03032043
 0.00278574 0.00989383]
	[RESULT 83] [0.01553963 0.02065086 0.01511122 0.01510299 0.00532543 0.09022244
 0.         0.00516634 0.00511122 0.00022244 0.         0.01503963
 0.00042841 0.00538878]
	[RESULT 84] [0.01971581 0.02265556 0.01762863 0.01366496 0.00892222 0.09525726
 0.         0.00237137 0.00762863 0.00525726 0.         0.01671581
 0.00108718 0.00437137]
	[RESULT 85] [0.01670247 0.02183864 0.01513617 0.01589697 0.00616932 0.09027235
 0.         0.00659148 0.00513617 0.00027235 0.         0.01370247
 0.00056629 0.00686383]
	[RESULT 86] [0.01328722 0.0199887  0.01670148 0.01184138 0.00524435 0.09340297
 0.         0.00539555 0.00670148 0.00340297 0.         0.01178722
 0.00058573 0.00879852]
	[RESULT 87] [0.0137995  0.02128242 0.01748292 0.01067537 0.00564121 0.09496584
 0.         0.00305124 0.00748292 0.00496584 0.         0.0132995
 0.00131658 0.00801708]
	[RESULT 88] [0.01631089 0.02142369 0.0151128  0.01548624 0.00571184 0.0902256
 0.         0.0061616  0.0051128  0.0002256  0.         0.01481089
 0.00119809 0.0063872 ]
	[RESULT 89] [0.01529495 0.0204088  0.01511385 0.0152267  0.0054544  0.0902277
 0.         0.00884155 0.00511385 0.0002277  0.         0.01279495
 0.0041811  0.01138615]
	[RESULT 90] [0.0164307  0.02456369 0.0190056  0.00970695 0.00771815 0.09801121
 0.         0.0009944  0.0090056  0.00801121 0.         0.0159307
 0.0024251  0.0064944 ]
	[RESULT 91] [0.01953719 0.02134212 0.01912069 0.01108756 0.00932894 0.09824139
 0.         0.00087931 0.00912069 0.00824139 0.         0.01853719
 0.00265788 0.00412069]
	[RESULT 92] [0.01433063 0.01958894 0.01525831 0.01427785 0.00479447 0.09051662
 0.         0.00977493 0.00525831 0.00051662 0.         0.01333063
 0.00407232 0.01074169]
	[RESULT 93] [0.0178247 0.0238988 0.0160741 0.0150512 0.0071994 0.0921482 0.
 0.0039259 0.0060741 0.0021482 0.        0.0153247 0.0007506 0.0054259]
	[RESULT 94] [0.01057084 0.01567984 0.015109   0.01262191 0.00283992 0.09021801
 0.         0.00832701 0.005109   0.00021801 0.         0.00857084
 0.00046183 0.011891  ]
	[RESULT 95] [1.71031987e-02 2.29108021e-02 1.99859992e-02 8.82260059e-03
 8.79459893e-03 9.99719983e-02 0.00000000e+00 1.40008308e-05
 9.98599917e-03 9.97199834e-03 0.00000000e+00 1.51031987e-02
 1.11719951e-03 6.01400083e-03]
	[RESULT 96] [0.01254486 0.01766151 0.01511665 0.01384745 0.00408075 0.09023331
 0.         0.00934996 0.00511665 0.00023331 0.         0.01054486
 0.0014282  0.01088335]
	[RESULT 97] [0.03301993 0.01171532 0.01526475 0.02361284 0.01414234 0.0905295
 0.         0.00620575 0.00526475 0.0005295  0.         0.03101993
 0.00524482 0.00673525]
	[RESULT 98] [0.01652713 0.02371706 0.01975581 0.00887985 0.00839147 0.09951162
 0.         0.00024419 0.00975581 0.00951162 0.         0.01452713
 0.00077132 0.00624419]
	[RESULT 99] [0.01168059 0.01689113 0.01521054 0.01327448 0.00369556 0.09042108
 0.         0.00963163 0.00521054 0.00042108 0.         0.00968059
 0.00047005 0.01078946]
	[RESULT 100] [0.01559183 0.02269128 0.01709945 0.01239674 0.00659564 0.0941989
 0.         0.00420164 0.00709945 0.0041989  0.         0.01409183
 0.00249238 0.00840055]
	[RESULT 101] [0.0211938  0.0227673  0.0160389  0.01678855 0.00886635 0.0920778
 0.         0.0039611  0.0060389  0.0020778  0.         0.0186938
 0.0041549  0.0054611 ]
	[RESULT 102] [0.01439375 0.02174983 0.01735608 0.01141275 0.00612491 0.09471216
 0.         0.00493175 0.00735608 0.00471216 0.         0.01139375
 0.00103766 0.00964392]
	[RESULT 103] [0.01657712 0.02168781 0.01511069 0.01587253 0.0060939  0.09022137
 0.         0.00616794 0.00511069 0.00022137 0.         0.01407712
 0.00046644 0.00638931]
	[RESULT 104] [0.01532293 0.02398215 0.01865922 0.00992264 0.00724108 0.09731844
 0.         0.00134078 0.00865922 0.00731844 0.         0.01382293
 0.00066371 0.00684078]
	[RESULT 105] [0.02230054 0.02062216 0.0170773  0.01553432 0.00968892 0.0941546
 0.         0.00426809 0.0070773  0.0041546  0.         0.02180054
 0.01022324 0.0084227 ]
