[METRICS]
	[DISEQUILIBRIUM COUNT] 1913
[VARIABLES]
	[RESULT 1] [1 5.0029326767378315 0 3 6 3930.985752924028 100]
	[RESULT 2] [0 6.14246975281266 0 1 11 3998.921053032651 100]
	[RESULT 3] [0 5.046293907487371 0 1 2 3915.8835773512365 100]
	[RESULT 4] [1 5.111300156328004 0 2 17 3999.976607234455 100]
	[RESULT 5] [1 5.048843406155603 0 4 6 3999.929798131108 24]
	[RESULT 6] [1 5.039381425276179 0 1 3 3998.428924627435 100]
	[RESULT 7] [0 5.771352465871952 0 4 4 3999.9593501477475 100]
	[RESULT 8] [0 6.060619510118692 0 1 15 3999.7703176535424 97]
	[RESULT 9] [1 45.47358204042708 1 4 19 3986.882339255444 100]
	[RESULT 10] [1 5.053130042306849 0 2 6 3999.9998935007093 100]
	[RESULT 11] [1 6.774499296608983 1 4 9 3953.511577658915 100]
	[RESULT 12] [1 6.131659405712929 0 4 7 3998.395749445834 100]
	[RESULT 13] [1 5.00594049889398 1 4 19 3998.5569083518817 98]
	[RESULT 14] [1 5.002109704643215 1 4 14 3953.2289598355624 100]
	[RESULT 15] [1 5.228046957070679 0 4 12 3868.9310402300157 100]
	[RESULT 16] [0 8.104894386076232 1 1 2 1952.1358986439982 13]
	[RESULT 17] [1 45.47358204042708 1 4 19 3834.366117942963 100]
	[RESULT 18] [0 41.88103083663622 0 2 11 3972.549987597887 100]
	[RESULT 19] [0 5.036125757444073 0 3 1 3999.9705341019294 100]
	[RESULT 20] [1 5.258542352458808 0 4 3 3951.023374898834 100]
	[RESULT 21] [1 5.252956001649578 0 4 18 3999.9989624107957 100]
	[RESULT 22] [1 5.550335273059319 0 4 11 3997.281733201663 99]
	[RESULT 23] [1 5.183688407156046 0 4 7 2814.8422691021333 100]
	[RESULT 24] [1 5.3216974039733325 1 4 0 3999.8174356571117 100]
	[RESULT 25] [1 5.1044022392740445 0 2 18 3956.755984553966 100]
	[RESULT 26] [1 5.2746626332336835 1 4 4 3992.3114445155043 100]
	[RESULT 27] [1 5.408612065572438 0 4 7 3999.780646346923 99]
	[RESULT 28] [1 5.234745537632442 0 3 4 3999.999973468294 100]
	[RESULT 29] [0 35.71213664340204 0 2 11 3999.75069491846 34]
	[RESULT 30] [1 33.66550508998446 1 4 2 3983.243044175573 88]
	[RESULT 31] [1 5.117973069184363 0 4 19 3977.213383054401 100]
	[RESULT 32] [1 5.137633994084736 1 4 19 3986.882339255444 100]
	[RESULT 33] [1 5.001607430883232 1 4 9 3983.3245283903625 100]
	[RESULT 34] [1 5.037958903120769 0 3 22 3692.0934581636047 100]
	[RESULT 35] [1 5.03824910012368 0 3 7 3998.42575563913 100]
	[RESULT 36] [1 5.213641661646741 0 4 6 3754.540810372829 100]
	[RESULT 37] [1 5.229330476730112 0 4 11 3989.7065066363534 100]
	[RESULT 38] [0 5.303185853614346 0 2 2 3998.7649463286543 99]
	[RESULT 39] [1 5.070576990366069 0 3 7 3999.9356561854943 100]
	[RESULT 40] [1 6.5926741237592505 0 1 11 3998.9506352240032 100]
	[RESULT 41] [1 7.3090427850248885 0 1 3 3999.983685721303 100]
	[RESULT 42] [1 5.041354368492501 1 4 14 3997.281733201663 100]
	[RESULT 43] [1 5.258542352458808 0 4 6 3967.006446606142 100]
	[RESULT 44] [1 6.862361025033982 0 4 5 3395.758292245895 84]
	[RESULT 45] [1 5.971645442615172 0 4 18 3993.621365918092 100]
	[RESULT 46] [1 5.007291950990602 0 2 11 3972.7751686308015 98]
	[RESULT 47] [1 5.180081844332958 0 2 12 3999.8958796643037 100]
	[RESULT 48] [1 5.2051695250604055 1 4 14 3998.7347720673424 99]
	[RESULT 49] [1 5.240781604004496 0 4 5 3408.6244919531596 90]
	[RESULT 50] [1 7.5125449430154525 0 4 5 3999.9497336866534 100]
	[RESULT 51] [1 7.326290641803787 1 1 4 3952.749774688677 100]
	[RESULT 52] [1 5.045934855940447 1 3 19 3979.0353710301342 100]
	[RESULT 53] [1 5.020219855689008 0 4 19 3999.9732511970155 100]
	[RESULT 54] [1 5.087604011528983 0 4 7 3948.264485094161 100]
	[RESULT 55] [1 5.767669917739285 0 1 13 3999.9601756328448 100]
	[RESULT 56] [1 5.30861707592079 1 4 2 3988.1875464477207 100]
	[RESULT 57] [1 38.1280317000842 1 4 20 3921.58923138538 90]
	[RESULT 58] [1 5.955169792752537 0 4 18 3999.9992523568285 100]
	[RESULT 59] [1 11.158612419238093 0 1 3 3999.865333040301 100]
	[RESULT 60] [1 5.2746626332336835 1 1 4 3995.542792104311 93]
	[RESULT 61] [1 5.050367231423275 0 4 1 3999.999959838954 100]
	[RESULT 62] [1 6.35388205490489 0 1 15 3999.9678905935502 100]
	[RESULT 63] [1 45.45179527774585 0 2 11 3999.673089890181 98]
	[RESULT 64] [1 5.164649628821259 0 1 23 3999.88891523782 100]
	[RESULT 65] [1 5.051384858224824 0 4 23 3999.3801128024097 100]
	[RESULT 66] [1 7.9383638728074875 0 4 16 3956.3638017192034 100]
	[RESULT 67] [1 5.25192315525173 0 4 18 3999.999954857888 100]
	[RESULT 68] [1 5.351148412336556 0 3 7 3996.0382331854585 100]
	[RESULT 69] [1 7.942936362640841 0 2 3 3998.9834139072664 99]
	[RESULT 70] [1 5.1506672854552775 0 4 18 3999.9900427881303 100]
	[RESULT 71] [0 5.619117961025022 1 2 8 3945.5795698294755 100]
	[RESULT 72] [1 7.2279719317925055 0 1 20 3992.5565515746835 100]
	[RESULT 73] [1 5.012867589277531 0 4 19 3973.13639870834 97]
	[RESULT 74] [1 5.408612065572438 0 4 7 3807.65241638601 100]
	[RESULT 75] [1 43.65341332437945 1 4 2 3999.8555607906897 98]
	[RESULT 76] [1 6.151897760069264 0 2 11 3998.9553332783707 100]
	[RESULT 77] [1 5.335932968150164 1 3 19 3991.4855097825935 100]
	[RESULT 78] [1 6.6663404425949455 0 4 15 3990.5900639979263 97]
	[RESULT 79] [0 5.026167078598 0 1 18 3999.9678304131107 100]
	[RESULT 80] [1 5.0016048431820295 0 2 11 3995.3921020599223 98]
	[RESULT 81] [1 37.501768205503325 0 4 7 2774.808651374954 100]
	[RESULT 82] [1 6.636650911431499 0 4 18 3999.989812642288 98]
	[RESULT 83] [1 6.374609755163849 0 3 7 3999.9554425260144 100]
	[RESULT 84] [1 45.47358204042708 1 4 6 3999.995890883878 100]
	[RESULT 85] [1 11.325807508495359 0 4 3 3999.6554316437478 23]
	[RESULT 86] [1 5.111716693729965 0 2 10 3999.7726483700612 100]
	[RESULT 87] [1 5.28418170548515 0 2 12 3999.8958796643037 100]
	[RESULT 88] [0 8.097908089753373 0 1 2 2049.263519836528 99]
	[RESULT 89] [0 6.5075413249087095 1 4 19 3704.3403866196236 100]
	[RESULT 90] [1 5.276547079521487 1 1 19 3972.925852222296 93]
	[RESULT 91] [0 5.0451013051474005 0 3 1 3999.960290186016 99]
	[RESULT 92] [1 5.546799262900445 0 4 11 3998.7825533185146 99]
	[RESULT 93] [1 5.082348437712533 0 4 18 3999.9257408493754 98]
	[RESULT 94] [1 6.193364126209676 1 3 19 3999.999973468294 100]
	[RESULT 95] [0 5.087604011528983 1 4 8 3941.916503328231 100]
	[RESULT 96] [1 17.688880380455533 0 2 3 3996.352232557781 100]
	[RESULT 97] [1 5.006461749709615 0 4 19 3987.122647017487 100]
	[RESULT 98] [1 5.026784886799587 0 2 1 3999.999698223412 100]
	[RESULT 99] [0 5.022017943239939 0 2 2 3999.21030096219 100]
	[RESULT 100] [1 5.698398749956262 0 4 19 3999.9992383450603 97]
	[RESULT 101] [1 5.218009747727255 0 3 11 3999.9999382422698 100]
	[RESULT 102] [1 12.813931053894013 0 1 19 3992.5565515746835 99]
	[RESULT 103] [1 5.116716992083015 0 4 7 3996.938154896952 100]
	[RESULT 104] [1 5.135352228616306 0 1 12 3999.602162382712 100]
	[RESULT 105] [1 5.228046957070679 0 4 19 3995.999249630425 97]
[OBJECTIVES]
	[RESULT 1] [ 2.23666919e-02 -7.61868757e-03  1.99853795e-02  2.40885848e-02
  2.40593438e-02  9.99707590e-02  0.00000000e+00  1.46205065e-05
  9.98537949e-03  9.97075899e-03  0.00000000e+00  2.48666919e-02
 -7.11868757e-03  4.98537949e-03]
	[RESULT 2] [ 0.00870055 -0.0186332   0.01733376  0.01535091  0.0206834   0.09466751
  0.          0.00266624  0.00733376  0.00466751  0.          0.00920055
 -0.02096569  0.00316624]
	[RESULT 3] [ 0.0244934  -0.00528537  0.01977877  0.02308514  0.02264269  0.09955754
  0.          0.00022123  0.00977877  0.00955754  0.          0.0249934
 -0.00678537  0.00477877]
	[RESULT 4] [ 0.00452414 -0.0249751   0.01949923  0.01626092  0.01726245  0.09899847
  0.          0.00050077  0.00949923  0.00899847  0.          0.00652414
 -0.0249751   0.00449923]
	[RESULT 5] [ 0.02404311 -0.00572405  0.01976716  0.02357771  0.02311202  0.09953431
  0.          0.00023284  0.00976716  0.00953431  0.          0.02704311
 -0.00472405  0.00476716]
	[RESULT 6] [ 0.00566763 -0.02414293  0.01981055  0.01729964  0.01767854  0.09962111
  0.          0.00018945  0.00981055  0.00962111  0.          0.00716763
 -0.02464293  0.00481055]
	[RESULT 7] [ 0.00721788 -0.02060482  0.0178227   0.01534299  0.01969759  0.0956454
  0.          0.0021773   0.0078227   0.0056454   0.          0.00921788
 -0.02195942  0.0041773 ]
	[RESULT 8] [ 0.02280114 -0.00462532  0.01742645  0.02254025  0.02231266  0.09485291
  0.          0.00257355  0.00742645  0.00485291  0.          0.02330114
 -0.00677241  0.00307355]
	[RESULT 9] [ 0.02248284 -0.00263772  0.01512056  0.01867226  0.02156886  0.09024112
  0.          0.00836168  0.00512056  0.00024112  0.          0.02548284
 -0.0133966   0.01187944]
	[RESULT 10] [ 0.00425235 -0.0254954   0.01974775  0.0164978   0.0170023   0.0994955
  0.          0.00025225  0.00974775  0.0094955   0.          0.00625235
 -0.0254954   0.00474775]
	[RESULT 11] [ 0.0284552   0.00165307  0.01680213  0.02418079  0.01942346  0.09360425
  0.          0.00659362  0.00680213  0.00360425  0.          0.0314552
 -0.00574267  0.01019787]
	[RESULT 12] [ 0.00816192 -0.01918367  0.01734559  0.01484935  0.02015817  0.09469118
  0.          0.00265441  0.00734559  0.00469118  0.          0.01116192
 -0.02049249  0.00465441]
	[RESULT 13] [ 2.37271975e-02 -6.24327538e-03  1.99704729e-02  2.34306919e-02
  2.33716377e-02  9.99409458e-02  0.00000000e+00  2.95270888e-05
  9.97047291e-03  9.94094582e-03  0.00000000e+00  2.67271975e-02
 -7.30232956e-03  7.02952709e-03]
	[RESULT 14] [ 2.53022786e-02 -4.68719513e-03  1.99894737e-02  2.26146502e-02
  2.25935976e-02  9.99789474e-02  0.00000000e+00  1.05263158e-05
  9.98947368e-03  9.97894737e-03  0.00000000e+00  2.83022786e-02
 -5.70824776e-03  7.01052632e-03]
	[RESULT 15] [ 0.02592385 -0.00314765  0.01907151  0.02368081  0.02182383  0.09814301
  0.          0.00092849  0.00907151  0.00814301  0.          0.02892385
 -0.00214765  0.00407151]
	[RESULT 16] [0.01174685 0.0179649  0.01621806 0.01154634 0.00398245 0.09243612
 0.         0.00684583 0.00621806 0.00243612 0.         0.01124685
 0.00052879 0.00928194]
	[RESULT 17] [ 0.03439909  0.01048035  0.01512056  0.02476871  0.01500983  0.09024112
  0.          0.00836168  0.00512056  0.00024112  0.          0.03139909
 -0.00027854  0.01187944]
	[RESULT 18] [ 0.0229519  -0.00218009  0.01513199  0.01917394  0.02109005  0.09026398
  0.          0.00560402  0.00513199  0.00026398  0.          0.0239519
 -0.00891611  0.00586801]
	[RESULT 19] [ 0.00520376 -0.02462191  0.01982567  0.01734038  0.01768905  0.09965134
  0.          0.00017433  0.00982567  0.00965134  0.          0.00670376
 -0.02512191  0.00482567]
	[RESULT 20] [ 0.02157854 -0.00739431  0.01897285  0.02399854  0.02394716  0.0979457
  0.          0.00102715  0.00897285  0.0079457   0.          0.02457854
 -0.00639431  0.00397285]
	[RESULT 21] [ 0.00501047 -0.02398009  0.01899056  0.01574108  0.01775996  0.09798113
  0.          0.00100944  0.00899056  0.00798113  0.          0.00801047
 -0.02298009  0.00399056]
	[RESULT 22] [ 0.01822658 -0.00999853  0.01822511  0.02120096  0.02475074  0.09645022
  0.          0.00177489  0.00822511  0.00645022  0.          0.02122658
 -0.00954831  0.00377489]
	[RESULT 23] [2.92594538e-02 3.53691508e-05 1.92240846e-02 2.17841462e-02
 2.02323154e-02 9.84481692e-02 0.00000000e+00 7.75915376e-04
 9.22408462e-03 8.44816925e-03 0.00000000e+00 3.22594538e-02
 1.03536915e-03 4.22408462e-03]
	[RESULT 24] [ 0.01039823 -0.01838479  0.01878301  0.01812363  0.02055761  0.09756603
  0.          0.00121699  0.00878301  0.00756603  0.          0.01339823
 -0.02181876  0.00821699]
	[RESULT 25] [ 0.02031435 -0.00921298  0.01952734  0.02419818  0.02485649  0.09905467
  0.          0.00047266  0.00952734  0.00905467  0.          0.02231435
 -0.00921298  0.00452734]
	[RESULT 26] [ 0.01595755 -0.01296505  0.01892261  0.02111269  0.02326747  0.09784521
  0.          0.00107739  0.00892261  0.00784521  0.          0.01895755
 -0.01611984  0.00807739]
	[RESULT 27] [ 0.01566785 -0.01288174  0.01854959  0.02040832  0.02330913  0.09709919
  0.          0.00145041  0.00854959  0.00709919  0.          0.01866785
 -0.01188174  0.00354959]
	[RESULT 28] [ 0.00495061 -0.02409881  0.01904942  0.01579943  0.0177006   0.09809883
  0.          0.00095058  0.00904942  0.00809883  0.          0.00745061
 -0.02359881  0.00404942]
	[RESULT 29] [ 0.02979067  0.004633    0.01515767  0.02263184  0.0176835   0.09031534
  0.          0.00552699  0.00515767  0.00031534  0.          0.03079067
 -0.00205166  0.00584233]
	[RESULT 30] [0.02767457 0.01715688 0.01516855 0.02133447 0.01167156 0.09033709
 0.         0.00850564 0.00516855 0.00033709 0.         0.02467457
 0.00649397 0.01183145]
	[RESULT 31] [ 0.01644864 -0.01302373  0.01947238  0.02218289  0.02323813  0.09894476
  0.          0.00052762  0.00947238  0.00894476  0.          0.01944864
 -0.01202373  0.00447238]
	[RESULT 32] [ 0.01820831 -0.01118677  0.01939509  0.02294679  0.02415661  0.09879017
  0.          0.00060491  0.00939509  0.00879017  0.          0.02120831
 -0.0133966   0.00760491]
	[RESULT 33] [ 1.90111934e-02 -1.09807824e-02  1.99919757e-02  2.42435603e-02
  2.42596088e-02  9.99839515e-02  0.00000000e+00  8.02425598e-06
  9.99197574e-03  9.98395149e-03  0.00000000e+00  2.20111934e-02
 -1.19968309e-02  7.00802426e-03]
	[RESULT 34] [ 0.02730545 -0.0025117   0.01981715  0.02187156  0.02150585  0.09963429
  0.          0.00018285  0.00981715  0.00963429  0.          0.02980545
 -0.0020117   0.00481715]
	[RESULT 35] [ 0.00566519 -0.02415061  0.0198158   0.01730629  0.01767469  0.0996316
  0.          0.0001842   0.0098158   0.0096316   0.          0.00816519
 -0.02365061  0.0048158 ]
	[RESULT 36] [ 0.02756928 -0.00155055  0.01911983  0.02278561  0.02102527  0.09823966
  0.          0.00088017  0.00911983  0.00823966  0.          0.03056928
 -0.00055055  0.00411983]
	[RESULT 37] [ 0.0122241  -0.01684316  0.01906725  0.01946293  0.02132842  0.09813451
  0.          0.00093275  0.00906725  0.00813451  0.          0.0152241
 -0.01584316  0.00406725]
	[RESULT 38] [ 0.01734016 -0.01149659  0.01883675  0.02192521  0.0242517   0.0976735
  0.          0.00116325  0.00883675  0.0076735   0.          0.01834016
 -0.01249659  0.00383675]
	[RESULT 39] [ 0.0043938  -0.02527658  0.01967038  0.01645247  0.01711171  0.09934076
  0.          0.00032962  0.00967038  0.00934076  0.          0.0068938
 -0.02477658  0.00467038]
	[RESULT 40] [ 0.00807858 -0.01884993  0.01692851  0.01418206  0.02032504  0.09385702
  0.          0.00307149  0.00692851  0.00385702  0.          0.00957858
 -0.02099291  0.00357149]
	[RESULT 41] [ 0.00750529 -0.01900572  0.01651101  0.01326916  0.02024714  0.09302202
  0.          0.00348899  0.00651101  0.00302202  0.          0.00900529
 -0.0219837   0.00398899]
	[RESULT 42] [ 0.01165025 -0.01815119  0.01980144  0.02027729  0.02067441  0.09960288
  0.          0.00019856  0.00980144  0.00960288  0.          0.01465025
 -0.01954831  0.00719856]
	[RESULT 43] [ 0.01925009 -0.00972276  0.01897285  0.02283432  0.02488862  0.0979457
  0.          0.00102715  0.00897285  0.0079457   0.          0.02225009
 -0.00872276  0.00397285]
	[RESULT 44] [0.01991654 0.02333665 0.01674681 0.01508806 0.00858167 0.09349362
 0.         0.00325319 0.00674681 0.00349362 0.         0.01691654
 0.00216973 0.00525319]
	[RESULT 45] [ 0.01154604 -0.01598992  0.01753595  0.01682695  0.02175504  0.09507191
  0.          0.00246405  0.00753595  0.00507191  0.          0.01454604
 -0.01691801  0.00446405]
	[RESULT 46] [3.04020420e-02 4.38237785e-04 1.99638042e-02 2.01032727e-02
 2.00308811e-02 9.99276084e-02 0.00000000e+00 3.61958168e-05
 9.96380418e-03 9.92760837e-03 0.00000000e+00 3.24020420e-02
 4.38237785e-04 4.96380418e-03]
	[RESULT 47] [ 0.00486669 -0.0243703   0.01923699  0.01603884  0.01756485  0.09847399
  0.          0.00076301  0.00923699  0.00847399  0.          0.00686669
 -0.0243703   0.00423699]
	[RESULT 48] [ 0.02105549 -0.00809331  0.01914879  0.02400093  0.02429665  0.09829759
  0.          0.00085121  0.00914879  0.00829759  0.          0.02405549
 -0.01079572  0.00785121]
	[RESULT 49] [0.02286189 0.01810839 0.01902972 0.01313637 0.01119581 0.09805944
 0.         0.00097028 0.00902972 0.00805944 0.         0.01986189
 0.00389161 0.00402972]
	[RESULT 50] [ 0.0076267  -0.01879677  0.01642347  0.01319855  0.02035161  0.09284694
  0.          0.00357653  0.00642347  0.00284694  0.          0.0106267
 -0.02194983  0.00557653]
	[RESULT 51] [ 0.02884633  0.00234316  0.01650318  0.02392793  0.01907842  0.09300635
  0.          0.00599047  0.00650318  0.00300635  0.          0.03034633
 -0.00565049  0.00899682]
	[RESULT 52] [ 0.02062218 -0.00915824  0.01978041  0.02473171  0.02482912  0.09956082
  0.          0.00021959  0.00978041  0.00956082  0.          0.02312218
 -0.01059741  0.00671959]
	[RESULT 53] [ 4.12581579e-03 -2.57750886e-02  1.99009044e-02  1.66642645e-02
  1.68624557e-02  9.98018088e-02  0.00000000e+00  9.90955801e-05
  9.90090442e-03  9.80180884e-03  0.00000000e+00  7.12581579e-03
 -2.47750886e-02  4.90090442e-03]
	[RESULT 54] [ 0.02125788 -0.00833938  0.01959726  0.02477483  0.02441969  0.09919452
  0.          0.00040274  0.00959726  0.00919452  0.          0.02425788
 -0.00733938  0.00459726]
	[RESULT 55] [ 0.00621118 -0.0216174   0.01782858  0.01459846  0.0189413   0.09565716
  0.          0.00217142  0.00782858  0.00565716  0.          0.00771118
 -0.0221174   0.00282858]
	[RESULT 56] [ 0.01820122 -0.0106196   0.01882083  0.02208185  0.0244402   0.09764165
  0.          0.00117917  0.00882083  0.00764165  0.          0.02120122
 -0.01397795  0.00817917]
	[RESULT 57] [0.01900855 0.02415505 0.01514651 0.01703451 0.00732753 0.09029301
 0.         0.00843952 0.00514651 0.00029301 0.         0.01600855
 0.00786204 0.01185349]
	[RESULT 58] [ 0.00644342 -0.0211139   0.01755732  0.0143077   0.01919305  0.09511465
  0.          0.00244268  0.00755732  0.00511465  0.          0.00944342
 -0.02199925  0.00444268]
	[RESULT 59] [ 0.00843549 -0.01726297  0.01569846  0.01251543  0.02111851  0.09139692
  0.          0.00430154  0.00569846  0.00139692  0.          0.00993549
 -0.02186605  0.00480154]
	[RESULT 60] [ 0.03136018  0.00243757  0.01892261  0.021186    0.01903122  0.09784521
  0.          0.00107739  0.00892261  0.00784521  0.          0.03286018
 -0.00071722  0.00657739]
	[RESULT 61] [ 0.0042398  -0.02552044  0.01976024  0.01651026  0.01698978  0.09952048
  0.          0.00023976  0.00976024  0.00952048  0.          0.0072398
 -0.02452044  0.00476024]
	[RESULT 62] [ 0.00690792 -0.02021623  0.01712415  0.01389018  0.01964188  0.0942483
  0.          0.00287585  0.00712415  0.0042483   0.          0.00840792
 -0.02196793  0.00337585]
	[RESULT 63] [ 0.0225354  -0.00258522  0.01512062  0.01869863  0.02154261  0.09024124
  0.          0.00563813  0.00512062  0.00024124  0.          0.0245354
 -0.00834398  0.00587938]
	[RESULT 64] [ 0.00481746 -0.02447568  0.01929314  0.01609843  0.01751216  0.09858627
  0.          0.00070686  0.00929314  0.00858627  0.          0.00631746
 -0.02497568  0.00429314]
	[RESULT 65] [ 0.00484926 -0.02490638  0.01975563  0.01680808  0.01729681  0.09951126
  0.          0.00024437  0.00975563  0.00951126  0.          0.00784926
 -0.02390638  0.00475563]
	[RESULT 66] [ 0.02362446 -0.00264511  0.01626956  0.02096657  0.02157255  0.09253913
  0.          0.00373044  0.00626956  0.00253913  0.          0.02662446
 -0.00610598  0.00573044]
	[RESULT 67] [ 0.00500619 -0.02398767  0.01899386  0.01574388  0.01775617  0.09798771
  0.          0.00100614  0.00899386  0.00798771  0.          0.00800619
 -0.02298767  0.00399386]
	[RESULT 68] [ 0.00871927 -0.01998129  0.01870056  0.01716047  0.01975936  0.09740111
  0.          0.00129944  0.00870056  0.00740111  0.          0.01121927
 -0.01948129  0.00370056]
	[RESULT 69] [ 0.01870877 -0.00755932  0.01626809  0.01850652  0.02402966  0.09253618
  0.          0.00373191  0.00626809  0.00253618  0.          0.02070877
 -0.01102314  0.00473191]
	[RESULT 70] [ 0.00466465 -0.02468066  0.0193453   0.01610028  0.01740967  0.09869061
  0.          0.0006547   0.0093453   0.00869061  0.          0.00766465
 -0.02368066  0.0043453 ]
	[RESULT 71] [ 0.02904239  0.00095429  0.0180881   0.02334665  0.01952286  0.0961762
  0.          0.0019119   0.0080881   0.0061762   0.          0.03004239
 -0.00486951  0.0079119 ]
	[RESULT 72] [ 0.01318675 -0.01336221  0.01654896  0.01616682  0.02306889  0.09309792
  0.          0.00345104  0.00654896  0.00309792  0.          0.01468675
 -0.01626429  0.00395104]
	[RESULT 73] [3.20126798e-02 2.07620043e-03 1.99364794e-02 1.93389410e-02
 1.92118998e-02 9.98729588e-02 0.00000000e+00 6.35205895e-05
 9.93647941e-03 9.87295882e-03 0.00000000e+00 3.49873202e-02
 3.07620043e-03 4.93647941e-03]
	[RESULT 74] [ 2.75748283e-02 -9.74764994e-04  1.85495933e-02  2.36381958e-02
  2.07373825e-02  9.70991867e-02  0.00000000e+00  1.45040666e-03
  8.54959334e-03  7.09918667e-03  0.00000000e+00  3.05748283e-02
  2.52350064e-05  3.54959334e-03]
	[RESULT 75] [ 0.02735085  0.00222476  0.01512609  0.02111456  0.01913762  0.09025219
  0.          0.00837828  0.00512609  0.00025219  0.          0.03035085
 -0.00852306  0.01187391]
	[RESULT 76] [ 0.00767923 -0.0196443   0.01732353  0.01457491  0.01992785  0.09464706
  0.          0.00267647  0.00732353  0.00464706  0.          0.00967923
 -0.02099724  0.00367647]
	[RESULT 77] [ 0.01660865 -0.01213406  0.0187427   0.02116838  0.02368297  0.09748541
  0.          0.0012573   0.0087427   0.00748541  0.          0.01910865
 -0.01564865  0.0077573 ]
	[RESULT 78] [ 0.02896141  0.00208618  0.01687523  0.02454355  0.01920691  0.09375046
  0.          0.00312477  0.00687523  0.00375046  0.          0.03196141
 -0.00016336  0.00512477]
	[RESULT 79] [ 0.00515963 -0.02471287  0.0198725   0.01738857  0.01764356  0.099745
  0.          0.0001275   0.0098725   0.009745    0.          0.00565963
 -0.02621287  0.0048725 ]
	[RESULT 80] [ 2.12321122e-02 -8.75987640e-03  1.99919886e-02  2.46459609e-02
  2.46299382e-02  9.99839773e-02  0.00000000e+00  8.01135894e-06
  9.99198864e-03  9.98397728e-03  0.00000000e+00  2.32321122e-02
 -8.75987640e-03  4.99198864e-03]
	[RESULT 81] [0.03335083 0.00820158 0.01514925 0.02414928 0.01614921 0.09029849
 0.         0.00655226 0.00514925 0.00029849 0.         0.03364917
 0.00250008 0.00685075]
	[RESULT 82] [ 0.02044717 -0.00644917  0.01689635  0.0203181   0.02347459  0.09379269
  0.          0.00310365  0.00689635  0.00379269  0.          0.02344717
 -0.00865648  0.00510365]
	[RESULT 83] [ 0.00693887 -0.02016674  0.01710561  0.01387785  0.01966663  0.09421122
  0.          0.00289439  0.00710561  0.00421122  0.          0.00943887
 -0.02195552  0.00439439]
	[RESULT 84] [ 0.01388355 -0.01123701  0.01512056  0.01437261  0.0241315   0.09024112
  0.          0.00836168  0.00512056  0.00024112  0.          0.01688355
 -0.02199589  0.01187944]
	[RESULT 85] [ 0.02840095  0.00271844  0.01568252  0.02247426  0.01889078  0.09136504
  0.          0.00495244  0.00568252  0.00136504  0.          0.03140095
 -0.00191653  0.00631748]
	[RESULT 86] [ 0.00472775 -0.02476979  0.01949755  0.0163602   0.0173651   0.0989951
  0.          0.00050245  0.00949755  0.0089951   0.          0.00672775
 -0.02476979  0.00449755]
	[RESULT 87] [ 0.00521016 -0.02368337  0.01889353  0.01569537  0.01790831  0.09778706
  0.          0.00110647  0.00889353  0.00778706  0.          0.00721016
 -0.02368337  0.00389353]
	[RESULT 88] [0.02653647 0.01724339 0.01622013 0.01893803 0.0113783  0.09244027
 0.         0.00377987 0.00622013 0.00244027 0.         0.02603647
 0.01031634 0.00427987]
	[RESULT 89] [0.03394309 0.00906292 0.01699399 0.02148057 0.01546854 0.09398797
 0.         0.00601804 0.00699399 0.00398797 0.         0.03194309
 0.00105089 0.01000601]
	[RESULT 90] [0.02941893 0.01166425 0.01891682 0.01658424 0.01441787 0.09783363
 0.         0.00108318 0.00891682 0.00783363 0.         0.02791893
 0.00849788 0.00658318]
	[RESULT 91] [ 0.01525542 -0.0145288   0.01978423  0.02230405  0.0227356   0.09956845
  0.          0.00021577  0.00978423  0.00956845  0.          0.01675542
 -0.0150288   0.00478423]
	[RESULT 92] [ 0.01692843 -0.01130405  0.01823248  0.02056294  0.02409797  0.09646496
  0.          0.00176752  0.00823248  0.00646496  0.          0.01992843
 -0.01083909  0.00376752]
	[RESULT 93] [ 0.01778779 -0.0118318   0.01961958  0.02307327  0.0238341   0.09923917
  0.          0.00038042  0.00961958  0.00923917  0.          0.02078779
 -0.0108318   0.00461958]
	[RESULT 94] [ 0.01172042 -0.01555918  0.0172796   0.01652962  0.02197041  0.09455921
  0.          0.00466119  0.0072796   0.00455921  0.          0.01422042
 -0.02199997  0.0092204 ]
	[RESULT 95] [ 0.02788019 -0.00171708  0.01959726  0.02166402  0.02085854  0.09919452
  0.          0.00040274  0.00959726  0.00919452  0.          0.02988019
 -0.00452255  0.00740274]
	[RESULT 96] [ 0.01181803 -0.01354723  0.01536526  0.01370691  0.02297639  0.09073052
  0.          0.00490422  0.00536526  0.00073052  0.          0.01381803
 -0.01881671  0.00563474]
	[RESULT 97] [ 1.25314763e-02 -1.74364224e-02  1.99678987e-02  2.09675861e-02
  2.10317888e-02  9.99357974e-02  0.00000000e+00  3.21013179e-05
  9.96789868e-03  9.93579736e-03  0.00000000e+00  1.55314763e-02
 -1.64364224e-02  4.96789868e-03]
	[RESULT 98] [ 0.00413073 -0.02573884  0.01986957  0.01661972  0.01688058  0.09973914
  0.          0.00013043  0.00986957  0.00973914  0.          0.00613073
 -0.02573884  0.00486957]
	[RESULT 99] [ 0.00587324 -0.02401905  0.01989228  0.01777504  0.01799048  0.09978456
  0.          0.00010772  0.00989228  0.00978456  0.          0.00687324
 -0.02501905  0.00489228]
	[RESULT 100] [ 0.02105681 -0.00688714  0.01794395  0.02219433  0.02369357  0.0958879
  0.          0.00205605  0.00794395  0.0058879   0.          0.02405681
 -0.00699924  0.00405605]
	[RESULT 101] [ 0.004895   -0.02421005  0.01910506  0.01585509  0.01764497  0.09821011
  0.          0.00089494  0.00910506  0.00821011  0.          0.007395
 -0.02371005  0.00410506]
	[RESULT 102] [ 0.02416843 -0.00139886  0.01556728  0.02018514  0.02094943  0.09113457
  0.          0.00443272  0.00556728  0.00113457  0.          0.02566843
 -0.00626429  0.00493272]
	[RESULT 103] [ 0.00725036 -0.02222705  0.01947741  0.01759129  0.01863647  0.09895482
  0.          0.00052259  0.00947741  0.00895482  0.          0.01025036
 -0.02122705  0.00447741]
	[RESULT 104] [ 0.00498769 -0.02441623  0.01940392  0.01634972  0.01754188  0.09880784
  0.          0.00059608  0.00940392  0.00880784  0.          0.00648769
 -0.02491623  0.00440392]
	[RESULT 105] [ 0.02337733 -0.00569418  0.01907151  0.02495408  0.02309709  0.09814301
  0.          0.00092849  0.00907151  0.00814301  0.          0.02637733
 -0.00469418  0.00407151]
