[METRICS]
	[DISEQUILIBRIUM COUNT] 1649
[VARIABLES]
	[RESULT 1] [1 5.130734746439187 0 1 24 3999.967807604236 100]
	[RESULT 2] [1 6.461781695067932 0 3 17 3999.4476729040325 100]
	[RESULT 3] [1 5.043557183267152 0 1 2 3999.1190008527697 100]
	[RESULT 4] [1 5.082775174213167 1 4 5 3968.697053637669 100]
	[RESULT 5] [0 6.245428387813824 0 1 16 3999.713007842523 100]
	[RESULT 6] [0 15.540333588869563 0 1 9 3967.4587862071844 100]
	[RESULT 7] [1 5.19052681995255 0 4 17 3686.8751942822805 100]
	[RESULT 8] [1 13.383901173951969 1 4 5 3994.320768715625 94]
	[RESULT 9] [1 5.4253411527223125 0 3 3 3999.974637603536 98]
	[RESULT 10] [1 6.4591336705183195 0 1 18 3998.7820990954942 100]
	[RESULT 11] [1 5.273043213570315 1 1 16 3998.7932770414 98]
	[RESULT 12] [1 5.0021571349356595 0 4 21 3739.301085771169 100]
	[RESULT 13] [1 7.175956882314958 0 3 12 3999.9768352913247 100]
	[RESULT 14] [1 46.09951044593374 1 3 16 3968.716357099547 100]
	[RESULT 15] [1 6.140497253674143 0 4 6 3999.9986564667956 100]
	[RESULT 16] [0 5.07123905647323 0 4 20 3323.7234105787666 100]
	[RESULT 17] [1 5.283918446468339 1 3 18 3999.9236663824636 100]
	[RESULT 18] [1 5.002081511517491 0 4 24 3892.4526290178883 100]
	[RESULT 19] [0 5.321701235342475 0 1 15 3974.3599974854756 100]
	[RESULT 20] [1 5.0021571349356595 0 3 21 3838.7077593470026 100]
	[RESULT 21] [1 5.047210968512533 1 4 5 3968.697053637669 100]
	[RESULT 22] [1 10.995844143528299 1 1 6 3946.5205075447143 100]
	[RESULT 23] [1 5.823781944417265 0 4 24 3999.9716668622564 100]
	[RESULT 24] [1 5.165329272440642 0 1 24 3996.184681434603 100]
	[RESULT 25] [1 6.737684380429768 0 3 3 3958.98496787382 100]
	[RESULT 26] [1 5.1361958885089845 1 3 18 3999.934391377905 98]
	[RESULT 27] [0 7.754540684180839 1 1 16 3999.9248076887934 98]
	[RESULT 28] [1 5.033727513446846 0 4 16 3999.9935127297604 100]
	[RESULT 29] [1 5.897547423591193 1 2 24 3885.983935483973 95]
	[RESULT 30] [1 5.104360349168595 0 3 16 3935.138609327896 100]
	[RESULT 31] [1 6.576946129439484 1 3 18 3948.6664029363674 100]
	[RESULT 32] [1 5.922680303673321 0 3 24 3999.9414645271913 100]
	[RESULT 33] [1 5.198527711267828 0 1 16 3999.830926788816 100]
	[RESULT 34] [1 5.363550283384906 0 3 2 3999.9992991880654 99]
	[RESULT 35] [0 5.455600986930914 1 1 9 1714.1219971981848 11]
	[RESULT 36] [1 5.171434875028819 0 1 24 3999.9520708101772 100]
	[RESULT 37] [1 5.1377964100698605 0 3 16 3981.688933815407 97]
	[RESULT 38] [1 5.367172490791623 0 1 0 3998.799864974121 100]
	[RESULT 39] [1 5.150763482436261 1 4 5 3968.697053637669 100]
	[RESULT 40] [1 5.082801812056465 1 2 24 3999.7597144335077 95]
	[RESULT 41] [1 6.684958882317079 0 3 21 3992.643333153584 100]
	[RESULT 42] [1 5.022695117916583 0 4 24 3998.6187846385415 100]
	[RESULT 43] [0 5.259179173162425 0 1 12 3987.230072319133 100]
	[RESULT 44] [1 5.270674302563099 0 3 16 3959.8452040342277 100]
	[RESULT 45] [1 5.001354477731381 0 4 2 3999.379649614858 97]
	[RESULT 46] [1 5.043557183267152 0 1 3 3999.1190008527697 100]
	[RESULT 47] [1 5.003456039546374 1 3 18 3999.9241370520513 98]
	[RESULT 48] [0 5.103393854854221 0 4 16 3990.532596719207 100]
	[RESULT 49] [1 5.0004557318672544 1 4 21 3968.697053637669 100]
	[RESULT 50] [1 8.123404782175875 0 4 24 3915.8094719723754 100]
	[RESULT 51] [0 15.540333588869563 0 1 9 3984.2755351342894 100]
	[RESULT 52] [1 14.362619290939753 0 1 15 3831.3431546092133 100]
	[RESULT 53] [1 5.1778521688575525 0 3 21 3992.6497705647434 100]
	[RESULT 54] [0 5.00844511944616 1 4 2 3999.557807534085 100]
	[RESULT 55] [0 8.56925681752188 1 1 9 1697.3040496264068 5]
	[RESULT 56] [1 6.50774904700787 0 1 24 3999.974875983049 100]
	[RESULT 57] [1 5.010585207009743 0 4 4 3076.9819168433187 100]
	[RESULT 58] [1 11.139180455977634 1 3 18 3948.6664029363674 100]
	[RESULT 59] [1 5.023486900035577 0 1 0 3999.9231887442397 100]
	[RESULT 60] [1 5.02608698840255 0 1 4 3999.0744861400963 99]
	[RESULT 61] [1 5.230080545494406 0 4 4 3903.212443003581 100]
	[RESULT 62] [1 8.211382741146217 1 3 18 3999.9944243083232 98]
	[RESULT 63] [1 5.481645928812284 0 4 24 3949.322979892621 100]
	[RESULT 64] [1 5.008971765525468 0 4 4 3999.313263765151 100]
	[RESULT 65] [1 5.0547430312242465 0 1 24 3949.4821392864774 100]
	[RESULT 66] [1 13.29045006768087 1 1 24 3999.9807681622765 99]
	[RESULT 67] [0 5.16292035382837 0 1 9 3347.2745068148315 100]
	[RESULT 68] [1 5.000331795201171 0 4 24 3922.4524034113083 100]
	[RESULT 69] [0 5.004214549007259 1 4 2 3999.146022815542 99]
	[RESULT 70] [1 5.000608670365105 0 3 13 3999.5367851275046 100]
	[RESULT 71] [1 46.87603909254361 1 3 6 3999.938975772035 100]
	[RESULT 72] [1 5.044391013017919 0 4 3 3999.1106052354567 100]
	[RESULT 73] [1 13.291739353146024 0 4 17 3949.5096051543132 100]
	[RESULT 74] [1 5.169971635220934 0 4 24 3922.4524034113083 100]
	[RESULT 75] [1 8.132404880619841 0 4 24 3978.6361941674472 100]
	[RESULT 76] [1 5.257507487038115 0 3 18 3948.6664029363674 100]
	[RESULT 77] [1 5.118094805033303 0 4 15 3807.1235313132674 100]
	[RESULT 78] [1 5.462219436062593 1 4 17 3994.263642377622 84]
	[RESULT 79] [0 5.047210968512533 1 4 5 3968.697053637669 99]
	[RESULT 80] [0 15.540333588869563 0 1 9 3984.2755351342894 12]
	[RESULT 81] [0 5.2604540538577025 0 3 12 3861.910344549563 100]
	[RESULT 82] [1 14.222984874574033 0 2 7 3966.38846490303 100]
	[RESULT 83] [1 18.386462523056828 0 4 17 3994.081708246295 100]
	[RESULT 84] [1 9.967134518677192 1 1 19 1555.9555944163612 98]
	[RESULT 85] [1 10.910201834200844 0 4 24 3838.294167019252 100]
	[RESULT 86] [1 7.471673369660069 0 1 24 3999.9986339426546 100]
	[RESULT 87] [1 6.290311680874072 0 1 3 3999.974013201076 100]
	[RESULT 88] [1 5.479259213055032 0 4 16 3998.2883530337263 99]
	[RESULT 89] [0 5.014544862045897 0 3 11 1528.0872745142271 91]
	[RESULT 90] [1 6.076320682458572 0 1 16 3998.7820990954942 100]
	[RESULT 91] [1 5.103681230039481 0 4 15 3978.087463599252 100]
	[RESULT 92] [0 5.004214549007259 1 4 2 3819.204716153751 99]
	[RESULT 93] [1 5.081106607155972 0 3 17 3999.9486500175294 100]
	[RESULT 94] [1 14.037206628299483 0 1 5 3999.9294569007184 100]
	[RESULT 95] [1 5.111362758889791 0 3 0 3999.467565747519 100]
	[RESULT 96] [1 8.56925681752188 0 1 9 1757.6377476710736 6]
	[RESULT 97] [1 5.1361958885089845 1 4 5 3999.982106321928 98]
	[RESULT 98] [1 8.170773301295789 0 4 8 3688.836683290009 100]
	[RESULT 99] [1 5.09356612055245 1 3 18 3999.9963849918527 98]
	[RESULT 100] [1 5.160496786966953 0 4 24 3949.322979892621 100]
	[RESULT 101] [1 6.171526524686482 0 3 12 3987.5212176871137 100]
	[RESULT 102] [1 5.003540175593829 0 3 2 3930.8282785160345 100]
	[RESULT 103] [1 6.502839515996832 0 4 1 3999.9557048385172 100]
	[RESULT 104] [1 5.16484203057168 0 4 24 3999.9520708101772 100]
	[RESULT 105] [1 5.637452687494643 1 2 2 3996.7736546121205 100]
[OBJECTIVES]
	[RESULT 1] [ 0.00461025 -0.02481166  0.0194219   0.01618798  0.01734417  0.09884381
  0.          0.0005781   0.0094219   0.00884381  0.          0.00611025
 -0.02531166  0.0044219 ]
	[RESULT 2] [ 0.00750934 -0.01952171  0.01703105  0.01405124  0.01998914  0.0940621
  0.          0.00296895  0.00703105  0.0040621   0.          0.01000934
 -0.02145961  0.00446895]
	[RESULT 3] [ 0.00505971 -0.0247316   0.0197913   0.01696681  0.0173842   0.09958261
  0.          0.0002087   0.0097913   0.00958261  0.          0.00655971
 -0.0252316   0.0047913 ]
	[RESULT 4] [ 0.02328157 -0.00633619  0.01961776  0.02418257  0.02341809  0.09923553
  0.          0.00038224  0.00961776  0.00923553  0.          0.02628157
 -0.00810066  0.00738224]
	[RESULT 5] [ 0.00805699 -0.01916976  0.01722675  0.01486861  0.02041512  0.09445349
  0.          0.00277325  0.00722675  0.00445349  0.          0.00855699
 -0.02171627  0.00327325]
	[RESULT 6] [ 0.02370496 -0.00172831  0.01543326  0.02000237  0.02086415  0.09086653
  0.          0.00456674  0.00543326  0.00086653  0.          0.02420496
 -0.00786178  0.00506674]
	[RESULT 7] [ 0.02795175 -0.00124807  0.01919982  0.02247439  0.02087404  0.09839964
  0.          0.00080018  0.00919982  0.00839964  0.          0.03095175
 -0.00024807  0.00419982]
	[RESULT 8] [ 0.03476206  0.00970511  0.01553283  0.02433179  0.01539744  0.09106565
  0.          0.00959848  0.00553283  0.00106565  0.          0.03176206
 -0.00022923  0.01146717]
	[RESULT 9] [ 0.01885074 -0.00965719  0.01850793  0.02193727  0.0249214   0.09701586
  0.          0.00149207  0.00850793  0.00701586  0.          0.02135074
 -0.00915719  0.00350793]
	[RESULT 10] [ 0.00812809 -0.01890515  0.01703324  0.0143639   0.02029743  0.09406647
  0.          0.00296676  0.00703324  0.00406647  0.          0.00962809
 -0.02083867  0.00346676]
	[RESULT 11] [ 0.02455689 -0.0043707   0.0189276   0.02458016  0.02243535  0.09785519
  0.          0.0010724   0.0089276   0.00785519  0.          0.02605689
 -0.00751551  0.0065724 ]
	[RESULT 12] [ 2.68231448e-02 -3.16609278e-03  1.99892375e-02  2.18545713e-02
  2.18330464e-02  9.99784751e-02  0.00000000e+00  1.07624586e-05
  9.98923754e-03  9.97847508e-03  0.00000000e+00  2.98231448e-02
 -2.16609278e-03  4.98923754e-03]
	[RESULT 13] [ 0.00744881 -0.01912551  0.01657433  0.0133359   0.02018724  0.09314866
  0.          0.00342567  0.00657433  0.00314866  0.          0.00994881
 -0.02197686  0.00492567]
	[RESULT 14] [ 0.02777676  0.002658    0.01511877  0.02131653  0.018921    0.09023753
  0.          0.0088563   0.00511877  0.00023753  0.          0.03027676
 -0.00810447  0.01138123]
	[RESULT 15] [ 0.00666544 -0.02067047  0.01733591  0.01408658  0.01941477  0.09467181
  0.          0.00266409  0.00733591  0.00467181  0.          0.00966544
 -0.02199866  0.00466409]
	[RESULT 16] [ 0.02944128 -0.00022622  0.01966749  0.02077812  0.02011311  0.09933498
  0.          0.00033251  0.00966749  0.00933498  0.          0.03144128
 -0.00022622  0.00466749]
	[RESULT 17] [ 0.01018177 -0.01871256  0.01889433  0.01818238  0.02039372  0.09778866
  0.          0.00110567  0.00889433  0.00778866  0.          0.01268177
 -0.0219239   0.00760567]
	[RESULT 18] [ 2.42950906e-02 -5.69452346e-03  1.99896141e-02  2.31180336e-02
  2.30972617e-02  9.99792281e-02  0.00000000e+00  1.03859391e-05
  9.98961406e-03  9.97922812e-03  0.00000000e+00  2.72950906e-02
 -4.69452346e-03  4.98961406e-03]
	[RESULT 19] [ 0.01887498 -0.00990803  0.018783    0.02261199  0.02495401  0.09756601
  0.          0.001217    0.008783    0.00756601  0.          0.01937498
 -0.01140803  0.003783  ]
	[RESULT 20] [ 2.56558186e-02 -4.33341889e-03  1.99892375e-02  2.24382344e-02
  2.24167094e-02  9.99784751e-02  0.00000000e+00  1.07624586e-05
  9.98923754e-03  9.97847508e-03  0.00000000e+00  2.81558186e-02
 -3.83341889e-03  4.98923754e-03]
	[RESULT 21] [ 0.02312475 -0.00664984  0.01977459  0.02402574  0.02357492  0.09954917
  0.          0.00022541  0.00977459  0.00954917  0.          0.02612475
 -0.00810066  0.00722541]
	[RESULT 22] [ 0.03032143  0.00460672  0.01571471  0.02348278  0.01794664  0.09142942
  0.          0.00835587  0.00571471  0.00142942  0.          0.03182143
 -0.00496386  0.00978529]
	[RESULT 23] [ 0.00628675 -0.02145481  0.01774156  0.01450571  0.01902259  0.09548311
  0.          0.00225844  0.00774156  0.00548311  0.          0.00928675
 -0.0219717   0.00425844]
	[RESULT 24] [ 0.00801952 -0.02127112  0.01929063  0.01769571  0.01911444  0.09858127
  0.          0.00070937  0.00929063  0.00858127  0.          0.00951952
 -0.02177112  0.00429063]
	[RESULT 25] [ 0.0227061  -0.00412026  0.01682636  0.02134259  0.02231013  0.09365272
  0.          0.00317364  0.00682636  0.00365272  0.          0.0252061
 -0.00646754  0.00467364]
	[RESULT 26] [ 0.02299812 -0.00640253  0.01940065  0.02464997  0.02345126  0.0988013
  0.          0.00059935  0.00940065  0.0088013   0.          0.02549812
 -0.00860123  0.00709935]
	[RESULT 27] [ 0.02707658  0.00074486  0.01633172  0.02303587  0.01962757  0.09266344
  0.          0.00650484  0.00633172  0.00266344  0.          0.02757658
 -0.0085917   0.00916828]
	[RESULT 28] [ 0.00416962 -0.02566724  0.01983686  0.01659011  0.01691638  0.09967373
  0.          0.00016314  0.00983686  0.00967373  0.          0.00716962
 -0.02466724  0.00483686]
	[RESULT 29] [0.0214642  0.02090082 0.01763498 0.01452963 0.00979959 0.09526996
 0.         0.00309506 0.00763498 0.00526996 0.         0.0194642
 0.00782922 0.00836502]
	[RESULT 30] [ 0.02251734 -0.00701017  0.01952751  0.02470007  0.02375509  0.09905502
  0.          0.00047249  0.00952751  0.00905502  0.          0.02501734
 -0.00651017  0.00452751]
	[RESULT 31] [ 0.02887197  0.00193169  0.01694028  0.02459641  0.01928415  0.09388056
  0.          0.00567916  0.00694028  0.00388056  0.          0.03137197
 -0.00518774  0.00955972]
	[RESULT 32] [ 0.00645786 -0.02114267  0.01760054  0.01437974  0.01917866  0.09520107
  0.          0.00239946  0.00760054  0.00520107  0.          0.00895786
 -0.0219416   0.00389946]
	[RESULT 33] [ 0.00499615 -0.02417563  0.01917179  0.01600575  0.01766218  0.09834357
  0.          0.00082821  0.00917179  0.00834357  0.          0.00649615
 -0.02467563  0.00417179]
	[RESULT 34] [ 0.0153338  -0.0133331   0.0186669   0.02041725  0.02308345  0.0973338
  0.          0.0013331   0.0086669   0.0073338   0.          0.0178338
 -0.0128331   0.0036669 ]
	[RESULT 35] [0.01392769 0.0223627  0.01843501 0.00931133 0.00618135 0.09687001
 0.         0.00156499 0.00843501 0.00687001 0.         0.01342769
 0.00049268 0.00706499]
	[RESULT 36] [ 0.00477957 -0.0244887   0.01926827  0.01604219  0.01750565  0.09853654
  0.          0.00073173  0.00926827  0.00853654  0.          0.00627957
 -0.0249887   0.00426827]
	[RESULT 37] [0.03017505 0.00078059 0.01939446 0.02107079 0.01985971 0.09878892
 0.         0.00060554 0.00939446 0.00878892 0.         0.03267505
 0.00128059 0.00439446]
	[RESULT 38] [ 0.00648798 -0.0221692   0.01865718  0.01597976  0.0186654   0.09731437
  0.          0.00134282  0.00865718  0.00731437  0.          0.00798798
 -0.0226692   0.00365718]
	[RESULT 39] [ 0.0235544  -0.00579055  0.01934494  0.02445539  0.02314527  0.09868988
  0.          0.00065506  0.00934494  0.00868988  0.          0.0265544
 -0.00810066  0.00765506]
	[RESULT 40] [ 0.02628701 -0.00333064  0.01961765  0.02268002  0.02191532  0.0992353
  0.          0.00038235  0.00961765  0.0092353   0.          0.02828701
 -0.00509534  0.00638235]
	[RESULT 41] [ 0.01282182 -0.01404041  0.01686223  0.01645425  0.0227298   0.09372445
  0.          0.00313777  0.00686223  0.00372445  0.          0.01532182
 -0.01631596  0.00463777]
	[RESULT 42] [ 0.00541986 -0.02446918  0.01988904  0.01729349  0.01751541  0.09977809
  0.          0.00011096  0.00988904  0.00977809  0.          0.00841986
 -0.02346918  0.00488904]
	[RESULT 43] [ 0.0144816  -0.01448924  0.01897084  0.02069706  0.02275538  0.09794168
  0.          0.00102916  0.00897084  0.00794168  0.          0.0149816
 -0.01598924  0.00397084]
	[RESULT 44] [ 0.02047254 -0.00846238  0.01893492  0.02338865  0.02448119  0.09786984
  0.          0.00106508  0.00893492  0.00786984  0.          0.02297254
 -0.00796238  0.00393492]
	[RESULT 45] [ 1.96120930e-02 -1.03811438e-02  1.99932368e-02  2.45459016e-02
  2.45594281e-02  9.99864735e-02  0.00000000e+00  6.76322802e-06
  9.99323677e-03  9.98647354e-03  0.00000000e+00  2.26120930e-02
 -9.38114382e-03  4.99323677e-03]
	[RESULT 46] [ 0.00505971 -0.0247316   0.0197913   0.01696681  0.0173842   0.09958261
  0.          0.0002087   0.0097913   0.00958261  0.          0.00655971
 -0.0252316   0.0047913 ]
	[RESULT 47] [ 2.24261875e-02 -7.55659186e-03  1.99827793e-02  2.40627373e-02
  2.40282959e-02  9.99655586e-02  0.00000000e+00  1.72206824e-05
  9.98277932e-03  9.96555864e-03  0.00000000e+00  2.49261875e-02
 -8.59103323e-03  6.51722068e-03]
	[RESULT 48] [ 0.01233545 -0.01719602  0.01953147  0.02046494  0.02140199  0.09906295
  0.          0.00046853  0.00953147  0.00906295  0.          0.01433545
 -0.01719602  0.00453147]
	[RESULT 49] [ 2.29016152e-02 -7.09610716e-03  1.99977224e-02  2.38026088e-02
  2.37980536e-02  9.99954448e-02  0.00000000e+00  2.27762135e-06
  9.99772238e-03  9.99544476e-03  0.00000000e+00  2.59016152e-02
 -8.10066241e-03  7.00227762e-03]
	[RESULT 50] [ 0.02706347  0.00085088  0.01621259  0.02260062  0.01982456  0.09242518
  0.          0.00378741  0.00621259  0.00242518  0.          0.03006347
 -0.00272394  0.00578741]
	[RESULT 51] [ 0.0192197  -0.00621357  0.01543326  0.01775974  0.02310678  0.09086653
  0.          0.00456674  0.00543326  0.00086653  0.          0.0197197
 -0.01234704  0.00506674]
	[RESULT 52] [ 0.03029014  0.00480763  0.0154825   0.02311882  0.01784618  0.09096501
  0.          0.0045175   0.0054825   0.00096501  0.          0.03179014
 -0.00022736  0.0050175 ]
	[RESULT 53] [ 0.01043518 -0.01880983  0.01924501  0.01883511  0.02034508  0.09849003
  0.          0.00075499  0.00924501  0.00849003  0.          0.01293518
 -0.01830983  0.00424501]
	[RESULT 54] [ 1.04763790e-02 -1.94817490e-02  1.99581280e-02  2.01753815e-02
  2.02591255e-02  9.99162560e-02  0.00000000e+00  4.18719833e-05
  9.95812802e-03  9.91625603e-03  0.00000000e+00  1.24763790e-02
 -2.15654930e-02  7.04187198e-03]
	[RESULT 55] [0.01157111 0.01766538 0.01609427 0.01164415 0.00383269 0.09218854
 0.         0.00721719 0.00609427 0.00218854 0.         0.01107111
 0.00047684 0.00940573]
	[RESULT 56] [ 0.00703128 -0.01996254  0.01699382  0.01375637  0.01976873  0.09398764
  0.          0.00300618  0.00699382  0.00398764  0.          0.00853128
 -0.0219749   0.00350618]
	[RESULT 57] [ 2.83931015e-02 -1.55452678e-03  1.99476283e-02  2.11320067e-02
  2.10272634e-02  9.98952567e-02  0.00000000e+00  5.23716701e-05
  9.94762833e-03  9.89525666e-03  0.00000000e+00  3.13931015e-02
 -5.54526785e-04  4.94762833e-03]
	[RESULT 58] [ 0.03011189  0.00441153  0.01570036  0.02335649  0.01804423  0.09140072
  0.          0.00939892  0.00570036  0.00140072  0.          0.03261189
 -0.00518774  0.01079964]
	[RESULT 59] [ 0.00419132 -0.02569394  0.01988526  0.01667355  0.01690303  0.09977052
  0.          0.00011474  0.00988526  0.00977052  0.          0.00569132
 -0.02619394  0.00488526]
	[RESULT 60] [ 0.01501959 -0.01485329  0.01987288  0.02206912  0.02232336  0.09974576
  0.          0.00012712  0.00987288  0.00974576  0.          0.01651959
 -0.01535329  0.00487288]
	[RESULT 61] [ 0.02480334 -0.00426144  0.01906477  0.02425117  0.02238072  0.09812955
  0.          0.00093523  0.00906477  0.00812955  0.          0.02780334
 -0.00326144  0.00406477]
	[RESULT 62] [ 2.61516493e-02 -3.56092391e-05  1.61872585e-02  2.21067124e-02
  2.02678046e-02  9.23745170e-02  0.00000000e+00  7.93822447e-03
  6.18725851e-03  2.37451702e-03  0.00000000e+00  2.86516493e-02
 -8.66109222e-03  1.03127415e-02]
	[RESULT 63] [ 0.02236659 -0.00600803  0.01837463  0.02349523  0.02325402  0.09674925
  0.          0.00162537  0.00837463  0.00674925  0.          0.02536659
 -0.00525878  0.00362537]
	[RESULT 64] [ 4.71283625e-03 -2.52427038e-02  1.99555401e-02  1.70397282e-02
  1.71286481e-02  9.99110801e-02  0.00000000e+00  4.44599434e-05
  9.95554006e-03  9.91108011e-03  0.00000000e+00  7.71283625e-03
 -2.42427038e-02  4.95554006e-03]
	[RESULT 65] [ 0.02098332 -0.00875717  0.01974049  0.0248524   0.02462859  0.09948098
  0.          0.00025951  0.00974049  0.00948098  0.          0.02248332
 -0.00925717  0.00474049]
	[RESULT 66] [ 0.02348103 -0.00205716  0.01553819  0.0197978   0.02127858  0.09107637
  0.          0.00888544  0.00553819  0.00107637  0.          0.02498103
 -0.01198078  0.00996181]
	[RESULT 67] [ 0.02977828  0.00047876  0.01929952  0.02116158  0.01976062  0.09859904
  0.          0.00070048  0.00929952  0.00859904  0.          0.03027828
 -0.00102124  0.00429952]
	[RESULT 68] [ 2.29069276e-02 -7.09141399e-03  1.99983416e-02  2.37990238e-02
  2.37957070e-02  9.99966831e-02  0.00000000e+00  1.65842575e-06
  9.99834157e-03  9.99668315e-03  0.00000000e+00  2.59069276e-02
 -6.09141399e-03  4.99834157e-03]
	[RESULT 69] [ 2.08467540e-02 -9.13226174e-03  1.99790157e-02  2.46080995e-02
  2.45661309e-02  9.99580314e-02  0.00000000e+00  2.09843057e-05
  9.97901569e-03  9.95803139e-03  0.00000000e+00  2.28467540e-02
 -1.11742304e-02  7.02098431e-03]
	[RESULT 70] [ 4.45782979e-03 -2.55391287e-02  1.99969585e-02  1.69743526e-02
  1.69804356e-02  9.99939170e-02  0.00000000e+00  3.04150055e-06
  9.99695850e-03  9.99391700e-03  0.00000000e+00  6.95782979e-03
 -2.50391287e-02  4.99695850e-03]
	[RESULT 71] [ 0.01394426 -0.01117235  0.01511662  0.01439705  0.02416382  0.09023323
  0.          0.00884985  0.00511662  0.00023323  0.          0.01644426
 -0.02193912  0.01138338]
	[RESULT 72] [ 0.00507136 -0.02471612  0.01978748  0.0169669   0.01739194  0.09957496
  0.          0.00021252  0.00978748  0.00957496  0.          0.00807136
 -0.02371612  0.00478748]
	[RESULT 73] [ 0.02518269 -0.00035542  0.01553811  0.02064851  0.02042771  0.09107622
  0.          0.00538566  0.00553811  0.00107622  0.          0.02818269
 -0.0052792   0.00646189]
	[RESULT 74] [ 0.02363166 -0.00564195  0.01927361  0.02452376  0.02307097  0.09854722
  0.          0.00072639  0.00927361  0.00854722  0.          0.02663166
 -0.00464195  0.00427361]
	[RESULT 75] [ 0.01930971 -0.00690024  0.01620995  0.01871978  0.02370012  0.0924199
  0.          0.00379005  0.00620995  0.0024199   0.          0.02230971
 -0.01048034  0.00579005]
	[RESULT 76] [ 0.02183614 -0.00713998  0.01897612  0.02413225  0.02381999  0.09795224
  0.          0.00102388  0.00897612  0.00795224  0.          0.02433614
 -0.00663998  0.00397612]
	[RESULT 77] [ 0.02665951 -0.00281238  0.01947189  0.02271241  0.02165619  0.09894379
  0.          0.00052811  0.00947189  0.00894379  0.          0.02965951
 -0.00181238  0.00447189]
	[RESULT 78] [0.03406985 0.00565039 0.01841946 0.02058589 0.01742481 0.09683892
 0.         0.00174162 0.00841946 0.00683892 0.         0.03293015
 0.0014893  0.00858054]
	[RESULT 79] [0.03412475 0.00435016 0.01977459 0.01827574 0.01782492 0.09954917
 0.         0.00022541 0.00977459 0.00954917 0.         0.03387525
 0.00189934 0.00722541]
	[RESULT 80] [0.03100502 0.01356171 0.01543326 0.02235262 0.01321914 0.09086653
 0.         0.00456674 0.00543326 0.00086653 0.         0.03050502
 0.00742824 0.00506674]
	[RESULT 81] [ 0.02720093 -0.0017659   0.01896682  0.0229493   0.02088295  0.09793365
  0.          0.00103318  0.00896682  0.00793365  0.          0.02870093
 -0.0022659   0.00396682]
	[RESULT 82] [ 0.02284748 -0.00264162  0.01548909  0.01940738  0.02157081  0.09097819
  0.          0.00453272  0.00548909  0.00097819  0.          0.02484748
 -0.00766343  0.00551091]
	[RESULT 83] [ 0.01343788 -0.01190967  0.01534755  0.01449026  0.02379517  0.0906951
  0.          0.00595735  0.00534755  0.0006951   0.          0.01643788
 -0.01721457  0.00665245]
	[RESULT 84] [0.01875772 0.02459565 0.01583792 0.01587198 0.00754782 0.09167585
 0.         0.00798623 0.00583792 0.00167585 0.         0.01725772
 0.0069198  0.00966208]
	[RESULT 85] [ 0.02992892  0.00420535  0.01572357  0.02329981  0.01814732  0.09144714
  0.          0.0048293   0.00572357  0.00144714  0.          0.03292892
 -0.00034751  0.00627643]
	[RESULT 86] [ 0.00756114 -0.01887909  0.01644023  0.01319091  0.02031046  0.09288046
  0.          0.00355977  0.00644023  0.00288046  0.          0.00906114
 -0.02199863  0.00405977]
	[RESULT 87] [ 0.00684285 -0.02034026  0.01718311  0.01394609  0.01957987  0.09436622
  0.          0.00281689  0.00718311  0.00436622  0.          0.00834285
 -0.02197404  0.00331689]
	[RESULT 88] [ 0.0172219  -0.01115817  0.01838007  0.02093105  0.02417091  0.09676014
  0.          0.00161993  0.00838007  0.00676014  0.          0.0202219
 -0.01039803  0.00361993]
	[RESULT 89] [2.21786274e-02 1.78930543e-02 1.99283183e-02 1.11968363e-02
 1.10534728e-02 9.98566366e-02 0.00000000e+00 7.16817097e-05
 9.92831829e-03 9.85663658e-03 0.00000000e+00 2.06786274e-02
 5.60694569e-03 4.92831829e-03]
	[RESULT 90] [ 0.00775322 -0.01965489  0.01740811  0.01473877  0.01992256  0.09481621
  0.          0.00259189  0.00740811  0.00481621  0.          0.00925322
 -0.02083867  0.00309189]
	[RESULT 91] [ 0.01614704 -0.01338325  0.01953029  0.02211896  0.02305837  0.09906059
  0.          0.00046971  0.00953029  0.00906059  0.          0.01914704
 -0.01238325  0.00453029]
	[RESULT 92] [2.80160143e-02 1.20049700e-02 1.99790157e-02 1.40394836e-02
 1.39975150e-02 9.99580314e-02 0.00000000e+00 2.09843057e-05
 9.97901569e-03 9.95803139e-03 0.00000000e+00 2.60160143e-02
 9.96300135e-03 7.02098431e-03]
	[RESULT 93] [ 0.00442635 -0.02519854  0.01962489  0.01640051  0.01715073  0.09924978
  0.          0.00037511  0.00962489  0.00924978  0.          0.00692635
 -0.02469854  0.00462489]
	[RESULT 94] [ 0.0085722  -0.01692595  0.01549815  0.01228332  0.02128703  0.09099629
  0.          0.00450185  0.00549815  0.00099629  0.          0.0100722
 -0.02192966  0.00500185]
	[RESULT 95] [ 0.00502235 -0.02447663  0.01949898  0.01650965  0.01751168  0.09899796
  0.          0.00050102  0.00949898  0.00899796  0.          0.00752235
 -0.02397663  0.00449898]
	[RESULT 96] [0.01758045 0.02367472 0.01609427 0.01489882 0.00708736 0.09218854
 0.         0.00390573 0.00609427 0.00218854 0.         0.01608045
 0.00048618 0.00440573]
	[RESULT 97] [ 0.02295056 -0.00645009  0.01940065  0.02467374  0.02347504  0.0988013
  0.          0.00059935  0.00940065  0.0088013   0.          0.02595056
 -0.00864879  0.00759935]
	[RESULT 98] [0.03094197 0.00474315 0.01619882 0.02451921 0.01787843 0.09239764
 0.         0.00380118 0.00619882 0.00239764 0.         0.03394197
 0.00114078 0.00580118]
	[RESULT 99] [ 0.02276475 -0.00680745  0.0195722   0.02450933  0.02365372  0.09914439
  0.          0.0004278   0.0095722   0.00914439  0.          0.02526475
 -0.00866305  0.0069278 ]
	[RESULT 100] [ 0.02143272 -0.00787578  0.0193085   0.02442911  0.02418789  0.098617
  0.          0.0006915   0.0093085   0.008617    0.          0.02443272
 -0.00687578  0.0043085 ]
	[RESULT 101] [ 0.01502137 -0.01228116  0.01730253  0.01821448  0.02360942  0.09460506
  0.          0.00269747  0.00730253  0.00460506  0.          0.01752137
 -0.0136761   0.00419747]
	[RESULT 102] [ 2.23808266e-02 -7.60153501e-03  1.99823616e-02  2.40860444e-02
  2.40507675e-02  9.99647231e-02  0.00000000e+00  1.76384348e-05
  9.98236157e-03  9.96472313e-03  0.00000000e+00  2.48808266e-02
 -7.10153501e-03  4.98236157e-03]
	[RESULT 103] [ 0.00704649 -0.01995125  0.01699773  0.01376984  0.01977438  0.09399546
  0.          0.00300227  0.00699773  0.00399546  0.          0.01004649
 -0.02195578  0.00500227]
	[RESULT 104] [ 0.00475541 -0.02453702  0.01929243  0.01606635  0.01748149  0.09858486
  0.          0.00070757  0.00929243  0.00858486  0.          0.00775541
 -0.02353702  0.00429243]
	[RESULT 105] [ 0.01380404 -0.01424948  0.01805352  0.01873231  0.02262526  0.09610705
  0.          0.00194648  0.00805352  0.00610705  0.          0.01580404
 -0.01914243  0.00794648]
