[METRICS]
	[DISEQUILIBRIUM COUNT] 1651
[VARIABLES]
	[RESULT 1] [1 6.788468270992744 0 1 21 3999.7928360499536 96]
	[RESULT 2] [1 6.180517379259609 0 1 21 3998.5273011623262 100]
	[RESULT 3] [0 18.61540048863454 1 4 15 3838.01082682267 100]
	[RESULT 4] [1 5.000154871905943 0 4 16 3797.083362242309 100]
	[RESULT 5] [1 5.530305497789429 0 3 10 3995.055272999606 99]
	[RESULT 6] [1 5.000600976712239 0 4 16 3889.51753816358 99]
	[RESULT 7] [0 5.00052145595508 1 4 16 3844.1304583464203 100]
	[RESULT 8] [1 5.000600976712239 0 4 16 3914.760964862084 99]
	[RESULT 9] [0 5.000161158856169 0 4 16 3932.416298248826 100]
	[RESULT 10] [1 5.11064053858515 1 4 15 3972.6803388668177 100]
	[RESULT 11] [1 5.234874962207217 0 4 1 3999.944403182938 89]
	[RESULT 12] [1 36.71550939269137 0 1 22 3994.6122637113617 100]
	[RESULT 13] [1 5.004378805521268 0 1 16 3999.914999248012 99]
	[RESULT 14] [0 5.119697977867079 1 4 16 3999.714561157687 100]
	[RESULT 15] [1 5.001660376538038 1 3 15 3941.4417466827217 100]
	[RESULT 16] [1 40.97240311512018 1 1 18 3946.1498721223215 95]
	[RESULT 17] [1 5.002775615150648 1 4 13 3965.6819856717543 100]
	[RESULT 18] [1 5.179291259240546 0 3 17 3999.916319026377 100]
	[RESULT 19] [1 5.355797100679264 1 3 21 3965.576172343706 100]
	[RESULT 20] [1 6.509881373715073 0 3 13 3999.998725963086 100]
	[RESULT 21] [1 5.975292676622853 0 1 22 3999.998824487487 100]
	[RESULT 22] [1 5.06574229657992 0 3 16 3999.916319026377 100]
	[RESULT 23] [0 5.002273788863957 0 3 19 3999.9484057582617 50]
	[RESULT 24] [1 5.179940730379661 0 1 17 3999.944026524019 100]
	[RESULT 25] [1 5.040549497532506 0 1 16 3999.5704310846463 100]
	[RESULT 26] [1 5.015528806005841 0 4 17 3999.085839268085 100]
	[RESULT 27] [1 5.736489110443716 0 1 16 3990.7190904294575 100]
	[RESULT 28] [1 5.053025362825749 0 3 16 3999.5386266747632 100]
	[RESULT 29] [1 5.0941521225987625 0 4 15 3999.988255329297 100]
	[RESULT 30] [1 9.1488703358052 0 4 16 3965.930934608896 100]
	[RESULT 31] [1 5.000591521711257 0 4 16 3919.4441920055583 99]
	[RESULT 32] [1 5.00000144087015 1 4 12 3907.5582464049735 100]
	[RESULT 33] [1 5.251731555160353 1 4 16 3982.7380042376367 100]
	[RESULT 34] [0 5.001043890342822 0 4 17 3999.6371650302935 100]
	[RESULT 35] [1 5.4255336849149804 0 3 19 3999.998574074943 96]
	[RESULT 36] [1 5.000133242282876 1 4 0 3877.163374961959 100]
	[RESULT 37] [1 18.41096834009977 1 4 21 3984.638556773233 100]
	[RESULT 38] [1 6.373276183316376 0 3 17 3999.037251087639 100]
	[RESULT 39] [1 5.017326933370325 0 4 16 3999.9405228605033 100]
	[RESULT 40] [1 5.001653258262524 1 4 0 3705.8506255253556 100]
	[RESULT 41] [1 5.001660376538038 0 3 19 3941.568829112467 100]
	[RESULT 42] [1 5.140397128315607 0 4 21 3998.9908915817937 96]
	[RESULT 43] [1 5.05637055321247 0 2 14 3999.0133619677044 100]
	[RESULT 44] [1 5.00165440845782 0 4 16 3943.1725232798776 98]
	[RESULT 45] [1 5.003475962876437 0 4 13 3962.11947041887 100]
	[RESULT 46] [1 5.00048463151025 1 4 19 3924.7581136242607 100]
	[RESULT 47] [1 5.000600976712239 0 4 15 3914.2110571664166 99]
	[RESULT 48] [1 6.540049324674024 0 3 14 3996.4207638217094 100]
	[RESULT 49] [1 5.000459235941556 1 3 16 3999.118405559944 97]
	[RESULT 50] [1 5.039890909434769 0 2 18 3996.3562619170557 100]
	[RESULT 51] [1 12.015938719836981 0 4 20 3999.077327410365 96]
	[RESULT 52] [1 5.00165440845782 0 4 16 3899.75483928604 99]
	[RESULT 53] [1 5.217904207757052 1 4 21 3998.683833304606 99]
	[RESULT 54] [1 5.0375320596779245 0 4 16 3965.9959972178835 100]
	[RESULT 55] [1 6.149463166706463 0 3 15 3999.961928764836 100]
	[RESULT 56] [0 9.21600294487568 1 1 13 1292.0995125272607 13]
	[RESULT 57] [1 5.001449153881356 0 4 16 3554.84462795284 100]
	[RESULT 58] [1 5.0001884090437185 0 3 18 3989.8241364179908 100]
	[RESULT 59] [1 5.035445348415826 0 4 16 3900.9024947303433 100]
	[RESULT 60] [1 5.0371537479233455 0 1 18 3999.636026713018 100]
	[RESULT 61] [1 5.03472262865719 0 1 21 3763.611187448349 96]
	[RESULT 62] [1 6.731908556984058 1 4 13 3999.9962151581126 95]
	[RESULT 63] [1 5.0348321911438765 0 4 17 3999.085839268085 100]
	[RESULT 64] [0 5.086455166457795 1 4 9 1256.7718986794903 48]
	[RESULT 65] [1 5.000595564642056 0 4 16 3974.7551060403925 98]
	[RESULT 66] [1 34.749662449571304 1 1 18 3983.878251064818 100]
	[RESULT 67] [0 7.344454102031107 0 3 18 3999.9578969033782 94]
	[RESULT 68] [1 5.029190472455656 1 4 20 3979.7548034082006 100]
	[RESULT 69] [1 5.001660376538038 1 3 19 3843.934659731325 100]
	[RESULT 70] [0 5.115243413215985 0 4 5 3938.2150659927847 100]
	[RESULT 71] [1 5.317804047195529 0 1 15 3999.9749591647715 100]
	[RESULT 72] [0 7.344454102031107 0 3 17 3780.4246666824442 100]
	[RESULT 73] [1 5.0014166819690455 0 4 17 3974.5571255922887 90]
	[RESULT 74] [0 5.132336977146335 0 4 21 3957.853765163613 100]
	[RESULT 75] [1 5.184317797070661 0 4 20 3689.169381170743 100]
	[RESULT 76] [1 5.17219479851101 0 4 1 3999.944403182938 100]
	[RESULT 77] [0 5.000600976712239 0 4 16 1380.6968146337417 90]
	[RESULT 78] [1 6.966875867132135 1 4 15 3999.999699324209 100]
	[RESULT 79] [1 9.58424093820282 0 1 16 1345.6695627532495 77]
	[RESULT 80] [1 5.7445631195810485 1 3 16 3640.933252275064 100]
	[RESULT 81] [1 6.551809086115802 0 1 16 3999.9689249250723 100]
	[RESULT 82] [0 39.62286510070274 0 1 15 3972.6740868227794 100]
	[RESULT 83] [1 16.36958635948711 0 1 17 3999.925392225881 100]
	[RESULT 84] [0 8.137029551623352 1 1 16 3940.0922404588555 100]
	[RESULT 85] [1 6.32432142966061 1 4 16 3580.312898918335 99]
	[RESULT 86] [1 5.000101743972462 0 4 16 3922.002750287377 99]
	[RESULT 87] [1 5.000630733000096 0 3 13 3992.8648226595333 100]
	[RESULT 88] [1 5.024820177522659 0 3 18 3999.944996000437 100]
	[RESULT 89] [0 6.290222417158474 0 2 16 3999.849120519502 100]
	[RESULT 90] [1 5.063390911843501 1 4 19 3925.1291250507625 100]
	[RESULT 91] [0 5.132336977146335 0 4 19 3963.700528389125 100]
	[RESULT 92] [1 5.002338755987653 1 3 17 3999.92672326681 96]
	[RESULT 93] [1 5.888702071971085 0 3 17 3999.9789547679 100]
	[RESULT 94] [1 5.102109056555127 0 1 18 3999.944026524019 100]
	[RESULT 95] [1 5.0141316676990515 0 4 17 3999.483410270198 100]
	[RESULT 96] [1 33.44207192421514 0 1 18 3981.3251665976836 100]
	[RESULT 97] [1 11.248215779486518 0 4 17 3880.367381041596 100]
	[RESULT 98] [1 5.810832023446746 0 3 18 3981.3419584555145 100]
	[RESULT 99] [1 5.81015552205219 0 4 17 3999.0411567199058 100]
	[RESULT 100] [1 5.7445631195810485 1 1 14 3995.5654348506196 100]
	[RESULT 101] [1 5.868873192179093 0 1 18 3999.638037443429 100]
	[RESULT 102] [1 5.317775608476367 0 4 16 3980.957581716224 100]
	[RESULT 103] [1 5.340008088689564 0 4 16 3974.47434282645 98]
	[RESULT 104] [1 5.134253948711565 0 4 16 3974.7551060403925 98]
	[RESULT 105] [1 5.097021224288182 0 1 22 3999.968739578746 100]
[OBJECTIVES]
	[RESULT 1] [ 0.02341236 -0.00338074  0.0167931   0.02164583  0.02194037  0.0935862
  0.          0.0032069   0.0067931   0.0035862   0.          0.02491236
 -0.00579454  0.0037069 ]
	[RESULT 2] [ 0.00809774 -0.0191953   0.01729303  0.01473842  0.02015235  0.09458607
  0.          0.00270697  0.00729303  0.00458607  0.          0.00959774
 -0.02060923  0.00320697]
	[RESULT 3] [ 0.03368454  0.01097335  0.0153421   0.02382911  0.01451332  0.09068421
  0.          0.00902631  0.0053421   0.00068421  0.          0.03168454
 -0.00034244  0.0116579 ]
	[RESULT 4] [ 2.62585435e-02 -3.74068222e-03  1.99992258e-02  2.21218896e-02
  2.21203411e-02  9.99984515e-02  0.00000000e+00  7.74239622e-07
  9.99922576e-03  9.99845152e-03  0.00000000e+00  2.92585435e-02
 -2.74068222e-03  4.99922576e-03]
	[RESULT 5] [ 0.01986089 -0.00840643  0.01826732  0.02208143  0.02445322  0.09653464
  0.          0.00173268  0.00826732  0.00653464  0.          0.02236089
 -0.00790643  0.00326732]
	[RESULT 6] [3.43898599e-02 4.39286294e-03 1.99969969e-02 1.80595747e-02
 1.80535685e-02 9.99939938e-02 0.00000000e+00 3.00307878e-06
 9.99699692e-03 9.99399384e-03 0.00000000e+00 3.26101401e-02
 5.39286294e-03 4.99699692e-03]
	[RESULT 7] [ 3.15470766e-02  1.54968255e-03  1.99973941e-02  1.92303706e-02
  1.92251587e-02  9.99947882e-02  0.00000000e+00  2.60592090e-06
  9.99739408e-03  9.99478816e-03  0.00000000e+00  3.35470766e-02
 -4.55529296e-04  7.00260592e-03]
	[RESULT 8] [3.33335050e-02 3.33650806e-03 1.99969969e-02 1.85877521e-02
 1.85817460e-02 9.99939938e-02 0.00000000e+00 3.00307878e-06
 9.99699692e-03 9.99399384e-03 0.00000000e+00 3.36664950e-02
 4.33650806e-03 4.99699692e-03]
	[RESULT 9] [ 2.32501575e-02 -6.74903688e-03  1.99991943e-02  2.33761298e-02
  2.33745184e-02  9.99983887e-02  0.00000000e+00  8.05664441e-07
  9.99919434e-03  9.99838867e-03  0.00000000e+00  2.52501575e-02
 -6.74903688e-03  4.99919434e-03]
	[RESULT 10] [ 0.0225523  -0.00694961  0.01950191  0.02472099  0.0237248   0.09900381
  0.          0.00049809  0.00950191  0.00900381  0.          0.0255523
 -0.0089458   0.00749809]
	[RESULT 11] [ 0.02333981 -0.00570918  0.01904899  0.0249934   0.02310459  0.09809799
  0.          0.00095101  0.00904899  0.00809799  0.          0.02633981
 -0.00470918  0.00404899]
	[RESULT 12] [ 0.01327966 -0.01187317  0.01515283  0.01411908  0.02381341  0.09030567
  0.          0.0050415   0.00515283  0.00030567  0.          0.01477966
 -0.01756751  0.00534717]
	[RESULT 13] [ 1.41065113e-02 -1.58716901e-02  1.99782014e-02  2.17705578e-02
  2.18141549e-02  9.99564028e-02  0.00000000e+00  2.17985759e-05
  9.97820142e-03  9.95640285e-03  0.00000000e+00  1.56065113e-02
 -1.63716901e-02  4.97820142e-03]
	[RESULT 14] [ 0.01081673 -0.01864876  0.01946549  0.0196066   0.02067562  0.09893098
  0.          0.00053451  0.00946549  0.00893098  0.          0.01281673
 -0.02171778  0.00753451]
	[RESULT 15] [ 2.65284764e-02 -3.46323545e-03  1.99917119e-02  2.19981940e-02
  2.19816177e-02  9.99834238e-02  0.00000000e+00  8.28812129e-06
  9.99171188e-03  9.98342376e-03  0.00000000e+00  2.90284764e-02
 -4.47981169e-03  6.50828812e-03]
	[RESULT 16] [0.022395   0.02246976 0.01513524 0.01874465 0.00901512 0.09027047
 0.         0.00990571 0.00513524 0.00027047 0.         0.020895
 0.01125976 0.01036476]
	[RESULT 17] [ 2.34774114e-02 -6.50874889e-03  1.99861603e-02  2.35320538e-02
  2.35043744e-02  9.99723207e-02  0.00000000e+00  1.38396622e-05
  9.98616034e-03  9.97232068e-03  0.00000000e+00  2.64774114e-02
 -7.53642822e-03  7.01383966e-03]
	[RESULT 18] [ 0.00484357 -0.02439627  0.01923983  0.01603154  0.01755187  0.09847967
  0.          0.00076017  0.00923983  0.00847967  0.          0.00734357
 -0.02389627  0.00423983]
	[RESULT 19] [ 0.02479447 -0.0038934   0.01868787  0.02482097  0.0221967   0.09737573
  0.          0.00131213  0.00868787  0.00737573  0.          0.02729447
 -0.00751767  0.00781213]
	[RESULT 20] [ 0.00700915 -0.01998298  0.01699213  0.01374276  0.01975851  0.09398425
  0.          0.00300787  0.00699213  0.00398425  0.          0.00950915
 -0.02199873  0.00450787]
	[RESULT 21] [ 0.0064699  -0.02106137  0.01753127  0.01428186  0.01921932  0.09506254
  0.          0.00246873  0.00753127  0.00506254  0.          0.0079699
 -0.02199882  0.00296873]
	[RESULT 22] [ 0.00439184 -0.02529973  0.01969157  0.01648327  0.01710014  0.09938313
  0.          0.00030843  0.00969157  0.00938313  0.          0.00689184
 -0.02479973  0.00469157]
	[RESULT 23] [ 2.46706743e-02 -5.31798258e-03  1.99886568e-02  2.26816776e-02
  2.26589913e-02  9.99773137e-02  0.00000000e+00  1.13431524e-05
  9.98865685e-03  9.97731370e-03  0.00000000e+00  2.61706743e-02
 -5.81798258e-03  4.98865685e-03]
	[RESULT 24] [ 0.00481835 -0.02441915  0.0192375   0.01601543  0.01754042  0.098475
  0.          0.0007625   0.0092375   0.008475    0.          0.00631835
 -0.02491915  0.0042375 ]
	[RESULT 25] [ 0.00461716 -0.02518799  0.01980515  0.01676631  0.017156    0.09961031
  0.          0.00019485  0.00980515  0.00961031  0.          0.00611716
 -0.02568799  0.00480515]
	[RESULT 26] [ 4.95836909e-03 -2.49651742e-02  1.99235433e-02  1.71144994e-02
  1.72674129e-02  9.98470865e-02  0.00000000e+00  7.64567480e-05
  9.92354325e-03  9.84708650e-03  0.00000000e+00  7.95836909e-03
 -2.39651742e-02  4.92354325e-03]
	[RESULT 27] [ 0.01288891 -0.01499047  0.01787937  0.01801351  0.02225477  0.09575875
  0.          0.00212063  0.00787937  0.00575875  0.          0.01438891
 -0.01549047  0.00287937]
	[RESULT 28] [ 0.00470479 -0.02504343  0.01974822  0.01672473  0.01722828  0.09949645
  0.          0.00025178  0.00974822  0.00949645  0.          0.00720479
 -0.02454343  0.00474822]
	[RESULT 29] [ 0.00444199 -0.02512776  0.01956975  0.01632562  0.01718612  0.0991395
  0.          0.00043025  0.00956975  0.0091395   0.          0.00744199
 -0.02412776  0.00456975]
	[RESULT 30] [ 0.02244808 -0.00352301  0.01597109  0.01993067  0.0220115   0.09194217
  0.          0.00408674  0.00597109  0.00194217  0.          0.02544808
 -0.00758083  0.00602891]
	[RESULT 31] [3.30819174e-02 3.08487325e-03 1.99970441e-02 1.87134751e-02
 1.87075634e-02 9.99940883e-02 0.00000000e+00 2.95586010e-06
 9.99704414e-03 9.99408828e-03 0.00000000e+00 3.39180826e-02
 4.08487325e-03 4.99704414e-03]
	[RESULT 32] [ 2.86782202e-02 -1.32177261e-03  1.99999928e-02  2.09109007e-02
  2.09108863e-02  9.99999856e-02  0.00000000e+00  7.20434035e-09
  9.99999280e-03  9.99998559e-03  0.00000000e+00  3.16782202e-02
 -2.32178702e-03  7.00000720e-03]
	[RESULT 33] [ 0.02021683 -0.00877763  0.01899447  0.02335012  0.02463882  0.09798893
  0.          0.00100553  0.00899447  0.00798893  0.          0.02321683
 -0.0117887   0.00800553]
	[RESULT 34] [ 5.36285834e-03 -2.46319276e-02  1.99947860e-02  1.76736082e-02
  1.76840362e-02  9.99895720e-02  0.00000000e+00  5.21400886e-06
  9.99478599e-03  9.98957198e-03  0.00000000e+00  7.36285834e-03
 -2.46319276e-02  4.99478599e-03]
	[RESULT 35] [ 0.02149397 -0.00701349  0.01850746  0.02325817  0.02375675  0.09701492
  0.          0.00149254  0.00850746  0.00701492  0.          0.02399397
 -0.00651349  0.00350746]
	[RESULT 36] [ 2.97730263e-02 -2.26307555e-04  1.99993339e-02  2.03644860e-02
  2.03631538e-02  9.99986678e-02  0.00000000e+00  6.66122659e-07
  9.99933388e-03  9.99866775e-03  0.00000000e+00  3.27730263e-02
 -1.22763980e-03  7.00066612e-03]
	[RESULT 37] [ 0.02316797 -0.00217899  0.01534696  0.01935442  0.0213395   0.09069392
  0.          0.00904087  0.00534696  0.00069392  0.          0.02616797
 -0.01248508  0.01165304]
	[RESULT 38] [ 0.00782026 -0.01928654  0.01710679  0.01432032  0.02010673  0.09421358
  0.          0.00289321  0.00710679  0.00421358  0.          0.01032026
 -0.02107295  0.00439321]
	[RESULT 39] [ 4.14449509e-03 -2.57703458e-02  1.99148409e-02  1.66945089e-02
  1.68648271e-02  9.98296818e-02  0.00000000e+00  8.51591204e-05
  9.91484088e-03  9.82968176e-03  0.00000000e+00  7.14449509e-03
 -2.47703458e-02  4.91484088e-03]
	[RESULT 40] [3.20499220e-02 2.05817465e-03 1.99917474e-02 1.92374180e-02
 1.92209127e-02 9.99834947e-02 0.00000000e+00 8.25264755e-06
 9.99174735e-03 9.98349470e-03 0.00000000e+00 3.49500780e-02
 1.04166936e-03 7.00825265e-03]
	[RESULT 41] [ 2.15170832e-02 -8.47462870e-03  1.99917119e-02  2.45038906e-02
  2.44873144e-02  9.99834238e-02  0.00000000e+00  8.28812129e-06
  9.99171188e-03  9.98342376e-03  0.00000000e+00  2.40170832e-02
 -7.97462870e-03  4.99171188e-03]
	[RESULT 42] [ 0.02158552 -0.00779892  0.01938444  0.02461942  0.02414946  0.09876888
  0.          0.00061556  0.00938444  0.00876888  0.          0.02458552
 -0.00679892  0.00438444]
	[RESULT 43] [ 0.00521599 -0.0245172   0.01973319  0.01695778  0.0174914   0.09946638
  0.          0.00026681  0.00973319  0.00946638  0.          0.00721599
 -0.0245172   0.00473319]
	[RESULT 44] [3.47035705e-02 4.71182892e-03 1.99917416e-02 1.79106023e-02
 1.78940855e-02 9.99834832e-02 0.00000000e+00 8.25837956e-06
 9.99174162e-03 9.98348324e-03 0.00000000e+00 3.22964295e-02
 5.71182892e-03 4.99174162e-03]
	[RESULT 45] [ 1.90778359e-02 -1.09048445e-02  1.99826804e-02  2.42629385e-02
  2.42975778e-02  9.99653608e-02  0.00000000e+00  1.73196121e-05
  9.98268039e-03  9.96536078e-03  0.00000000e+00  2.20778359e-02
 -9.90484449e-03  4.98268039e-03]
	[RESULT 46] [ 2.77675034e-02 -2.23007461e-03  1.99975780e-02  2.13698813e-02
  2.13650373e-02  9.99951560e-02  0.00000000e+00  2.42198378e-06
  9.99757802e-03  9.99515603e-03  0.00000000e+00  3.07675034e-02
 -3.23491858e-03  7.00242198e-03]
	[RESULT 47] [3.33616459e-02 3.36464896e-03 1.99969969e-02 1.85736817e-02
 1.85676755e-02 9.99939938e-02 0.00000000e+00 3.00307878e-06
 9.99699692e-03 9.99399384e-03 0.00000000e+00 3.36383541e-02
 4.36464896e-03 4.99699692e-03]
	[RESULT 48] [ 0.01016251 -0.01680596  0.01696847  0.01528395  0.02134702  0.09393693
  0.          0.00303153  0.00696847  0.00393693  0.          0.01266251
 -0.01886902  0.00453153]
	[RESULT 49] [ 2.48538602e-02 -5.14384471e-03  1.99977049e-02  2.28265126e-02
  2.28219224e-02  9.99954097e-02  0.00000000e+00  2.29512570e-06
  9.99770487e-03  9.99540975e-03  0.00000000e+00  2.73538602e-02
 -6.14843496e-03  6.50229513e-03]
	[RESULT 50] [ 0.00737203 -0.02243617  0.0198082   0.01814831  0.01853191  0.09961639
  0.          0.0001918   0.0098082   0.00961639  0.          0.00937203
 -0.02243617  0.0048082 ]
	[RESULT 51] [ 0.02526607 -0.00035768  0.01562376  0.02081867  0.02042884  0.09124751
  0.          0.00512873  0.00562376  0.00124751  0.          0.02826607
 -0.00511017  0.00637624]
	[RESULT 52] [3.40180456e-02 4.02630399e-03 1.99917416e-02 1.82533648e-02
 1.82368480e-02 9.99834832e-02 0.00000000e+00 8.25837956e-06
 9.99174162e-03 9.98348324e-03 0.00000000e+00 3.29819544e-02
 5.02630399e-03 4.99174162e-03]
	[RESULT 53] [ 0.02114493 -0.00796049  0.01910541  0.02398058  0.02423024  0.09821083
  0.          0.00089459  0.00910541  0.00821083  0.          0.02414493
 -0.01074966  0.00789459]
	[RESULT 54] [ 0.01858837 -0.01123076  0.01981913  0.02377288  0.02413462  0.09963826
  0.          0.00018087  0.00981913  0.00963826  0.          0.02158837
 -0.01023076  0.00481913]
	[RESULT 55] [ 0.00671185 -0.02061431  0.01732616  0.01409517  0.01944284  0.09465232
  0.          0.00267384  0.00732616  0.00465232  0.          0.00921185
 -0.02196199  0.00417384]
	[RESULT 56] [0.01141456 0.01737314 0.01595859 0.0117694  0.00368657 0.09191718
 0.         0.00762423 0.00595859 0.00191718 0.         0.01091456
 0.00045597 0.00954141]
	[RESULT 57] [ 2.76778875e-02 -2.31487721e-03  1.99927647e-02  2.14219092e-02
  2.14074386e-02  9.99855294e-02  0.00000000e+00  7.23528437e-06
  9.99276472e-03  9.98552943e-03  0.00000000e+00  3.06778875e-02
 -1.31487721e-03  4.99276472e-03]
	[RESULT 58] [ 1.12330767e-02 -1.87659814e-02  1.99990581e-02  2.03651256e-02
  2.03670093e-02  9.99981163e-02  0.00000000e+00  9.41867762e-07
  9.99905813e-03  9.99811626e-03  0.00000000e+00  1.37330767e-02
 -1.82659814e-02  4.99905813e-03]
	[RESULT 59] [ 0.0241348  -0.00569404  0.01982884  0.02343934  0.02309702  0.09965768
  0.          0.00017116  0.00982884  0.00965768  0.          0.0271348
 -0.00469404  0.00482884]
	[RESULT 60] [ 0.00453786 -0.02528302  0.01982089  0.01675026  0.01710849  0.09964177
  0.          0.00017911  0.00982089  0.00964177  0.          0.00603786
 -0.02578302  0.00482089]
	[RESULT 61] [0.02722329 0.0129445  0.01983221 0.01411332 0.01377775 0.09966443
 0.         0.00016779 0.00983221 0.00966443 0.         0.02572329
 0.0105555  0.00483221]
	[RESULT 62] [ 0.02884023  0.00201001  0.01683022  0.02441545  0.019245    0.09366044
  0.          0.00650933  0.00683022  0.00366044  0.          0.03184023
 -0.00532955  0.01016978]
	[RESULT 63] [ 0.00505021 -0.02478149  0.0198317   0.01702266  0.01735925  0.0996634
  0.          0.0001683   0.0098317   0.0096634   0.          0.00805021
 -0.02378149  0.0048317 ]
	[RESULT 64] [0.01520526 0.02480738 0.01960212 0.00819944 0.00740369 0.09920425
 0.         0.00039788 0.00960212 0.00920425 0.         0.01320526
 0.00060313 0.00739788]
	[RESULT 65] [ 2.98972345e-02 -9.97894789e-05  1.99970239e-02  2.03058468e-02
  2.02998947e-02  9.99940479e-02  0.00000000e+00  2.97605078e-06
  9.99702395e-03  9.99404790e-03  0.00000000e+00  3.28972345e-02
  9.00210521e-04  4.99702395e-03]
	[RESULT 66] [ 0.02363863 -0.00152398  0.0151626   0.01931322  0.02101199  0.09032521
  0.          0.00998781  0.0051626   0.00032521  0.          0.02513863
 -0.01219877  0.0103374 ]
	[RESULT 67] [ 0.02568988 -0.00080514  0.01649501  0.02258746  0.02040257  0.09299002
  0.          0.00350499  0.00649501  0.00299002  0.          0.02718988
 -0.00481511  0.00500499]
	[RESULT 68] [ 0.02032819 -0.00953     0.01985819  0.02470138  0.024985    0.09971637
  0.          0.00014181  0.00985819  0.00971637  0.          0.02332819
 -0.01081362  0.00714181]
	[RESULT 69] [ 3.05564955e-02  5.64783652e-04  1.99917119e-02  1.99841844e-02
  1.99676082e-02  9.99834238e-02  0.00000000e+00  8.28812129e-06
  9.99171188e-03  9.98342376e-03  0.00000000e+00  3.30564955e-02
 -4.51792591e-04  6.50828812e-03]
	[RESULT 70] [ 0.02331496 -0.00616836  0.01948333  0.02411753  0.02308418  0.09896665
  0.          0.00051667  0.00948333  0.00896665  0.          0.02531496
 -0.00616836  0.00448333]
	[RESULT 71] [ 0.00523082 -0.02356337  0.01879419  0.0155567   0.01796832  0.09758838
  0.          0.00120581  0.00879419  0.00758838  0.          0.00673082
 -0.02406337  0.00379419]
	[RESULT 72] [0.03094954 0.00445453 0.01649501 0.02478271 0.01777274 0.09299002
 0.         0.00350499 0.00649501 0.00299002 0.         0.03244954
 0.00044455 0.00500499]
	[RESULT 73] [3.47986381e-02 4.80571148e-03 1.99929266e-02 1.78612910e-02
 1.78471443e-02 9.99858532e-02 0.00000000e+00 7.07338910e-06
 9.99292661e-03 9.98585322e-03 0.00000000e+00 3.22013619e-02
 5.80571148e-03 4.99292661e-03]
	[RESULT 74] [ 0.02127631 -0.00813934  0.01941565  0.02476163  0.02406967  0.09883129
  0.          0.00058435  0.00941565  0.00883129  0.          0.02327631
 -0.00813934  0.00441565]
	[RESULT 75] [ 0.0279171  -0.00130474  0.01922184  0.02245869  0.02090237  0.09844368
  0.          0.00077816  0.00922184  0.00844368  0.          0.0309171
 -0.00030474  0.00422184]
	[RESULT 76] [ 0.00478997 -0.02447553  0.0192655   0.01604324  0.01751223  0.09853101
  0.          0.0007345   0.0092655   0.00853101  0.          0.00778997
 -0.02347553  0.0042655 ]
	[RESULT 77] [2.20515359e-02 1.79514672e-02 1.99969969e-02 1.10302726e-02
 1.10242664e-02 9.99939938e-02 0.00000000e+00 3.00307878e-06
 9.99699692e-03 9.99399384e-03 0.00000000e+00 2.00515359e-02
 5.04853282e-03 4.99699692e-03]
	[RESULT 78] [ 0.01231503 -0.01437025  0.01668527  0.01593542  0.02256488  0.09337055
  0.          0.00694418  0.00668527  0.00337055  0.          0.01531503
 -0.0219997   0.01031473]
	[RESULT 79] [0.01796198 0.02385735 0.01589538 0.01538792 0.00717868 0.09179075
 0.         0.00410462 0.00589538 0.00179075 0.         0.01646198
 0.0010666  0.00460462]
	[RESULT 80] [0.03450663 0.00664058 0.01786605 0.02119761 0.01692971 0.09573209
 0.         0.00290186 0.00786605 0.00573209 0.         0.03299337
 0.00137268 0.00863395]
	[RESULT 81] [ 0.00707164 -0.01988775  0.01695939  0.01372491  0.01980612  0.09391879
  0.          0.00304061  0.00695939  0.00391879  0.          0.00857164
 -0.02196896  0.00354061]
	[RESULT 82] [ 0.02291527 -0.00222509  0.01514036  0.01916817  0.02111254  0.09028072
  0.          0.00507892  0.00514036  0.00028072  0.          0.02341527
 -0.00894437  0.00535964]
	[RESULT 83] [ 0.00867017 -0.01673405  0.01540422  0.01219141  0.02138298  0.09080843
  0.          0.00459578  0.00540422  0.00080843  0.          0.01017017
 -0.02192561  0.00509578]
	[RESULT 84] [ 0.03143047  0.00522188  0.0162086   0.02497187  0.01738906  0.09241719
  0.          0.00687421  0.0062086   0.00241719  0.          0.03193047
 -0.00436093  0.0092914 ]
	[RESULT 85] [0.02455665 0.01829219 0.01715117 0.01680158 0.01110391 0.09430233
 0.         0.0055465  0.00715117 0.00430233 0.         0.02155665
 0.01140548 0.00984883]
	[RESULT 86] [3.29323855e-02 2.93289414e-03 1.99994913e-02 1.87845703e-02
 1.87835529e-02 9.99989827e-02 0.00000000e+00 5.08668108e-07
 9.99949133e-03 9.99898266e-03 0.00000000e+00 3.40676145e-02
 3.93289414e-03 4.99949133e-03]
	[RESULT 87] [ 9.55406032e-03 -2.04427880e-02  1.99968483e-02  1.95223026e-02
  1.95286060e-02  9.99936966e-02  0.00000000e+00  3.15167713e-06
  9.99684832e-03  9.99369665e-03  0.00000000e+00  1.20540603e-02
 -1.99427880e-02  4.99684832e-03]
	[RESULT 88] [ 0.00417598 -0.02570293  0.0198789   0.01665635  0.01689854  0.09975781
  0.          0.0001211   0.0098789   0.00975781  0.          0.00667598
 -0.02520293  0.0048789 ]
	[RESULT 89] [ 0.00796678 -0.01921641  0.01718319  0.01475818  0.02039179  0.09436639
  0.          0.00281681  0.00718319  0.00436639  0.          0.00896678
 -0.02185003  0.00381681]
	[RESULT 90] [ 0.02803998 -0.00166196  0.01970194  0.0216771   0.02108098  0.09940388
  0.          0.00029806  0.00970194  0.00940388  0.          0.03103998
 -0.00325808  0.00729806]
	[RESULT 91] [ 0.02038851 -0.00902714  0.01941565  0.02431772  0.02451357  0.09883129
  0.          0.00058435  0.00941565  0.00883129  0.          0.02238851
 -0.00902714  0.00441565]
	[RESULT 92] [ 2.50847291e-02 -4.90360443e-03  1.99883335e-02  2.27251352e-02
  2.27018022e-02  9.99766670e-02  0.00000000e+00  1.16664949e-05
  9.98833351e-03  9.97666701e-03  0.00000000e+00  2.75847291e-02
 -5.92693742e-03  6.51166649e-03]
	[RESULT 93] [ 0.00637371 -0.02127361  0.01764732  0.01440783  0.01911319  0.09529464
  0.          0.00235268  0.00764732  0.00529464  0.          0.00887371
 -0.02197897  0.00385268]
	[RESULT 94] [ 0.00451909 -0.02501766  0.01953676  0.01631468  0.01724117  0.09907351
  0.          0.00046324  0.00953676  0.00907351  0.          0.00601909
 -0.02551766  0.00453676]
	[RESULT 95] [ 4.57580497e-03 -2.53545213e-02  1.99303263e-02  1.69333919e-02
  1.70727394e-02  9.98606525e-02  0.00000000e+00  6.96737325e-05
  9.93032627e-03  9.86065254e-03  0.00000000e+00  7.57580497e-03
 -2.43545213e-02  4.93032627e-03]
	[RESULT 96] [ 0.01951987 -0.00564995  0.01516983  0.01726467  0.02307498  0.09033965
  0.          0.00499052  0.00516983  0.00033965  0.          0.02101987
 -0.0113103   0.00533017]
	[RESULT 97] [ 0.02898888  0.00329906  0.01568982  0.02277918  0.01860047  0.09137965
  0.          0.00493053  0.00568982  0.00137965  0.          0.03198888
 -0.00132129  0.00631018]
	[RESULT 98] [ 0.01692303 -0.01083813  0.01776116  0.01985326  0.02433094  0.09552232
  0.          0.00223884  0.00776116  0.00552232  0.          0.01942303
 -0.0113158   0.00373884]
	[RESULT 99] [ 0.00716123 -0.02060096  0.01776219  0.01497391  0.01944952  0.09552439
  0.          0.00223781  0.00776219  0.00552439  0.          0.01016123
 -0.02107657  0.00423781]
	[RESULT 100] [ 0.01490041 -0.01296563  0.01786605  0.01899928  0.02326718  0.09573209
  0.          0.00213395  0.00786605  0.00573209  0.          0.01640041
 -0.01823354  0.00763395]
	[RESULT 101] [ 0.00668139 -0.02099402  0.01767541  0.01460381  0.01925299  0.09535082
  0.          0.00232459  0.00767541  0.00535082  0.          0.00818139
 -0.0216432   0.00282459]
	[RESULT 102] [ 0.01601486 -0.01277941  0.01879427  0.02094884  0.02336029  0.09758855
  0.          0.00120573  0.00879427  0.00758855  0.          0.01901486
 -0.01177941  0.00379427]
	[RESULT 103] [0.03123206 0.00250074 0.01873132 0.02153699 0.01899963 0.09746264
 0.         0.00126868 0.00873132 0.00746264 0.         0.03423206
 0.00350074 0.00373132]
	[RESULT 104] [0.03048607 0.00107789 0.01940818 0.02089469 0.01971105 0.09881637
 0.         0.00059182 0.00940818 0.00881637 0.         0.03348607
 0.00207789 0.00440818]
	[RESULT 105] [ 0.00447342 -0.02508437  0.0195578   0.01632341  0.01720781  0.09911559
  0.          0.0004422   0.0095578   0.00911559  0.          0.00597342
 -0.02558437  0.0045578 ]
