[METRICS]
	[DISEQUILIBRIUM COUNT] 1744
[VARIABLES]
	[RESULT 1] [1 5.139413412259485 0 3 14 2721.159541660837 100]
	[RESULT 2] [0 9.408296751283642 1 4 7 3817.9562303553157 100]
	[RESULT 3] [1 5.035967262364244 0 1 14 3998.2727998756995 100]
	[RESULT 4] [0 43.01991749828335 0 1 14 3999.954900346337 98]
	[RESULT 5] [1 45.571725272238766 0 1 2 3968.097598959965 100]
	[RESULT 6] [1 7.288190424894099 1 1 10 3961.00007716274 100]
	[RESULT 7] [1 5.14502687711635 0 1 16 3999.5007533784124 100]
	[RESULT 8] [1 7.1240647789286875 0 3 8 3999.9712498136837 100]
	[RESULT 9] [1 5.11493840740736 0 1 16 3999.5007533784124 100]
	[RESULT 10] [1 5.000031921403935 1 4 15 3772.884730955345 100]
	[RESULT 11] [1 5.802907483455608 0 3 8 3999.9969515344437 100]
	[RESULT 12] [0 6.214018412946392 0 1 15 3999.653152722398 100]
	[RESULT 13] [1 5.000027583728816 1 4 16 3772.884730955345 100]
	[RESULT 14] [1 5.779757864639716 0 1 5 3999.9308788820217 100]
	[RESULT 15] [0 5.022709268876256 1 4 13 3981.861445586022 100]
	[RESULT 16] [0 5.041112618009763 0 1 13 3999.94639471073 100]
	[RESULT 17] [0 5.036181884731182 0 1 13 3999.906796201284 100]
	[RESULT 18] [0 5.001324473914069 0 4 15 1112.8697538844538 100]
	[RESULT 19] [1 5.028073968433255 0 4 16 3998.3959820446175 100]
	[RESULT 20] [1 5.769110018148278 0 4 15 3986.97038005332 100]
	[RESULT 21] [0 17.388709671919234 0 1 11 1073.1956496581029 76]
	[RESULT 22] [1 5.4067117175586406 0 4 13 1112.8697538844538 100]
	[RESULT 23] [1 5.356473078570674 0 1 12 3996.1484336687863 100]
	[RESULT 24] [0 5.4147538155760255 1 1 16 3998.0636888135114 95]
	[RESULT 25] [1 5.005381178204421 0 1 17 3999.0321006357844 100]
	[RESULT 26] [1 5.000346867148901 0 1 9 3915.1513650965767 100]
	[RESULT 27] [1 5.14888406715628 0 3 8 3921.3006302167473 100]
	[RESULT 28] [1 5.000000790959763 1 4 15 3772.884730955345 100]
	[RESULT 29] [1 6.410724129041969 0 4 11 3999.8908074219285 100]
	[RESULT 30] [1 5.031891110956803 0 1 14 3999.9066494313474 100]
	[RESULT 31] [0 5.095012554741314 0 4 12 3991.7360950535576 76]
	[RESULT 32] [1 49.42568793576653 1 1 9 3999.928927511371 100]
	[RESULT 33] [1 5.114298027049504 0 1 19 3999.9967962429014 100]
	[RESULT 34] [1 5.771992079881947 1 1 14 3997.8658790065338 100]
	[RESULT 35] [1 5.0176928023579395 0 1 14 3998.2727998756995 100]
	[RESULT 36] [1 18.83060834794179 0 1 16 3655.7817640912463 100]
	[RESULT 37] [1 6.644130354915968 0 1 16 3999.45873187171 100]
	[RESULT 38] [1 5.152854806308614 1 4 13 3986.3827118245504 100]
	[RESULT 39] [1 5.04698393936687 0 2 9 3999.1824999301734 100]
	[RESULT 40] [1 5.232283798979469 1 4 10 3999.608667040801 100]
	[RESULT 41] [1 5.11409724157714 0 1 13 3999.999632590744 100]
	[RESULT 42] [1 5.242653403237672 0 4 13 3875.591282454876 100]
	[RESULT 43] [1 5.782178536537853 0 1 5 3991.734127704266 100]
	[RESULT 44] [0 9.528033652713448 1 1 10 1012.9018750321782 74]
	[RESULT 45] [1 5.000346867148901 0 1 9 3681.306225398584 100]
	[RESULT 46] [1 5.035766103031769 0 3 8 3999.9712498136837 100]
	[RESULT 47] [1 5.040779905388635 0 1 17 3999.9689488525105 100]
	[RESULT 48] [1 6.75481304042414 0 4 15 3986.97038005332 100]
	[RESULT 49] [0 17.743617671900466 1 4 15 3985.276351676689 100]
	[RESULT 50] [1 5.000249762106725 1 1 16 3881.428310629656 100]
	[RESULT 51] [0 5.773044242463281 1 1 12 3931.8171514587516 76]
	[RESULT 52] [0 5.01424536478895 1 4 13 3981.861445586022 100]
	[RESULT 53] [1 13.636954747291304 0 1 11 3999.9045725066085 100]
	[RESULT 54] [1 5.1149204433827045 0 4 13 3999.718342729741 100]
	[RESULT 55] [1 5.788252473498943 0 1 13 3999.3776175560256 98]
	[RESULT 56] [0 5.087666792638115 1 1 13 3999.9351787662986 100]
	[RESULT 57] [1 5.013750621551227 0 3 13 3950.4040392546717 100]
	[RESULT 58] [1 5.101774972396788 0 1 14 3946.6360880617285 100]
	[RESULT 59] [1 5.113612158983915 0 4 10 3999.7041178077766 100]
	[RESULT 60] [1 5.000000915898932 1 1 14 3772.884730955345 100]
	[RESULT 61] [0 45.411431084376076 1 1 9 3999.751019596915 98]
	[RESULT 62] [1 5.000027583728816 1 4 8 3896.919357926519 100]
	[RESULT 63] [1 5.2161390345417855 0 2 20 3975.44644097525 100]
	[RESULT 64] [0 5.028981258144255 1 1 13 3965.6926421500493 100]
	[RESULT 65] [1 5.78137165356009 0 1 3 3999.45873187171 100]
	[RESULT 66] [1 5.088362836642346 0 4 16 3995.334835764465 92]
	[RESULT 67] [0 5.110321316566607 0 4 14 3999.873005708656 98]
	[RESULT 68] [1 6.375906586410215 0 1 3 3999.885656693564 100]
	[RESULT 69] [1 5.036177720340565 1 4 13 3934.9873391959877 100]
	[RESULT 70] [0 5.518220667491781 1 4 17 3583.0152749767713 100]
	[RESULT 71] [1 5.400066111560252 0 1 16 3999.974083827563 100]
	[RESULT 72] [1 5.4000981122387754 1 1 10 3993.675516039238 100]
	[RESULT 73] [1 5.06020559806971 0 4 13 3999.3504661833595 98]
	[RESULT 74] [1 5.402729674156452 0 4 18 3783.771793814204 100]
	[RESULT 75] [1 5.053413980284962 0 4 9 3999.177539979812 100]
	[RESULT 76] [1 11.655398091451794 0 1 6 3964.451089812246 100]
	[RESULT 77] [1 5.294730833829678 0 1 8 3992.2855502301963 100]
	[RESULT 78] [1 6.091205453583517 0 4 16 3999.9249188672625 100]
	[RESULT 79] [0 5.113612158983915 0 4 10 3999.9619749977837 100]
	[RESULT 80] [0 6.365885836477125 0 4 14 3999.0044941893766 100]
	[RESULT 81] [1 5.060777690867678 0 4 13 3999.2951407482 100]
	[RESULT 82] [1 5.057998711854109 1 1 14 3752.5211678588125 100]
	[RESULT 83] [1 5.958272757716761 0 1 16 3999.702603977415 100]
	[RESULT 84] [1 15.807078892961623 0 1 15 3996.281319589314 100]
	[RESULT 85] [1 5.050534816319001 1 4 10 3994.9278182836506 100]
	[RESULT 86] [1 5.037640697144737 1 1 9 3961.00007716274 100]
	[RESULT 87] [0 5.001324473914069 0 1 14 1321.3198317263484 100]
	[RESULT 88] [1 5.000024526298752 1 4 16 3907.2160298164968 100]
	[RESULT 89] [1 5.010550376514435 0 1 17 3999.9689488525105 91]
	[RESULT 90] [0 6.56314137844961 0 4 15 3998.113907945455 98]
	[RESULT 91] [0 5.095012554741314 0 4 17 3588.4362589749053 76]
	[RESULT 92] [1 14.498713182050384 0 1 16 3878.64819941589 100]
	[RESULT 93] [0 45.146765821965296 0 1 15 3655.7817640912463 97]
	[RESULT 94] [1 5.000019772556537 1 4 18 3907.2160298164968 100]
	[RESULT 95] [0 45.3748499799817 0 3 14 3990.448890293386 100]
	[RESULT 96] [1 6.371064446449285 1 1 10 3867.9020388796266 100]
	[RESULT 97] [1 6.636433715039517 0 4 7 3999.45873187171 100]
	[RESULT 98] [0 5.152943736766301 0 4 13 3953.6651046154293 100]
	[RESULT 99] [0 5.050073017176868 1 1 10 1041.2654904831536 73]
	[RESULT 100] [1 5.087915949331336 0 4 11 3895.3393389323483 100]
	[RESULT 101] [1 43.01991749828335 1 4 12 3998.950530987137 93]
	[RESULT 102] [1 5.340630908952698 0 1 16 3886.502967571596 100]
	[RESULT 103] [1 5.14888406715628 1 3 8 3997.2795842475693 100]
	[RESULT 104] [1 5.000319187538792 0 4 8 3921.3006302167473 100]
	[RESULT 105] [0 43.00788853174909 0 1 13 3708.161784654954 99]
[OBJECTIVES]
	[RESULT 1] [ 0.02913242 -0.0002558   0.01938822  0.02160145  0.0203779   0.09877645
  0.          0.00061178  0.00938822  0.00877645  0.          0.03163242
  0.0002442   0.00438822]
	[RESULT 2] [ 3.39431909e-02  1.01323037e-02  1.59245055e-02  2.30848372e-02
  1.49338482e-02  9.18490110e-02  0.00000000e+00  9.22648355e-03
  5.92450548e-03  1.84901097e-03  0.00000000e+00  3.19431909e-02
 -1.86853778e-05  1.10754945e-02]
	[RESULT 3] [ 0.00578918 -0.02403723  0.01982641  0.0173842   0.01773138  0.09965281
  0.          0.00017359  0.00982641  0.00965281  0.          0.00728918
 -0.02453723  0.00482641]
	[RESULT 4] [ 0.02325021 -0.00187793  0.01512814  0.01931732  0.02093896  0.09025628
  0.          0.00511558  0.00512814  0.00025628  0.          0.02375021
 -0.00862165  0.00537186]
	[RESULT 5] [ 0.02289601 -0.00222427  0.01512027  0.01887841  0.02136213  0.09024055
  0.          0.00513918  0.00512027  0.00024055  0.          0.02439601
 -0.00798372  0.00537973]
	[RESULT 6] [ 0.02771377  0.00119318  0.01652059  0.02338777  0.01965341  0.09304119
  0.          0.00593822  0.00652059  0.00304119  0.          0.02921377
 -0.00676564  0.00897941]
	[RESULT 7] [ 0.00512276 -0.02424395  0.01936671  0.01636145  0.01762803  0.09873342
  0.          0.00063329  0.00936671  0.00873342  0.          0.00662276
 -0.02474395  0.00436671]
	[RESULT 8] [ 0.00742824 -0.01917224  0.01660048  0.01336484  0.02016388  0.09320096
  0.          0.00339952  0.00660048  0.00320096  0.          0.00992824
 -0.02197128  0.00489952]
	[RESULT 9] [ 0.00500492 -0.02447963  0.01948455  0.01647929  0.01751018  0.09896911
  0.          0.00051545  0.00948455  0.00896911  0.          0.00650492
 -0.02497963  0.00448455]
	[RESULT 10] [3.15211348e-02 1.52129442e-03 1.99998404e-02 1.94896720e-02
 1.94893528e-02 9.99996808e-02 0.00000000e+00 1.59601925e-07
 9.99984040e-03 9.99968080e-03 0.00000000e+00 3.45211348e-02
 5.20975218e-04 7.00015960e-03]
	[RESULT 11] [ 0.00622975 -0.02154355  0.0177733   0.01452482  0.01897823  0.0955466
  0.          0.0022267   0.0077733   0.0055466   0.          0.00872975
 -0.02199695  0.0037267 ]
	[RESULT 12] [ 0.00808376 -0.01917457  0.01725834  0.01492939  0.02041271  0.09451667
  0.          0.00274166  0.00725834  0.00451667  0.          0.00858376
 -0.0216579   0.00324166]
	[RESULT 13] [3.15211131e-02 1.52125105e-03 1.99998621e-02 1.94896503e-02
 1.94893745e-02 9.99997242e-02 0.00000000e+00 1.37914840e-07
 9.99986209e-03 9.99972417e-03 0.00000000e+00 3.45211131e-02
 5.20975218e-04 7.00013791e-03]
	[RESULT 14] [ 0.00625956 -0.02154981  0.01780937  0.01459384  0.01897509  0.09561874
  0.          0.00219063  0.00780937  0.00561874  0.          0.00775956
 -0.02204981  0.00280937]
	[RESULT 15] [ 0.02062283 -0.00926615  0.01988897  0.02485512  0.02463307  0.09977795
  0.          0.00011103  0.00988897  0.00977795  0.          0.02262283
 -0.0114882   0.00711103]
	[RESULT 16] [ 0.00525094 -0.02455162  0.01980255  0.0173293   0.01772419  0.09960511
  0.          0.00019745  0.00980255  0.00960511  0.          0.00575094
 -0.02605162  0.00480255]
	[RESULT 17] [ 0.00526745 -0.02455796  0.01982541  0.01737184  0.01772102  0.09965082
  0.          0.00017459  0.00982541  0.00965082  0.          0.00576745
 -0.02605796  0.00482541]
	[RESULT 18] [ 2.97919941e-02 -2.01392301e-04  1.99933864e-02  2.01139234e-02
  2.01006962e-02  9.99867728e-02  0.00000000e+00  6.61361002e-06
  9.99338639e-03  9.98677278e-03  0.00000000e+00  3.17919941e-02
 -2.01392301e-04  4.99338639e-03]
	[RESULT 19] [ 0.00564384 -0.02421962  0.01986346  0.01736712  0.01764019  0.09972693
  0.          0.00013654  0.00986346  0.00972693  0.          0.00864384
 -0.02321962  0.00486346]
	[RESULT 20] [ 0.01473916 -0.01308712  0.01782628  0.018859    0.02320644  0.09565256
  0.          0.00217372  0.00782628  0.00565256  0.          0.01773916
 -0.01343456  0.00417372]
	[RESULT 21] [0.01638518 0.02175863 0.01537345 0.01513242 0.00587932 0.0907469
 0.         0.00462655 0.00537345 0.0007469  0.         0.01588518
 0.00101173 0.00512655]
	[RESULT 22] [0.03023099 0.0016766  0.01855439 0.02230292 0.0194117  0.09710878
 0.         0.00144561 0.00855439 0.00710878 0.         0.03323099
 0.0026766  0.00355439]
	[RESULT 23] [ 0.00865137 -0.02003466  0.01868603  0.01710473  0.01973267  0.09737206
  0.          0.00131397  0.00868603  0.00737206  0.          0.01015137
 -0.02053466  0.00368603]
	[RESULT 24] [ 0.0299296   0.00139542  0.01853418  0.02223392  0.01930229  0.09706837
  0.          0.00146582  0.00853418  0.00706837  0.          0.0304296
 -0.00353621  0.00696582]
	[RESULT 25] [ 4.95858481e-03 -2.50146533e-02  1.99732381e-02  1.71891496e-02
  1.72426733e-02  9.99464762e-02  0.00000000e+00  2.67618806e-05
  9.97323812e-03  9.94647624e-03  0.00000000e+00  6.45858481e-03
 -2.55146533e-02  4.97323812e-03]
	[RESULT 26] [ 2.33120863e-02 -6.68617993e-03  1.99982663e-02  2.35965574e-02
  2.35930900e-02  9.99965325e-02  0.00000000e+00  1.73373437e-06
  9.99826627e-03  9.99653253e-03  0.00000000e+00  2.48120863e-02
 -7.18617993e-03  4.99826627e-03]
	[RESULT 27] [ 0.02362091 -0.00573114  0.01935205  0.02441147  0.02311557  0.0987041
  0.          0.00064795  0.00935205  0.0087041   0.          0.02612091
 -0.00523114  0.00435205]
	[RESULT 28] [3.15209792e-02 1.52098313e-03 1.99999960e-02 1.94895163e-02
 1.94895084e-02 9.99999921e-02 0.00000000e+00 3.95479566e-09
 9.99999605e-03 9.99999209e-03 0.00000000e+00 3.45209792e-02
 5.20975218e-04 7.00000395e-03]
	[RESULT 29] [ 0.00703465 -0.02003941  0.01707407  0.01387842  0.01973029  0.09414813
  0.          0.00292593  0.00707407  0.00414813  0.          0.01003465
 -0.02189128  0.00492593]
	[RESULT 30] [ 0.00424753 -0.02559794  0.01984547  0.01664197  0.01695103  0.09969094
  0.          0.00015453  0.00984547  0.00969094  0.          0.00574753
 -0.02609794  0.00484547]
	[RESULT 31] [0.03084471 0.00127855 0.01956616 0.02022841 0.01936073 0.09913232
 0.         0.00043384 0.00956616 0.00913232 0.         0.03284471
 0.00127855 0.00456616]
	[RESULT 32] [ 0.0139608  -0.01114927  0.01511007  0.01439551  0.02417537  0.09022014
  0.          0.00983021  0.00511007  0.00022014  0.          0.0154608
 -0.02192913  0.01038993]
	[RESULT 33] [ 0.00451607 -0.02497106  0.01948713  0.01623873  0.01726447  0.09897426
  0.          0.00051287  0.00948713  0.00897426  0.          0.00601607
 -0.02547106  0.00448713]
	[RESULT 34] [ 0.01314459 -0.0146771   0.01782168  0.01805482  0.02241145  0.09564337
  0.          0.00217832  0.00782168  0.00564337  0.          0.01464459
 -0.02003373  0.00767832]
	[RESULT 35] [ 5.70250878e-03 -2.42105652e-02  1.99130740e-02  1.74708653e-02
  1.76447174e-02  9.98261479e-02  0.00000000e+00  8.69260464e-05
  9.91307395e-03  9.82614791e-03  0.00000000e+00  7.20250878e-03
 -2.47105652e-02  4.91307395e-03]
	[RESULT 36] [0.03197009 0.00663295 0.01533714 0.02374076 0.01693352 0.09067428
 0.         0.00466286 0.00533714 0.00067428 0.         0.03347009
 0.00130723 0.00516286]
	[RESULT 37] [ 0.00763882 -0.01925216  0.01689098  0.01390588  0.02012392  0.09378196
  0.          0.00310902  0.00689098  0.00378196  0.          0.00913882
 -0.0214702   0.00360902]
	[RESULT 38] [ 0.01847848 -0.01085858  0.01933706  0.02299483  0.02432071  0.09867412
  0.          0.00066294  0.00933706  0.00867412  0.          0.02147848
 -0.01318446  0.00766294]
	[RESULT 39] [ 0.00501599 -0.02475963  0.01977562  0.01692143  0.01737018  0.09955124
  0.          0.00022438  0.00977562  0.00955124  0.          0.00701599
 -0.02475963  0.00477562]
	[RESULT 40] [ 0.01032779 -0.01872971  0.01905751  0.01850016  0.02038514  0.09811501
  0.          0.00094249  0.00905751  0.00811501  0.          0.01332779
 -0.0216147   0.00794249]
	[RESULT 41] [ 0.00451243 -0.02497551  0.01948794  0.01623812  0.01726225  0.09897588
  0.          0.00051206  0.00948794  0.00897588  0.          0.00601243
 -0.02547551  0.00448794]
	[RESULT 42] [ 0.0257932  -0.00323045  0.01902365  0.02381793  0.02186523  0.0980473
  0.          0.00097635  0.00902365  0.0080473   0.          0.0287932
 -0.00223045  0.00402365]
	[RESULT 43] [ 0.01240642 -0.01539913  0.01780556  0.01766154  0.02205043  0.09561111
  0.          0.00219444  0.00780556  0.00561111  0.          0.01390642
 -0.01589913  0.00280556]
	[RESULT 44] [0.01185272 0.0177572  0.01590448 0.01206964 0.0038786  0.09180896
 0.         0.00778656 0.00590448 0.00180896 0.         0.01135272
 0.00094824 0.00959552]
	[RESULT 45] [ 2.71832545e-02 -2.81501179e-03  1.99982663e-02  2.16609734e-02
  2.16575059e-02  9.99965325e-02  0.00000000e+00  1.73373437e-06
  9.99826627e-03  9.99653253e-03  0.00000000e+00  2.86832545e-02
 -3.31501179e-03  4.99826627e-03]
	[RESULT 46] [ 0.00420137 -0.02562597  0.01982734  0.0165917   0.01693701  0.09965469
  0.          0.00017266  0.00982734  0.00965469  0.          0.00670137
 -0.02512597  0.00482734]
	[RESULT 47] [ 0.00422692 -0.02557717  0.01980409  0.0165696   0.01696142  0.09960818
  0.          0.00019591  0.00980409  0.00960818  0.          0.00572692
 -0.02607717  0.00480409]
	[RESULT 48] [ 0.01575044 -0.01106457  0.01681501  0.01784773  0.02421772  0.09363001
  0.          0.00318499  0.00681501  0.00363001  0.          0.01875044
 -0.01343456  0.00518499]
	[RESULT 49] [ 0.02390249 -0.00146131  0.01536381  0.01999695  0.02073066  0.09072761
  0.          0.00909142  0.00536381  0.00072761  0.          0.02590249
 -0.0127337   0.01163619]
	[RESULT 50] [ 2.96480226e-02 -3.50728926e-04  1.99987515e-02  2.04278615e-02
  2.04253645e-02  9.99975030e-02  0.00000000e+00  1.24849871e-06
  9.99875150e-03  9.99750300e-03  0.00000000e+00  3.11480226e-02
 -1.35322592e-03  5.50124850e-03]
	[RESULT 51] [0.02032725 0.02185274 0.01782001 0.01343361 0.00907363 0.09564002
 0.         0.00217999 0.00782001 0.00564002 0.         0.01982725
 0.00750724 0.00767999]
	[RESULT 52] [ 2.05820265e-02 -9.34774706e-03  1.99297736e-02  2.48143264e-02
  2.46738735e-02  9.98595472e-02  0.00000000e+00  7.02264229e-05
  9.92977358e-03  9.85954715e-03  0.00000000e+00  2.25820265e-02
 -1.14881999e-02  7.07022642e-03]
	[RESULT 53] [ 0.00857623 -0.01694261  0.01551884  0.01231637  0.0212787   0.09103767
  0.          0.00448116  0.00551884  0.00103767  0.          0.01007623
 -0.02190494  0.00498116]
	[RESULT 54] [ 0.00479389 -0.02469073  0.01948462  0.01637388  0.01740463  0.09896925
  0.          0.00051538  0.00948462  0.00896925  0.          0.00779389
 -0.02369073  0.00448462]
	[RESULT 55] [ 0.02014457 -0.00765145  0.01779603  0.02151632  0.02407573  0.09559205
  0.          0.00220397  0.00779603  0.00559205  0.          0.02164457
 -0.00815145  0.00279603]
	[RESULT 56] [ 0.01046766 -0.01912934  0.019597    0.01962932  0.02043533  0.09919399
  0.          0.000403    0.009597    0.00919399  0.          0.01096766
 -0.02193535  0.005903  ]
	[RESULT 57] [ 2.06893508e-02 -9.24282868e-03  1.99321795e-02  2.49929446e-02
  2.48714143e-02  9.98643589e-02  0.00000000e+00  6.78205333e-05
  9.93217947e-03  9.86435893e-03  0.00000000e+00  2.31893508e-02
 -8.74282868e-03  4.93217947e-03]
	[RESULT 58] [ 0.02148626 -0.00805187  0.01953813  0.02480033  0.02427594  0.09907626
  0.          0.00046187  0.00953813  0.00907626  0.          0.02298626
 -0.00855187  0.00453813]
	[RESULT 59] [ 0.00480253 -0.02468737  0.01948989  0.0163861   0.01740632  0.09897979
  0.          0.00051011  0.00948989  0.00897979  0.          0.00780253
 -0.02368737  0.00448989]
	[RESULT 60] [3.15209798e-02 1.52098438e-03 1.99999954e-02 1.94895170e-02
 1.94895078e-02 9.99999908e-02 0.00000000e+00 4.57949045e-09
 9.99999542e-03 9.99999084e-03 0.00000000e+00 3.30209798e-02
 5.20975218e-04 5.50000458e-03]
	[RESULT 61] [ 0.02845912  0.00333838  0.01512074  0.02191067  0.01833081  0.09024148
  0.          0.00986222  0.00512074  0.00024148  0.          0.02895912
 -0.00842014  0.01037926]
	[RESULT 62] [ 2.91203997e-02 -8.79462356e-04  1.99998621e-02  2.06900070e-02
  2.06897312e-02  9.99997242e-02  0.00000000e+00  1.37914840e-07
  9.99986209e-03  9.99972417e-03  0.00000000e+00  3.21203997e-02
 -1.87973819e-03  7.00013791e-03]
	[RESULT 63] [ 0.01727601 -0.01183536  0.01911137  0.02205506  0.02383232  0.09822274
  0.          0.00088863  0.00911137  0.00822274  0.          0.01927601
 -0.01183536  0.00411137]
	[RESULT 64] [ 0.0246025  -0.00525667  0.01985917  0.02290999  0.02262834  0.09971835
  0.          0.00014083  0.00985917  0.00971835  0.          0.0251025
 -0.00753832  0.00564083]
	[RESULT 65] [ 0.00672297 -0.02108385  0.01780683  0.01482172  0.01920807  0.09561365
  0.          0.00219317  0.00780683  0.00561365  0.          0.00822297
 -0.02158385  0.00280683]
	[RESULT 66] [ 0.02611524 -0.00347882  0.01959406  0.0228013   0.02198941  0.09918811
  0.          0.00040594  0.00959406  0.00918811  0.          0.02911524
 -0.00247882  0.00459406]
	[RESULT 67] [ 0.01895648 -0.01054672  0.0195032   0.02373304  0.02472664  0.0990064
  0.          0.0004968   0.0095032   0.0090064   0.          0.02095648
 -0.01054672  0.0045032 ]
	[RESULT 68] [ 0.00700936 -0.0200951   0.01710446  0.01391137  0.01970245  0.09420892
  0.          0.00289554  0.00710446  0.00420892  0.          0.00850936
 -0.02188618  0.00339554]
	[RESULT 69] [ 0.02723111 -0.00259432  0.01982543  0.02189631  0.02154716  0.09965085
  0.          0.00017457  0.00982543  0.00965085  0.          0.03023111
 -0.00394347  0.00717457]
	[RESULT 70] [0.0347074  0.00699927 0.01829333 0.01991371 0.01650037 0.09658666
 0.         0.00212001 0.00829333 0.00658666 0.         0.0327074
 0.00158592 0.00870667]
	[RESULT 71] [ 0.00545463 -0.02311663  0.01857126  0.0153342   0.01819168  0.09714252
  0.          0.00142874  0.00857126  0.00714252  0.          0.00695463
 -0.02361663  0.00357126]
	[RESULT 72] [ 0.01547638 -0.0130948   0.01857118  0.02034496  0.0232026   0.09714236
  0.          0.00142882  0.00857118  0.00714236  0.          0.01697638
 -0.01695244  0.00692882]
	[RESULT 73] [ 0.01825035 -0.01146571  0.01971607  0.02344928  0.02401714  0.09943213
  0.          0.00028393  0.00971607  0.00943213  0.          0.02125035
 -0.01046571  0.00471607]
	[RESULT 74] [ 0.02784461 -0.00071986  0.01856448  0.02348098  0.02060993  0.09712896
  0.          0.00143552  0.00856448  0.00712896  0.          0.03084461
  0.00028014  0.00356448]
	[RESULT 75] [ 0.00504979 -0.02469668  0.01974647  0.0168946   0.01740166  0.09949294
  0.          0.00025353  0.00974647  0.00949294  0.          0.00804979
 -0.02369668  0.00474647]
	[RESULT 76] [ 0.02302463 -0.0026285   0.01565313  0.01974202  0.02156425  0.09130627
  0.          0.00434687  0.00565313  0.00130627  0.          0.02452463
 -0.00732223  0.00484687]
	[RESULT 77] [ 0.01103349 -0.01782832  0.01886181  0.01855945  0.02083584  0.09772361
  0.          0.00113819  0.00886181  0.00772361  0.          0.01253349
 -0.01832832  0.00386181]
	[RESULT 78] [ 0.00668389 -0.02070707  0.01739097  0.01417839  0.01939646  0.09478193
  0.          0.00260903  0.00739097  0.00478193  0.          0.00968389
 -0.02192514  0.00460903]
	[RESULT 79] [ 0.00554807 -0.02394182  0.01948989  0.01700888  0.01802909  0.09897979
  0.          0.00051011  0.00948989  0.00897979  0.          0.00754807
 -0.02394182  0.00448989]
	[RESULT 80] [ 0.00884401 -0.01826936  0.01711337  0.01509206  0.02086532  0.09422675
  0.          0.00288663  0.00711337  0.00422675  0.          0.01084401
 -0.02104262  0.00488663]
	[RESULT 81] [ 0.00497201 -0.02474151  0.01971352  0.01680629  0.01737924  0.09942705
  0.          0.00028648  0.00971352  0.00942705  0.          0.00797201
 -0.02374151  0.00471352]
	[RESULT 82] [0.03198034 0.00225444 0.0197259  0.01967097 0.01912278 0.09945181
 0.         0.0002741  0.0097259  0.00945181 0.         0.03348034
 0.00070624 0.0057741 ]
	[RESULT 83] [ 0.00674063 -0.02081264  0.01755327  0.01445022  0.01934368  0.09510654
  0.          0.00244673  0.00755327  0.00510654  0.          0.00824063
 -0.0217061   0.00294673]
	[RESULT 84] [ 0.01181369 -0.01360979  0.01542347  0.01379206  0.02294511  0.09084695
  0.          0.00457653  0.00542347  0.00084695  0.          0.01331369
 -0.01876284  0.00507653]
	[RESULT 85] [ 0.01345719 -0.01630229  0.01975948  0.02111782  0.02159886  0.09951896
  0.          0.00024052  0.00975948  0.00951896  0.          0.01645719
 -0.01778333  0.00724052]
	[RESULT 86] [ 0.02441574 -0.00540288  0.01981862  0.02331419  0.02295144  0.09963725
  0.          0.00018138  0.00981862  0.00963725  0.          0.02591574
 -0.00676564  0.00568138]
	[RESULT 87] [ 2.97754472e-02 -2.17939176e-04  1.99933864e-02  2.01221968e-02
  2.01089696e-02  9.99867728e-02  0.00000000e+00  6.61361002e-06
  9.99338639e-03  9.98677278e-03  0.00000000e+00  3.02754472e-02
 -1.71793918e-03  4.99338639e-03]
	[RESULT 88] [ 2.86937978e-02 -1.30607953e-03  1.99998774e-02  2.09032850e-02
  2.09030398e-02  9.99997547e-02  0.00000000e+00  1.22628486e-07
  9.99987737e-03  9.99975474e-03  0.00000000e+00  3.16937978e-02
 -2.30632478e-03  7.00012263e-03]
	[RESULT 89] [ 2.20832138e-02 -7.86458509e-03  1.99477989e-02  2.42866948e-02
  2.41822925e-02  9.98955977e-02  0.00000000e+00  5.22011409e-05
  9.94779886e-03  9.89559772e-03  0.00000000e+00  2.35832138e-02
 -8.36458509e-03  4.94779886e-03]
	[RESULT 90] [ 0.02313638 -0.00381435  0.01695073  0.02199429  0.02190717  0.09390146
  0.          0.00304927  0.00695073  0.00390146  0.          0.02513638
 -0.00691289  0.00504927]
	[RESULT 91] [0.02179779 0.01863605 0.01956616 0.01154966 0.01068198 0.09913232
 0.         0.00043384 0.00956616 0.00913232 0.         0.01979779
 0.00436395 0.00456616]
	[RESULT 92] [ 0.02925322  0.00377697  0.01547625  0.02259098  0.01836151  0.0909525
  0.          0.00452375  0.00547625  0.0009525   0.          0.03075322
 -0.00127053  0.00502375]
	[RESULT 93] [0.02181428 0.0230642  0.01512152 0.01822487 0.0084679  0.09024303
 0.         0.00513545 0.00512152 0.00024303 0.         0.02131428
 0.00669277 0.00537848]
	[RESULT 94] [ 2.86937741e-02 -1.30612706e-03  1.99999011e-02  2.09032613e-02
  2.09030635e-02  9.99998023e-02  0.00000000e+00  9.88608280e-08
  9.99990114e-03  9.99980228e-03  0.00000000e+00  3.16937741e-02
 -2.30632478e-03  7.00009886e-03]
	[RESULT 95] [ 0.01679001 -0.00833084  0.01512085  0.01607627  0.02416542  0.09024169
  0.          0.00613746  0.00512085  0.00024169  0.          0.01829001
 -0.01508914  0.00637915]
	[RESULT 96] [ 0.03291283  0.00580408  0.01710876  0.02313045  0.01734796  0.09421752
  0.          0.00417373  0.00710876  0.00421752  0.          0.03441283
 -0.00097841  0.00839124]
	[RESULT 97] [ 0.0076333 -0.0192632  0.0168965  0.0139114  0.0201184  0.093793
  0.         0.0031035  0.0068965  0.003793   0.         0.0106333
 -0.0214702  0.0051035]
	[RESULT 98] [ 0.02190178 -0.00743494  0.01933673  0.02495598  0.02371747  0.09867345
  0.          0.00066327  0.00933673  0.00867345  0.          0.02390178
 -0.00743494  0.00433673]
	[RESULT 99] [0.01568533 0.0245531  0.01976157 0.0082003  0.00772345 0.09952315
 0.         0.00023843 0.00976157 0.00952315 0.         0.01518533
 0.00092375 0.00573843]
	[RESULT 100] [ 0.02458378 -0.00501216  0.01959594  0.02356419  0.02275608  0.09919189
  0.          0.00040406  0.00959594  0.00919189  0.          0.02758378
 -0.00401216  0.00459594]
	[RESULT 101] [ 0.03237905  0.00725091  0.01512814  0.02363173  0.01662455  0.09025628
  0.          0.00838442  0.00512814  0.00025628  0.          0.03462095
 -0.00349281  0.01187186]
	[RESULT 102] [ 0.02575768 -0.00297191  0.01872959  0.02427678  0.02173595  0.09745917
  0.          0.00127041  0.00872959  0.00745917  0.          0.02725768
 -0.00347191  0.00372959]
	[RESULT 103] [ 0.01210139 -0.01725066  0.01935205  0.01982877  0.02112467  0.0987041
  0.          0.00064795  0.00935205  0.0087041   0.          0.01460139
 -0.01954656  0.00714795]
	[RESULT 104] [ 2.29745578e-02 -7.02384674e-03  1.99984046e-02  2.37651142e-02
  2.37619234e-02  9.99968091e-02  0.00000000e+00  1.59542845e-06
  9.99840457e-03  9.99680914e-03  0.00000000e+00  2.59745578e-02
 -6.02384674e-03  4.99840457e-03]
	[RESULT 105] [0.02710079 0.01777103 0.01512818 0.02085813 0.01111449 0.09025636
 0.         0.00511546 0.00512818 0.00025636 0.         0.02660079
 0.01102738 0.00537182]
