[METRICS]
	[DISEQUILIBRIUM COUNT] 27
[VARIABLES]
	[RESULT 1] [0 40.35382259356499 0 3 24 2733.315639035422 100]
	[RESULT 2] [0 6.618519056636456 0 4 1 1366.6160651604575 57]
	[RESULT 3] [1 31.936992528163472 0 2 15 3994.2685292512165 86]
	[RESULT 4] [0 7.354612871508701 0 3 13 3997.423000884772 45]
	[RESULT 5] [0 5.876917738487345 0 4 2 2770.37954554348 69]
	[RESULT 6] [0 6.155141809333703 0 3 21 3992.667991134006 45]
	[RESULT 7] [0 17.386349212558812 0 4 18 3949.2994886893243 61]
	[RESULT 8] [0 22.085981101246762 0 2 24 3527.4421285553863 100]
	[RESULT 9] [1 5.453472020125086 1 3 8 3502.500546124694 34]
	[RESULT 10] [1 5.694991757362676 1 3 0 2725.716241623067 98]
	[RESULT 11] [0 7.354612871508701 0 3 22 3997.423000884772 30]
	[RESULT 12] [0 40.35382259356499 0 3 15 3991.5233734100734 98]
	[RESULT 13] [1 32.59421965657249 0 4 15 3994.2685292512165 86]
	[RESULT 14] [0 7.354612871508701 0 3 13 3997.271311395575 45]
	[RESULT 15] [0 7.327574222102298 0 3 22 3977.7097822053784 30]
	[RESULT 16] [1 6.04774288556528 0 4 24 3885.228960046066 69]
	[RESULT 17] [1 35.09188516524357 1 1 9 3992.507322661924 95]
	[RESULT 18] [0 31.558608746748213 0 3 15 3996.0658971319654 99]
	[RESULT 19] [0 5.2020514647047165 0 3 21 3994.6101074077847 44]
	[RESULT 20] [1 8.748909127633588 0 2 15 3520.167599389739 100]
	[RESULT 21] [0 40.376264637505926 0 2 18 2733.315639035422 100]
	[RESULT 22] [0 5.281466154942419 0 4 2 2155.293627667321 45]
	[RESULT 23] [0 7.446050242822816 1 1 24 3340.0812727646603 79]
	[RESULT 24] [0 32.72099768461534 0 2 24 3998.534806840368 100]
	[RESULT 25] [0 25.798927624342593 0 2 24 2680.771693206317 100]
	[RESULT 26] [0 5.217658565514375 1 3 5 3246.2819616621296 97]
	[RESULT 27] [0 9.063102041754307 0 4 5 3221.406189783051 31]
	[RESULT 28] [1 7.379510098164399 0 2 22 3997.423000884772 30]
	[RESULT 29] [1 38.971587766106694 0 4 24 3988.549544576914 69]
	[RESULT 30] [0 42.426877396232456 0 3 18 3993.5142708815874 63]
	[RESULT 31] [0 22.594098002232275 0 2 24 3777.3400460067774 100]
	[RESULT 32] [1 49.2290273327895 0 1 19 3013.887449843884 97]
	[RESULT 33] [0 7.187473214887234 0 1 13 3989.611951170463 45]
	[RESULT 34] [0 5.386485494448118 0 3 15 3996.0658971319654 35]
	[RESULT 35] [1 7.354612871508701 1 3 13 3986.7056975263267 45]
	[RESULT 36] [1 31.936992528163472 0 2 18 3995.0661498562185 86]
	[RESULT 37] [1 5.453472020125086 1 2 8 3569.1892978471433 100]
	[RESULT 38] [0 12.575381806150276 0 3 3 3998.278132044845 9]
	[RESULT 39] [1 16.357372718748856 0 1 9 3997.8498629672436 97]
	[RESULT 40] [1 41.97402100885182 1 3 14 1966.0682866095917 96]
	[RESULT 41] [0 42.076400650839076 1 3 24 2963.0290304904483 100]
	[RESULT 42] [0 5.386485494448118 0 3 15 3913.0942825888274 32]
	[RESULT 43] [0 39.03749065456408 1 1 23 3944.9732395173514 98]
	[RESULT 44] [1 9.256693214072182 0 2 15 3997.1293313859496 86]
	[RESULT 45] [0 5.933273566646142 0 3 21 3994.6101074077847 100]
	[RESULT 46] [0 5.958483494330758 1 3 1 3889.157077539864 89]
	[RESULT 47] [0 44.97301938398914 0 3 24 3800.700891736432 100]
	[RESULT 48] [0 11.949439292405028 0 1 24 3203.037213783709 100]
	[RESULT 49] [0 9.072975179573383 0 4 6 3221.406189783051 100]
	[RESULT 50] [1 6.371039772793229 0 1 17 3970.460709862547 97]
	[RESULT 51] [0 5.601962928572544 0 4 1 3984.078760558915 30]
	[RESULT 52] [0 40.34403239596453 0 3 15 3990.7454192347363 100]
	[RESULT 53] [0 32.72099768461534 0 3 24 3999.4812611972793 31]
	[RESULT 54] [0 5.846934438602637 1 1 9 3369.0492870115004 14]
	[RESULT 55] [0 34.389319712396926 1 3 24 3975.339187528117 100]
	[RESULT 56] [0 45.43679713689998 0 1 15 3999.209314551612 79]
	[RESULT 57] [0 7.393776051438044 1 3 21 3998.3986718479064 30]
	[RESULT 58] [0 11.032836345525494 0 3 14 3997.33277239157 85]
	[RESULT 59] [0 9.096664440968071 0 3 13 3957.5754005550853 99]
	[RESULT 60] [0 5.928322429725164 0 3 22 3996.31349660849 28]
	[RESULT 61] [0 46.613432734928956 1 3 13 2828.268626835732 35]
	[RESULT 62] [0 5.257616278579142 0 3 2 3992.667991134006 45]
	[RESULT 63] [0 5.129159539494201 0 3 2 3994.6101074077847 47]
	[RESULT 64] [0 13.207451621433783 0 3 13 3913.0942825888274 98]
	[RESULT 65] [1 24.953975052098325 0 3 24 3709.469819147418 100]
	[RESULT 66] [1 37.02799931537663 0 2 24 2408.923014939775 89]
	[RESULT 67] [1 31.876011375053544 0 1 17 3991.1723526133255 84]
	[RESULT 68] [0 7.30979720567792 1 1 24 3337.6407148748353 100]
	[RESULT 69] [1 7.678353793579831 0 1 15 3991.357409200073 99]
	[RESULT 70] [0 5.928322429725164 0 3 21 3996.4312658609315 28]
	[RESULT 71] [0 20.682681422821346 0 2 24 3688.373063498451 100]
	[RESULT 72] [1 8.318296830464318 0 4 12 2383.7708477755273 95]
	[RESULT 73] [0 33.35097687731701 0 2 24 3998.534806840368 45]
	[RESULT 74] [1 6.489880194694297 0 2 15 3941.231243033267 84]
	[RESULT 75] [0 7.632937389506099 0 3 1 3997.423000884772 30]
	[RESULT 76] [0 7.0382506867043695 0 4 24 1276.8937200288126 100]
	[RESULT 77] [1 7.320268727293706 0 3 22 3929.9853049888793 86]
	[RESULT 78] [1 5.2861793840372435 1 1 24 1527.6206895897565 100]
	[RESULT 79] [1 7.925245695088997 0 3 15 3913.0942825888274 32]
	[RESULT 80] [0 12.447493943038882 0 3 14 3997.33277239157 85]
	[RESULT 81] [0 25.760165928152276 0 3 24 2696.9789835580264 100]
	[RESULT 82] [0 34.21042982106939 0 3 22 3995.9220758270844 28]
	[RESULT 83] [0 40.652336363716444 0 3 24 3776.152629718551 100]
	[RESULT 84] [0 5.020913222135052 0 3 21 3996.4240236914316 53]
	[RESULT 85] [0 17.86771083295284 0 4 1 1241.2832252002145 8]
	[RESULT 86] [1 9.657455145474316 0 2 22 3997.423000884772 30]
	[RESULT 87] [0 31.45124275148303 0 2 1 3991.4661552264547 85]
	[RESULT 88] [0 23.03870411054937 0 2 24 3751.3964037976866 100]
	[RESULT 89] [0 40.34403239596453 0 3 15 3982.19174288265 100]
	[RESULT 90] [0 5.1361353928107185 1 3 15 1340.7351729526056 45]
	[RESULT 91] [1 6.454274720678483 1 1 24 2821.0588869848743 84]
	[RESULT 92] [1 5.340138720889825 0 1 15 3997.423000884772 45]
	[RESULT 93] [1 5.958483494330758 0 3 24 2431.5075385065966 89]
	[RESULT 94] [0 17.42337215320326 0 2 18 3533.156330817448 100]
	[RESULT 95] [0 5.132337008873497 0 4 2 1945.0062918729595 100]
	[RESULT 96] [0 6.916520168585112 0 4 13 3984.078760558915 45]
	[RESULT 97] [1 46.63307942052324 0 3 9 3980.882154014881 45]
	[RESULT 98] [0 12.575381806150276 0 3 3 3999.5184416312277 9]
	[RESULT 99] [0 7.370693715885881 0 2 15 3997.1128274183193 30]
	[RESULT 100] [0 6.1403098460193295 1 3 23 3975.730593980934 100]
	[RESULT 101] [0 23.03870411054937 0 2 24 3870.4413112478837 100]
	[RESULT 102] [0 6.738104542015349 0 3 21 3996.8246128440524 46]
	[RESULT 103] [1 5.694991757362676 0 3 0 3956.0592696361336 98]
	[RESULT 104] [1 16.72691711696823 0 1 17 2478.0906193411633 94]
	[RESULT 105] [0 5.091515595449874 0 1 24 3777.3400460067774 100]
[OBJECTIVES]
	[RESULT 1] [0.0343786  0.00924106 0.01513754 0.0248956  0.01537947 0.09027507
 0.         0.00608739 0.00513754 0.00027507 0.         0.0341214
 0.00251614 0.00636246]
	[RESULT 2] [0.01759913 0.0245086  0.01690948 0.01343535 0.0072543  0.09381895
 0.         0.00309052 0.00690948 0.00381895 0.         0.01559913
 0.00068965 0.00509052]
	[RESULT 3] [0.03215023 0.00697126 0.01517897 0.02359358 0.01676437 0.09035795
 0.         0.00546308 0.00517897 0.00035795 0.         0.03415023
 0.00132921 0.00582103]
	[RESULT 4] [ 3.04885574e-02  3.99807247e-03  1.64904850e-02  2.49800061e-02
  1.80009638e-02  9.29809699e-02  0.00000000e+00  3.50951505e-03
  6.49048495e-03  2.98096990e-03  0.00000000e+00  3.19885574e-02
 -2.09576322e-05  5.00951505e-03]
	[RESULT 5] [0.0187871  0.02354896 0.01766394 0.01289764 0.00822552 0.09532788
 0.         0.00233606 0.00766394 0.00532788 0.         0.0167871
 0.00112316 0.00433606]
	[RESULT 6] [0.03299214 0.0056721  0.01732003 0.02252388 0.01716395 0.09464007
 0.         0.00267997 0.00732003 0.00464007 0.         0.03449214
 0.00331217 0.00417997]
	[RESULT 7] [0.02412973 0.02049675 0.01537351 0.01900459 0.00975162 0.09074703
 0.         0.00587946 0.00537351 0.00074703 0.         0.02212973
 0.00875622 0.00662649]
	[RESULT 8] [0.03346741 0.00819095 0.01527646 0.02464839 0.01590452 0.09055291
 0.         0.00517063 0.00527646 0.00055291 0.         0.03446741
 0.00174386 0.00572354]
	[RESULT 9] [0.01593472 0.02437476 0.01844004 0.0105573  0.00743738 0.09688008
 0.         0.00155996 0.00844004 0.00688008 0.         0.01343472
 0.00149468 0.00805996]
	[RESULT 10] [0.02109757 0.02095257 0.01794987 0.01387398 0.00977372 0.09589973
 0.         0.0026504  0.00794987 0.00589973 0.         0.01859757
 0.0071477  0.00855013]
	[RESULT 11] [3.05640101e-02 4.07352518e-03 1.64904850e-02 2.49822675e-02
 1.79632374e-02 9.29809699e-02 0.00000000e+00 3.50951505e-03
 6.49048495e-03 2.98096990e-03 0.00000000e+00 3.20640101e-02
 5.44950841e-05 5.00951505e-03]
	[RESULT 12] [ 0.02952605  0.00438852  0.01513754  0.02246933  0.01780574  0.09027507
  0.          0.00608739  0.00513754  0.00027507  0.          0.03102605
 -0.00233641  0.00636246]
	[RESULT 13] [0.03215435 0.00697949 0.01517486 0.02358946 0.01676026 0.09034972
 0.         0.00647542 0.00517486 0.00034972 0.         0.03484565
 0.00132921 0.00682514]
	[RESULT 14] [0.03061254 0.00412205 0.01649048 0.024958   0.01793897 0.09298097
 0.         0.00350952 0.00649048 0.00298097 0.         0.03211254
 0.00010302 0.00500952]
	[RESULT 15] [0.03000055 0.01349685 0.0165026  0.02024638 0.01325157 0.09300519
 0.         0.0034974  0.0065026  0.00300519 0.         0.02850055
 0.00950205 0.0049974 ]
	[RESULT 16] [0.02353831 0.01901998 0.01744171 0.01585659 0.01074001 0.09488343
 0.         0.00255829 0.00744171 0.00488343 0.         0.02053831
 0.0050966  0.00455829]
	[RESULT 17] [0.03372925 0.01110994 0.01516081 0.0243734  0.01469503 0.09032163
 0.         0.00998244 0.00516081 0.00032163 0.         0.03222925
 0.00043156 0.01033919]
	[RESULT 18] [ 0.02321776 -0.00196367  0.01518143  0.01938103  0.02098184  0.09036286
  0.          0.00595571  0.00518143  0.00036286  0.          0.02471776
 -0.00860081  0.00631857]
	[RESULT 19] [0.02992352 0.00076396 0.01915956 0.02129891 0.01961802 0.09831911
 0.         0.00084044 0.00915956 0.00831911 0.         0.03142352
 0.00026396 0.00415956]
	[RESULT 20] [0.03170909 0.00565622 0.01605287 0.02468386 0.01742189 0.09210575
 0.         0.00394713 0.00605287 0.00210575 0.         0.03370909
 0.00176197 0.00494713]
	[RESULT 21] [0.03437868 0.00924123 0.01513745 0.02489552 0.01537938 0.0902749
 0.         0.00558764 0.00513745 0.0002749  0.         0.03462132
 0.00251614 0.00586255]
	[RESULT 22] [0.0195932  0.02150502 0.01890178 0.01144393 0.00924749 0.09780356
 0.         0.00109822 0.00890178 0.00780356 0.         0.0175932
 0.00149498 0.00390178]
	[RESULT 23] [0.01327254 0.01972348 0.01645094 0.01195987 0.00486174 0.09290187
 0.         0.00614719 0.00645094 0.00290187 0.         0.01277254
 0.00182161 0.00904906]
	[RESULT 24] [ 0.01120999 -0.0139641   0.01517409  0.01336613  0.02301795  0.09034818
  0.          0.00547773  0.00517409  0.00034818  0.          0.01220999
 -0.02061592  0.00582591]
	[RESULT 25] [0.03430568 0.00907631 0.01522937 0.02499689 0.01546184 0.09045874
 0.         0.00531189 0.00522937 0.00045874 0.         0.03469432
 0.00253505 0.00577063]
	[RESULT 26] [0.01990884 0.02098492 0.01910624 0.01129506 0.00950754 0.09821248
 0.         0.00089376 0.00910624 0.00821248 0.         0.01840884
 0.0058026  0.00739376]
	[RESULT 27] [0.01705101 0.02303854 0.01598754 0.0145442  0.00651927 0.09197507
 0.         0.00403739 0.00598754 0.00197507 0.         0.01505101
 0.00106347 0.00601246]
	[RESULT 28] [2.95749907e-02 3.09548632e-03 1.64795044e-02 2.42567519e-02
 1.87022568e-02 9.29590088e-02 0.00000000e+00 3.52049562e-03
 6.47950438e-03 2.95900876e-03 0.00000000e+00 3.15749907e-02
 5.44950841e-05 4.52049562e-03]
	[RESULT 29] [0.03391454 0.01094249 0.01514297 0.02449281 0.01477875 0.09028595
 0.         0.00657108 0.00514297 0.00028595 0.         0.03091454
 0.00522844 0.00685703]
	[RESULT 30] [0.0344933  0.00936319 0.01513012 0.02494183 0.01531841 0.09026023
 0.         0.00610965 0.00513012 0.00026023 0.         0.0340067
 0.00262342 0.00636988]
	[RESULT 31] [0.03220748 0.00693857 0.0152689  0.02400709 0.01653071 0.09053781
 0.         0.00519329 0.0052689  0.00053781 0.         0.03320748
 0.00047638 0.0057311 ]
	[RESULT 32] [0.02172868 0.02316077 0.01511055 0.01844852 0.00866961 0.0902211
 0.         0.00516835 0.00511055 0.0002211  0.         0.02022868
 0.00561813 0.00538945]
	[RESULT 33] [0.03458711 0.00884425 0.01656864 0.0224406  0.01557788 0.09313728
 0.         0.00343136 0.00656864 0.00313728 0.         0.03408711
 0.00498153 0.00393136]
	[RESULT 34] [0.02948992 0.00088368 0.01860624 0.02234568 0.01955816 0.09721248
 0.         0.00139376 0.00860624 0.00721248 0.         0.03098992
 0.00038368 0.00360624]
	[RESULT 35] [0.02916859 0.01434092 0.01649048 0.02009857 0.01307954 0.09298097
 0.         0.00702855 0.00649048 0.00298097 0.         0.02666859
 0.00632189 0.01000952]
	[RESULT 36] [0.03160832 0.00642935 0.01517897 0.02332262 0.01703533 0.09035795
 0.         0.00546308 0.00517897 0.00035795 0.         0.03360832
 0.00078729 0.00582103]
	[RESULT 37] [0.03418878 0.00574874 0.01844004 0.02049555 0.01737563 0.09688008
 0.         0.00155996 0.00844004 0.00688008 0.         0.03381122
 0.00162882 0.00755996]
	[RESULT 38] [ 0.03081046  0.0052274   0.01558306  0.02377983  0.0173863   0.09116613
  0.          0.00475081  0.00558306  0.00116613  0.          0.03231046
 -0.00060647  0.00591694]
	[RESULT 39] [ 0.02557524  0.00017062  0.01540462  0.02064455  0.02016469  0.09080923
  0.          0.00459538  0.00540462  0.00080923  0.          0.02707524
 -0.00502014  0.00509538]
	[RESULT 40] [0.01543522 0.02056689 0.01513167 0.01527011 0.00553345 0.09026334
 0.         0.00889501 0.00513167 0.00026334 0.         0.01293522
 0.00430356 0.01136833]
	[RESULT 41] [0.03071984 0.01414884 0.01513131 0.02266295 0.01292558 0.09026263
 0.         0.00889394 0.00513131 0.00026263 0.         0.02921984
 0.00241147 0.01136869]
	[RESULT 42] [0.02448115 0.01691261 0.01860624 0.01433122 0.0115437  0.09721248
 0.         0.00139376 0.00860624 0.00721248 0.         0.02298115
 0.00658739 0.00360624]
	[RESULT 43] [0.02461926 0.02023804 0.0151427  0.01959557 0.00988098 0.09028541
 0.         0.00992811 0.0051427  0.00028541 0.         0.02411926
 0.00852345 0.0103573 ]
	[RESULT 44] [ 0.02929049  0.00333932  0.01595117  0.023322    0.01858034  0.09190234
  0.          0.00404883  0.00595117  0.00190234  0.          0.03129049
 -0.00075834  0.00504883]
	[RESULT 45] [ 0.01184766 -0.01573862  0.01758629  0.01730326  0.02213069  0.09517257
  0.          0.00241371  0.00758629  0.00517257  0.          0.01334766
 -0.01756605  0.00391371]
	[RESULT 46] [0.01882056 0.02362644 0.017553   0.01308079 0.00818678 0.09510599
 0.         0.00384101 0.007553   0.00510599 0.         0.01732056
 0.00626757 0.008947  ]
	[RESULT 47] [0.03209151 0.00696948 0.01512203 0.0237288  0.01651526 0.09024406
 0.         0.00613391 0.00512203 0.00024406 0.         0.03359151
 0.00021354 0.00637797]
	[RESULT 48] [0.03361065 0.00798167 0.01562898 0.02475121 0.01600916 0.09125795
 0.         0.00437102 0.00562898 0.00125795 0.         0.03411065
 0.00223962 0.00487102]
	[RESULT 49] [0.03323663 0.00725101 0.01598561 0.02440326 0.01637449 0.09197123
 0.         0.00404316 0.00598561 0.00197123 0.         0.03476337
 0.00222224 0.00601439]
	[RESULT 50] [0.03456841 0.00832281 0.01710878 0.02187103 0.01608859 0.09421756
 0.         0.00289122 0.00710878 0.00421756 0.         0.03306841
 0.00654037 0.00339122]
	[RESULT 51] [0.0336761  0.00820273 0.01812117 0.0196563  0.01589864 0.09624234
 0.         0.00187883 0.00812117 0.00624234 0.         0.0316761
 0.00744507 0.00387883]
	[RESULT 52] [ 0.01661669 -0.00852088  0.01513757  0.01601471  0.02426044  0.09027515
  0.          0.00608728  0.00513757  0.00027515  0.          0.01811669
 -0.01524573  0.00636243]
	[RESULT 53] [ 0.03004839  0.0048743   0.01517409  0.02278533  0.01756285  0.09034818
  0.          0.00597773  0.00517409  0.00034818  0.          0.03154839
 -0.00177752  0.00632591]
	[RESULT 54] [0.01388989 0.02159708 0.01770719 0.01038416 0.00579854 0.09541438
 0.         0.00237843 0.00770719 0.00541438 0.         0.01338989
 0.0011827  0.00779281]
	[RESULT 55] [ 0.02725009  0.00208556  0.01516453  0.02137184  0.01895722  0.09032906
  0.          0.00899359  0.00516453  0.00032906  0.          0.02875009
 -0.00958538  0.01133547]
	[RESULT 56] [ 0.02973669  0.00461602  0.01512067  0.02254934  0.01769199  0.09024133
  0.          0.005138    0.00512067  0.00024133  0.          0.03023669
 -0.00214265  0.00537933]
	[RESULT 57] [ 0.03474996  0.00827667  0.01647329  0.02291509  0.01586166  0.09294657
  0.          0.00708014  0.00647329  0.00294657  0.          0.03375004
 -0.00077676  0.01002671]
	[RESULT 58] [ 0.03044915  0.0047382   0.01571095  0.023791    0.0176309   0.0914219
  0.          0.00436715  0.00571095  0.0014219   0.          0.03194915
 -0.0008399   0.00578905]
	[RESULT 59] [0.03474935 0.00876832 0.01598103 0.02365377 0.01561584 0.09196207
 0.         0.00401897 0.00598103 0.00196207 0.         0.03375065
 0.00373039 0.00551897]
	[RESULT 60] [0.03034585 0.00275292 0.01759293 0.02343768 0.01862354 0.09518585
 0.         0.00240707 0.00759293 0.00518585 0.         0.03184585
 0.00093878 0.00390707]
	[RESULT 61] [0.01094262 0.01605995 0.01511733 0.01279531 0.00302998 0.09023467
 0.         0.008852   0.00511733 0.00023467 0.         0.00944262
 0.00082529 0.01138267]
	[RESULT 62] [0.03133639 0.00236062 0.01897578 0.02086814 0.01881969 0.09795155
 0.         0.00102422 0.00897578 0.00795155 0.         0.03283639
 0.00186062 0.00397578]
	[RESULT 63] [ 0.02963551  0.00020744  0.01942807  0.02104014  0.01989628  0.09885614
  0.          0.00057193  0.00942807  0.00885614  0.          0.03113551
 -0.00029256  0.00442807]
	[RESULT 64] [0.02779476 0.0166622  0.01554304 0.02058282 0.0116689  0.09108608
 0.         0.00487088 0.00554304 0.00108608 0.         0.02629476
 0.01074827 0.00595696]
	[RESULT 65] [0.03178059 0.00654197 0.01523862 0.02349822 0.01697901 0.09047724
 0.         0.00578415 0.00523862 0.00047724 0.         0.03428059
 0.00101921 0.00626138]
	[RESULT 66] [0.01820479 0.02335618 0.01515139 0.01662532 0.00692809 0.09030277
 0.         0.00554584 0.00515139 0.00030277 0.         0.01620479
 0.00205341 0.00584861]
	[RESULT 67] [0.03416815 0.00898879 0.01517937 0.02460312 0.01575561 0.09035873
 0.         0.0049619  0.00517937 0.00035873 0.         0.03433185
 0.00334752 0.00532063]
	[RESULT 68] [0.03241994 0.01106939 0.01651067 0.02144397 0.01446531 0.09302133
 0.         0.005968   0.00651067 0.00302133 0.         0.03191994
 0.00209072 0.00898933]
	[RESULT 69] [ 0.02406305 -0.00229625  0.0163593   0.02132048  0.02139812  0.09271861
  0.          0.0036407   0.0063593   0.00271861  0.          0.02556305
 -0.00557764  0.0041407 ]
	[RESULT 70] [0.03025604 0.00266311 0.01759293 0.02348259 0.01866845 0.09518585
 0.         0.00240707 0.00759293 0.00518585 0.         0.03175604
 0.00084896 0.00390707]
	[RESULT 71] [0.03284363 0.00754392 0.01529971 0.02437138 0.01622804 0.09059942
 0.         0.00510086 0.00529971 0.00059942 0.         0.03384363
 0.00114335 0.00570029]
	[RESULT 72] [0.02087201 0.02297013 0.01615786 0.01644921 0.00876494 0.09231573
 0.         0.00384214 0.00615786 0.00231573 0.         0.01787201
 0.00371415 0.00584214]
	[RESULT 73] [ 0.03085658  0.00568623  0.01517035  0.02318382  0.01715689  0.0903407
  0.          0.00548894  0.00517035  0.0003407   0.          0.03185658
 -0.00097307  0.00582965]
	[RESULT 74] [0.02664561 0.01634626 0.01700813 0.01806061 0.01207687 0.09401626
 0.         0.00299187 0.00700813 0.00401626 0.         0.02464561
 0.00863749 0.00399187]
	[RESULT 75] [3.06781983e-02 4.30190154e-03 1.63762968e-02 2.49035443e-02
 1.78490492e-02 9.27525935e-02 0.00000000e+00 3.62370323e-03
 6.37629677e-03 2.75259354e-03 0.00000000e+00 3.21781983e-02
 5.44950841e-05 5.12370323e-03]
	[RESULT 76] [0.03312689 0.0064812  0.01664568 0.02346803 0.0167594  0.09329137
 0.         0.00335432 0.00664568 0.00329137 0.         0.03487311
 0.00277257 0.00535432]
	[RESULT 77] [0.02541717 0.01807693 0.0165059  0.01819973 0.01121153 0.0930118
 0.         0.0034941  0.0065059  0.0030118  0.         0.02291717
 0.00791126 0.0049941 ]
	[RESULT 78] [0.03486226 0.00597477 0.01888748 0.01948765 0.01726261 0.09777497
 0.         0.00111252 0.00888748 0.00777497 0.         0.03363774
 0.00274974 0.00661252]
	[RESULT 79] [0.02314872 0.02057748 0.01627381 0.01741365 0.00996126 0.09254761
 0.         0.00372619 0.00627381 0.00254761 0.         0.02064872
 0.00587491 0.00522619]
	[RESULT 80] [ 0.03056821  0.00497631  0.01559189  0.02367194  0.01751184  0.09118378
  0.          0.00472433  0.00559189  0.00118378  0.          0.03206821
 -0.0008399   0.00590811]
	[RESULT 81] [0.0342996  0.00906982 0.01522978 0.02499447 0.01546509 0.09045956
 0.         0.00581067 0.00522978 0.00045956 0.         0.0342004
 0.00252937 0.00627022]
	[RESULT 82] [0.03306655 0.00790105 0.01516551 0.02428153 0.01604948 0.09033101
 0.         0.00600348 0.00516551 0.00033101 0.         0.03456655
 0.00123206 0.00633449]
	[RESULT 83] [0.032352   0.00721559 0.01513642 0.02388063 0.01639221 0.09027283
 0.         0.00609075 0.00513642 0.00027283 0.         0.033852
 0.00048842 0.00636358]
	[RESULT 84] [ 0.02781424 -0.00208334  0.01989758  0.02124652  0.02104167  0.09979515
  0.          0.00010242  0.00989758  0.00979515  0.          0.02931424
 -0.00258334  0.00489758]
	[RESULT 85] [0.01580012 0.02116067 0.01536055 0.01485924 0.00558034 0.0907211
 0.         0.00591835 0.00536055 0.0007211  0.         0.01380012
 0.00043957 0.00663945]
	[RESULT 86] [3.01707055e-02 4.28691589e-03 1.58837896e-02 2.36610371e-02
 1.81065421e-02 9.17675792e-02 0.00000000e+00 4.11621040e-03
 5.88378960e-03 1.76757919e-03 0.00000000e+00 3.21707055e-02
 5.44950841e-05 5.11621040e-03]
	[RESULT 87] [0.03492997 0.00974783 0.01518214 0.0247618  0.01512608 0.09036428
 0.         0.00545358 0.00518214 0.00036428 0.         0.03407003
 0.00311211 0.00581786]
	[RESULT 88] [0.03245305 0.00719043 0.01526262 0.02412046 0.01640479 0.09052525
 0.         0.00521213 0.00526262 0.00052525 0.         0.03345305
 0.00071567 0.00573738]
	[RESULT 89] [ 0.02026244 -0.00487514  0.01513757  0.01783758  0.02243757  0.09027515
  0.          0.00608728  0.00513757  0.00027515  0.          0.02176244
 -0.01159999  0.00636243]
	[RESULT 90] [0.01499087 0.02439175 0.01940088 0.00839411 0.00719587 0.09880177
 0.         0.00059912 0.00940088 0.00880177 0.         0.01349087
 0.00058998 0.00709912]
	[RESULT 91] [0.01473286 0.02177012 0.01703726 0.01206054 0.00613506 0.09407452
 0.         0.00438821 0.00703726 0.00407452 0.         0.01323286
 0.0016956  0.00846274]
	[RESULT 92] [ 0.02724809 -0.00148287  0.01873096  0.02352952  0.02099144  0.09746191
  0.          0.00126904  0.00873096  0.00746191  0.          0.02874809
 -0.00198287  0.00373096]
	[RESULT 93] [0.02061188 0.02183512 0.017553   0.01422645 0.00933244 0.09510599
 0.         0.002447   0.007553   0.00510599 0.         0.01811188
 0.00205889 0.003947  ]
	[RESULT 94] [0.03335679 0.0079843  0.01537248 0.02473712 0.01600785 0.09074497
 0.         0.00488255 0.00537248 0.00074497 0.         0.03435679
 0.00172927 0.00562752]
	[RESULT 95] [0.03028387 0.00086823 0.01941565 0.02073459 0.01956589 0.09883129
 0.         0.00058435 0.00941565 0.00883129 0.         0.03228387
 0.00086823 0.00441565]
	[RESULT 96] [0.03234476 0.01094087 0.01671437 0.02110082 0.01452956 0.09342874
 0.         0.00328563 0.00671437 0.00342874 0.         0.03034476
 0.00736961 0.00528563]
	[RESULT 97] [0.03064103 0.01424169 0.01511728 0.02289459 0.01312915 0.09023456
 0.         0.00614816 0.00511728 0.00023456 0.         0.02814103
 0.00847625 0.00638272]
	[RESULT 98] [ 0.029672    0.00408894  0.01558306  0.0232106   0.01795553  0.09116613
  0.          0.00475081  0.00558306  0.00116613  0.          0.031172
 -0.00174493  0.00591694]
	[RESULT 99] [0.0308232  0.00433982 0.01648337 0.02486334 0.01783009 0.09296675
 0.         0.00351663 0.00648337 0.00296675 0.         0.0318232
 0.00030657 0.00451663]
	[RESULT 100] [ 0.02497853 -0.00235758  0.01733611  0.02349343  0.02117879  0.09467222
  0.          0.00449167  0.00733611  0.00467222  0.          0.02647853
 -0.00968536  0.00916389]
	[RESULT 101] [ 0.03069361  0.00543098  0.01526262  0.02324074  0.01728451  0.09052525
  0.          0.00521213  0.00526262  0.00052525  0.          0.03169361
 -0.00104377  0.00573738]
	[RESULT 102] [0.0306278  0.00380172 0.01682608 0.02444698 0.01809914 0.09365216
 0.         0.00317392 0.00682608 0.00365216 0.         0.0321278
 0.00045388 0.00467392]
	[RESULT 103] [0.03468229 0.00736784 0.01794987 0.02066635 0.01656608 0.09589973
 0.         0.00205013 0.00794987 0.00589973 0.         0.03218229
 0.00726758 0.00355013]
	[RESULT 104] [0.01965404 0.02495309 0.01539287 0.01698772 0.00777346 0.09078574
 0.         0.00460713 0.00539287 0.00078574 0.         0.01815404
 0.00326117 0.00510713]
	[RESULT 105] [ 0.02789559 -0.00168519  0.01958079  0.02168102  0.0208426   0.09916157
  0.          0.00041921  0.00958079  0.00916157  0.          0.02839559
 -0.00318519  0.00458079]
