[METRICS]
	[DISEQUILIBRIUM COUNT] 32
[VARIABLES]
	[RESULT 1] [1 10.070225130060672 0 4 20 3980.18077432607 65]
	[RESULT 2] [1 28.519356501182635 1 4 12 3862.202501207371 20]
	[RESULT 3] [1 10.407591556053664 0 4 2 3999.262807136362 37]
	[RESULT 4] [0 10.692843677180313 0 4 2 3989.246262377768 4]
	[RESULT 5] [1 6.3524430638358815 0 4 20 3970.3863753840233 65]
	[RESULT 6] [1 7.266845753880888 0 4 24 3960.27085079031 20]
	[RESULT 7] [1 6.4784453378807125 0 2 15 3801.8980008001236 26]
	[RESULT 8] [1 10.407148582752034 1 1 15 3841.307598525322 100]
	[RESULT 9] [0 6.3286973837696054 1 1 2 3592.5640312809574 76]
	[RESULT 10] [0 5.4665326940047 0 4 5 3970.3863753840233 67]
	[RESULT 11] [0 8.09395028352911 1 1 20 3371.93380253568 100]
	[RESULT 12] [0 6.845170536583436 0 1 15 3313.033357777614 100]
	[RESULT 13] [1 6.4784453378807125 0 2 16 3869.709742438464 99]
	[RESULT 14] [0 5.586746360501296 0 1 15 1775.3670086947945 98]
	[RESULT 15] [0 33.19997584145177 0 4 0 3928.99241946637 97]
	[RESULT 16] [1 30.80858288234851 0 3 20 2004.8827185802515 100]
	[RESULT 17] [1 6.19135909239014 0 3 21 2938.829742567583 50]
	[RESULT 18] [1 6.324549943923696 0 2 16 3994.0498491420663 99]
	[RESULT 19] [1 28.519356501182635 1 4 12 3985.4092585214466 20]
	[RESULT 20] [1 17.256023228230376 0 3 2 2985.401017699975 100]
	[RESULT 21] [0 8.077102638808796 0 4 13 3585.2400017444925 13]
	[RESULT 22] [0 5.7375686668595165 0 3 4 2524.5877216682175 31]
	[RESULT 23] [0 43.930852874259685 1 4 12 3997.889269583709 40]
	[RESULT 24] [1 6.8881643642122246 0 1 15 3568.7463118928213 100]
	[RESULT 25] [0 10.692843677180313 0 1 2 3992.7131766500574 6]
	[RESULT 26] [1 10.114085832035503 0 4 20 3990.9720082251074 65]
	[RESULT 27] [1 5.3536353700111174 1 1 15 1762.0397866203639 48]
	[RESULT 28] [1 13.180414494553837 0 4 12 3983.306585587195 16]
	[RESULT 29] [1 5.138627288618128 0 2 24 3584.609357475689 48]
	[RESULT 30] [1 44.61486502702425 0 4 20 3942.9358588135724 25]
	[RESULT 31] [1 5.54787303024229 0 2 16 3885.4599179561487 98]
	[RESULT 32] [0 38.893173204931465 0 4 0 3997.038124372135 99]
	[RESULT 33] [0 6.617014022155369 0 1 15 3320.5446966805002 37]
	[RESULT 34] [1 5.396310697647489 1 4 19 3970.219937710805 65]
	[RESULT 35] [1 5.739060033276475 1 1 15 3856.3120736898973 48]
	[RESULT 36] [1 6.742291227916506 1 1 2 3671.102880252952 100]
	[RESULT 37] [0 26.359329431449424 1 4 8 3994.185757663053 34]
	[RESULT 38] [0 10.382175025588754 0 1 15 3975.712470567455 100]
	[RESULT 39] [1 6.331720342958568 0 4 13 3934.594606726798 65]
	[RESULT 40] [0 5.138674511351905 1 1 6 3810.272489428371 87]
	[RESULT 41] [1 49.90407817481725 0 3 18 3865.34267298547 99]
	[RESULT 42] [1 8.8211120599463 0 2 12 1216.7454213716305 38]
	[RESULT 43] [0 5.985304697691224 1 4 8 1633.7451909084057 27]
	[RESULT 44] [0 9.646308620597132 0 1 2 3995.4981440818665 67]
	[RESULT 45] [1 39.366259744155414 0 3 11 1006.610544802499 90]
	[RESULT 46] [0 5.769934872335804 1 1 6 3681.24555005128 13]
	[RESULT 47] [1 7.116298836983839 1 1 20 3784.94987454983 77]
	[RESULT 48] [1 42.87126017453532 0 2 13 3910.654597513798 99]
	[RESULT 49] [0 44.38969964731489 1 4 7 3994.185757663053 33]
	[RESULT 50] [1 5.160486353131592 0 1 12 3561.261172425221 100]
	[RESULT 51] [0 10.973144250557427 0 4 15 3983.306585587195 18]
	[RESULT 52] [0 8.921725744389244 0 4 18 1387.018701155157 96]
	[RESULT 53] [0 34.92794833983325 0 4 13 3992.598486598455 15]
	[RESULT 54] [1 6.277777845739401 0 2 15 1878.1691022430189 27]
	[RESULT 55] [1 12.821193595310369 0 2 16 3974.318959530793 99]
	[RESULT 56] [0 49.14059787890353 1 4 15 3977.5720836401183 23]
	[RESULT 57] [1 7.718362852234725 0 1 2 3986.9981666718195 65]
	[RESULT 58] [1 7.929186512567661 0 4 2 3330.014822307959 37]
	[RESULT 59] [1 11.315057012111248 0 4 19 3902.7744434187116 71]
	[RESULT 60] [1 13.461149864462556 1 1 15 1664.9544062896202 100]
	[RESULT 61] [0 41.599932003473135 1 4 12 3996.3539499399158 11]
	[RESULT 62] [1 48.81807742924649 0 2 14 3767.0838410700508 98]
	[RESULT 63] [0 7.11760717561717 0 1 20 3051.984935998322 30]
	[RESULT 64] [1 7.81119906656659 1 1 4 3330.014822307959 37]
	[RESULT 65] [1 6.003733083109246 0 2 19 1850.8090524082686 27]
	[RESULT 66] [1 10.411466102314197 0 1 20 3975.712470567455 100]
	[RESULT 67] [0 48.194468012331306 1 1 20 3981.3799206391236 23]
	[RESULT 68] [0 40.475732737794 0 4 0 3998.654885990902 20]
	[RESULT 69] [1 5.46181925661082 0 4 19 3985.5931108342947 65]
	[RESULT 70] [1 7.210630835688461 0 2 12 3925.4560507066226 26]
	[RESULT 71] [1 11.01505717747126 0 4 12 3983.306585587195 100]
	[RESULT 72] [0 25.5640877117069 1 4 12 3999.866549849247 19]
	[RESULT 73] [0 43.12547887016849 1 4 7 3997.1401136638437 36]
	[RESULT 74] [1 33.19997584145177 0 1 21 3807.025353658255 100]
	[RESULT 75] [0 7.742168191184942 0 1 15 3983.348086083435 6]
	[RESULT 76] [1 16.416093859574687 1 4 2 2772.855198227025 100]
	[RESULT 77] [1 6.742291227916506 1 1 2 3827.692634221534 100]
	[RESULT 78] [1 6.472386435998944 0 3 12 3974.624080988643 100]
	[RESULT 79] [1 7.203142579121263 1 4 8 3962.9949689320824 94]
	[RESULT 80] [0 5.2697382836268805 1 1 17 3334.5860183572795 48]
	[RESULT 81] [1 5.050371157392683 0 1 12 3561.261172425221 100]
	[RESULT 82] [1 5.54787303024229 0 2 16 3589.87973779356 81]
	[RESULT 83] [1 13.180414494553837 0 4 12 3988.762259989505 16]
	[RESULT 84] [0 37.879720168531364 1 4 11 3732.05371536372 11]
	[RESULT 85] [0 35.37057227246566 0 1 0 3992.5767394059403 65]
	[RESULT 86] [0 15.212197850324308 0 4 21 1620.1513731169398 16]
	[RESULT 87] [0 10.114085832035503 0 4 16 3993.237758059238 65]
	[RESULT 88] [1 46.403424367027725 1 4 19 1055.3680021005027 100]
	[RESULT 89] [0 49.80407597652215 1 3 7 1322.0843051312431 28]
	[RESULT 90] [1 12.666252142487808 0 2 9 3051.763559811219 100]
	[RESULT 91] [1 7.785448627501362 0 2 15 1862.700416856701 36]
	[RESULT 92] [0 10.369997701737901 1 1 14 1405.4167627515303 31]
	[RESULT 93] [0 8.203840639178658 0 4 3 3994.56891493598 18]
	[RESULT 94] [1 5.11281614943324 1 1 15 1823.5820682300448 48]
	[RESULT 95] [1 5.1490286790391995 0 1 15 1784.9547105052302 98]
	[RESULT 96] [1 10.114085832035503 0 4 21 3995.8073995782643 65]
	[RESULT 97] [0 7.966332586441734 1 1 20 1353.628925998346 100]
	[RESULT 98] [0 9.238997344866384 1 1 12 3985.6946710051866 39]
	[RESULT 99] [1 5.6365066582914505 0 2 16 1799.2978378210669 27]
	[RESULT 100] [0 10.382175025588754 1 1 15 3894.9617728400713 100]
	[RESULT 101] [0 7.353485170183064 1 1 2 3994.5112500717787 27]
	[RESULT 102] [1 7.718362852234725 0 4 2 3987.0199138643347 97]
	[RESULT 103] [1 11.147118575881315 0 4 2 3997.7475266029955 40]
	[RESULT 104] [1 5.2425296867381075 0 4 15 3856.3120736898973 37]
	[RESULT 105] [0 33.19997584145177 0 1 2 3867.6532093143587 65]
[OBJECTIVES]
	[RESULT 1] [0.03132416 0.01285215 0.01582369 0.02217654 0.01382392 0.09164739
 0.         0.00452892 0.00582369 0.00164739 0.         0.02832416
 0.00849954 0.00617631]
	[RESULT 2] [0.01528996 0.02049388 0.01520392 0.0150891  0.00549694 0.09040784
 0.         0.00861176 0.00520392 0.00040784 0.         0.01228996
 0.00408604 0.01179608]
	[RESULT 3] [ 0.02862325  0.00284293  0.01578032  0.02273211  0.01882854  0.09156065
  0.          0.00465903  0.00578032  0.00156065  0.          0.03162325
 -0.00159642  0.00621968]
	[RESULT 4] [0.03343394 0.01081899 0.01574707 0.02309637 0.0145905  0.09149413
 0.         0.0047588  0.00574707 0.00149413 0.         0.03143394
 0.00531312 0.00625293]
	[RESULT 5] [0.03012504 0.01274951 0.01712545 0.01962434 0.01387524 0.0942509
 0.         0.00287455 0.00712545 0.0042509  0.         0.02712504
 0.01100041 0.00487455]
	[RESULT 6] [0.02743306 0.01603641 0.01653053 0.01917074 0.01223179 0.09306106
 0.         0.00346947 0.00653053 0.00306106 0.         0.02443306
 0.00990253 0.00546947]
	[RESULT 7] [0.02108547 0.02189714 0.01701739 0.01526664 0.00930143 0.09403479
 0.         0.00298261 0.00701739 0.00403479 0.         0.01908547
 0.00306808 0.00398261]
	[RESULT 8] [ 0.03481719  0.00903682  0.01578038  0.02417084  0.01573159  0.09156076
  0.          0.00815886  0.00578038  0.00156076  0.          0.03368281
 -0.00040243  0.00971962]
	[RESULT 9] [0.01439242 0.02153955 0.01714712 0.01147553 0.00576977 0.09429425
 0.         0.00405863 0.00714712 0.00429425 0.         0.01389242
 0.0022453  0.00835288]
	[RESULT 10] [0.03044167 0.01114893 0.0184094  0.01760673 0.01442554 0.0968188
 0.         0.0015906  0.0084094  0.0068188  0.         0.02844167
 0.01096773 0.0035906 ]
	[RESULT 11] [0.03217834 0.01160035 0.01622131 0.0217572  0.01419983 0.09244263
 0.         0.00683606 0.00622131 0.00244263 0.         0.03167834
 0.00204298 0.00927869]
	[RESULT 12] [0.03236479 0.00560742 0.01675736 0.02368156 0.01719629 0.09351473
 0.         0.00324264 0.00675736 0.00351473 0.         0.03286479
 0.00212215 0.00374264]
	[RESULT 13] [0.03204211 0.01094049 0.01701739 0.02074497 0.01477975 0.09403479
 0.         0.00298261 0.00701739 0.00403479 0.         0.03004211
 0.00897528 0.00398261]
	[RESULT 14] [0.02509559 0.01675331 0.0181511  0.01532114 0.01162335 0.0963022
 0.         0.0018489  0.0081511  0.0063022  0.         0.02459559
 0.00774669 0.0031511 ]
	[RESULT 15] [0.02668114 0.01814763 0.01517123 0.02058372 0.01092618 0.09034247
 0.         0.0064863  0.00517123 0.00034247 0.         0.02468114
 0.0114901  0.00682877]
	[RESULT 16] [0.0335041  0.0083176  0.01518651 0.02428181 0.0160912  0.09037301
 0.         0.00594048 0.00518651 0.00037301 0.         0.0339959
 0.00269061 0.00631349]
	[RESULT 17] [0.01924926 0.02346905 0.01728169 0.0139521  0.00851548 0.09456338
 0.         0.00271831 0.00728169 0.00456338 0.         0.01674926
 0.00096757 0.00421831]
	[RESULT 18] [ 0.02165528 -0.00549567  0.01715095  0.02130407  0.02299784  0.09430191
  0.          0.00284905  0.00715095  0.00430191  0.          0.02365528
 -0.00719376  0.00384905]
	[RESULT 19] [0.02723735 0.01755873 0.01520392 0.0210628  0.01147064 0.09040784
 0.         0.00861176 0.00520392 0.00040784 0.         0.02423735
 0.00696657 0.01179608]
	[RESULT 20] [0.03302162 0.00764443 0.01537719 0.02432659 0.01642778 0.09075437
 0.         0.00536844 0.00537719 0.00075437 0.         0.03447838
 0.00239881 0.00612281]
	[RESULT 21] [0.01787486 0.02410122 0.01622636 0.01459789 0.00705061 0.09245272
 0.         0.00377364 0.00622636 0.00245272 0.         0.01587486
 0.0016485  0.00577364]
	[RESULT 22] [0.01857985 0.02354257 0.01787758 0.01247355 0.00822872 0.09575517
 0.         0.00212242 0.00787758 0.00575517 0.         0.01707985
 0.00070227 0.00362242]
	[RESULT 23] [ 0.03350669  0.0113681   0.01512522  0.02406552  0.01431595  0.09025043
  0.          0.00837565  0.00512522  0.00025043  0.          0.03150669
 -0.00038147  0.01187478]
	[RESULT 24] [0.03089894 0.00416774 0.0167312  0.02470372 0.01816613 0.09346241
 0.         0.0032688  0.0067312  0.00346241 0.         0.03239894
 0.00163015 0.0037688 ]
	[RESULT 25] [0.03468466 0.0089376  0.01574707 0.02403707 0.0155312  0.09149413
 0.         0.00425293 0.00574707 0.00149413 0.         0.03481534
 0.00343173 0.00475293]
	[RESULT 26] [0.03425943 0.00844165 0.01581778 0.02439361 0.01602918 0.09163557
 0.         0.00454665 0.00581778 0.00163557 0.         0.03274057
 0.00407721 0.00618222]
	[RESULT 27] [0.0153473  0.02404106 0.01869376 0.00988302 0.00727053 0.09738751
 0.         0.00130624 0.00869376 0.00738751 0.         0.0138473
 0.00065355 0.00680624]
	[RESULT 28] [0.03177031 0.01268505 0.01554464 0.0228182  0.01390747 0.09108928
 0.         0.00536609 0.00554464 0.00108928 0.         0.02877031
 0.00777433 0.00645536]
	[RESULT 29] [0.02218781 0.01842094 0.01939125 0.01225702 0.01103953 0.09878251
 0.         0.00060875 0.00939125 0.00878251 0.         0.02018781
 0.00457906 0.00439125]
	[RESULT 30] [0.02400226 0.02087463 0.01512311 0.01956647 0.00981268 0.09024622
 0.         0.00663068 0.00512311 0.00024622 0.         0.02100226
 0.00787915 0.00687689]
	[RESULT 31] [0.03037591 0.01139386 0.01823024 0.01809259 0.01455307 0.09646048
 0.         0.00176976 0.00823024 0.00646048 0.         0.02837591
 0.01139386 0.00323024]
	[RESULT 32] [ 0.02250484 -0.00263845  0.01514329  0.01896736  0.02131923  0.09028659
  0.          0.00657012  0.00514329  0.00028659  0.          0.02450484
 -0.00935186  0.00685671]
	[RESULT 33] [0.01811028 0.02497914 0.01691057 0.01368928 0.00751043 0.09382115
 0.         0.00308943 0.00691057 0.00382115 0.         0.01761028
 0.00119971 0.00358943]
	[RESULT 34] [0.02654568 0.01487345 0.01858086 0.01565154 0.01281327 0.09716173
 0.         0.00141914 0.00858086 0.00716173 0.         0.02354568
 0.01103518 0.00841914]
	[RESULT 35] [0.01795754 0.02416734 0.01787512 0.0124161  0.00816633 0.09575023
 0.         0.00212488 0.00787512 0.00575023 0.         0.01645754
 0.00408243 0.00762488]
	[RESULT 36] [0.03458934 0.00858736 0.01682329 0.02230973 0.01595632 0.09364659
 0.         0.00503012 0.00682329 0.00364659 0.         0.03308934
 0.00123395 0.00867671]
	[RESULT 37] [0.03080496 0.01397142 0.01522362 0.02256705 0.01301429 0.09044724
 0.         0.00867086 0.00522362 0.00044724 0.         0.02880496
 0.00241866 0.01177638]
	[RESULT 38] [ 0.02153588 -0.00424756  0.01578343  0.01944309  0.02212378  0.09156686
  0.          0.00421657  0.00578343  0.00156686  0.          0.02203588
 -0.00968069  0.00471657]
	[RESULT 39] [0.0256132  0.01724246 0.01714434 0.01734009 0.01162877 0.09428868
 0.         0.00285566 0.00714434 0.00428868 0.         0.0226132
 0.00746886 0.00485566]
	[RESULT 40] [0.01873031 0.02187862 0.01939107 0.01027855 0.00906069 0.09878214
 0.         0.00060893 0.00939107 0.00878214 0.         0.01823031
 0.00433924 0.00610893]
	[RESULT 41] [0.03002356 0.01486752 0.01510892 0.02259839 0.01281624 0.09021785
 0.         0.00617323 0.00510892 0.00021785 0.         0.02752356
 0.00908537 0.00639108]
	[RESULT 42] [0.01757712 0.02361423 0.01603711 0.0149829  0.00705711 0.09207421
 0.         0.00396289 0.00603711 0.00207421 0.         0.01557712
 0.00054002 0.00496289]
	[RESULT 43] [0.01305014 0.02056865 0.01751851 0.01024731 0.00528432 0.09503701
 0.         0.00444448 0.00751851 0.00503701 0.         0.01105014
 0.00053164 0.00948149]
	[RESULT 44] [0.03234112 0.00645559 0.01588553 0.02499886 0.01677221 0.09177107
 0.         0.00411447 0.00588553 0.00177107 0.         0.03284112
 0.00122666 0.00461447]
	[RESULT 45] [0.01816662 0.023308   0.01514138 0.01662125 0.006904   0.09028276
 0.         0.00607587 0.00514138 0.00028276 0.         0.01566662
 0.00202525 0.00635862]
	[RESULT 46] [0.01487039 0.02269536 0.01782496 0.01069775 0.00634768 0.09564993
 0.         0.00217504 0.00782496 0.00564993 0.         0.01437039
 0.00204543 0.00767504]
	[RESULT 47] [0.01604142 0.02264589 0.01660447 0.01336401 0.00657295 0.09320893
 0.         0.0056866  0.00660447 0.00320893 0.         0.01454142
 0.00343696 0.00889553]
	[RESULT 48] [0.03159453 0.01327685 0.01512863 0.02335432 0.01361158 0.09025726
 0.         0.00561411 0.00512863 0.00025726 0.         0.02959453
 0.0075341  0.00587137]
	[RESULT 49] [0.03070074 0.01417547 0.01512379 0.02266468 0.01291227 0.09024759
 0.         0.00837138 0.00512379 0.00024759 0.         0.02870074
 0.00242305 0.01187621]
	[RESULT 50] [ 0.02834372 -0.00096482  0.01930854  0.02211533  0.02073241  0.09861708
  0.          0.00069146  0.00930854  0.00861708  0.          0.02984372
 -0.00146482  0.00430854]
	[RESULT 51] [0.03094838 0.01333459 0.01571704 0.02189863 0.01333271 0.09143407
 0.         0.00484889 0.00571704 0.00143407 0.         0.02894838
 0.00776866 0.00628296]
	[RESULT 52] [0.02025283 0.02373127 0.0160159  0.01610256 0.00813437 0.09203181
 0.         0.0039841  0.0060159  0.00203181 0.         0.01825283
 0.00423692 0.0059841 ]
	[RESULT 53] [0.03468345 0.01015489 0.01516167 0.02459922 0.01492256 0.09032333
 0.         0.006515   0.00516167 0.00032333 0.         0.03268345
 0.00347822 0.00683833]
	[RESULT 54] [0.01875652 0.02404836 0.01719512 0.01383558 0.00822582 0.09439024
 0.         0.00280488 0.00719512 0.00439024 0.         0.01675652
 0.0005614  0.00380488]
	[RESULT 55] [0.03110116 0.00553434 0.01556682 0.0236508  0.01748283 0.09113363
 0.         0.00443318 0.00556682 0.00113363 0.         0.03310116
 0.00066797 0.00543318]
	[RESULT 56] [0.02354507 0.02134417 0.01511077 0.01910639 0.00932792 0.09022153
 0.         0.0083323  0.00511077 0.00022153 0.         0.02154507
 0.0095657  0.01188923]
	[RESULT 57] [0.03434681 0.00930851 0.01634468 0.02290639 0.01559574 0.09268936
 0.         0.00365532 0.00634468 0.00268936 0.         0.03284681
 0.00599787 0.00415532]
	[RESULT 58] [0.01848433 0.02475686 0.01627253 0.01508337 0.00762843 0.09254506
 0.         0.00372747 0.00627253 0.00254506 0.         0.01548433
 0.0012118  0.00572747]
	[RESULT 59] [0.02246369 0.02185279 0.01568352 0.01795656 0.0093236  0.09136704
 0.         0.00494943 0.00568352 0.00136704 0.         0.01946369
 0.00578016 0.00631648]
	[RESULT 60] [0.0317933  0.01267822 0.01552848 0.02285394 0.01391089 0.09105695
 0.         0.00891457 0.00552848 0.00105695 0.         0.0302933
 0.00273517 0.00997152]
	[RESULT 61] [0.03217322 0.0126938  0.01513298 0.02338714 0.0136531  0.09026596
 0.         0.00839894 0.00513298 0.00026596 0.         0.03017322
 0.00095976 0.01186702]
	[RESULT 62] [0.0252015  0.01968694 0.01511156 0.02018341 0.01040653 0.09022312
 0.         0.00566531 0.00511156 0.00022312 0.         0.0232015
 0.00908993 0.00588844]
	[RESULT 63] [0.01752782 0.02413161 0.01660379 0.01385822 0.00706581 0.09320759
 0.         0.00339621 0.00660379 0.00320759 0.         0.01702782
 0.00092402 0.00389621]
	[RESULT 64] [0.01352372 0.01983565 0.01631192 0.01254398 0.00516782 0.09262385
 0.         0.00656423 0.00631192 0.00262385 0.         0.01202372
 0.0012118  0.00918808]
	[RESULT 65] [0.01905308 0.02345158 0.01749534 0.01353352 0.00852421 0.09499068
 0.         0.00250466 0.00749534 0.00499068 0.         0.01705308
 0.00055773 0.00350466]
	[RESULT 66] [ 0.02053945 -0.0052404   0.01577985  0.01868951  0.0228702   0.09155971
  0.          0.00422015  0.00577985  0.00155971  0.          0.02203945
 -0.00968069  0.00472015]
	[RESULT 67] [0.02469781 0.02018905 0.01511314 0.0196792  0.00990547 0.09022627
 0.         0.00983941 0.00511314 0.00022627 0.         0.02419781
 0.00841533 0.01038686]
	[RESULT 68] [ 0.03089244  0.00575537  0.01513708  0.02315184  0.01712232  0.09027415
  0.          0.00658877  0.00513708  0.00027415  0.          0.03289244
 -0.00097048  0.00686292]
	[RESULT 69] [0.03416388 0.00574348 0.0184204  0.02053747 0.01737826 0.09684079
 0.         0.0015796  0.0084204  0.00684079 0.         0.03283612
 0.00658427 0.0035796 ]
	[RESULT 70] [0.02410263 0.01934005 0.01655733 0.01746532 0.01057998 0.09311465
 0.         0.00344267 0.00655733 0.00311465 0.         0.02210263
 0.0065453  0.00444267]
	[RESULT 71] [ 0.01829687 -0.00741588  0.01571275  0.01746756  0.02395794  0.09142551
  0.          0.00486174  0.00571275  0.00142551  0.          0.02129687
 -0.01199038  0.00628725]
	[RESULT 72] [ 0.03465697  0.00942511  0.01523187  0.02482371  0.01528745  0.09046373
  0.          0.0086956   0.00523187  0.00046373  0.          0.03334303
 -0.00211116  0.01176813]
	[RESULT 73] [0.03286917 0.01200303 0.01512779 0.0237429  0.01399848 0.09025559
 0.         0.00838338 0.00512779 0.00025559 0.         0.03086917
 0.00025862 0.01187221]
	[RESULT 74] [0.03096146 0.00579023 0.01517123 0.02298758 0.01735489 0.09034247
 0.         0.0049863  0.00517123 0.00034247 0.         0.03246146
 0.00013269 0.00532877]
	[RESULT 75] [0.03155196 0.01211191 0.01633612 0.0212718  0.01394404 0.09267225
 0.         0.00366388 0.00633612 0.00267225 0.         0.03105196
 0.00778416 0.00416388]
	[RESULT 76] [0.03190185 0.01269545 0.0154027  0.02309687 0.01390227 0.09080541
 0.         0.00920811 0.0054027  0.00080541 0.         0.02890185
 0.00250086 0.0115973 ]
	[RESULT 77] [ 0.03400906  0.00718577  0.01682329  0.02301053  0.01665712  0.09364659
  0.          0.00503012  0.00682329  0.00364659  0.          0.03449094
 -0.00016765  0.00867671]
	[RESULT 78] [ 0.01957094 -0.0074514   0.01702234  0.02006898  0.0239757   0.09404468
  0.          0.00297766  0.00702234  0.00404468  0.          0.02207094
 -0.00940672  0.00447766]
	[RESULT 79] [0.02549794 0.0179411  0.01656097 0.01815752 0.01127945 0.09312193
 0.         0.0073171  0.00656097 0.00312193 0.         0.02249794
 0.01006303 0.01043903]
	[RESULT 80] [0.01522043 0.02415825 0.01893782 0.00920349 0.00707913 0.09787564
 0.         0.00106218 0.00893782 0.00787564 0.         0.01472043
 0.00128261 0.00656218]
	[RESULT 81] [ 0.02789204 -0.00186819  0.01976022  0.02166365  0.02118409  0.09952044
  0.          0.00023978  0.00976022  0.00952044  0.          0.02939204
 -0.00236819  0.00476022]
	[RESULT 82] [0.02166662 0.02010314 0.01823024 0.01373795 0.01019843 0.09646048
 0.         0.00176976 0.00823024 0.00646048 0.         0.01966662
 0.00289686 0.00323024]
	[RESULT 83] [0.03402714 0.01042822 0.01554464 0.02394662 0.01503589 0.09108928
 0.         0.00536609 0.00554464 0.00108928 0.         0.03102714
 0.00551749 0.00645536]
	[RESULT 84] [0.0125033  0.01765088 0.01514758 0.01353028 0.00382544 0.09029516
 0.         0.00844274 0.00514758 0.00029516 0.         0.0105033
 0.00235572 0.01185242]
	[RESULT 85] [0.03499123 0.00984939 0.01515939 0.02475654 0.01507531 0.09031877
 0.         0.00502184 0.00515939 0.00031877 0.         0.03449123
 0.00316816 0.00534061]
	[RESULT 86] [0.01594113 0.02138707 0.01544594 0.01480165 0.00569354 0.09089189
 0.         0.00566217 0.00544594 0.00089189 0.         0.01394113
 0.00049519 0.00655406]
	[RESULT 87] [0.03394921 0.00813142 0.01581778 0.02429872 0.01593429 0.09163557
 0.         0.00454665 0.00581778 0.00163557 0.         0.03405079
 0.00276699 0.00618222]
	[RESULT 88] [0.03132838 0.01355371 0.01511792 0.02323732 0.01347315 0.09023583
 0.         0.00835375 0.00511792 0.00023583 0.         0.02832838
 0.00278954 0.01188208]
	[RESULT 89] [0.01061436 0.01572353 0.01510916 0.01264344 0.00286176 0.09021832
 0.         0.00882748 0.00510916 0.00021832 0.         0.00911436
 0.0005052  0.01139084]
	[RESULT 90] [0.03278086 0.00720391 0.01557695 0.02450586 0.01664804 0.0911539
 0.         0.00442305 0.00557695 0.0011539  0.         0.03478086
 0.00235781 0.00542305]
	[RESULT 91] [0.01791758 0.02423843 0.01632085 0.01472752 0.00736922 0.09264169
 0.         0.00367915 0.00632085 0.00264169 0.         0.01591758
 0.00059674 0.00467915]
	[RESULT 92] [0.01130923 0.01709416 0.01578493 0.01197722 0.00354708 0.09156986
 0.         0.00814521 0.00578493 0.00156986 0.         0.01080923
 0.0005243  0.00971507]
	[RESULT 93] [0.03303144 0.00684205 0.01618939 0.0242002  0.01657898 0.09237878
 0.         0.00381061 0.00618939 0.00237878 0.         0.03496856
 0.00222083 0.00581061]
	[RESULT 94] [0.01615437 0.02435252 0.01949311 0.00908753 0.00807374 0.09898621
 0.         0.00050689 0.00949311 0.00898621 0.         0.01465437
 0.00066127 0.00600689]
	[RESULT 95] [0.02729718 0.01335132 0.0193515  0.01487134 0.01357434 0.098703
 0.         0.0006485  0.0093515  0.008703   0.         0.02579718
 0.01014868 0.0043515 ]
	[RESULT 96] [0.03121713 0.00539934 0.01581778 0.02408524 0.01755033 0.09163557
 0.         0.00454665 0.00581778 0.00163557 0.         0.03421713
 0.00103491 0.00618222]
	[RESULT 97] [0.03149457 0.01224482 0.01626061 0.02135637 0.01387759 0.09252122
 0.         0.00671817 0.00626061 0.00252122 0.         0.03099457
 0.00276604 0.00923939]
	[RESULT 98] [0.02717811 0.01686751 0.01595438 0.01965749 0.01156625 0.09190876
 0.         0.00763686 0.00595438 0.00190876 0.         0.02667811
 0.00677627 0.00954562]
	[RESULT 99] [0.01960637 0.02233834 0.01805529 0.01297025 0.00908083 0.09611058
 0.         0.00194471 0.00805529 0.00611058 0.         0.01760637
 0.00066166 0.00305529]
	[RESULT 100] [ 0.03441029  0.00862686  0.01578343  0.02411971  0.01568657  0.09156686
  0.          0.0081497   0.00578343  0.00156686  0.          0.03491029
 -0.00180628  0.00971657]
	[RESULT 101] [0.03226062 0.01124839 0.01649099 0.02139383 0.0143758  0.09298197
 0.         0.00602704 0.00649099 0.00298197 0.         0.03176062
 0.00223037 0.00900901]
	[RESULT 102] [0.03119933 0.00485465 0.01634468 0.02486668 0.01782267 0.09268936
 0.         0.00365532 0.00634468 0.00268936 0.         0.03419933
 0.00154401 0.00565532]
	[RESULT 103] [ 0.03003885  0.00433927  0.01569958  0.0233188   0.01808037  0.09139917
  0.          0.00490125  0.00569958  0.00139917  0.          0.03303885
 -0.00026157  0.00630042]
	[RESULT 104] [0.02404162 0.01693434 0.01902405 0.01373473 0.01178283 0.0980481
 0.         0.00097595 0.00902405 0.0080481  0.         0.02104162
 0.00506566 0.00402405]
	[RESULT 105] [0.01969891 0.02487014 0.01517123 0.0170926  0.00743507 0.09034247
 0.         0.0049863  0.00517123 0.00034247 0.         0.01919891
 0.00452767 0.00532877]
