[METRICS]
	[DISEQUILIBRIUM COUNT] 1348
[VARIABLES]
	[RESULT 1] [0 9.632958671409313 1 1 4 3967.79472629512 100]
	[RESULT 2] [0 12.942976757752177 1 4 23 3985.2359105405685 100]
	[RESULT 3] [1 6.5034384378999945 0 4 21 3999.7878657653036 100]
	[RESULT 4] [0 6.561209993031869 0 3 15 3999.891757785145 100]
	[RESULT 5] [1 5.536550958542737 0 1 20 3997.034337485968 100]
	[RESULT 6] [1 5.016409607471861 0 1 4 3998.6130696417 100]
	[RESULT 7] [1 5.070621912598674 1 4 20 3970.9700720194796 100]
	[RESULT 8] [1 30.876484674582656 0 1 12 3999.411285321957 98]
	[RESULT 9] [1 5.00041276620847 0 3 16 3999.264627118023 100]
	[RESULT 10] [1 27.58464316049399 1 1 24 3999.9692466500005 100]
	[RESULT 11] [1 5.856319796390632 0 1 2 3999.8591297382673 100]
	[RESULT 12] [1 6.019916689326657 0 3 22 3986.5363903724924 100]
	[RESULT 13] [1 5.070621912598674 1 4 20 3974.8144626655862 100]
	[RESULT 14] [1 5.012678603810286 0 4 3 3931.1445270110894 99]
	[RESULT 15] [1 5.048964561093361 0 2 16 3999.315511056919 100]
	[RESULT 16] [1 6.209121976925095 0 4 16 3999.9770386184478 100]
	[RESULT 17] [1 5.208180549860828 0 4 1 3992.24001261483 100]
	[RESULT 18] [1 6.082987748851521 1 1 20 2965.8344203031666 100]
	[RESULT 19] [1 5.11958762741269 0 4 3 3883.939255047845 100]
	[RESULT 20] [1 6.134066559443273 0 1 12 3952.5603777597576 100]
	[RESULT 21] [1 6.62949252103092 0 4 1 3999.025144732267 100]
	[RESULT 22] [1 5.048283011801894 1 4 20 3935.759980557613 100]
	[RESULT 23] [0 6.265430430111807 0 1 22 3999.7670084845736 100]
	[RESULT 24] [1 6.532198642840835 0 1 1 3999.991291552295 100]
	[RESULT 25] [1 5.458382068244766 0 4 21 3977.3139192049707 100]
	[RESULT 26] [1 5.077782521306714 0 4 2 3953.798987639475 100]
	[RESULT 27] [1 5.232247120285595 0 4 1 3786.866183329418 100]
	[RESULT 28] [1 5.1520978071373635 0 4 3 3961.8518659681035 99]
	[RESULT 29] [1 5.124512531115903 0 3 12 3999.7042750960077 100]
	[RESULT 30] [1 5.22057896796796 0 4 3 3960.833339751255 100]
	[RESULT 31] [1 5.002684603575263 0 3 19 3986.29890885865 100]
	[RESULT 32] [1 6.032565003944497 1 4 4 3957.5415303473333 27]
	[RESULT 33] [1 5.217835298766734 0 1 19 3999.895167163415 99]
	[RESULT 34] [1 5.000111023085532 0 3 16 3999.7070045935343 100]
	[RESULT 35] [1 5.070621912598674 1 4 20 3969.224970669869 100]
	[RESULT 36] [0 11.102810565177064 0 3 14 3980.6212000237783 100]
	[RESULT 37] [1 5.291387886863997 0 3 16 3989.486651725721 99]
	[RESULT 38] [1 5.146233182800163 0 4 16 3996.786765064435 100]
	[RESULT 39] [1 5.314961163567092 1 3 12 3999.887383388808 100]
	[RESULT 40] [1 5.028835288241909 0 4 20 3999.940528972809 100]
	[RESULT 41] [0 7.304889501792826 0 1 4 3995.8532176125086 100]
	[RESULT 42] [1 5.877598423952113 0 1 23 3999.888389651163 100]
	[RESULT 43] [1 5.003443942253816 0 3 16 3999.9974847198378 100]
	[RESULT 44] [0 5.03954325125024 1 1 17 3999.094653415983 100]
	[RESULT 45] [0 10.780071816829743 0 1 2 2812.8358798411614 99]
	[RESULT 46] [1 5.243367628378679 0 2 16 3947.6269803232503 100]
	[RESULT 47] [1 5.050044888354208 0 4 21 3998.8641500518424 100]
	[RESULT 48] [0 9.445585126894803 1 1 23 1230.7169836092546 28]
	[RESULT 49] [1 5.01217476848713 0 3 16 3999.253122500445 100]
	[RESULT 50] [1 5.056079952510617 1 1 4 1230.7169836092546 29]
	[RESULT 51] [1 5.139203449814092 0 1 20 3999.7852049470184 100]
	[RESULT 52] [0 13.401890050061429 1 4 23 3813.316558655452 100]
	[RESULT 53] [1 5.3610238956385174 1 4 20 3973.9450015091825 100]
	[RESULT 54] [1 5.009024605969161 0 4 19 3776.6076846993906 100]
	[RESULT 55] [1 5.024619595293495 0 1 2 3999.933844025622 100]
	[RESULT 56] [1 5.052926851443589 0 4 1 3999.991194453018 100]
	[RESULT 57] [1 5.1404102447663 0 1 20 3999.704649044744 100]
	[RESULT 58] [1 5.2325171010224905 0 4 4 3968.5200584290474 100]
	[RESULT 59] [1 5.001521897757095 1 4 19 3977.326489029842 100]
	[RESULT 60] [1 5.141912412628929 0 4 18 3999.9047874090347 100]
	[RESULT 61] [0 5.010091610180911 0 4 15 3923.2596897419508 100]
	[RESULT 62] [1 5.272779673981761 1 3 11 3985.1761176497034 100]
	[RESULT 63] [1 37.68014867732253 0 4 16 3999.9151880183394 98]
	[RESULT 64] [1 5.012389612859272 1 1 17 3960.4536548211145 100]
	[RESULT 65] [0 32.26330853409025 0 4 16 3942.3192501213907 100]
	[RESULT 66] [1 5.039514054870994 1 3 19 3977.326489029842 100]
	[RESULT 67] [1 5.077782521306714 0 4 2 3547.8766739864413 100]
	[RESULT 68] [0 10.725261952694598 0 1 3 2576.080819977662 8]
	[RESULT 69] [1 5.092855897268652 0 1 20 3999.7852049470184 100]
	[RESULT 70] [1 5.00973069881534 0 1 4 3999.180741429572 100]
	[RESULT 71] [1 6.832487834887596 0 4 16 3999.903625896624 100]
	[RESULT 72] [0 12.606336627995525 1 4 24 3970.5823994187813 100]
	[RESULT 73] [0 5.096061782918643 0 1 19 2576.080819977662 8]
	[RESULT 74] [1 14.736929587135819 0 4 2 3993.4870831473945 100]
	[RESULT 75] [0 7.112770313182505 0 1 22 3999.9735629641173 100]
	[RESULT 76] [1 5.001297209722937 1 4 19 3990.3908924917087 100]
	[RESULT 77] [1 7.70749488214484 0 3 16 3864.521537732143 100]
	[RESULT 78] [1 7.0661158088386635 0 3 16 3999.264627118023 99]
	[RESULT 79] [1 5.0438438700774 1 3 3 3857.1508381540257 100]
	[RESULT 80] [0 8.553636265673925 0 3 20 3999.9777550148297 92]
	[RESULT 81] [1 5.013456422883148 0 4 16 3999.918353503905 100]
	[RESULT 82] [1 6.076318166419337 0 3 17 3999.315511056919 100]
	[RESULT 83] [1 5.007287527602509 1 4 20 3974.8144626655862 28]
	[RESULT 84] [1 5.530691339777116 0 4 0 3961.3312232580965 100]
	[RESULT 85] [1 5.219805027727026 0 4 18 3874.7312483204328 100]
	[RESULT 86] [1 5.001830987717946 0 3 11 3982.5977438502237 99]
	[RESULT 87] [1 5.152268734229183 0 4 19 3996.7823791991786 99]
	[RESULT 88] [0 5.0000795063671974 0 4 17 3999.577321831562 100]
	[RESULT 89] [1 5.09521300163036 1 4 20 3974.8144626655862 100]
	[RESULT 90] [1 5.001319228242939 1 4 19 3977.326489029842 100]
	[RESULT 91] [1 5.4019036241733405 0 4 15 3999.901196700134 99]
	[RESULT 92] [1 5.141586964028399 0 4 16 3472.450262832879 100]
	[RESULT 93] [0 11.093668482251354 0 3 3 3881.4090432589187 100]
	[RESULT 94] [1 5.703500490230393 0 4 20 3989.979679493088 100]
	[RESULT 95] [1 5.035235421078971 1 1 5 3803.7243365902686 100]
	[RESULT 96] [1 13.234926202247289 0 1 12 3999.8892357620302 100]
	[RESULT 97] [1 6.269978276050441 0 1 20 3999.91967453438 100]
	[RESULT 98] [1 5.013471074340196 1 1 24 3999.9804082693777 91]
	[RESULT 99] [1 5.009260989076719 1 3 16 3967.3860204236057 100]
	[RESULT 100] [1 5.048386980899928 0 2 16 3999.920337854018 100]
	[RESULT 101] [0 5.00000013999325 1 4 19 3999.7682860824284 91]
	[RESULT 102] [1 5.642340935032598 1 4 16 3874.7332324551912 100]
	[RESULT 103] [1 5.146417024407548 0 4 11 3999.9899739366306 100]
	[RESULT 104] [1 5.831286920028283 0 4 4 3915.0712755657373 88]
	[RESULT 105] [1 34.48226319740661 1 4 21 3995.881180720195 100]
[OBJECTIVES]
	[RESULT 1] [ 0.0281868   0.00229917  0.01588763  0.02292485  0.01885042  0.09177527
  0.          0.0078371   0.00588763  0.00177527  0.          0.0286868
 -0.00792557  0.00961237]
	[RESULT 2] [ 0.0237232  -0.0018359   0.0155591   0.02020025  0.02091795  0.0911182
  0.          0.00967729  0.0055591   0.0011182   0.          0.0257232
 -0.0127177   0.0114409 ]
	[RESULT 3] [ 0.0072131  -0.01978416  0.01699725  0.01385243  0.01985792  0.09399451
  0.          0.00300275  0.00699725  0.00399451  0.          0.0102131
 -0.02178965  0.00500275]
	[RESULT 4] [ 0.00815557 -0.01879663  0.0169522   0.01450609  0.02060169  0.0939044
  0.          0.0030478   0.0069522   0.0039044   0.          0.00965557
 -0.02189222  0.0045478 ]
	[RESULT 5] [ 0.00839712 -0.01985692  0.01825404  0.01632962  0.01982154  0.09650808
  0.          0.00174596  0.00825404  0.00650808  0.          0.00989712
 -0.02035692  0.00325404]
	[RESULT 6] [ 5.39475495e-03 -2.45245217e-02  1.99192766e-02  1.73262924e-02
  1.74877392e-02  9.98385532e-02  0.00000000e+00  8.07233981e-05
  9.91927660e-03  9.83855320e-03  0.00000000e+00  6.89475495e-03
 -2.50245217e-02  4.91927660e-03]
	[RESULT 7] [ 0.02276215 -0.00690803  0.01967018  0.02436365  0.02370401  0.09934037
  0.          0.00032982  0.00967018  0.00934037  0.          0.02576215
 -0.00856766  0.00732982]
	[RESULT 8] [ 0.02272247 -0.00246357  0.01518604  0.01889029  0.02148178  0.09037207
  0.          0.00494189  0.00518604  0.00037207  0.          0.02422247
 -0.0080915   0.00531396]
	[RESULT 9] [ 4.71642302e-03 -2.52815140e-02  1.99979370e-02  1.71051170e-02
  1.71092430e-02  9.99958740e-02  0.00000000e+00  2.06297951e-06
  9.99793702e-03  9.99587404e-03  0.00000000e+00  7.21642302e-03
 -2.47815140e-02  4.99793702e-03]
	[RESULT 10] [ 0.01381871 -0.01139329  0.015212    0.01447736  0.02405336  0.090424
  0.          0.00986399  0.005212    0.000424    0.          0.01531871
 -0.02196928  0.010288  ]
	[RESULT 11] [ 0.00644658 -0.02124692  0.0176935   0.01451354  0.01912654  0.095387
  0.          0.0023065   0.0076935   0.005387    0.          0.00794658
 -0.02185992  0.0028065 ]
	[RESULT 12] [ 0.01527553 -0.01219982  0.01747535  0.01860079  0.02365009  0.0949507
  0.          0.00252465  0.00747535  0.0049507   0.          0.01777553
 -0.01324912  0.00402465]
	[RESULT 13] [ 0.02187603 -0.00779415  0.01967018  0.02480671  0.02414708  0.09934037
  0.          0.00032982  0.00967018  0.00934037  0.          0.02487603
 -0.00945379  0.00732982]
	[RESULT 14] [3.24034246e-02 2.46602390e-03 1.99374007e-02 1.91421867e-02
 1.90169881e-02 9.98748013e-02 0.00000000e+00 6.25993467e-05
 9.93740065e-03 9.87480131e-03 0.00000000e+00 3.45965754e-02
 3.46602390e-03 4.93740065e-03]
	[RESULT 15] [ 0.00489964 -0.02486696  0.01976661  0.01684973  0.01731652  0.09953321
  0.          0.00023339  0.00976661  0.00953321  0.          0.00689964
 -0.02486696  0.00476661]
	[RESULT 16] [ 0.0067596  -0.02050374  0.01726334  0.01402481  0.01949813  0.09452669
  0.          0.00273666  0.00726334  0.00452669  0.          0.0097596
 -0.02197706  0.00473666]
	[RESULT 17] [ 0.01078339 -0.01835506  0.01913845  0.01884938  0.02057247  0.09827691
  0.          0.00086155  0.00913845  0.00827691  0.          0.01378339
 -0.01735506  0.00413845]
	[RESULT 18] [0.03399049 0.00860912 0.0174004  0.02114465 0.01594544 0.0948008
 0.         0.00329881 0.0074004  0.0048008  0.         0.03249049
 0.00240991 0.0080996 ]
	[RESULT 19] [ 0.02510335 -0.00436258  0.01946593  0.02349943  0.02243129  0.09893186
  0.          0.00053407  0.00946593  0.00893186  0.          0.02810335
 -0.00336258  0.00446593]
	[RESULT 20] [ 0.02302918 -0.00431376  0.01734294  0.02227901  0.02240688  0.09468589
  0.          0.00265706  0.00734294  0.00468589  0.          0.02452918
 -0.00562787  0.00315706]
	[RESULT 21] [ 0.00803676 -0.01886475  0.01690151  0.01412064  0.02031763  0.09380302
  0.          0.00309849  0.00690151  0.00380302  0.          0.01103676
 -0.02106173  0.00509849]
	[RESULT 22] [ 0.02722671 -0.00254299  0.0197697   0.02198209  0.0215215   0.09953941
  0.          0.0002303   0.0097697   0.00953941  0.          0.03022671
 -0.00400358  0.0072303 ]
	[RESULT 23] [ 0.00802375 -0.01918333  0.01720709  0.01482251  0.02040833  0.09441417
  0.          0.00279291  0.00720709  0.00441417  0.          0.00852375
 -0.02176916  0.00329291]
	[RESULT 24] [ 0.00703414 -0.01994043  0.01697457  0.01372892  0.01977978  0.09394914
  0.          0.00302543  0.00697457  0.00394914  0.          0.00853414
 -0.02199129  0.00352543]
	[RESULT 25] [ 0.01746499 -0.01096346  0.01842846  0.02112518  0.02426827  0.09685691
  0.          0.00157154  0.00842846  0.00685691  0.          0.02046499
 -0.01010655  0.00357154]
	[RESULT 26] [ 0.02058288 -0.00905627  0.01963915  0.02450017  0.02477814  0.09927831
  0.          0.00036085  0.00963915  0.00927831  0.          0.02358288
 -0.00805627  0.00463915]
	[RESULT 27] [ 0.0273178  -0.00173983  0.01905763  0.02300466  0.02111992  0.09811526
  0.          0.00094237  0.00905763  0.00811526  0.          0.0303178
 -0.00073983  0.00405763]
	[RESULT 28] [0.02976273 0.00042282 0.01933991 0.02135877 0.02003859 0.09867982
 0.         0.00066009 0.00933991 0.00867982 0.         0.03276273
 0.00142282 0.00433991]
	[RESULT 29] [ 0.0048459  -0.02460047  0.01944637  0.0163425   0.01744976  0.09889274
  0.          0.00055363  0.00944637  0.00889274  0.          0.0073459
 -0.02410047  0.00444637]
	[RESULT 30] [ 0.02016332 -0.00893309  0.01909642  0.02347629  0.02471655  0.09819283
  0.          0.00090358  0.00909642  0.00819283  0.          0.02316332
 -0.00793309  0.00409642]
	[RESULT 31] [ 1.28639716e-02 -1.71226413e-02  1.99866129e-02  2.11619052e-02
  2.11886793e-02  9.99732258e-02  0.00000000e+00  1.33870789e-05
  9.98661292e-03  9.97322584e-03  0.00000000e+00  1.53639716e-02
 -1.66226413e-02  4.98661292e-03]
	[RESULT 32] [0.02299518 0.01954488 0.01745995 0.01555767 0.01047756 0.09491989
 0.         0.00462016 0.00745995 0.00491989 0.         0.01999518
 0.00953523 0.00954005]
	[RESULT 33] [ 0.01499875 -0.0141069   0.01910565  0.02090784  0.02269655  0.09821129
  0.          0.00089435  0.00910565  0.00821129  0.          0.01649875
 -0.0146069   0.00410565]
	[RESULT 34] [ 4.29015639e-03 -2.57092886e-02  1.99994449e-02  1.68942456e-02
  1.68953557e-02  9.99988899e-02  0.00000000e+00  5.55053804e-07
  9.99944495e-03  9.99888989e-03  0.00000000e+00  6.79015639e-03
 -2.52092886e-02  4.99944495e-03]
	[RESULT 35] [ 0.02312409 -0.0065461   0.01967018  0.02418268  0.02352305  0.09934037
  0.          0.00032982  0.00967018  0.00934037  0.          0.02612409
 -0.00820573  0.00732982]
	[RESULT 36] [ 0.02021275 -0.00549119  0.01570395  0.0186623   0.0227456   0.09140789
  0.          0.00438816  0.00570395  0.00140789  0.          0.02171275
 -0.0110833   0.00579605]
	[RESULT 37] [ 0.02252918 -0.00634262  0.0188718   0.0243223   0.02342131  0.09774361
  0.          0.0011282   0.0088718   0.00774361  0.          0.02502918
 -0.00584262  0.0038718 ]
	[RESULT 38] [ 0.00748516 -0.02187695  0.01936211  0.01753575  0.01881152  0.09872423
  0.          0.00063789  0.00936211  0.00872423  0.          0.01048516
 -0.02087695  0.00436211]
	[RESULT 39] [ 0.01030972 -0.01849268  0.01880239  0.01810845  0.02050366  0.09760479
  0.          0.00119761  0.00880239  0.00760479  0.          0.01280972
 -0.02188789  0.00769761]
	[RESULT 40] [ 0.00419947 -0.0256604   0.01985986  0.01663953  0.0169198   0.09971973
  0.          0.00014014  0.00985986  0.00971973  0.          0.00719947
 -0.0246604   0.00485986]
	[RESULT 41] [ 0.0120439  -0.01446901  0.01651291  0.01579131  0.02276549  0.09302582
  0.          0.00348709  0.00651291  0.00302582  0.          0.0125439
 -0.01844319  0.00398709]
	[RESULT 42] [ 0.00644814 -0.02121484  0.01766298  0.01446853  0.01914258  0.09532595
  0.          0.00233702  0.00766298  0.00532595  0.          0.00794814
 -0.02188889  0.00283702]
	[RESULT 43] [ 4.01967564e-03 -2.59631638e-02  1.99828394e-02  1.67340969e-02
  1.67684181e-02  9.99656788e-02  0.00000000e+00  1.71606111e-05
  9.98283939e-03  9.96567878e-03  0.00000000e+00  6.51967564e-03
 -2.54631638e-02  4.98283939e-03]
	[RESULT 44] [ 0.0110639  -0.0187459   0.0198098   0.02024666  0.02062705  0.09961961
  0.          0.0001902   0.0098098   0.00961961  0.          0.0115639
 -0.02112629  0.0056902 ]
	[RESULT 45] [0.02625306 0.01800948 0.01573746 0.01952035 0.01099526 0.09147491
 0.         0.00426254 0.00573746 0.00147491 0.         0.02575306
 0.01051561 0.00476254]
	[RESULT 46] [ 0.02190091 -0.00712042  0.01902134  0.02423246  0.02381021  0.09804267
  0.          0.00097866  0.00902134  0.00804267  0.          0.02390091
 -0.00712042  0.00402134]
	[RESULT 47] [ 0.00532479 -0.02443692  0.0197617   0.01705494  0.01753154  0.0995234
  0.          0.0002383   0.0097617   0.0095234   0.          0.00832479
 -0.02343692  0.0047617 ]
	[RESULT 48] [0.01141582 0.01733399 0.01591817 0.01183065 0.003667   0.09183635
 0.         0.00774548 0.00591817 0.00183635 0.         0.01091582
 0.00049764 0.00958183]
	[RESULT 49] [ 4.78535336e-03 -2.51545050e-02  1.99398584e-02  1.70524642e-02
  1.71727475e-02  9.98797167e-02  0.00000000e+00  6.01416320e-05
  9.93985837e-03  9.87971674e-03  0.00000000e+00  7.28535336e-03
 -2.46545050e-02  4.93985837e-03]
	[RESULT 50] [0.01623594 0.02402957 0.01973449 0.00876623 0.00823521 0.09946898
 0.         0.00026551 0.00973449 0.00946898 0.         0.01473594
 0.00050145 0.00576551]
	[RESULT 51] [ 0.00482393 -0.0245651   0.01938903  0.01624551  0.01746745  0.09877806
  0.          0.00061097  0.00938903  0.00877806  0.          0.00632393
 -0.0250651   0.00438903]
	[RESULT 52] [3.34843299e-02 1.09838622e-02 1.55318080e-02 2.34444530e-02
 1.45080689e-02 9.10636159e-02 0.00000000e+00 9.59542389e-03
 5.53180796e-03 1.06361593e-03 0.00000000e+00 3.14843299e-02
 4.74780832e-05 1.14681920e-02]
	[RESULT 53] [ 0.02308459 -0.00558911  0.0186737   0.02430285  0.02304456  0.09734741
  0.          0.0013263   0.0086737   0.00734741  0.          0.02608459
 -0.0092417   0.0083263 ]
	[RESULT 54] [ 2.65285386e-02 -3.42674199e-03  1.99552805e-02  2.20528099e-02
  2.19633710e-02  9.99105611e-02  0.00000000e+00  4.47194544e-05
  9.95528055e-03  9.91056109e-03  0.00000000e+00  2.95285386e-02
 -2.42674199e-03  4.95528055e-03]
	[RESULT 55] [ 0.00418612 -0.02569374  0.01987986  0.01666285  0.01690313  0.09975972
  0.          0.00012014  0.00987986  0.00975972  0.          0.00568612
 -0.02619374  0.00487986]
	[RESULT 56] [ 0.00426013 -0.02548853  0.01974867  0.01650307  0.01700573  0.09949734
  0.          0.00025133  0.00974867  0.00949734  0.          0.00726013
 -0.02448853  0.00474867]
	[RESULT 57] [ 0.00490752 -0.02447687  0.01938439  0.01628034  0.01751156  0.09876877
  0.          0.00061561  0.00938439  0.00876877  0.          0.00640752
 -0.02497687  0.00438439]
	[RESULT 58] [ 0.01887739 -0.01017935  0.01905674  0.0227738   0.02466032  0.09811348
  0.          0.00094326  0.00905674  0.00811348  0.          0.02187739
 -0.00917935  0.00405674]
	[RESULT 59] [ 2.08975922e-02 -9.09480984e-03  1.99924021e-02  2.48126008e-02
  2.47974049e-02  9.99848041e-02  0.00000000e+00  7.59792552e-06
  9.99240207e-03  9.98480415e-03  0.00000000e+00  2.38975922e-02
 -1.01100057e-02  7.00759793e-03]
	[RESULT 60] [ 0.00471623 -0.02466239  0.01937862  0.01617605  0.01741881  0.09875724
  0.          0.00062138  0.00937862  0.00875724  0.          0.00771623
 -0.02366239  0.00437862]
	[RESULT 61] [ 2.39068628e-02 -6.04318328e-03  1.99500461e-02  2.31214995e-02
  2.30215916e-02  9.99000921e-02  0.00000000e+00  4.99539353e-05
  9.95004606e-03  9.90009213e-03  0.00000000e+00  2.59068628e-02
 -6.04318328e-03  4.95004606e-03]
	[RESULT 62] [ 0.01937749 -0.00955092  0.01892841  0.02283136  0.02497454  0.09785682
  0.          0.00107159  0.00892841  0.00785682  0.          0.02187749
 -0.0126941   0.00757159]
	[RESULT 63] [ 0.0222694  -0.00287905  0.01514846  0.01860738  0.02168953  0.09029691
  0.          0.00655463  0.00514846  0.00029691  0.          0.0252694
 -0.00858214  0.00685154]
	[RESULT 64] [ 2.43782250e-02 -5.56058509e-03  1.99388101e-02  2.31526724e-02
  2.30302925e-02  9.98776201e-02  0.00000000e+00  6.11899446e-05
  9.93881006e-03  9.87762011e-03  0.00000000e+00  2.58782250e-02
 -6.68296498e-03  5.56118994e-03]
	[RESULT 65] [ 0.0272639   0.00208699  0.01517691  0.02139731  0.01895651  0.09035382
  0.          0.00646928  0.00517691  0.00035382  0.          0.0292639
 -0.0045592   0.00682309]
	[RESULT 66] [ 0.02108005 -0.00872989  0.01980994  0.02499506  0.02461494  0.09961988
  0.          0.00019006  0.00980994  0.00961988  0.          0.02358005
 -0.01011001  0.00669006]
	[RESULT 67] [ 0.02805091 -0.00158824  0.01963915  0.02176581  0.02104412  0.09927831
  0.          0.00036085  0.00963915  0.00927831  0.          0.03105091
 -0.00058824  0.00463915]
	[RESULT 68] [0.01638988 0.02213334 0.01574347 0.01457974 0.00606667 0.09148693
 0.         0.00425653 0.00574347 0.00148693 0.         0.01588988
 0.00064641 0.00475653]
	[RESULT 69] [ 0.0046378  -0.02493737  0.01957517  0.01643165  0.01728131  0.09915034
  0.          0.00042483  0.00957517  0.00915034  0.          0.0061378
 -0.02543737  0.00457517]
	[RESULT 70] [ 4.84144769e-03 -2.51103677e-02  1.99518154e-02  1.70984469e-02
  1.71948162e-02  9.99036308e-02  0.00000000e+00  4.81846240e-05
  9.95181538e-03  9.90363075e-03  0.00000000e+00  6.34144769e-03
 -2.56103677e-02  4.95181538e-03]
	[RESULT 71] [ 0.00733077 -0.01943446  0.01676523  0.01356323  0.02003277  0.09353047
  0.          0.00323477  0.00676523  0.00353047  0.          0.01033077
 -0.021904    0.00523477]
	[RESULT 72] [ 0.02793378  0.00235281  0.01558097  0.02233834  0.01882359  0.09116193
  0.          0.0097429   0.00558097  0.00116193  0.          0.02993378
 -0.00848525  0.01141903]
	[RESULT 73] [0.0202082  0.02023002 0.01956179 0.01076142 0.00988499 0.09912357
 0.         0.00043821 0.00956179 0.00912357 0.         0.0197082
 0.00426998 0.00456179]
	[RESULT 74] [ 0.01370118 -0.0117645   0.01546568  0.01479911  0.02386775  0.09093136
  0.          0.00560295  0.00546568  0.00093136  0.          0.01670118
 -0.01683314  0.00653432]
	[RESULT 75] [ 0.00842012 -0.01818616  0.01660629  0.01411949  0.02090692  0.09321257
  0.          0.00339371  0.00660629  0.00321257  0.          0.00892012
 -0.02197359  0.00389371]
	[RESULT 76] [ 1.59476473e-02 -1.40458750e-02  1.99935224e-02  2.27141072e-02
  2.27270625e-02  9.99870447e-02  0.00000000e+00  6.47764575e-06
  9.99352235e-03  9.98704471e-03  0.00000000e+00  1.89476473e-02
 -1.50588303e-02  7.00647765e-03]
	[RESULT 77] [ 0.02875678  0.00240816  0.01634862  0.02365132  0.01904592  0.09269724
  0.          0.00365138  0.00634862  0.00269724  0.          0.03125678
 -0.0008946   0.00515138]
	[RESULT 78] [ 0.01808363 -0.0085471   0.01663073  0.01873791  0.02452355  0.09326146
  0.          0.00336927  0.00663073  0.00326146  0.          0.02058363
 -0.01128564  0.00486927]
	[RESULT 79] [ 0.03048643  0.00069644  0.01978999  0.0203218   0.01990178  0.09957998
  0.          0.00021001  0.00978999  0.00957998  0.          0.03298643
 -0.00072358  0.00671001]
	[RESULT 80] [ 0.02670198  0.00060396  0.01609802  0.02249803  0.01969802  0.09219605
  0.          0.00390198  0.00609802  0.00219605  0.          0.02820198
 -0.0042      0.00540198]
	[RESULT 81] [ 4.14776948e-03 -2.57858418e-02  1.99336112e-02  1.67243016e-02
  1.68570791e-02  9.98672225e-02  0.00000000e+00  6.63887592e-05
  9.93361124e-03  9.86722248e-03  0.00000000e+00  7.14776948e-03
 -2.47858418e-02  4.93361124e-03]
	[RESULT 82] [ 0.00725814 -0.02014997  0.01740811  0.01449123  0.01967501  0.09481622
  0.          0.00259189  0.00740811  0.00481622  0.          0.00975814
 -0.02133375  0.00409189]
	[RESULT 83] [2.86915857e-02 1.13445883e-02 1.99638260e-02 1.46500539e-02
 1.45777059e-02 9.99276520e-02 0.00000000e+00 3.61740189e-05
 9.96382598e-03 9.92765196e-03 0.00000000e+00 2.56915857e-02
 1.02722402e-02 7.03617402e-03]
	[RESULT 84] [ 0.02091707 -0.00734942  0.0182665   0.02260828  0.02392471  0.096533
  0.          0.0017335   0.0082665   0.006533    0.          0.02391707
 -0.00681643  0.0037335 ]
	[RESULT 85] [ 0.02574177 -0.00335725  0.01909902  0.02373059  0.02192862  0.09819803
  0.          0.00090098  0.00909902  0.00819803  0.          0.02874177
 -0.00235725  0.00409902]
	[RESULT 86] [ 2.42693565e-02 -5.72150530e-03  1.99908618e-02  2.31290291e-02
  2.31107527e-02  9.99817236e-02  0.00000000e+00  9.13820665e-06
  9.99086179e-03  9.98172359e-03  0.00000000e+00  2.67693565e-02
 -5.22150530e-03  4.99086179e-03]
	[RESULT 87] [ 0.01751145 -0.01182781  0.01933927  0.02251463  0.02383609  0.09867853
  0.          0.00066073  0.00933927  0.00867853  0.          0.02051145
 -0.01082781  0.00433927]
	[RESULT 88] [ 5.41604821e-03 -2.45835543e-02  1.99996025e-02  1.77074279e-02
  1.77082229e-02  9.99992050e-02  0.00000000e+00  3.97500232e-07
  9.99960250e-03  9.99920500e-03  0.00000000e+00  7.41604821e-03
 -2.45835543e-02  4.99960250e-03]
	[RESULT 89] [ 0.02198089 -0.00758443  0.01956532  0.02491157  0.02404222  0.09913064
  0.          0.00043468  0.00956532  0.00913064  0.          0.02498089
 -0.00945379  0.00743468]
	[RESULT 90] [ 2.08965818e-02 -9.09683079e-03  1.99934125e-02  2.48115903e-02
  2.47984154e-02  9.99868251e-02  0.00000000e+00  6.58745086e-06
  9.99341255e-03  9.98682510e-03  0.00000000e+00  2.38965818e-02
 -1.01100057e-02  7.00658745e-03]
	[RESULT 91] [ 0.01553184 -0.01303474  0.01856658  0.02036579  0.02323263  0.09713316
  0.          0.00143342  0.00856658  0.00713316  0.          0.01853184
 -0.01203474  0.00356658]
	[RESULT 92] [ 0.02848901 -0.00089086  0.01937987  0.02193569  0.02069543  0.09875974
  0.          0.00062013  0.00937987  0.00875974  0.          0.03148901
  0.00010914  0.00437987]
	[RESULT 93] [ 0.0299425   0.00423765  0.01570485  0.02352853  0.01788117  0.09140971
  0.          0.00438544  0.00570485  0.00140971  0.          0.0314425
 -0.00135264  0.00579515]
	[RESULT 94] [ 0.01321809 -0.01471705  0.01793513  0.01826174  0.02239148  0.09587027
  0.          0.00206487  0.00793513  0.00587027  0.          0.01621809
 -0.01484678  0.00406487]
	[RESULT 95] [0.03134565 0.00151583 0.01982982 0.01983245 0.01949208 0.09965964
 0.         0.00017018 0.00982982 0.00965964 0.         0.03284565
 0.00017547 0.00567018]
	[RESULT 96] [ 0.00856885 -0.01697257  0.01554142  0.01234656  0.02126371  0.09108285
  0.          0.00445858  0.00554142  0.00108285  0.          0.01006885
 -0.02188972  0.00495858]
	[RESULT 97] [ 0.0068774  -0.02032526  0.01720266  0.0139927   0.01958737  0.09440533
  0.          0.00279734  0.00720266  0.00440533  0.          0.0083774
 -0.02191993  0.00329734]
	[RESULT 98] [ 2.70860365e-02 -2.84750344e-03  1.99335399e-02  2.18066719e-02
  2.16737517e-02  9.98670798e-02  0.00000000e+00  6.64600830e-05
  9.93353992e-03  9.86707983e-03  0.00000000e+00  2.85860365e-02
 -3.98042361e-03  5.56646008e-03]
	[RESULT 99] [ 2.31978184e-02 -6.75630151e-03  1.99541199e-02  2.37199109e-02
  2.36281508e-02  9.99082399e-02  0.00000000e+00  4.58800507e-05
  9.95411995e-03  9.90823990e-03  0.00000000e+00  2.56978184e-02
 -7.84806161e-03  6.54588005e-03]
	[RESULT 100] [ 0.00431018 -0.02545905  0.01976923  0.01655894  0.01702047  0.09953846
  0.          0.00023077  0.00976923  0.00953846  0.          0.00631018
 -0.02545905  0.00476923]
	[RESULT 101] [ 2.82295867e-02 -1.77041261e-03  1.99999993e-02  2.08852077e-02
  2.08852063e-02  9.99999986e-02  0.00000000e+00  6.99966141e-10
  9.99999930e-03  9.99999860e-03  0.00000000e+00  3.02295867e-02
 -3.77041401e-03  7.00000070e-03]
	[RESULT 102] [ 0.0317963   0.00375186  0.01804443  0.0222852   0.01837407  0.09608887
  0.          0.0028667   0.00804443  0.00608887  0.          0.0347963
 -0.00115927  0.00895557]
	[RESULT 103] [ 0.00464861 -0.02471281  0.01936141  0.01611643  0.0173936   0.09872283
  0.          0.00063859  0.00936141  0.00872283  0.          0.00764861
 -0.02371281  0.00436141]
	[RESULT 104] [0.02595428 0.0163154  0.01773032 0.01663166 0.0120923  0.09546064
 0.         0.00226968 0.00773032 0.00546064 0.         0.02295428
 0.00722396 0.00426968]
	[RESULT 105] [ 0.01737219 -0.00779184  0.01516403  0.01618214  0.02414592  0.09032806
  0.          0.00849209  0.00516403  0.00032806  0.          0.02037219
 -0.01846378  0.01183597]
