[METRICS]
	[DISEQUILIBRIUM COUNT] 8
[VARIABLES]
	[RESULT 1] [0 8.002109417805531 1 1 5 3627.840059394085 91]
	[RESULT 2] [0 29.55923539262607 0 1 12 3883.1354243025407 2]
	[RESULT 3] [0 5.533296583526602 0 2 17 3857.789262701326 56]
	[RESULT 4] [1 5.643599715062588 0 3 3 1901.8176503012796 60]
	[RESULT 5] [0 5.312888054894106 0 2 20 1438.8760122259498 56]
	[RESULT 6] [0 39.135933583059696 1 2 17 3844.0616119501474 91]
	[RESULT 7] [0 40.54624096743007 1 1 12 2440.2832228625184 100]
	[RESULT 8] [1 31.171782667941617 0 1 9 3926.7820334701764 67]
	[RESULT 9] [1 5.6656464508887066 0 4 14 1940.6371034071356 60]
	[RESULT 10] [1 8.56286629702403 1 1 22 1131.4480213074712 9]
	[RESULT 11] [1 5.066957942847347 1 2 14 3763.166901126388 35]
	[RESULT 12] [1 8.314623928142952 0 4 23 3801.1349317545623 80]
	[RESULT 13] [0 9.832379052451362 1 1 5 3627.7879536384153 90]
	[RESULT 14] [0 5.0675437101832905 1 4 14 3824.144494110932 30]
	[RESULT 15] [1 5.533296583526602 0 2 17 3940.9664480684355 56]
	[RESULT 16] [1 29.496260929277273 1 4 14 3829.538514278879 12]
	[RESULT 17] [1 5.009749588768946 0 2 17 3878.4770412218986 76]
	[RESULT 18] [0 39.280192425334654 1 4 17 3756.0610566962073 8]
	[RESULT 19] [1 24.40720762793218 0 4 9 3954.646386609462 65]
	[RESULT 20] [0 5.001582393409144 1 1 11 2460.9591452948894 56]
	[RESULT 21] [0 9.446338067496821 0 4 17 2169.8912393468677 12]
	[RESULT 22] [1 5.063292233854894 0 3 7 1004.5390519787682 9]
	[RESULT 23] [0 43.07186167487295 1 4 20 2057.681824373381 80]
	[RESULT 24] [0 11.949163088417727 0 2 9 3803.3156868521087 3]
	[RESULT 25] [0 46.20731688481925 1 1 2 3756.820730718447 26]
	[RESULT 26] [0 5.533296583526602 0 4 5 2639.511897259762 10]
	[RESULT 27] [0 7.941920088226446 0 1 20 3831.7018446082034 22]
	[RESULT 28] [1 7.602971191105242 0 1 22 3940.9664480684355 56]
	[RESULT 29] [0 5.012823649465579 1 2 12 2488.037184513386 55]
	[RESULT 30] [0 7.469990241895466 1 1 5 3568.4386743830974 15]
	[RESULT 31] [0 5.984123486234884 0 2 20 1406.6826601373757 89]
	[RESULT 32] [1 47.525638454192446 1 4 9 3890.377975680848 66]
	[RESULT 33] [1 6.091916455271562 1 1 18 1719.9061906926606 81]
	[RESULT 34] [0 5.001582393409144 1 1 10 3515.5348875312457 56]
	[RESULT 35] [1 6.557675543171506 1 1 13 1950.2351410368015 26]
	[RESULT 36] [1 5.015971138309502 1 2 11 1567.151742698382 59]
	[RESULT 37] [0 5.533296583526602 1 2 17 3899.989629485335 56]
	[RESULT 38] [1 16.424954189680797 0 4 9 3939.828271239561 66]
	[RESULT 39] [1 41.90854113013432 1 1 12 2631.570961225943 54]
	[RESULT 40] [0 8.114662339954908 1 2 17 2438.1766175779203 81]
	[RESULT 41] [1 5.003366262648285 1 2 11 2969.0530559752856 56]
	[RESULT 42] [1 5.268046979733885 0 3 7 1004.0248419853685 57]
	[RESULT 43] [1 40.61215368163646 1 3 6 2937.572361130509 48]
	[RESULT 44] [0 5.86636909609601 1 2 23 1179.8534620123396 62]
	[RESULT 45] [1 43.006796756585224 1 4 9 3712.0743032636587 66]
	[RESULT 46] [0 39.18860914122534 1 4 20 1459.1531820479643 9]
	[RESULT 47] [1 5.189209176596868 0 4 12 2514.407649574317 68]
	[RESULT 48] [0 5.063292233854894 0 3 7 1002.0409454176025 36]
	[RESULT 49] [1 29.090560685345864 1 4 11 1728.1308206007745 56]
	[RESULT 50] [1 7.823935107642046 0 4 22 3801.1349317545623 80]
	[RESULT 51] [0 5.078646122703414 1 3 22 3998.2468876138646 76]
	[RESULT 52] [0 9.0028072305906 1 1 15 1436.515372745564 40]
	[RESULT 53] [0 5.144044518991957 0 3 23 2309.3540556619837 99]
	[RESULT 54] [0 7.470179545066353 1 3 19 1831.4854434325543 12]
	[RESULT 55] [1 5.016094328958774 1 2 12 2372.7473894978143 56]
	[RESULT 56] [0 5.004800023939105 1 1 22 2419.9064173118886 56]
	[RESULT 57] [1 10.684092210005927 0 1 9 3990.6735343859464 22]
	[RESULT 58] [0 5.013931084525664 0 1 13 3823.932658717658 68]
	[RESULT 59] [0 41.36572627168328 1 4 20 2011.7815436397048 80]
	[RESULT 60] [1 5.016094328958774 1 2 7 2282.1948777129587 56]
	[RESULT 61] [0 41.09769470969867 1 1 6 3209.6044898416644 49]
	[RESULT 62] [1 23.779805705172784 1 1 10 3984.495344589249 67]
	[RESULT 63] [1 49.02647698585434 1 4 9 3688.025437255835 66]
	[RESULT 64] [1 8.977915896727776 0 1 18 3914.3277210385336 66]
	[RESULT 65] [1 25.316816780754788 1 1 21 3999.7194092535487 81]
	[RESULT 66] [1 16.459969903230515 0 4 12 2514.407649574317 68]
	[RESULT 67] [0 7.72194066282749 0 4 9 3974.629803309311 40]
	[RESULT 68] [1 11.07552530035978 1 1 21 1584.5733656979478 9]
	[RESULT 69] [1 5.150360205031527 0 3 18 1912.7751437925554 67]
	[RESULT 70] [0 43.10866314269314 1 4 9 3712.0743032636587 67]
	[RESULT 71] [1 5.637547108840121 1 2 15 2231.3692156797006 62]
	[RESULT 72] [0 7.099778256307874 0 1 7 3983.684914618897 36]
	[RESULT 73] [1 5.037197821466278 1 3 7 2524.7816831494006 57]
	[RESULT 74] [1 9.123842646160423 0 4 23 3525.2113739303522 68]
	[RESULT 75] [1 40.941332334612035 1 1 18 3688.0646678317235 82]
	[RESULT 76] [1 5.009749588768946 1 1 17 1789.7710283493734 76]
	[RESULT 77] [0 38.86551212851072 1 4 16 1508.763833628977 9]
	[RESULT 78] [1 5.0003453396735615 1 4 6 1951.4909858851954 62]
	[RESULT 79] [0 32.33452683409379 1 4 16 3470.837657624046 37]
	[RESULT 80] [1 48.46569854138051 1 4 9 3890.158584626278 67]
	[RESULT 81] [0 49.12696119532998 0 1 19 3984.286664584128 74]
	[RESULT 82] [1 42.16518914513336 1 4 20 2485.8910517057625 80]
	[RESULT 83] [1 6.50934209071603 0 1 9 3995.6279230131295 22]
	[RESULT 84] [1 5.243921554209074 1 1 13 2631.570961225943 68]
	[RESULT 85] [1 5.002480831201981 1 2 0 2614.6217747230635 9]
	[RESULT 86] [1 5.02117769368345 1 3 22 2756.3938011435434 60]
	[RESULT 87] [0 30.885688725651473 1 4 17 3849.551807487295 37]
	[RESULT 88] [0 9.517723641466429 1 3 8 2471.5314155102283 81]
	[RESULT 89] [1 6.382916677935702 0 4 7 3939.828271239561 76]
	[RESULT 90] [0 5.533296583526602 1 2 3 3697.057784451816 60]
	[RESULT 91] [1 5.015971138309502 1 2 9 2034.7456601261795 35]
	[RESULT 92] [1 6.38744006651776 0 2 17 3913.8586433900555 57]
	[RESULT 93] [0 5.0675437101832905 1 4 12 3824.144494110932 25]
	[RESULT 94] [0 29.539936747746353 0 1 0 3959.460112471972 4]
	[RESULT 95] [0 11.985957553957345 1 4 6 1644.7232715308526 9]
	[RESULT 96] [1 7.5201073099734845 0 4 12 3847.9566736565102 76]
	[RESULT 97] [1 6.36642582275269 0 2 9 1725.5940746201445 40]
	[RESULT 98] [1 40.54624096743007 0 2 11 3868.2063505776023 100]
	[RESULT 99] [0 5.643845804691358 1 3 22 3998.980726943174 76]
	[RESULT 100] [1 35.22069653274416 0 1 9 3895.86691768919 66]
	[RESULT 101] [1 5.004800023939105 0 4 22 2419.9064173118886 81]
	[RESULT 102] [0 13.281006384146469 1 1 14 1436.515372745564 40]
	[RESULT 103] [1 5.042334236643857 0 4 21 1385.8052029945295 52]
	[RESULT 104] [0 5.000304849666775 1 2 12 2049.845849091911 56]
	[RESULT 105] [1 42.31294442446693 0 1 13 3635.2392614129935 54]
[OBJECTIVES]
	[RESULT 1] [0.01482301 0.02107236 0.01624934 0.0130375  0.00553618 0.09249868
 0.         0.00675198 0.00624934 0.00249868 0.         0.01432301
 0.00357367 0.00925066]
	[RESULT 2] [0.01980325 0.02499888 0.01519562 0.01710819 0.00749944 0.09039125
 0.         0.00491313 0.00519562 0.00039125 0.         0.01930325
 0.00460763 0.00530438]
	[RESULT 3] [0.02244319 0.01929586 0.01826095 0.01383017 0.01035207 0.0965219
 0.         0.00173905 0.00826095 0.0065219  0.         0.02144319
 0.00470414 0.00326095]
	[RESULT 4] [0.01982428 0.02213362 0.0180421  0.01309898 0.00918319 0.09608421
 0.         0.0019579  0.0080421  0.00608421 0.         0.01732428
 0.00078217 0.0034579 ]
	[RESULT 5] [0.01949452 0.02169709 0.0188084  0.01153466 0.00915146 0.0976168
 0.         0.0011916  0.0088084  0.0076168  0.         0.01849452
 0.00230291 0.0038084 ]
	[RESULT 6] [0.01559652 0.02073882 0.0151423  0.0150848  0.00536941 0.09028461
 0.         0.00942691 0.0051423  0.00028461 0.         0.01459652
 0.00545421 0.0108577 ]
	[RESULT 7] [0.03053121 0.01433198 0.01513681 0.02256038 0.01283401 0.09027363
 0.         0.00991044 0.00513681 0.00027363 0.         0.03003121
 0.00260561 0.01036319]
	[RESULT 8] [0.02313565 0.02168034 0.01518401 0.0190418  0.00940983 0.09036803
 0.         0.00494796 0.00518401 0.00036803 0.         0.02163565
 0.00695163 0.00531599]
	[RESULT 9] [0.01978949 0.02220867 0.01800184 0.01314199 0.00914567 0.09600368
 0.         0.00199816 0.00800184 0.00600368 0.         0.01678949
 0.00078766 0.00399816]
	[RESULT 10] [0.01252919 0.01862499 0.0160958  0.01237089 0.0045625  0.0921916
 0.         0.00721259 0.0060958  0.0021916  0.         0.01102919
 0.00043339 0.0094042 ]
	[RESULT 11] [0.01837627 0.02193751 0.01968622 0.0099088  0.00928124 0.09937244
 0.         0.00031378 0.00968622 0.00937244 0.         0.01637627
 0.00269005 0.00631378]
	[RESULT 12] [0.02090309 0.02293806 0.01615885 0.01646327 0.00878097 0.0923177
 0.         0.00384115 0.00615885 0.0023177  0.         0.01790309
 0.00374424 0.00584115]
	[RESULT 13] [0.01424893 0.02010621 0.01585728 0.01333854 0.00505311 0.09171457
 0.         0.00792815 0.00585728 0.00171457 0.         0.01374893
 0.00339165 0.00964272]
	[RESULT 14] [0.01807703 0.02223932 0.01968365 0.00951304 0.00888034 0.0993673
 0.         0.00031635 0.00968365 0.0093673  0.         0.01607703
 0.00339338 0.00731635]
	[RESULT 15] [0.0271429  0.01459615 0.01826095 0.01643003 0.01295192 0.0965219
 0.         0.00173905 0.00826095 0.0065219  0.         0.0251429
 0.00840385 0.00326095]
	[RESULT 16] [0.01461839 0.01981449 0.01519611 0.01476503 0.00515725 0.09039221
 0.         0.00858832 0.00519611 0.00039221 0.         0.01161839
 0.00342228 0.01180389]
	[RESULT 17] [2.60172659e-02 1.40310114e-02 1.99517227e-02 1.33310488e-02
 1.32344943e-02 9.99034455e-02 0.00000000e+00 4.82772604e-05
 9.95172274e-03 9.90344548e-03 0.00000000e+00 2.40172659e-02
 8.96898861e-03 4.95172274e-03]
	[RESULT 18] [0.01268072 0.01782245 0.01514172 0.01362778 0.00391122 0.09028345
 0.         0.00842517 0.00514172 0.00028345 0.         0.01068072
 0.002539   0.01185828]
	[RESULT 19] [0.02568426 0.01907073 0.01524501 0.02022461 0.01071464 0.09049002
 0.         0.00626497 0.00524501 0.00049002 0.         0.02268426
 0.00943925 0.00675499]
	[RESULT 20] [1.58361509e-02 2.41717486e-02 1.99921005e-02 7.92992465e-03
 7.91412572e-03 9.99842011e-02 0.00000000e+00 7.89946698e-06
 9.99210053e-03 9.98420107e-03 0.00000000e+00 1.53361509e-02
 8.44050374e-04 5.50789947e-03]
	[RESULT 21] [0.01647967 0.02239772 0.01591805 0.01436277 0.00619886 0.0918361
 0.         0.00424586 0.00591805 0.0018361  0.         0.01447967
 0.00056163 0.00608195]
	[RESULT 22] [0.02112669 0.01917093 0.01970238 0.01125978 0.01066453 0.09940475
 0.         0.00029762 0.00970238 0.00940475 0.         0.01862669
 0.00332907 0.00470238]
	[RESULT 23] [0.01139804 0.01652601 0.01512797 0.01300707 0.00326301 0.09025594
 0.         0.00838391 0.00512797 0.00025594 0.         0.00939804
 0.00127007 0.01187203]
	[RESULT 24] [0.0186524  0.0242814  0.015629   0.01588271 0.0071407  0.09125799
 0.         0.004371   0.005629   0.00125799 0.         0.0176524
 0.00302341 0.005371  ]
	[RESULT 25] [0.01271566 0.01783412 0.01511846 0.01368014 0.00391706 0.09023693
 0.         0.00985539 0.00511846 0.00023693 0.         0.01221566
 0.0025972  0.01038154]
	[RESULT 26] [0.01893183 0.02280722 0.01826095 0.01207449 0.00859639 0.0965219
 0.         0.00173905 0.00826095 0.0065219  0.         0.01693183
 0.00067088 0.00373905]
	[RESULT 27] [0.01975493 0.02397665 0.01626842 0.01547484 0.00801167 0.09253683
 0.         0.00373158 0.00626842 0.00253683 0.         0.01925493
 0.00348651 0.00423158]
	[RESULT 28] [0.02526969 0.01834256 0.01638774 0.01830323 0.01107872 0.09277549
 0.         0.00361226 0.00638774 0.00277549 0.         0.02376969
 0.00788195 0.00411226]
	[RESULT 29] [1.57781223e-02 2.42851841e-02 1.99366936e-02 7.98402080e-03
 7.85740795e-03 9.98733871e-02 0.00000000e+00 6.33064279e-05
 9.93669357e-03 9.87338714e-03 0.00000000e+00 1.47781223e-02
 8.41428751e-04 6.06330643e-03]
	[RESULT 30] [0.01304241 0.01948334 0.01644093 0.01185982 0.00474167 0.09288185
 0.         0.00617722 0.00644093 0.00288185 0.         0.01254241
 0.00160149 0.00905907]
	[RESULT 31] [0.01942537 0.02305462 0.01752    0.01343268 0.00847269 0.09504001
 0.         0.00248    0.00752    0.00504001 0.         0.01842537
 0.00190537 0.00348   ]
	[RESULT 32] [0.01632893 0.02144381 0.01511487 0.01574215 0.0059719  0.09022975
 0.         0.00834462 0.00511487 0.00022975 0.         0.01332893
 0.00521406 0.01188513]
	[RESULT 33] [0.01466129 0.02205144 0.01739015 0.01149542 0.00627572 0.09478031
 0.         0.00332954 0.00739015 0.00478031 0.         0.01316129
 0.00127114 0.00810985]
	[RESULT 34] [1.66633218e-02 2.33445777e-02 1.99921005e-02 8.34351011e-03
 8.32771117e-03 9.99842011e-02 0.00000000e+00 7.89946698e-06
 9.99210053e-03 9.98420107e-03 0.00000000e+00 1.61633218e-02
 1.67122128e-03 5.50789947e-03]
	[RESULT 35] [0.01352281 0.02047771 0.0169549  0.01157905 0.00548885 0.0939098
 0.         0.0046353  0.0069549  0.0039098  0.         0.01202281
 0.00056791 0.0085451 ]
	[RESULT 36] [1.66518776e-02 2.34267228e-02 1.99213996e-02 8.69383932e-03
 8.53663862e-03 9.98427993e-02 0.00000000e+00 7.86003544e-05
 9.92139965e-03 9.84279929e-03 0.00000000e+00 1.46518776e-02
 7.30477940e-04 6.07860035e-03]
	[RESULT 37] [0.01870498 0.02303407 0.01826095 0.01196107 0.00848296 0.0965219
 0.         0.00173905 0.00826095 0.0065219  0.         0.01770498
 0.00544403 0.00773905]
	[RESULT 38] [0.02431196 0.02028562 0.01540242 0.01930236 0.01010719 0.09080483
 0.         0.00579275 0.00540242 0.00080483 0.         0.02131196
 0.00790954 0.00659758]
	[RESULT 39] [0.01200596 0.01713786 0.0151319  0.01355514 0.00381893 0.09026379
 0.         0.00989569 0.0051319  0.00026379 0.         0.01050596
 0.00087407 0.0103681 ]
	[RESULT 40] [0.01260904 0.0188242  0.01621517 0.01198177 0.0044121  0.09243033
 0.         0.0073545  0.00621517 0.00243033 0.         0.01160904
 0.00139387 0.00978483]
	[RESULT 41] [1.70195554e-02 2.29972194e-02 1.99832252e-02 8.78493997e-03
 8.75139028e-03 9.99664503e-02 0.00000000e+00 1.67748447e-05
 9.98322516e-03 9.96645031e-03 0.00000000e+00 1.50195554e-02
 1.03633024e-03 6.01677484e-03]
	[RESULT 42] [0.0206045  0.02045242 0.01894307 0.01213764 0.01002379 0.09788614
 0.         0.00105693 0.00894307 0.00788614 0.         0.0181045
 0.00204758 0.00394307]
	[RESULT 43] [0.01208868 0.01722524 0.01513657 0.01358949 0.00386262 0.09027313
 0.         0.0089097  0.00513657 0.00027313 0.         0.00958868
 0.00095211 0.01136343]
	[RESULT 44] [0.01341149 0.02109049 0.017679   0.01018725 0.00554524 0.095358
 0.         0.002963   0.007679   0.005358   0.         0.01241149
 0.00073249 0.008321  ]
	[RESULT 45] [0.01369689 0.01882507 0.01512818 0.01440617 0.00466254 0.09025637
 0.         0.00838455 0.00512818 0.00025637 0.         0.01069689
 0.00256871 0.01187182]
	[RESULT 46] [0.01060307 0.01574516 0.01514209 0.0125884  0.00287258 0.09028418
 0.         0.00842627 0.00514209 0.00028418 0.         0.00860307
 0.00046098 0.01185791]
	[RESULT 47] [0.02122428 0.01957124 0.01920447 0.01205543 0.01046438 0.09840895
 0.         0.00079553 0.00920447 0.00840895 0.         0.01822428
 0.00242876 0.00420447]
	[RESULT 48] [0.02021682 0.0200808  0.01970238 0.01055485 0.0099596  0.09940475
 0.         0.00029762 0.00970238 0.00940475 0.         0.01871682
 0.0034192  0.00470238]
	[RESULT 49] [0.01191583 0.01711511 0.01519928 0.013409   0.00380756 0.09039856
 0.         0.00859783 0.00519928 0.00039856 0.         0.00891583
 0.00071655 0.01180072]
	[RESULT 50] [0.02105179 0.02264065 0.01630755 0.01631457 0.00892967 0.09261511
 0.         0.00369245 0.00630755 0.00261511 0.         0.01805179
 0.00374424 0.00569245]
	[RESULT 51] [ 0.03120279  0.00156735  0.01963544  0.01994544  0.01921632  0.09927088
  0.          0.00036456  0.00963544  0.00927088  0.          0.03270279
 -0.00116177  0.00686456]
	[RESULT 52] [0.01156876 0.0175682  0.01599944 0.01178522 0.0037841  0.09199888
 0.         0.00750168 0.00599944 0.00199888 0.         0.01106876
 0.00056932 0.00950056]
	[RESULT 53] [0.02973475 0.01089479 0.01937046 0.01581169 0.01455261 0.09874092
 0.         0.00062954 0.00937046 0.00874092 0.         0.02823475
 0.01039479 0.00437046]
	[RESULT 54] [0.0119505  0.01839135 0.01644085 0.01131398 0.00419567 0.0928817
 0.         0.00717746 0.00644085 0.0028817  0.         0.0104505
 0.00050965 0.01005915]
	[RESULT 55] [1.67435189e-02 2.33356781e-02 1.99208030e-02 8.74055497e-03
 8.58216093e-03 9.98416060e-02 0.00000000e+00 7.91970219e-05
 9.92080298e-03 9.84160596e-03 0.00000000e+00 1.47435189e-02
 8.22715900e-04 6.07919702e-03]
	[RESULT 56] [1.58099444e-02 2.42139411e-02 1.99761145e-02 7.94080039e-03
 7.89302945e-03 9.99522291e-02 0.00000000e+00 2.38854689e-05
 9.97611453e-03 9.95222906e-03 0.00000000e+00 1.53099444e-02
 8.33829840e-04 5.52388547e-03]
	[RESULT 57] [0.03479127 0.00904322 0.01574804 0.0242323  0.01572839 0.09149609
 0.         0.00425196 0.00574804 0.00149609 0.         0.03370873
 0.00453931 0.00475196]
	[RESULT 58] [2.36457735e-02 1.64229248e-02 1.99313016e-02 1.19259343e-02
 1.17885376e-02 9.98626032e-02 0.00000000e+00 6.86983797e-05
 9.93130162e-03 9.86260324e-03 0.00000000e+00 2.31457735e-02
 8.07707517e-03 4.93130162e-03]
	[RESULT 59] [0.01139664 0.01653045 0.01513381 0.0129976  0.00326523 0.09026762
 0.         0.00840144 0.00513381 0.00026762 0.         0.00939664
 0.00126283 0.01186619]
	[RESULT 60] [1.67238647e-02 2.33553323e-02 1.99208030e-02 8.73072787e-03
 8.57233383e-03 9.98416060e-02 0.00000000e+00 7.91970219e-05
 9.92080298e-03 9.84160596e-03 0.00000000e+00 1.47238647e-02
 8.03061706e-04 6.07919702e-03]
	[RESULT 61] [0.01128589 0.01642067 0.01513478 0.01294078 0.00321034 0.09026956
 0.         0.00990434 0.00513478 0.00026956 0.         0.01078589
 0.00115111 0.01036522]
	[RESULT 62] [0.02727134 0.01747587 0.01525278 0.0210065  0.01151206 0.09050557
 0.         0.00974165 0.00525278 0.00050557 0.         0.02577134
 0.00698144 0.01024722]
	[RESULT 63] [0.01353721 0.01864826 0.01511105 0.01435204 0.00457413 0.09022209
 0.         0.00833314 0.00511105 0.00022209 0.         0.01053721
 0.00242617 0.01188895]
	[RESULT 64] [0.02322317 0.02077239 0.01600444 0.01785493 0.0098638  0.09200887
 0.         0.00399556 0.00600444 0.00200887 0.         0.02172317
 0.00621873 0.00449556]
	[RESULT 65] [ 0.03304292  0.00780836  0.01523456  0.02412329  0.01634582  0.09046911
  0.          0.00979633  0.00523456  0.00046911  0.          0.03454292
 -0.00272252  0.01026544]
	[RESULT 66] [0.01742109 0.02282238 0.01540129 0.01585862 0.00666119 0.09080257
 0.         0.00579614 0.00540129 0.00080257 0.         0.01442109
 0.00101981 0.00659871]
	[RESULT 67] [0.02907939 0.01457723 0.01634339 0.02002461 0.01271139 0.09268677
 0.         0.00365661 0.00634339 0.00268677 0.         0.02707939
 0.010264   0.00565661]
	[RESULT 68] [0.01218016 0.01788682 0.01570666 0.01278009 0.00419341 0.09141332
 0.         0.00838002 0.00570666 0.00141332 0.         0.01068016
 0.00047349 0.00979334]
	[RESULT 69] [0.0212306  0.01942294 0.01934646 0.0118456  0.01053853 0.09869293
 0.         0.00065354 0.00934646 0.00869293 0.         0.0187306
 0.00307706 0.00434646]
	[RESULT 70] [0.01271336 0.01784121 0.01512785 0.01366491 0.00392061 0.0902557
 0.         0.00838355 0.00512785 0.0002557  0.         0.01071336
 0.00258551 0.01187215]
	[RESULT 71] [0.01491462 0.02296797 0.01805335 0.01062729 0.00673399 0.09610669
 0.         0.00194665 0.00805335 0.00610669 0.         0.01291462
 0.00086128 0.00794665]
	[RESULT 72] [0.03204836 0.01133862 0.01661302 0.02110465 0.01433069 0.09322604
 0.         0.00338698 0.00661302 0.00322604 0.         0.03154836
 0.00756466 0.00388698]
	[RESULT 73] [0.01669183 0.02348749 0.01982068 0.00886489 0.00850626 0.09964136
 0.         0.00017932 0.00982068 0.00964136 0.         0.01419183
 0.00087115 0.00667932]
	[RESULT 74] [0.01883242 0.02480825 0.01597583 0.01570246 0.00765412 0.09195166
 0.         0.00407251 0.00597583 0.00195166 0.         0.01583242
 0.00185659 0.00602417]
	[RESULT 75] [0.01404294 0.01917829 0.01513535 0.01456844 0.00483914 0.0902707
 0.         0.00990605 0.00513535 0.0002707  0.         0.01254294
 0.00290759 0.01036465]
	[RESULT 76] [1.70313362e-02 2.30169411e-02 1.99517227e-02 8.83808397e-03
 8.74152945e-03 9.99034455e-02 0.00000000e+00 4.82772604e-05
 9.95172274e-03 9.90344548e-03 0.00000000e+00 1.55313362e-02
 1.07961341e-03 5.54827726e-03]
	[RESULT 77] [0.01060919 0.01575259 0.01514341 0.01258948 0.0028763  0.09028682
 0.         0.00843022 0.00514341 0.00028682 0.         0.00860919
 0.00046578 0.01185659]
	[RESULT 78] [1.68125158e-02 2.31892103e-02 1.99982739e-02 8.65884706e-03
 8.65539486e-03 9.99965478e-02 0.00000000e+00 1.72610228e-06
 9.99827390e-03 9.99654780e-03 0.00000000e+00 1.38125158e-02
 8.14241918e-04 7.00172610e-03]
	[RESULT 79] [0.01161679 0.01679325 0.01517646 0.0130437  0.00339663 0.09035293
 0.         0.00852939 0.00517646 0.00035293 0.         0.00961679
 0.00144033 0.01182354]
	[RESULT 80] [0.01633576 0.0214482  0.01511245 0.01574921 0.0059741  0.09022489
 0.         0.00833734 0.00511245 0.00022489 0.         0.01333576
 0.00522331 0.01188755]
	[RESULT 81] [0.03120277 0.01368643 0.0151108  0.02293519 0.01315679 0.0902216
 0.         0.0051676  0.0051108  0.0002216  0.         0.03070277
 0.00690802 0.0053892 ]
	[RESULT 82] [0.01248947 0.01762048 0.01513101 0.01379822 0.00406024 0.09026202
 0.         0.00839303 0.00513101 0.00026202 0.         0.00948947
 0.00135846 0.01186899]
	[RESULT 83] [0.03047557 0.00348301 0.01699255 0.02452338 0.01850849 0.09398511
 0.         0.00300745 0.00699255 0.00398511 0.         0.03197557
 0.00146812 0.00350745]
	[RESULT 84] [0.01607414 0.02490631 0.01901955 0.00975775 0.00779684 0.09803909
 0.         0.00098045 0.00901955 0.00803909 0.         0.01457414
 0.00105459 0.00648045]
	[RESULT 85] [1.66481614e-02 2.33642121e-02 1.99876265e-02 8.59264088e-03
 8.56789396e-03 9.99752531e-02 0.00000000e+00 1.23734595e-05
 9.98762654e-03 9.97525308e-03 0.00000000e+00 1.46481614e-02
 6.60534845e-04 6.01237346e-03]
	[RESULT 86] [0.01687678 0.02322691 0.01989631 0.00884393 0.00863654 0.09979261
 0.         0.00010369 0.00989631 0.00979261 0.         0.01437678
 0.00098047 0.00660369]
	[RESULT 87] [0.01406078 0.01924675 0.01518597 0.01425143 0.00462338 0.09037195
 0.         0.00855792 0.00518597 0.00037195 0.         0.01206078
 0.00387481 0.01181403]
	[RESULT 88] [0.0123085  0.01821467 0.01590617 0.01229499 0.00410733 0.09181234
 0.         0.00878149 0.00590617 0.00181234 0.         0.0108085
 0.00140233 0.01059383]
	[RESULT 89] [0.02623638 0.01666535 0.01709827 0.01772079 0.01191733 0.09419654
 0.         0.00290173 0.00709827 0.00419654 0.         0.02323638
 0.00813812 0.00490173]
	[RESULT 90] [0.01565458 0.02391552 0.01826095 0.01043587 0.00695776 0.0965219
 0.         0.00173905 0.00826095 0.0065219  0.         0.01465458
 0.00239363 0.00773905]
	[RESULT 91] [1.65384602e-02 2.35401402e-02 1.99213996e-02 8.63713061e-03
 8.47992991e-03 9.98427993e-02 0.00000000e+00 7.86003544e-05
 9.92139965e-03 9.84279929e-03 0.00000000e+00 1.45384602e-02
 6.17060519e-04 6.07860035e-03]
	[RESULT 92] [0.02417231 0.0187334  0.01709429 0.01669471 0.0108833  0.09418859
 0.         0.00290571 0.00709429 0.00418859 0.         0.02217231
 0.00607801 0.00390571]
	[RESULT 93] [0.0180585  0.02225785 0.01968365 0.00950377 0.00887107 0.0993673
 0.         0.00031635 0.00968365 0.0093673  0.         0.0160585
 0.00337485 0.00731635]
	[RESULT 94] [0.02493813 0.01986609 0.01519577 0.01967541 0.01006695 0.09039154
 0.         0.00491268 0.00519577 0.00039154 0.         0.02443813
 0.00974236 0.00530423]
	[RESULT 95] [0.01110606 0.01673216 0.0156261  0.01211388 0.00336608 0.0912522
 0.         0.0098783  0.0056261  0.0012522  0.         0.00910606
 0.00047997 0.0113739 ]
	[RESULT 96] [0.02175062 0.02182897 0.01642041 0.01649469 0.00933552 0.09284082
 0.         0.00357959 0.00642041 0.00284082 0.         0.01875062
 0.00433021 0.00557959]
	[RESULT 97] [0.01871257 0.02417454 0.01711289 0.01393695 0.00816273 0.09422578
 0.         0.00288711 0.00711289 0.00422578 0.         0.01671257
 0.00059968 0.00388711]
	[RESULT 98] [ 0.02987706  0.00474024  0.01513681  0.02239375  0.01787988  0.09027363
  0.          0.00558956  0.00513681  0.00027363  0.          0.03187706
 -0.00098613  0.00586319]
	[RESULT 99] [ 0.0321377   0.00409605  0.01804165  0.02186868  0.01795198  0.0960833
  0.          0.00237506  0.00804165  0.0060833   0.          0.0336377
 -0.00182066  0.00845835]
	[RESULT 100] [0.02157155 0.0232683  0.01516015 0.01829555 0.00861585 0.0903203
 0.         0.00501955 0.00516015 0.0003203  0.         0.02007155
 0.0054114  0.00533985]
	[RESULT 101] [2.23654999e-02 1.76583855e-02 1.99761145e-02 1.14685782e-02
 1.14208072e-02 9.99522291e-02 0.00000000e+00 2.38854689e-05
 9.97611453e-03 9.95222906e-03 0.00000000e+00 1.93654999e-02
 4.34161446e-03 4.97611453e-03]
	[RESULT 102] [0.01110806 0.01664679 0.01553873 0.01224593 0.0033234  0.09107747
 0.         0.0088838  0.00553873 0.00107747 0.         0.01060806
 0.00056932 0.00996127]
	[RESULT 103] [0.0214419  0.01876117 0.01979693 0.01127556 0.01086941 0.09959385
 0.         0.00020307 0.00979693 0.00959385 0.         0.0184419
 0.00323883 0.00479693]
	[RESULT 104] [1.57593517e-02 2.42421721e-02 1.99984762e-02 7.88196151e-03
 7.87891394e-03 9.99969524e-02 0.00000000e+00 1.52378381e-06
 9.99847622e-03 9.99695243e-03 0.00000000e+00 1.47593517e-02
 7.60875443e-04 6.00152378e-03]
	[RESULT 105] [0.01815958 0.02329009 0.0151305  0.01663404 0.00689504 0.09026101
 0.         0.00510849 0.0051305  0.00026101 0.         0.01665958
 0.00202908 0.0053695 ]
