[METRICS]
	[DISEQUILIBRIUM COUNT] 1567
[VARIABLES]
	[RESULT 1] [1 5.020927202521523 0 4 3 3988.6732409674805 69]
	[RESULT 2] [1 32.68445986901919 1 4 2 3836.004941119011 100]
	[RESULT 3] [0 5.03246878567186 0 4 20 3999.396272142643 91]
	[RESULT 4] [1 5.064892019373047 0 2 20 3999.799520371853 100]
	[RESULT 5] [1 5.185954108572652 0 4 2 3843.591348999019 100]
	[RESULT 6] [0 11.929462346807703 0 4 10 3999.5277617328966 98]
	[RESULT 7] [0 5.001925619962339 1 2 15 3997.0761738006768 99]
	[RESULT 8] [1 5.06730844807178 0 4 20 3999.8863499039453 100]
	[RESULT 9] [0 6.6303460932126645 0 4 20 3956.5691260354565 100]
	[RESULT 10] [0 5.003762600378799 0 2 21 3999.8225422322575 96]
	[RESULT 11] [0 5.001925619962339 1 2 15 3997.0472745408415 99]
	[RESULT 12] [1 6.16003765542017 0 4 12 3999.879504832639 100]
	[RESULT 13] [1 5.001925619962339 1 2 15 3997.197796297245 99]
	[RESULT 14] [1 5.171887455088015 0 4 20 3992.0236929914336 70]
	[RESULT 15] [1 5.006598767130447 0 4 11 3998.8919862917123 100]
	[RESULT 16] [0 6.698695945170368 0 2 23 3989.1495578121576 100]
	[RESULT 17] [0 6.300432608868198 0 2 20 3999.881359600368 100]
	[RESULT 18] [1 5.225891659743571 0 4 20 3980.1458655069277 100]
	[RESULT 19] [0 5.023987010191201 1 1 20 3999.359613659179 100]
	[RESULT 20] [0 8.277260777538732 0 2 8 2256.1706551421503 9]
	[RESULT 21] [0 5.024560158267027 0 4 20 3956.5691260354565 100]
	[RESULT 22] [0 5.001151945393514 1 2 15 3997.0761738006768 99]
	[RESULT 23] [1 5.1138611529884574 0 2 19 3999.7230095253053 100]
	[RESULT 24] [0 7.225339717759221 1 4 0 3999.8457175831045 96]
	[RESULT 25] [1 5.176111898617572 0 2 13 3999.9343307452464 98]
	[RESULT 26] [0 5.830529668032014 0 2 19 3996.2039697098826 100]
	[RESULT 27] [0 5.048127583684003 0 1 18 3987.5143547027533 100]
	[RESULT 28] [0 5.828380266514941 1 1 17 3999.858111781544 100]
	[RESULT 29] [0 5.001332968931191 1 2 15 3998.375966732606 99]
	[RESULT 30] [1 5.575620152740621 0 4 22 3990.4569801518774 100]
	[RESULT 31] [0 5.000213704732671 1 4 14 3998.5999037990364 99]
	[RESULT 32] [1 6.975769901787439 0 3 20 3999.350416818551 100]
	[RESULT 33] [0 5.000539682551299 0 2 13 3999.99466545868 73]
	[RESULT 34] [1 5.159997382930222 1 4 13 3995.1333975201505 99]
	[RESULT 35] [0 5.619829173593626 1 2 13 3998.942366019724 100]
	[RESULT 36] [1 5.270525710421307 1 4 13 3999.880249975206 100]
	[RESULT 37] [1 5.188372591688472 0 4 2 3999.9237613054293 70]
	[RESULT 38] [1 5.00190555163635 1 4 15 3997.0472745408415 99]
	[RESULT 39] [0 9.410972727941074 1 1 10 2555.501647244977 3]
	[RESULT 40] [1 7.441586580977959 1 4 13 3995.1333975201505 99]
	[RESULT 41] [1 5.038787290529279 0 2 10 3999.0853543956805 100]
	[RESULT 42] [0 5.000255326241221 0 1 20 3999.953948324088 100]
	[RESULT 43] [0 5.297396479203783 0 2 18 3996.1165569634804 100]
	[RESULT 44] [1 5.072752395219742 0 4 2 3882.2264381863997 100]
	[RESULT 45] [1 5.022900818668492 1 4 21 3999.3804510804875 99]
	[RESULT 46] [1 5.352758144359557 0 2 12 3999.9410901567817 98]
	[RESULT 47] [0 5.662914138596909 1 4 11 1399.2416815871075 43]
	[RESULT 48] [0 6.409741901184018 0 4 12 3999.9649113813393 100]
	[RESULT 49] [1 6.091336248107767 0 4 23 3956.7573537000326 100]
	[RESULT 50] [1 5.006697271039196 0 4 22 3999.7767802712146 97]
	[RESULT 51] [0 5.000085056146528 1 3 7 3998.964043051588 99]
	[RESULT 52] [0 5.001064437769073 1 2 15 3997.0761738006768 99]
	[RESULT 53] [0 11.69987823110689 0 1 20 3876.8703368536635 92]
	[RESULT 54] [1 5.329028204193201 0 2 21 3999.918997595533 100]
	[RESULT 55] [0 5.0084213386351255 0 4 10 3474.542605862739 95]
	[RESULT 56] [1 44.52984212521939 0 4 2 3929.305392033518 100]
	[RESULT 57] [1 7.368832714685021 0 2 20 3999.8783115005576 100]
	[RESULT 58] [1 5.017331719960099 0 1 20 3999.8863499039453 100]
	[RESULT 59] [1 5.003564656565808 0 4 21 3999.3819542515253 100]
	[RESULT 60] [1 5.001245352288417 1 4 20 3928.8789328916555 100]
	[RESULT 61] [0 8.085907526588244 0 2 14 2583.9653300670225 100]
	[RESULT 62] [1 5.456745199112505 0 4 5 3986.827791049674 100]
	[RESULT 63] [0 5.051277172291649 1 4 2 3999.845025904821 96]
	[RESULT 64] [0 5.001712702958164 1 4 18 3716.0801431866403 85]
	[RESULT 65] [1 5.168509584065444 0 4 20 3961.381316455348 100]
	[RESULT 66] [1 5.008731564895292 0 4 12 3784.2091773546254 100]
	[RESULT 67] [1 10.085931515087976 0 2 20 3999.794494304522 100]
	[RESULT 68] [0 40.5191106920497 1 2 15 3987.96004296002 100]
	[RESULT 69] [0 10.683209418759827 0 2 20 3995.2240352921845 99]
	[RESULT 70] [0 5.808317878937915 1 1 16 3999.8597668951334 98]
	[RESULT 71] [0 5.000213704732671 1 4 2 3998.9575529154185 99]
	[RESULT 72] [1 6.4483136150959375 0 1 19 3999.105189370134 100]
	[RESULT 73] [0 5.000085056146528 1 2 7 3999.58743580019 9]
	[RESULT 74] [1 5.0544428751018335 0 4 20 3998.918818882575 100]
	[RESULT 75] [1 5.055022560413472 0 4 21 3998.990798528251 84]
	[RESULT 76] [0 5.450142086420674 0 2 15 3998.334876887084 99]
	[RESULT 77] [1 7.406779100790375 1 4 2 3999.992774171029 100]
	[RESULT 78] [1 5.713087481110426 0 4 20 3972.7585893900537 100]
	[RESULT 79] [1 5.000042111768813 1 4 21 3999.376017909312 95]
	[RESULT 80] [0 5.016368063573649 1 2 15 3999.0859992330206 99]
	[RESULT 81] [1 5.055067934539146 0 4 20 3549.922035058602 100]
	[RESULT 82] [0 24.07009728855161 1 4 3 3916.0426591063792 88]
	[RESULT 83] [0 6.6303460932126645 0 4 20 3834.2572066855446 100]
	[RESULT 84] [1 6.541851853411576 0 4 10 3999.9397065395137 100]
	[RESULT 85] [1 5.097133302066608 0 1 19 3999.9539299593507 100]
	[RESULT 86] [1 6.036097117894645 1 4 21 3202.723608560768 99]
	[RESULT 87] [1 6.48209766441309 0 2 12 3999.8838294993006 100]
	[RESULT 88] [1 6.1977965905450425 0 2 12 3999.8422156437177 100]
	[RESULT 89] [1 5.01059457881794 1 4 16 3999.871772312583 98]
	[RESULT 90] [1 5.293254089404655 1 4 12 3999.749912582172 84]
	[RESULT 91] [1 5.268969279033973 0 4 10 3992.7188594341956 100]
	[RESULT 92] [1 5.00190555163635 1 4 15 3766.9845939259826 100]
	[RESULT 93] [1 5.025210784054118 0 2 21 3999.918997595533 100]
	[RESULT 94] [1 40.5191106920497 1 2 21 3999.898284944904 100]
	[RESULT 95] [1 5.722180551367554 0 4 20 3999.9054112633166 100]
	[RESULT 96] [0 5.001229078928603 1 2 16 3997.4544000316823 99]
	[RESULT 97] [0 5.000018278990541 1 4 9 3997.1169823761466 99]
	[RESULT 98] [0 5.8009337704332244 1 1 20 3928.7696564841262 100]
	[RESULT 99] [1 5.000285636526003 1 4 20 3999.3422197551336 75]
	[RESULT 100] [1 10.345435574127038 0 1 19 3999.6899379071474 99]
	[RESULT 101] [0 8.408259076882409 0 1 21 3995.520200590683 100]
	[RESULT 102] [1 5.022755919378361 1 4 9 3997.097560028802 99]
	[RESULT 103] [0 5.083083159682854 0 2 20 3999.881359600368 100]
	[RESULT 104] [1 6.038946979906872 0 2 20 3999.799520371853 100]
	[RESULT 105] [0 8.67406782343695 0 2 15 3999.998440492762 73]
[OBJECTIVES]
	[RESULT 1] [0.03127254 0.00137503 0.01989751 0.01976747 0.01956248 0.09979502
 0.         0.00010249 0.00989751 0.00979502 0.         0.03427254
 0.00237503 0.00489751]
	[RESULT 2] [ 0.03448128  0.01034441  0.01517431  0.02472917  0.01507779  0.09034862
  0.          0.00852293  0.00517431  0.00034862  0.          0.03148128
 -0.00030696  0.01182569]
	[RESULT 3] [ 0.02374673 -0.00609603  0.01984276  0.02336249  0.02304802  0.09968552
  0.          0.00015724  0.00984276  0.00968552  0.          0.02574673
 -0.00609603  0.00484276]
	[RESULT 4] [ 0.00450357 -0.02519174  0.01969531  0.01654475  0.01715413  0.09939062
  0.          0.00030469  0.00969531  0.00939062  0.          0.00650357
 -0.02519174  0.00469531]
	[RESULT 5] [ 0.02633873 -0.00287729  0.01921601  0.02325662  0.02168864  0.09843203
  0.          0.00078399  0.00921601  0.00843203  0.          0.02933873
 -0.00187729  0.00421601]
	[RESULT 6] [ 0.02316626 -0.0024643   0.01563056  0.02002897  0.02123215  0.09126112
  0.          0.00510832  0.00563056  0.00126112  0.          0.02516626
 -0.00820318  0.00636944]
	[RESULT 7] [ 2.26272901e-02 -7.36310032e-03  1.99903904e-02  2.37007694e-02
  2.36815502e-02  9.99807808e-02  0.00000000e+00  9.60959538e-06
  9.99039040e-03  9.98078081e-03  0.00000000e+00  2.36272901e-02
 -9.38231951e-03  6.00960960e-03]
	[RESULT 8] [ 0.00442845 -0.02525623  0.01968468  0.01649125  0.01712189  0.09936936
  0.          0.00031532  0.00968468  0.00936936  0.          0.00742845
 -0.02425623  0.00468468]
	[RESULT 9] [ 0.02396581 -0.00293509  0.01690089  0.02233424  0.02146754  0.09380178
  0.          0.00309911  0.00690089  0.00380178  0.          0.02596581
 -0.0061333   0.00509911]
	[RESULT 10] [ 2.11949495e-02 -8.78630804e-03  1.99812575e-02  2.44306390e-02
  2.43931540e-02  9.99625150e-02  0.00000000e+00  1.87424814e-05
  9.98125752e-03  9.96251504e-03  0.00000000e+00  2.21949495e-02
 -9.78630804e-03  4.98125752e-03]
	[RESULT 11] [ 2.26504303e-02 -7.33996009e-03  1.99903904e-02  2.36891992e-02
  2.36699800e-02  9.99807808e-02  0.00000000e+00  9.60959538e-06
  9.99039040e-03  9.98078081e-03  0.00000000e+00  2.36504303e-02
 -9.35917928e-03  6.00960960e-03]
	[RESULT 12] [ 0.00680514 -0.02050963  0.01731477  0.01412473  0.01949518  0.09462955
  0.          0.00268523  0.00731477  0.00462955  0.          0.00980514
 -0.02188008  0.00468523]
	[RESULT 13] [ 2.15293772e-02 -8.46101319e-03  1.99903904e-02  2.44997258e-02
  2.44805066e-02  9.99807808e-02  0.00000000e+00  9.60959538e-06
  9.99039040e-03  9.98078081e-03  0.00000000e+00  2.35293772e-02
 -9.48023238e-03  6.00960960e-03]
	[RESULT 14] [0.03013522 0.00086859 0.01926662 0.02128246 0.0198157  0.09853324
 0.         0.00073338 0.00926662 0.00853324 0.         0.03313522
 0.00186859 0.00426662]
	[RESULT 15] [ 5.09376759e-03 -2.48734549e-02  1.99672225e-02  1.72477175e-02
  1.73132726e-02  9.99344449e-02  0.00000000e+00  3.27775443e-05
  9.96722246e-03  9.93444491e-03  0.00000000e+00  8.09376759e-03
 -2.38734549e-02  4.96722246e-03]
	[RESULT 16] [ 0.01571372 -0.01113903  0.01685275  0.01813598  0.02443048  0.09370549
  0.          0.00314725  0.00685275  0.00370549  0.          0.01671372
 -0.01443354  0.00414725]
	[RESULT 17] [ 0.00794458 -0.01922893  0.0171735   0.01473254  0.02038554  0.09434701
  0.          0.0028265   0.0071735   0.00434701  0.          0.00894458
 -0.02188192  0.0038265 ]
	[RESULT 18] [ 0.01598728 -0.01309138  0.01907866  0.02136164  0.02320431  0.09815733
  0.          0.00092134  0.00907866  0.00815733  0.          0.01898728
 -0.01209138  0.00407866]
	[RESULT 19] [ 0.01074152 -0.01914136  0.01988287  0.02019507  0.02042932  0.09976575
  0.          0.00011713  0.00988287  0.00976575  0.          0.01124152
 -0.02137561  0.00561713]
	[RESULT 20] [0.0167397  0.02290868 0.01616897 0.01411639 0.00645434 0.09233794
 0.         0.00383103 0.00616897 0.00233794 0.         0.0157397
 0.00057073 0.00483103]
	[RESULT 21] [ 0.02098655 -0.00889359  0.01988014  0.02468651  0.0244468   0.09976029
  0.          0.00011986  0.00988014  0.00976029  0.          0.02298655
 -0.00889359  0.00488014]
	[RESULT 22] [ 2.26234336e-02 -7.37081331e-03  1.99942469e-02  2.36969129e-02
  2.36854067e-02  9.99884938e-02  0.00000000e+00  5.75309971e-06
  9.99424690e-03  9.98849380e-03  0.00000000e+00  2.36234336e-02
 -9.38231951e-03  6.00575310e-03]
	[RESULT 23] [ 0.00478507 -0.02470382  0.01948889  0.01637587  0.01739809  0.09897778
  0.          0.00051111  0.00948889  0.00897778  0.          0.00678507
 -0.02470382  0.00448889]
	[RESULT 24] [ 0.02960311  0.00305289  0.01655022  0.02462689  0.01847356  0.09310045
  0.          0.00734933  0.00655022  0.00310045  0.          0.03160311
 -0.00584666  0.01044978]
	[RESULT 25] [ 0.01814753 -0.01110376  0.0192513   0.02270071  0.02419812  0.09850259
  0.          0.0007487   0.0092513   0.00850259  0.          0.02014753
 -0.01110376  0.0042513 ]
	[RESULT 26] [ 0.01056417 -0.01716728  0.01773145  0.01687926  0.02141636  0.0954629
  0.          0.00226855  0.00773145  0.0054629   0.          0.01156417
 -0.01870438  0.00326855]
	[RESULT 27] [ 0.01355654 -0.01621387  0.01977041  0.02143389  0.02189306  0.09954082
  0.          0.00022959  0.00977041  0.00954082  0.          0.01405654
 -0.01771387  0.00477041]
	[RESULT 28] [ 0.01240643 -0.01532823  0.01773466  0.0178052   0.02233588  0.09546932
  0.          0.00229602  0.00773466  0.00546932  0.          0.01290643
 -0.02185891  0.00776534]
	[RESULT 29] [ 2.15316252e-02 -8.46171882e-03  1.99933440e-02  2.42441714e-02
  2.42308594e-02  9.99866881e-02  0.00000000e+00  6.65597245e-06
  9.99334403e-03  9.98668806e-03  0.00000000e+00  2.25316252e-02
 -1.04750308e-02  6.00665597e-03]
	[RESULT 30] [ 0.01273327 -0.01544009  0.01817335  0.01837666  0.02202996  0.09634671
  0.          0.00182665  0.00817335  0.00634671  0.          0.01573327
 -0.01509338  0.00382665]
	[RESULT 31] [ 2.13269121e-02 -8.67201957e-03  1.99989317e-02  2.43381464e-02
  2.43360098e-02  9.99978634e-02  0.00000000e+00  1.06829536e-06
  9.99893170e-03  9.99786341e-03  0.00000000e+00  2.33269121e-02
 -1.06741562e-02  7.00106830e-03]
	[RESULT 32] [ 0.00795289 -0.01872734  0.01668024  0.0137468   0.02038633  0.09336047
  0.          0.00331976  0.00668024  0.00336047  0.          0.01045289
 -0.02136687  0.00481976]
	[RESULT 33] [ 2.42937446e-02 -5.70355840e-03  1.99973030e-02  2.28571731e-02
  2.28517792e-02  9.99946061e-02  0.00000000e+00  2.69695726e-06
  9.99730304e-03  9.99460609e-03  0.00000000e+00  2.52937446e-02
 -6.70355840e-03  4.99730304e-03]
	[RESULT 34] [ 0.02376326 -0.00554709  0.01931035  0.02440284  0.02302355  0.09862071
  0.          0.00068965  0.00931035  0.00862071  0.          0.02676326
 -0.00792638  0.00768965]
	[RESULT 35] [ 0.01292796 -0.01515878  0.01808675  0.0185941   0.02242061  0.09617349
  0.          0.00191325  0.00808675  0.00617349  0.          0.01392796
 -0.02098529  0.00791325]
	[RESULT 36] [ 0.0101838  -0.01875158  0.01893538  0.01824497  0.02037421  0.09787076
  0.          0.00106462  0.00893538  0.00787076  0.          0.0131838
 -0.02188082  0.00806462]
	[RESULT 37] [ 0.02422341 -0.00498402  0.01920743  0.02432714  0.02274201  0.09841487
  0.          0.00079257  0.00920743  0.00841487  0.          0.02722341
 -0.00398402  0.00420743]
	[RESULT 38] [ 2.16503304e-02 -8.34016001e-03  1.99904904e-02  2.44390993e-02
  2.44200800e-02  9.99809807e-02  0.00000000e+00  9.50963708e-06
  9.99049036e-03  9.98098073e-03  0.00000000e+00  2.46503304e-02
 -9.35917928e-03  7.00950964e-03]
	[RESULT 39] [0.01155345 0.01747749 0.01592405 0.01189065 0.00373875 0.0918481
 0.         0.00772786 0.00592405 0.0018481  0.         0.01105345
 0.0006294  0.00957595]
	[RESULT 40] [ 0.0266208   0.00016798  0.01645282  0.02273963  0.02016601  0.09290564
  0.          0.00764155  0.00645282  0.00290564  0.          0.0296208
 -0.00792638  0.01054718]
	[RESULT 41] [ 0.00506906 -0.02474425  0.0198133   0.01700449  0.01737788  0.09962661
  0.          0.0001867   0.0098133   0.00962661  0.          0.00706906
 -0.02474425  0.0048133 ]
	[RESULT 42] [ 5.04724331e-03 -2.49514804e-02  1.99987237e-02  1.75217072e-02
  1.75242598e-02  9.99974474e-02  0.00000000e+00  1.27630533e-06
  9.99872369e-03  9.99744739e-03  0.00000000e+00  5.54724331e-03
 -2.64514804e-02  4.99872369e-03]
	[RESULT 43] [ 0.00950743 -0.01934644  0.01885387  0.01803452  0.02032678  0.09770774
  0.          0.00114613  0.00885387  0.00770774  0.          0.01050743
 -0.02034644  0.00385387]
	[RESULT 44] [ 0.02496153 -0.00469938  0.01966091  0.02327787  0.02259969  0.09932182
  0.          0.00033909  0.00966091  0.00932182  0.          0.02796153
 -0.00369938  0.00466091]
	[RESULT 45] [ 0.01971651 -0.01017155  0.01988806  0.02444034  0.02466422  0.09977612
  0.          0.00011194  0.00988806  0.00977612  0.          0.02271651
 -0.01139543  0.00711194]
	[RESULT 46] [ 0.01869595 -0.0100002   0.01869615  0.0221422   0.0247499   0.0973923
  0.          0.00130385  0.00869615  0.0073923   0.          0.02069595
 -0.0100002   0.00369615]
	[RESULT 47] [0.01358962 0.02159639 0.01800677 0.00978466 0.0057982  0.09601354
 0.         0.00297969 0.00800677 0.00601354 0.         0.01158962
 0.00058285 0.00899323]
	[RESULT 48] [ 0.00796013 -0.01911478  0.01707491  0.01459243  0.02044261  0.09414982
  0.          0.00292509  0.00707491  0.00414982  0.          0.00996013
 -0.02196496  0.00492509]
	[RESULT 49] [ 0.02245069 -0.00494013  0.01739082  0.02206157  0.02272006  0.09478163
  0.          0.00260918  0.00739082  0.00478163  0.          0.02545069
 -0.0061585   0.00460918]
	[RESULT 50] [ 1.92545079e-02 -1.07122286e-02  1.99667364e-02  2.43273586e-02
  2.43938857e-02  9.99334728e-02  0.00000000e+00  3.32635800e-05
  9.96673642e-03  9.93347284e-03  0.00000000e+00  2.22545079e-02
 -9.71222855e-03  4.96673642e-03]
	[RESULT 51] [ 2.09951620e-02 -9.00441274e-03  1.99995748e-02  2.45030569e-02
  2.45022064e-02  9.99991495e-02  0.00000000e+00  4.25244563e-07
  9.99957476e-03  9.99914951e-03  0.00000000e+00  2.24951620e-02
 -1.10052632e-02  6.50042524e-03]
	[RESULT 52] [ 2.26229970e-02 -7.37168645e-03  1.99946835e-02  2.36964763e-02
  2.36858432e-02  9.99893669e-02  0.00000000e+00  5.31652973e-06
  9.99468347e-03  9.98936694e-03  0.00000000e+00  2.36229970e-02
 -9.38231951e-03  6.00531653e-03]
	[RESULT 53] [0.02209086 0.02225978 0.01564936 0.01757139 0.00887011 0.09129872
 0.         0.00435064 0.00564936 0.00129872 0.         0.02159086
 0.0064415  0.00485064]
	[RESULT 54] [ 0.00531859 -0.02344355  0.01876215  0.01555252  0.01802822  0.09752429
  0.          0.00123785  0.00876215  0.00752429  0.          0.00731859
 -0.02344355  0.00376215]
	[RESULT 55] [2.44269977e-02 1.56147574e-02 1.99582449e-02 1.22761314e-02
 1.21926213e-02 9.99164899e-02 0.00000000e+00 4.17550597e-05
 9.95824494e-03 9.91648988e-03 0.00000000e+00 2.24269977e-02
 7.38524261e-03 4.95824494e-03]
	[RESULT 56] [ 0.02734544  0.00222207  0.01512337  0.02110777  0.01913896  0.09024673
  0.          0.0066299   0.00512337  0.00024673  0.          0.03034544
 -0.00353119  0.00687663]
	[RESULT 57] [ 0.00763691 -0.01884729  0.01648419  0.01329474  0.02032636  0.09296839
  0.          0.00351581  0.00648419  0.00296839  0.          0.00963691
 -0.0218789   0.00451581]
	[RESULT 58] [ 4.19831803e-03 -2.57164997e-02  1.99148178e-02  1.67213856e-02
  1.68917501e-02  9.98296355e-02  0.00000000e+00  8.51822450e-05
  9.91481776e-03  9.82963551e-03  0.00000000e+00  5.69831803e-03
 -2.62164997e-02  4.91481776e-03]
	[RESULT 59] [ 4.62089512e-03 -2.53613449e-02  1.99822400e-02  1.70338076e-02
  1.70693275e-02  9.99644801e-02  0.00000000e+00  1.77599746e-05
  9.98224003e-03  9.96448005e-03  0.00000000e+00  7.62089512e-03
 -2.43613449e-02  4.98224003e-03]
	[RESULT 60] [ 2.75040024e-02 -2.48977859e-03  1.99937810e-02  2.15073273e-02
  2.14948893e-02  9.99875620e-02  0.00000000e+00  6.21901658e-06
  9.99378098e-03  9.98756197e-03  0.00000000e+00  3.05040024e-02
 -3.50221662e-03  7.00621902e-03]
	[RESULT 61] [0.03334257 0.00711885 0.01622372 0.02399314 0.01644058 0.09244744
 0.         0.00377628 0.00622372 0.00244744 0.         0.03434257
 0.00256628 0.00477628]
	[RESULT 62] [ 0.01419452 -0.01423779  0.01843231  0.01949573  0.02263111  0.09686462
  0.          0.00156769  0.00843231  0.00686462  0.          0.01719452
 -0.01337317  0.00356769]
	[RESULT 63] [ 0.0263979  -0.00335822  0.01975612  0.02216687  0.02167911  0.09951224
  0.          0.00024388  0.00975612  0.00951224  0.          0.0283979
 -0.00584598  0.00724388]
	[RESULT 64] [1.82646296e-02 2.17439193e-02 1.99914511e-02 9.14513810e-03
 9.12804036e-03 9.99829023e-02 0.00000000e+00 8.54887311e-06
 9.99145113e-03 9.98290225e-03 0.00000000e+00 1.62646296e-02
 3.27317846e-03 7.00854887e-03]
	[RESULT 65] [ 0.01989689 -0.00938207  0.01927896  0.02361688  0.02494103  0.09855791
  0.          0.00072104  0.00927896  0.00855791  0.          0.02289689
 -0.00838207  0.00427896]
	[RESULT 66] [ 2.64476660e-02 -3.50905403e-03  1.99567201e-02  2.20910869e-02
  2.20045270e-02  9.99134402e-02  0.00000000e+00  4.32799230e-05
  9.95672008e-03  9.91344015e-03  0.00000000e+00  2.94476660e-02
 -2.50905403e-03  4.95672008e-03]
	[RESULT 67] [ 0.00838226 -0.0174393   0.01582157  0.01267348  0.02103035  0.09164313
  0.          0.00417843  0.00582157  0.00164313  0.          0.01038226
 -0.02179617  0.00517843]
	[RESULT 68] [ 0.02298942 -0.0021475   0.01513691  0.01920008  0.02107375  0.09027383
  0.          0.00941074  0.00513691  0.00027383  0.          0.02398942
 -0.01387367  0.01086309]
	[RESULT 69] [ 0.02326177 -0.00248637  0.01574814  0.0202531   0.02124319  0.09149629
  0.          0.00425186  0.00574814  0.00149629  0.          0.02426177
 -0.00799008  0.00525186]
	[RESULT 70] [ 0.02570778 -0.00205722  0.017765    0.02450139  0.02102861  0.09553
  0.          0.002235    0.007765    0.00553     0.          0.02620778
 -0.00852722  0.007735  ]
	[RESULT 71] [ 2.10017875e-02 -8.99714420e-03  1.99989317e-02  2.45007087e-02
  2.44985721e-02  9.99978634e-02  0.00000000e+00  1.06829536e-06
  9.99893170e-03  9.99786341e-03  0.00000000e+00  2.30017875e-02
 -1.09992808e-02  7.00106830e-03]
	[RESULT 72] [ 0.00782167 -0.01922055  0.01704222  0.01422417  0.02013972  0.09408444
  0.          0.00295778  0.00704222  0.00408444  0.          0.00932167
 -0.02113611  0.00345778]
	[RESULT 73] [ 3.01889003e-02  1.89325547e-04  1.99995748e-02  1.99061877e-02
  1.99053372e-02  9.99991495e-02  0.00000000e+00  4.25244563e-07
  9.99957476e-03  9.99914951e-03  0.00000000e+00  3.11889003e-02
 -1.81152494e-03  6.00042524e-03]
	[RESULT 74] [ 0.00529452 -0.02444732  0.01974184  0.01701002  0.01752634  0.09948368
  0.          0.00025816  0.00974184  0.00948368  0.          0.00829452
 -0.02344732  0.00474184]
	[RESULT 75] [ 0.02405434 -0.0056849   0.01973924  0.02361398  0.02309245  0.09947847
  0.          0.00026076  0.00973924  0.00947847  0.          0.02705434
 -0.0046849   0.00473924]
	[RESULT 76] [ 0.01811321 -0.01033473  0.01844794  0.02172851  0.02483263  0.09689588
  0.          0.00155206  0.00844794  0.00689588  0.          0.01911321
 -0.01133473  0.00344794]
	[RESULT 77] [ 0.01253956 -0.0139281   0.01646766  0.01572127  0.02278595  0.09293532
  0.          0.00759701  0.00646766  0.00293532  0.          0.01553956
 -0.02199278  0.01053234]
	[RESULT 78] [ 0.0191176  -0.0088011   0.01791871  0.02118686  0.02465055  0.09583741
  0.          0.00208129  0.00791871  0.00583741  0.          0.0221176
 -0.00896369  0.00408129]
	[RESULT 79] [ 2.62756644e-02 -3.72412504e-03  1.99997895e-02  2.21124836e-02
  2.21120625e-02  9.99995789e-02  0.00000000e+00  2.10549977e-07
  9.99978945e-03  9.99957890e-03  0.00000000e+00  2.92756644e-02
 -4.72454613e-03  7.00021055e-03]
	[RESULT 80] [ 2.09622858e-02 -8.95719189e-03  1.99194777e-02  2.46396406e-02
  2.44785959e-02  9.98389554e-02  0.00000000e+00  8.05223234e-05
  9.91947768e-03  9.83895535e-03  0.00000000e+00  2.19622858e-02
 -1.11182365e-02  6.08052232e-03]
	[RESULT 81] [ 0.0279454  -0.00179364  0.01973903  0.02166876  0.02114682  0.09947806
  0.          0.00026097  0.00973903  0.00947806  0.          0.0309454
 -0.00079364  0.00473903]
	[RESULT 82] [0.01752378 0.02277291 0.01524913 0.0158882  0.00638645 0.09049825
 0.         0.00874738 0.00524913 0.00049825 0.         0.01552378
 0.00727465 0.01175087]
	[RESULT 83] [ 0.02982245  0.00292156  0.01690089  0.02473744  0.01853922  0.09380178
  0.          0.00309911  0.00690089  0.00380178  0.          0.03182245
 -0.00027666  0.00509911]
	[RESULT 84] [ 0.00709308 -0.01987399  0.01696707  0.01374714  0.019813    0.09393414
  0.          0.00303293  0.00696707  0.00393414  0.          0.01009308
 -0.02193985  0.00503293]
	[RESULT 85] [ 0.00448865 -0.02506868  0.01955733  0.01633032  0.01721566  0.09911466
  0.          0.00044267  0.00955733  0.00911466  0.          0.00598865
 -0.02556868  0.00455733]
	[RESULT 86] [0.02421576 0.01832856 0.01745568 0.01617436 0.01108572 0.09491136
 0.         0.00463296 0.00745568 0.00491136 0.         0.02121576
 0.01076009 0.00954432]
	[RESULT 87] [ 0.00710121 -0.01991322  0.01701443  0.01382224  0.01979339  0.09402885
  0.          0.00298557  0.00701443  0.00402885  0.          0.00910121
 -0.02188437  0.00398557]
	[RESULT 88] [ 0.00688179 -0.02039322  0.01727501  0.0141034   0.01955339  0.09455001
  0.          0.00272499  0.00727501  0.00455001  0.          0.00888179
 -0.02184321  0.00372499]
	[RESULT 89] [ 2.25133242e-02 -7.43425821e-03  1.99475824e-02  2.40719642e-02
  2.39671291e-02  9.98951649e-02  0.00000000e+00  5.24175522e-05
  9.94758245e-03  9.89516490e-03  0.00000000e+00  2.55133242e-02
 -8.53909332e-03  7.05241755e-03]
	[RESULT 90] [ 0.02920492  0.00033871  0.01886622  0.02234821  0.02008065  0.09773243
  0.          0.00113378  0.00886622  0.00773243  0.          0.03220492
 -0.00292886  0.00813378]
	[RESULT 91] [ 0.01069864 -0.01824156  0.01894021  0.01850963  0.02062922  0.09788041
  0.          0.00105979  0.00894021  0.00788041  0.          0.01369864
 -0.01724156  0.00394021]
	[RESULT 92] [3.15871737e-02 1.59668330e-03 1.99904904e-02 1.94706776e-02
 1.94516583e-02 9.99809807e-02 0.00000000e+00 9.50963708e-06
 9.99049036e-03 9.98098073e-03 0.00000000e+00 3.45871737e-02
 5.77664026e-04 7.00950964e-03]
	[RESULT 93] [ 0.00420369 -0.02567335  0.01987705  0.01666742  0.01691332  0.09975409
  0.          0.00012295  0.00987705  0.00975409  0.          0.00620369
 -0.02567335  0.00487705]
	[RESULT 94] [ 0.01396439 -0.01117253  0.01513691  0.01443757  0.02416374  0.09027383
  0.          0.00941074  0.00513691  0.00027383  0.          0.01596439
 -0.0218987   0.01086309]
	[RESULT 95] [ 0.00619094 -0.02171236  0.0179033   0.01470041  0.01889382  0.09580659
  0.          0.0020967   0.0079033   0.00580659  0.          0.00919094
 -0.02190577  0.0040967 ]
	[RESULT 96] [ 2.23164887e-02 -7.67737349e-03  1.99938621e-02  2.38509624e-02
  2.38386867e-02  9.99877243e-02  0.00000000e+00  6.13785074e-06
  9.99386215e-03  9.98772430e-03  0.00000000e+00  2.33164887e-02
 -9.68964919e-03  6.00613785e-03]
	[RESULT 97] [ 2.25850139e-02 -7.41489468e-03  1.99999086e-02  2.37076301e-02
  2.37074473e-02  9.99998172e-02  0.00000000e+00  9.13932821e-08
  9.99990861e-03  9.99981721e-03  0.00000000e+00  2.45850139e-02
 -9.41507747e-03  7.00009139e-03]
	[RESULT 98] [ 0.03072883  0.00295249  0.01777634  0.02297108  0.01852375  0.09555268
  0.          0.00222366  0.00777634  0.00555268  0.          0.03122883
 -0.00349483  0.00772366]
	[RESULT 99] [ 2.88731140e-02 -1.12545827e-03  1.99985722e-02  2.08155847e-02
  2.08127291e-02  9.99971445e-02  0.00000000e+00  1.42777481e-06
  9.99857223e-03  9.99714445e-03  0.00000000e+00  3.18731140e-02
 -2.12831382e-03  7.00142777e-03]
	[RESULT 100] [ 0.0185183  -0.00726967  0.01578797  0.0176911   0.02388484  0.09157594
  0.          0.00421203  0.00578797  0.00157594  0.          0.0200183
 -0.01169374  0.00471203]
	[RESULT 101] [ 0.01266481 -0.01346943  0.01613423  0.01553376  0.02326529  0.09226847
  0.          0.00386577  0.00613423  0.00226847  0.          0.01316481
 -0.01820096  0.00436577]
	[RESULT 102] [ 0.02171177 -0.00817698  0.01988875  0.02456099  0.02433849  0.0997775
  0.          0.00011125  0.00988875  0.0097775   0.          0.02471177
 -0.00939947  0.00711125]
	[RESULT 103] [ 0.00550163 -0.02411482  0.01961645  0.01717549  0.01794259  0.0992329
  0.          0.00038355  0.00961645  0.0092329   0.          0.00650163
 -0.02511482  0.00461645]
	[RESULT 104] [ 0.00674664 -0.02070561  0.01745225  0.01430169  0.0193972   0.09490449
  0.          0.00254775  0.00745225  0.00490449  0.          0.00874664
 -0.02180112  0.00354775]
	[RESULT 105] [ 0.02821754  0.00214781  0.01606973  0.02321337  0.0189261   0.09213946
  0.          0.00393027  0.00606973  0.00213946  0.          0.02921754
 -0.00271273  0.00493027]
