[METRICS]
	[DISEQUILIBRIUM COUNT] 0
[VARIABLES]
	[RESULT 1] [0 7.984574040854431 1 1 17 1029.9033170163814 1]
	[RESULT 2] [0 7.89831892444602 1 1 18 1000.079192946995 1]
	[RESULT 3] [0 7.446370358420587 1 1 16 1000.6248462074574 1]
	[RESULT 4] [0 7.72774594329611 1 1 19 1002.1419146310769 1]
	[RESULT 5] [0 7.444984253978626 1 1 21 1099.15229751735 1]
	[RESULT 6] [0 7.787379733295327 1 1 22 1000.0695962806859 1]
	[RESULT 7] [0 7.711996319384478 1 1 19 1000.0002094748975 1]
	[RESULT 8] [0 7.444984253978626 1 1 21 1099.15229751735 1]
	[RESULT 9] [0 7.488373248841525 1 1 19 1000.7352155089011 1]
	[RESULT 10] [0 7.728016516553336 1 1 21 1000.9985287701282 1]
	[RESULT 11] [0 7.445114600612076 1 1 24 1005.4457295807093 1]
	[RESULT 12] [0 7.72761964674844 1 1 23 1000.1088118093322 1]
	[RESULT 13] [0 7.457649571439047 1 1 21 1000.0353534144527 1]
	[RESULT 14] [0 7.728016516553336 1 1 21 1000.9985287701282 1]
	[RESULT 15] [0 40.924973874204774 1 4 6 1950.9664196602484 1]
	[RESULT 16] [0 8.233851791866732 1 1 19 1000.1033221060288 1]
	[RESULT 17] [0 8.310078609991466 1 1 16 1000.0567393359727 1]
	[RESULT 18] [0 8.233851791866732 1 1 19 1000.1033221060288 1]
	[RESULT 19] [0 7.914995417848385 1 1 22 1000.0462183227304 1]
	[RESULT 20] [0 8.233851791866732 1 1 19 1000.1033221060288 1]
	[RESULT 21] [0 10.546537479674509 1 1 19 1004.9337649209228 1]
	[RESULT 22] [0 7.578748856868899 1 1 22 1000.006006539425 1]
	[RESULT 23] [0 7.591450724236189 1 1 24 1000.0397929705392 1]
	[RESULT 24] [0 7.578748856868899 1 1 22 1000.006006539425 1]
	[RESULT 25] [0 7.661578044070888 1 1 19 1000.0665041838761 1]
	[RESULT 26] [0 8.233851791866732 1 1 19 1000.1033221060288 1]
	[RESULT 27] [0 7.578748856868899 1 1 22 1000.006006539425 1]
	[RESULT 28] [0 7.443972193270722 1 1 22 1001.1139943370137 1]
	[RESULT 29] [0 7.711996319384478 1 1 19 1000.0002094748975 1]
	[RESULT 30] [0 7.273608533207776 1 1 22 1001.5219055144793 1]
	[RESULT 31] [0 7.72761964674844 1 1 23 1000.1088118093322 1]
	[RESULT 32] [0 7.457649571439047 1 1 21 1000.0353534144527 1]
	[RESULT 33] [0 7.868481396830655 1 1 22 1000.0397929705392 1]
	[RESULT 34] [0 7.72761964674844 1 1 23 1000.1088118093322 1]
	[RESULT 35] [0 7.457649571439047 1 1 21 1000.0353534144527 1]
	[RESULT 36] [0 7.711996319384478 1 1 19 1000.0002094748975 1]
	[RESULT 37] [0 7.446370358420587 1 1 24 1000.6248462074574 1]
	[RESULT 38] [0 7.488452807006384 1 1 23 1000.0071559952146 1]
	[RESULT 39] [0 8.244902064469969 1 1 22 1000.8729532220067 1]
	[RESULT 40] [0 7.661578044070888 1 1 19 1000.0665041838761 1]
	[RESULT 41] [0 7.488452807006384 1 1 23 1000.0071559952146 1]
	[RESULT 42] [0 8.107303759499073 1 1 23 1000.0003427471339 1]
	[RESULT 43] [0 7.488452807006384 1 1 23 1000.0071559952146 1]
	[RESULT 44] [0 7.57976678995849 1 1 23 1000.1540250035054 1]
	[RESULT 45] [0 7.443972193270722 1 1 22 1001.1139943370137 1]
	[RESULT 46] [0 7.57976678995849 1 1 23 1000.1540250035054 1]
	[RESULT 47] [0 11.584820213429857 1 1 22 1000.0737596151663 1]
	[RESULT 48] [0 7.57976678995849 1 1 23 1000.1540250035054 1]
	[RESULT 49] [0 7.457649571439047 1 1 21 1000.0353534144527 1]
	[RESULT 50] [0 7.57976678995849 1 1 23 1000.1540250035054 1]
	[RESULT 51] [0 7.661578044070888 1 1 19 1000.0665041838761 1]
	[RESULT 52] [0 7.488452807006384 1 1 23 1000.0071559952146 1]
	[RESULT 53] [0 7.661578044070888 1 1 19 1000.0665041838761 1]
	[RESULT 54] [0 7.457648707678849 1 1 22 1020.9302152099319 1]
	[RESULT 55] [0 7.661578044070888 1 1 19 1000.0665041838761 1]
	[RESULT 56] [0 8.233851791866732 1 1 19 1000.1033221060288 1]
	[RESULT 57] [0 7.661578044070888 1 1 19 1000.0665041838761 1]
	[RESULT 58] [0 7.457649571439047 1 1 21 1000.0353534144527 1]
	[RESULT 59] [0 7.7203172561216284 1 1 24 1000.3581593604712 1]
	[RESULT 60] [0 7.57976678995849 1 1 23 1000.1540250035054 1]
	[RESULT 61] [0 7.7203172561216284 1 1 24 1000.3581593604712 1]
	[RESULT 62] [0 7.2855581961592 1 1 22 1001.0944639393568 1]
	[RESULT 63] [0 7.4469626510348625 1 1 21 1000.066992435193 1]
	[RESULT 64] [0 6.791601349842091 1 1 23 1000.2790843429843 1]
	[RESULT 65] [0 7.4469626510348625 1 1 21 1000.066992435193 1]
	[RESULT 66] [0 6.738655054117141 1 1 23 1008.9265772526642 1]
	[RESULT 67] [0 7.2855581961592 1 1 22 1001.0944639393568 1]
	[RESULT 68] [0 7.984574040854431 1 1 17 1029.9033170163814 1]
	[RESULT 69] [0 7.447300977046766 1 1 24 1027.7227664496143 1]
	[RESULT 70] [0 6.596201278001093 1 1 19 1081.5828666668133 1]
	[RESULT 71] [0 7.2855581961592 1 1 22 1001.0944639393568 1]
	[RESULT 72] [0 7.2855581961592 1 1 22 1001.0944639393568 1]
	[RESULT 73] [0 7.166964632579255 1 1 23 1000.0507333256313 1]
	[RESULT 74] [0 7.2855581961592 1 1 22 1001.0944639393568 1]
	[RESULT 75] [0 7.488373248841525 1 1 19 1000.7352155089011 1]
	[RESULT 76] [0 7.463468297851395 1 1 22 1000.0600433929133 1]
	[RESULT 77] [0 7.44695116678411 1 1 17 1103.976567565426 1]
	[RESULT 78] [0 8.295361205472942 1 1 16 1032.3190164356583 1]
	[RESULT 79] [0 7.661578044070888 1 1 19 1000.0665041838761 1]
	[RESULT 80] [0 7.457649571439047 1 1 21 1000.0353534144527 1]
	[RESULT 81] [0 7.711863401983724 1 1 24 1000.104708607505 1]
	[RESULT 82] [0 7.7203172561216284 1 1 24 1000.3581593604712 1]
	[RESULT 83] [0 7.166964632579255 1 1 23 1000.0507333256313 1]
[OBJECTIVES]
	[RESULT 1] [0.01166351 0.01791835 0.01625484 0.0114495  0.00395918 0.09250968
 0.         0.00673548 0.00625484 0.00250968 0.         0.01116351
 0.00040867 0.00924516]
	[RESULT 2] [0.01168922 0.01797183 0.0162826  0.0114207  0.00398591 0.09256521
 0.         0.00665219 0.0062826  0.00256521 0.         0.01118922
 0.00040662 0.0092174 ]
	[RESULT 3] [0.01185746 0.01830826 0.0164508  0.01125253 0.00415413 0.0929016
 0.         0.00614759 0.0064508  0.0029016  0.         0.01135746
 0.00040665 0.0090492 ]
	[RESULT 4] [0.01174805 0.01808934 0.01634129 0.01136209 0.00404467 0.09268259
 0.         0.00647612 0.00634129 0.00268259 0.         0.01124805
 0.00040676 0.00915871]
	[RESULT 5] [0.011865   0.01831638 0.01645139 0.01125542 0.00415819 0.09290277
 0.         0.00614584 0.00645139 0.00290277 0.         0.011365
 0.00041361 0.00904861]
	[RESULT 6] [0.01172679 0.01804696 0.01632017 0.01138313 0.00402348 0.09264035
 0.         0.00653948 0.00632017 0.00264035 0.         0.01122679
 0.00040662 0.00917983]
	[RESULT 7] [0.0117536  0.01810058 0.01634698 0.01135632 0.00405029 0.09269397
 0.         0.00645905 0.00634698 0.00269397 0.         0.0112536
 0.00040661 0.00915302]
	[RESULT 8] [0.011865   0.01831638 0.01645139 0.01125542 0.00415819 0.09290277
 0.         0.00614584 0.00645139 0.00290277 0.         0.011365
 0.00041361 0.00904861]
	[RESULT 9] [0.01183999 0.01827333 0.01643333 0.01127    0.00413666 0.09286667
 0.         0.0062     0.00643333 0.00286667 0.         0.01133999
 0.00040666 0.00906667]
	[RESULT 10] [0.01174788 0.01808907 0.0163412  0.01136214 0.00404454 0.09268239
 0.         0.00647641 0.0063412  0.00268239 0.         0.01124788
 0.00040668 0.0091588 ]
	[RESULT 11] [0.01185831 0.01830965 0.01645133 0.01125216 0.00415482 0.09290266
 0.         0.00614601 0.00645133 0.00290266 0.         0.01135831
 0.00040698 0.00904867]
	[RESULT 12] [0.01174796 0.0180893  0.01634134 0.01136197 0.00404465 0.09268268
 0.         0.00647598 0.00634134 0.00268268 0.         0.01124796
 0.00040662 0.00915866]
	[RESULT 13] [0.01185268 0.01829875 0.01644607 0.01125724 0.00414938 0.09289214
 0.         0.00616179 0.00644607 0.00289214 0.         0.01135268
 0.00040661 0.00905393]
	[RESULT 14] [0.01174788 0.01808907 0.0163412  0.01136214 0.00404454 0.09268239
 0.         0.00647641 0.0063412  0.00268239 0.         0.01124788
 0.00040668 0.0091588 ]
	[RESULT 15] [0.01063675 0.01577216 0.01513541 0.01261526 0.00288608 0.09027082
 0.         0.00840623 0.00513541 0.00027082 0.         0.00863675
 0.00050135 0.01186459]
	[RESULT 16] [0.01158758 0.01776853 0.01618096 0.01152235 0.00388427 0.09236192
 0.         0.00695713 0.00618096 0.00236192 0.         0.01108758
 0.00040662 0.00931904]
	[RESULT 17] [0.01156669 0.01772676 0.01616007 0.01154324 0.00386338 0.09232014
 0.         0.00701979 0.00616007 0.00232014 0.         0.01106669
 0.00040662 0.00933993]
	[RESULT 18] [0.01158758 0.01776853 0.01618096 0.01152235 0.00388427 0.09236192
 0.         0.00695713 0.00618096 0.00236192 0.         0.01108758
 0.00040662 0.00931904]
	[RESULT 19] [0.01168376 0.0179609  0.01627714 0.01142617 0.00398045 0.09255428
 0.         0.00666858 0.00627714 0.00255428 0.         0.01118376
 0.00040661 0.00922286]
	[RESULT 20] [0.01158758 0.01776853 0.01618096 0.01152235 0.00388427 0.09236192
 0.         0.00695713 0.00618096 0.00236192 0.         0.01108758
 0.00040662 0.00931904]
	[RESULT 21] [0.01117071 0.01693447 0.01576376 0.01193971 0.00346724 0.09152753
 0.         0.00820871 0.00576376 0.00152753 0.         0.01067071
 0.00040695 0.00973624]
	[RESULT 22] [0.01180375 0.01820088 0.01639714 0.01130617 0.00410044 0.09279427
 0.         0.00630859 0.00639714 0.00279427 0.         0.01130375
 0.00040661 0.00910286]
	[RESULT 23] [0.01179881 0.018191   0.0163922  0.01131111 0.0040955  0.09278439
 0.         0.00632341 0.0063922  0.00278439 0.         0.01129881
 0.00040661 0.0091078 ]
	[RESULT 24] [0.01180375 0.01820088 0.01639714 0.01130617 0.00410044 0.09279427
 0.         0.00630859 0.00639714 0.00279427 0.         0.01130375
 0.00040661 0.00910286]
	[RESULT 25] [0.01177215 0.01813768 0.01636553 0.01133778 0.00406884 0.09273106
 0.         0.00640341 0.00636553 0.00273106 0.         0.01127215
 0.00040662 0.00913447]
	[RESULT 26] [0.01158758 0.01776853 0.01618096 0.01152235 0.00388427 0.09236192
 0.         0.00695713 0.00618096 0.00236192 0.         0.01108758
 0.00040662 0.00931904]
	[RESULT 27] [0.01180375 0.01820088 0.01639714 0.01130617 0.00410044 0.09279427
 0.         0.00630859 0.00639714 0.00279427 0.         0.01130375
 0.00040661 0.00910286]
	[RESULT 28] [0.0118585  0.01831031 0.01645181 0.01125153 0.00415516 0.09290362
 0.         0.00614456 0.00645181 0.00290362 0.         0.0113585
 0.00040669 0.00904819]
	[RESULT 29] [0.0117536  0.01810058 0.01634698 0.01135632 0.00405029 0.09269397
 0.         0.00645905 0.00634698 0.00269397 0.         0.0112536
 0.00040661 0.00915302]
	[RESULT 30] [0.01193408 0.01846145 0.01652737 0.01117599 0.00423072 0.09305473
 0.         0.0059179  0.00652737 0.00305473 0.         0.01143408
 0.00040672 0.00897263]
	[RESULT 31] [0.01174796 0.0180893  0.01634134 0.01136197 0.00404465 0.09268268
 0.         0.00647598 0.00634134 0.00268268 0.         0.01124796
 0.00040662 0.00915866]
	[RESULT 32] [0.01185268 0.01829875 0.01644607 0.01125724 0.00414938 0.09289214
 0.         0.00616179 0.00644607 0.00289214 0.         0.01135268
 0.00040661 0.00905393]
	[RESULT 33] [0.01169911 0.01799161 0.0162925  0.01141081 0.0039958  0.09258499
 0.         0.00662251 0.0062925  0.00258499 0.         0.01119911
 0.00040661 0.0092075 ]
	[RESULT 34] [0.01174796 0.0180893  0.01634134 0.01136197 0.00404465 0.09268268
 0.         0.00647598 0.00634134 0.00268268 0.         0.01124796
 0.00040662 0.00915866]
	[RESULT 35] [0.01185268 0.01829875 0.01644607 0.01125724 0.00414938 0.09289214
 0.         0.00616179 0.00644607 0.00289214 0.         0.01135268
 0.00040661 0.00905393]
	[RESULT 36] [0.0117536  0.01810058 0.01634698 0.01135632 0.00405029 0.09269397
 0.         0.00645905 0.00634698 0.00269397 0.         0.0112536
 0.00040661 0.00915302]
	[RESULT 37] [0.01185746 0.01830826 0.0164508  0.01125253 0.00415413 0.0929016
 0.         0.00614759 0.0064508  0.0029016  0.         0.01135746
 0.00040665 0.0090492 ]
	[RESULT 38] [0.01183991 0.01827321 0.0164333  0.01127001 0.00413661 0.0928666
 0.         0.0062001  0.0064333  0.0028666  0.         0.01133991
 0.00040661 0.0090667 ]
	[RESULT 39] [0.01158455 0.01776244 0.01617788 0.01152545 0.00388122 0.09235577
 0.         0.00696635 0.00617788 0.00235577 0.         0.01108455
 0.00040667 0.00932212]
	[RESULT 40] [0.01177215 0.01813768 0.01636553 0.01133778 0.00406884 0.09273106
 0.         0.00640341 0.00636553 0.00273106 0.         0.01127215
 0.00040662 0.00913447]
	[RESULT 41] [0.01183991 0.01827321 0.0164333  0.01127001 0.00413661 0.0928666
 0.         0.0062001  0.0064333  0.0028666  0.         0.01133991
 0.00040661 0.0090667 ]
	[RESULT 42] [0.01162396 0.0178413  0.01621734 0.01148596 0.00392065 0.09243469
 0.         0.00684797 0.00621734 0.00243469 0.         0.01112396
 0.00040661 0.00928266]
	[RESULT 43] [0.01183991 0.01827321 0.0164333  0.01127001 0.00413661 0.0928666
 0.         0.0062001  0.0064333  0.0028666  0.         0.01133991
 0.00040661 0.0090667 ]
	[RESULT 44] [0.01180336 0.0182001  0.01639674 0.01130657 0.00410005 0.09279348
 0.         0.00630978 0.00639674 0.00279348 0.         0.01130336
 0.00040662 0.00910326]
	[RESULT 45] [0.0118585  0.01831031 0.01645181 0.01125153 0.00415516 0.09290362
 0.         0.00614456 0.00645181 0.00290362 0.         0.0113585
 0.00040669 0.00904819]
	[RESULT 46] [0.01180336 0.0182001  0.01639674 0.01130657 0.00410005 0.09279348
 0.         0.00630978 0.00639674 0.00279348 0.         0.01130336
 0.00040662 0.00910326]
	[RESULT 47] [0.01106583 0.01672504 0.01565921 0.0120441  0.00336252 0.09131842
 0.         0.00852237 0.00565921 0.00131842 0.         0.01056583
 0.00040662 0.00984079]
	[RESULT 48] [0.01180336 0.0182001  0.01639674 0.01130657 0.00410005 0.09279348
 0.         0.00630978 0.00639674 0.00279348 0.         0.01130336
 0.00040662 0.00910326]
	[RESULT 49] [0.01185268 0.01829875 0.01644607 0.01125724 0.00414938 0.09289214
 0.         0.00616179 0.00644607 0.00289214 0.         0.01135268
 0.00040661 0.00905393]
	[RESULT 50] [0.01180336 0.0182001  0.01639674 0.01130657 0.00410005 0.09279348
 0.         0.00630978 0.00639674 0.00279348 0.         0.01130336
 0.00040662 0.00910326]
	[RESULT 51] [0.01177215 0.01813768 0.01636553 0.01133778 0.00406884 0.09273106
 0.         0.00640341 0.00636553 0.00273106 0.         0.01127215
 0.00040662 0.00913447]
	[RESULT 52] [0.01183991 0.01827321 0.0164333  0.01127001 0.00413661 0.0928666
 0.         0.0062001  0.0064333  0.0028666  0.         0.01133991
 0.00040661 0.0090667 ]
	[RESULT 53] [0.01177215 0.01813768 0.01636553 0.01133778 0.00406884 0.09273106
 0.         0.00640341 0.00636553 0.00273106 0.         0.01127215
 0.00040662 0.00913447]
	[RESULT 54] [0.01185412 0.01830019 0.01644607 0.01125796 0.00415009 0.09289214
 0.         0.00616179 0.00644607 0.00289214 0.         0.01135412
 0.00040805 0.00905393]
	[RESULT 55] [0.01177215 0.01813768 0.01636553 0.01133778 0.00406884 0.09273106
 0.         0.00640341 0.00636553 0.00273106 0.         0.01127215
 0.00040662 0.00913447]
	[RESULT 56] [0.01158758 0.01776853 0.01618096 0.01152235 0.00388427 0.09236192
 0.         0.00695713 0.00618096 0.00236192 0.         0.01108758
 0.00040662 0.00931904]
	[RESULT 57] [0.01177215 0.01813768 0.01636553 0.01133778 0.00406884 0.09273106
 0.         0.00640341 0.00636553 0.00273106 0.         0.01127215
 0.00040662 0.00913447]
	[RESULT 58] [0.01185268 0.01829875 0.01644607 0.01125724 0.00414938 0.09289214
 0.         0.00616179 0.00644607 0.00289214 0.         0.01135268
 0.00040661 0.00905393]
	[RESULT 59] [0.01175061 0.01809458 0.01634397 0.01135935 0.00404729 0.09268794
 0.         0.00646809 0.00634397 0.00268794 0.         0.01125061
 0.00040664 0.00915603]
	[RESULT 60] [0.01180336 0.0182001  0.01639674 0.01130657 0.00410005 0.09279348
 0.         0.00630978 0.00639674 0.00279348 0.         0.01130336
 0.00040662 0.00910326]
	[RESULT 61] [0.01175061 0.01809458 0.01634397 0.01135935 0.00404729 0.09268794
 0.         0.00646809 0.00634397 0.00268794 0.         0.01125061
 0.00040664 0.00915603]
	[RESULT 62] [0.0119285  0.01845031 0.01652181 0.01118153 0.00422515 0.09304362
 0.         0.00593457 0.00652181 0.00304362 0.         0.0114285
 0.00040669 0.00897819]
	[RESULT 63] [0.01185717 0.01830772 0.01645055 0.01125276 0.00415386 0.0929011
 0.         0.00614834 0.00645055 0.0029011  0.         0.01135717
 0.00040662 0.00904945]
	[RESULT 64] [0.01219772 0.0189888  0.01679109 0.01091223 0.0044944  0.09358217
 0.         0.00512674 0.00679109 0.00358217 0.         0.01169772
 0.00040663 0.00870891]
	[RESULT 65] [0.01185717 0.01830772 0.01645055 0.01125276 0.00415386 0.0929011
 0.         0.00614834 0.00645055 0.0029011  0.         0.01135717
 0.00040662 0.00904945]
	[RESULT 66] [0.01223294 0.01905865 0.01682571 0.0108779  0.00452933 0.09365143
 0.         0.00502286 0.00682571 0.00365143 0.         0.01173294
 0.00040722 0.00867429]
	[RESULT 67] [0.0119285  0.01845031 0.01652181 0.01118153 0.00422515 0.09304362
 0.         0.00593457 0.00652181 0.00304362 0.         0.0114285
 0.00040669 0.00897819]
	[RESULT 68] [0.01166351 0.01791835 0.01625484 0.0114495  0.00395918 0.09250968
 0.         0.00673548 0.00625484 0.00250968 0.         0.01116351
 0.00040867 0.00924516]
	[RESULT 69] [0.01185893 0.01830934 0.01645041 0.01125385 0.00415467 0.09290082
 0.         0.00614877 0.00645041 0.00290082 0.         0.01135893
 0.00040852 0.00904959]
	[RESULT 70] [0.01233823 0.01926412 0.01692589 0.01078028 0.00463206 0.09385178
 0.         0.00472233 0.00692589 0.00385178 0.         0.01183823
 0.00041234 0.00857411]
	[RESULT 71] [0.0119285  0.01845031 0.01652181 0.01118153 0.00422515 0.09304362
 0.         0.00593457 0.00652181 0.00304362 0.         0.0114285
 0.00040669 0.00897819]
	[RESULT 72] [0.0119285  0.01845031 0.01652181 0.01118153 0.00422515 0.09304362
 0.         0.00593457 0.00652181 0.00304362 0.         0.0114285
 0.00040669 0.00897819]
	[RESULT 73] [0.01198541 0.01856421 0.0165788  0.01112451 0.00428211 0.0931576
 0.         0.0057636  0.0065788  0.0031576  0.         0.01148541
 0.00040662 0.0089212 ]
	[RESULT 74] [0.0119285  0.01845031 0.01652181 0.01118153 0.00422515 0.09304362
 0.         0.00593457 0.00652181 0.00304362 0.         0.0114285
 0.00040669 0.00897819]
	[RESULT 75] [0.01183999 0.01827333 0.01643333 0.01127    0.00413666 0.09286667
 0.         0.0062     0.00643333 0.00286667 0.         0.01133999
 0.00040666 0.00906667]
	[RESULT 76] [0.01185026 0.01829389 0.01644364 0.01125967 0.00414695 0.09288728
 0.         0.00616908 0.00644364 0.00288728 0.         0.01135026
 0.00040662 0.00905636]
	[RESULT 77] [0.01186452 0.01831508 0.01645056 0.01125643 0.00415754 0.09290111
 0.         0.00614833 0.00645056 0.00290111 0.         0.01136452
 0.00041397 0.00904944]
	[RESULT 78] [0.01157289 0.01773694 0.01616405 0.01154037 0.00386847 0.09232809
 0.         0.00700786 0.00616405 0.00232809 0.         0.01107289
 0.00040884 0.00933595]
	[RESULT 79] [0.01177215 0.01813768 0.01636553 0.01133778 0.00406884 0.09273106
 0.         0.00640341 0.00636553 0.00273106 0.         0.01127215
 0.00040662 0.00913447]
	[RESULT 80] [0.01185268 0.01829875 0.01644607 0.01125724 0.00414938 0.09289214
 0.         0.00616179 0.00644607 0.00289214 0.         0.01135268
 0.00040661 0.00905393]
	[RESULT 81] [0.01175365 0.01810068 0.01634703 0.01135628 0.00405034 0.09269406
 0.         0.0064589  0.00634703 0.00269406 0.         0.01125365
 0.00040662 0.00915297]
	[RESULT 82] [0.01175061 0.01809458 0.01634397 0.01135935 0.00404729 0.09268794
 0.         0.00646809 0.00634397 0.00268794 0.         0.01125061
 0.00040664 0.00915603]
	[RESULT 83] [0.01198541 0.01856421 0.0165788  0.01112451 0.00428211 0.0931576
 0.         0.0057636  0.0065788  0.0031576  0.         0.01148541
 0.00040662 0.0089212 ]
