[METRICS]
	[DISEQUILIBRIUM COUNT] 0
[VARIABLES]
	[RESULT 1] [0 7.132929575394811 1 1 16 1000.0173842474709 2]
	[RESULT 2] [0 7.249206809727937 1 1 11 1000.31594202658 1]
	[RESULT 3] [0 7.249206809727937 1 1 11 1000.31594202658 1]
	[RESULT 4] [0 7.251904521626039 1 1 14 1000.0442262276401 1]
	[RESULT 5] [0 7.120164743997568 1 1 16 1000.0101863491894 5]
	[RESULT 6] [0 6.883598933926206 1 1 19 1000.0000357781017 1]
	[RESULT 7] [0 7.249206809727937 1 1 11 1000.31594202658 1]
	[RESULT 8] [0 6.798109911046142 1 1 14 1009.1552069339338 1]
	[RESULT 9] [0 7.120265669179412 1 1 19 1000.0305036267667 5]
	[RESULT 10] [0 6.883598933926206 1 1 19 1000.0000357781017 1]
	[RESULT 11] [0 7.084633287422265 1 1 16 1000.0012429119831 1]
	[RESULT 12] [0 7.249206809727937 1 1 11 1000.31594202658 1]
	[RESULT 13] [0 7.120122333484297 1 1 14 1000.0006504762141 1]
	[RESULT 14] [0 7.251904521626039 1 1 14 1000.0442262276401 1]
	[RESULT 15] [0 6.883598933926206 1 1 19 1000.0000357781017 1]
	[RESULT 16] [0 7.254919779988761 1 1 11 1000.3317775996115 1]
	[RESULT 17] [0 46.45193592453958 1 3 23 1106.940225155935 5]
	[RESULT 18] [0 7.486353524363349 1 1 14 1000.0012005589876 1]
	[RESULT 19] [0 7.712718567015071 1 1 14 1000.0000910396944 5]
	[RESULT 20] [0 7.481227776866363 1 1 13 1000.0442262276401 1]
	[RESULT 21] [0 7.478335637745379 1 1 19 1000.0000012443176 1]
	[RESULT 22] [0 9.423821344942326 1 1 14 1119.6908052525882 1]
	[RESULT 23] [0 7.254919779988761 1 1 7 1000.3317775996115 1]
	[RESULT 24] [0 7.119439442970446 1 1 14 1003.7455400333891 1]
	[RESULT 25] [0 7.120122333484297 1 1 14 1000.0006504762141 1]
	[RESULT 26] [0 7.119439442970446 1 1 14 1003.7455400333891 1]
	[RESULT 27] [0 7.254919779988761 1 1 11 1000.3317775996115 1]
	[RESULT 28] [0 7.478335637745379 1 1 19 1000.0000012443176 1]
	[RESULT 29] [0 7.119439442970446 1 1 14 1003.7455400333891 1]
	[RESULT 30] [0 6.852147674990342 1 1 14 1000.0000037475536 1]
	[RESULT 31] [0 7.1196929378073674 1 1 14 1000.0000799096385 1]
	[RESULT 32] [0 6.852147674990342 1 1 14 1000.0000037475536 1]
	[RESULT 33] [0 7.1196929378073674 1 1 14 1000.0000799096385 1]
	[RESULT 34] [0 6.6437236404841675 1 1 14 1014.2942958079128 1]
	[RESULT 35] [0 6.942227693883219 1 1 14 1000.0000174937014 1]
	[RESULT 36] [0 7.1215773776532085 1 1 15 1000.0000799096385 1]
	[RESULT 37] [0 7.1196929378073674 1 1 14 1000.0000799096385 1]
	[RESULT 38] [0 7.169706359945035 1 1 14 1014.3819877060613 1]
	[RESULT 39] [0 7.249206809727937 1 1 11 1000.31594202658 1]
	[RESULT 40] [0 7.120122333484297 1 1 14 1000.0006504762141 1]
	[RESULT 41] [0 7.169706359945035 1 1 14 1014.3819877060613 1]
	[RESULT 42] [0 6.883598933926206 1 1 19 1000.0000357781017 1]
	[RESULT 43] [0 7.539945465899848 1 1 11 1010.5619091428966 1]
	[RESULT 44] [0 7.254919779988761 1 1 7 1000.3317775996115 1]
	[RESULT 45] [0 6.852147674990342 1 1 14 1000.0000037475536 1]
	[RESULT 46] [0 7.539945465899848 1 1 11 1010.5619091428966 1]
	[RESULT 47] [0 7.08427551264124 1 1 14 1000.0000799096385 1]
	[RESULT 48] [0 7.167690894737539 1 1 14 1000.008864906181 1]
	[RESULT 49] [0 7.169706359945035 1 1 14 1014.3819877060613 1]
	[RESULT 50] [0 7.08427551264124 1 1 14 1000.0000799096385 1]
	[RESULT 51] [0 7.08427551264124 1 1 14 1000.0000799096385 1]
	[RESULT 52] [0 9.423821344942326 1 1 14 1119.6908052525882 1]
	[RESULT 53] [0 7.167690894737539 1 1 14 1000.008864906181 1]
	[RESULT 54] [0 7.08427551264124 1 1 14 1000.0000799096385 1]
	[RESULT 55] [0 7.167690894737539 1 1 14 1000.008864906181 1]
	[RESULT 56] [0 7.167690894737539 1 1 14 1000.008864906181 1]
	[RESULT 57] [0 7.249206809727937 1 1 11 1000.31594202658 1]
	[RESULT 58] [0 7.08427551264124 1 1 14 1000.0000799096385 1]
	[RESULT 59] [0 7.24248047304924 1 1 13 1014.3819877060613 1]
	[RESULT 60] [0 6.96232847449931 1 1 14 1010.5719607131849 2]
	[RESULT 61] [0 7.481227776866363 1 1 13 1000.0442262276401 1]
	[RESULT 62] [0 7.24248047304924 1 1 13 1014.3819877060613 1]
	[RESULT 63] [0 6.96232847449931 1 1 14 1010.5719607131849 2]
	[RESULT 64] [0 7.167690894737539 1 1 14 1000.008864906181 1]
	[RESULT 65] [0 6.846362061064848 1 1 16 1000.0172942764829 2]
	[RESULT 66] [0 7.249206809727937 1 1 11 1000.31594202658 1]
	[RESULT 67] [0 6.7965734077047575 1 1 19 1000.0012429119831 1]
	[RESULT 68] [0 7.251904521626039 1 1 14 1000.0442262276401 1]
	[RESULT 69] [0 6.700235743905148 1 1 14 1000.0893464751829 5]
	[RESULT 70] [0 7.079714231614933 1 1 15 1000.0449219154708 1]
	[RESULT 71] [0 7.480703418588596 1 1 17 1002.6226144979444 1]
	[RESULT 72] [0 7.162207271031713 1 1 14 1029.5391194692725 1]
	[RESULT 73] [0 6.6437236404841675 1 1 14 1014.2942958079128 1]
	[RESULT 74] [0 7.079714231614933 1 1 15 1000.0449219154708 1]
	[RESULT 75] [0 7.079714231614933 1 1 15 1000.0449219154708 1]
	[RESULT 76] [0 7.116081026952653 1 1 16 1000.0166810522664 5]
	[RESULT 77] [0 7.079714231614933 1 1 15 1000.0449219154708 1]
	[RESULT 78] [0 7.249206809727937 1 1 11 1000.31594202658 1]
	[RESULT 79] [0 7.120122333484297 1 1 14 1000.0006504762141 1]
	[RESULT 80] [0 7.251904521626039 1 1 14 1000.0442262276401 1]
	[RESULT 81] [0 6.883598933926206 1 1 19 1000.0000357781017 1]
	[RESULT 82] [0 7.254919779988761 1 1 7 1000.3317775996115 1]
	[RESULT 83] [0 7.1215773776532085 1 1 15 1000.0000799096385 1]
	[RESULT 84] [0 7.282159468736553 1 1 13 1014.3819877060613 1]
	[RESULT 85] [0 7.079714231614933 1 1 15 1000.0449219154708 1]
[OBJECTIVES]
	[RESULT 1] [0.01200458 0.01860053 0.01659595 0.01110837 0.00430027 0.0931919
 0.         0.00571215 0.00659595 0.0031919  0.         0.01150458
 0.00040863 0.00890405]
	[RESULT 2] [0.01194547 0.01848431 0.01653884 0.01116448 0.00424215 0.09307767
 0.         0.00588349 0.00653884 0.00307767 0.         0.01144547
 0.00040663 0.00896116]
	[RESULT 3] [0.01194547 0.01848431 0.01653884 0.01116448 0.00424215 0.09307767
 0.         0.00588349 0.00653884 0.00307767 0.         0.01144547
 0.00040663 0.00896116]
	[RESULT 4] [0.01194418 0.01848174 0.01653756 0.01116575 0.00424087 0.09307512
 0.         0.00588732 0.00653756 0.00307512 0.         0.01144418
 0.00040661 0.00896244]
	[RESULT 5] [0.01201743 0.0186199  0.01660248 0.01110499 0.00430995 0.09320496
 0.         0.00569256 0.00660248 0.00320496 0.         0.01151743
 0.00041495 0.00889752]
	[RESULT 6] [0.01214056 0.0188745  0.01673394 0.01096936 0.00443725 0.09346789
 0.         0.00529817 0.00673394 0.00346789 0.         0.01164056
 0.00040661 0.00876606]
	[RESULT 7] [0.01194547 0.01848431 0.01653884 0.01116448 0.00424215 0.09307767
 0.         0.00588349 0.00653884 0.00307767 0.         0.01144547
 0.00040663 0.00896116]
	[RESULT 8] [0.01219416 0.01898108 0.01678692 0.0109167  0.00449054 0.09357384
 0.         0.00513924 0.00678692 0.00357384 0.         0.01169416
 0.00040724 0.00871308]
	[RESULT 9] [0.01201737 0.0186198  0.01660243 0.01110505 0.0043099  0.09320486
 0.         0.00569272 0.00660243 0.00320486 0.         0.01151737
 0.00041495 0.00889757]
	[RESULT 10] [0.01214056 0.0188745  0.01673394 0.01096936 0.00443725 0.09346789
 0.         0.00529817 0.00673394 0.00346789 0.         0.01164056
 0.00040661 0.00876606]
	[RESULT 11] [0.01202755 0.01864849 0.01662094 0.01108237 0.00432424 0.09324188
 0.         0.00563719 0.00662094 0.00324188 0.         0.01152755
 0.00040661 0.00887906]
	[RESULT 12] [0.01194547 0.01848431 0.01653884 0.01116448 0.00424215 0.09307767
 0.         0.00588349 0.00653884 0.00307767 0.         0.01144547
 0.00040663 0.00896116]
	[RESULT 13] [0.01200911 0.01861161 0.0166025  0.0111008  0.00430581 0.093205
 0.         0.0056925  0.0066025  0.003205   0.         0.01150911
 0.00040661 0.0088975 ]
	[RESULT 14] [0.01194418 0.01848174 0.01653756 0.01116575 0.00424087 0.09307512
 0.         0.00588732 0.00653756 0.00307512 0.         0.01144418
 0.00040661 0.00896244]
	[RESULT 15] [0.01214056 0.0188745  0.01673394 0.01096936 0.00443725 0.09346789
 0.         0.00529817 0.00673394 0.00346789 0.         0.01164056
 0.00040661 0.00876606]
	[RESULT 16] [0.01194277 0.01847891 0.01653614 0.01116718 0.00423945 0.09307227
 0.         0.00589159 0.00653614 0.00307227 0.         0.01144277
 0.00040663 0.00896386]
	[RESULT 17] [0.0105403  0.01565808 0.01511778 0.01259348 0.00282904 0.09023556
 0.         0.00885334 0.00511778 0.00023556 0.         0.0090403
 0.00042252 0.01138222]
	[RESULT 18] [0.01184077 0.01827494 0.01643416 0.01126914 0.00413747 0.09286833
 0.         0.00619751 0.00643416 0.00286833 0.         0.01134077
 0.00040661 0.00906584]
	[RESULT 19] [0.01176167 0.01810839 0.01634672 0.01136075 0.00405419 0.09269344
 0.         0.00645983 0.00634672 0.00269344 0.         0.01126167
 0.00041494 0.00915328]
	[RESULT 20] [0.01184289 0.01827916 0.01643627 0.01126703 0.00413958 0.09287255
 0.         0.00619118 0.00643627 0.00287255 0.         0.01134289
 0.00040661 0.00906373]
	[RESULT 21] [0.01184408 0.01828155 0.01643747 0.01126584 0.00414077 0.09287494
 0.         0.00618759 0.00643747 0.00287494 0.         0.01134408
 0.00040661 0.00906253]
	[RESULT 22] [0.01133698 0.01725884 0.01592186 0.0117857  0.00362942 0.09184372
 0.         0.00773442 0.00592186 0.00184372 0.         0.01083698
 0.00041512 0.00957814]
	[RESULT 23] [0.01194277 0.01847891 0.01653614 0.01116718 0.00423945 0.09307227
 0.         0.00589159 0.00653614 0.00307227 0.         0.01144277
 0.00040663 0.00896386]
	[RESULT 24] [0.01200972 0.01861257 0.01660285 0.01110058 0.00430629 0.0932057
 0.         0.00569144 0.00660285 0.0032057  0.         0.01150972
 0.00040687 0.00889715]
	[RESULT 25] [0.01200911 0.01861161 0.0166025  0.0111008  0.00430581 0.093205
 0.         0.0056925  0.0066025  0.003205   0.         0.01150911
 0.00040661 0.0088975 ]
	[RESULT 26] [0.01200972 0.01861257 0.01660285 0.01110058 0.00430629 0.0932057
 0.         0.00569144 0.00660285 0.0032057  0.         0.01150972
 0.00040687 0.00889715]
	[RESULT 27] [0.01194277 0.01847891 0.01653614 0.01116718 0.00423945 0.09307227
 0.         0.00589159 0.00653614 0.00307227 0.         0.01144277
 0.00040663 0.00896386]
	[RESULT 28] [0.01184408 0.01828155 0.01643747 0.01126584 0.00414077 0.09287494
 0.         0.00618759 0.00643747 0.00287494 0.         0.01134408
 0.00040661 0.00906253]
	[RESULT 29] [0.01200972 0.01861257 0.01660285 0.01110058 0.00430629 0.0932057
 0.         0.00569144 0.00660285 0.0032057  0.         0.01150972
 0.00040687 0.00889715]
	[RESULT 30] [0.01215968 0.01891274 0.01675306 0.01095024 0.00445637 0.09350613
 0.         0.00524081 0.00675306 0.00350613 0.         0.01165968
 0.00040661 0.00874694]
	[RESULT 31] [0.01200933 0.01861206 0.01660272 0.01110058 0.00430603 0.09320544
 0.         0.00569183 0.00660272 0.00320544 0.         0.01150933
 0.00040661 0.00889728]
	[RESULT 32] [0.01215968 0.01891274 0.01675306 0.01095024 0.00445637 0.09350613
 0.         0.00524081 0.00675306 0.00350613 0.         0.01165968
 0.00040661 0.00874694]
	[RESULT 33] [0.01200933 0.01861206 0.01660272 0.01110058 0.00430603 0.09320544
 0.         0.00569183 0.00660272 0.00320544 0.         0.01150933
 0.00040661 0.00889728]
	[RESULT 34] [0.01229886 0.01919014 0.01689127 0.01081252 0.00459507 0.09378254
 0.         0.00482618 0.00689127 0.00378254 0.         0.01179886
 0.00040759 0.00860873]
	[RESULT 35] [0.012106   0.0188054  0.01669939 0.01100391 0.0044027  0.09339879
 0.         0.00540182 0.00669939 0.00339879 0.         0.011606
 0.00040661 0.00880061]
	[RESULT 36] [0.01200837 0.01861012 0.01660175 0.01110155 0.00430506 0.09320351
 0.         0.00569474 0.00660175 0.00320351 0.         0.01150837
 0.00040661 0.00889825]
	[RESULT 37] [0.01200933 0.01861206 0.01660272 0.01110058 0.00430603 0.09320544
 0.         0.00569183 0.00660272 0.00320544 0.         0.01150933
 0.00040661 0.00889728]
	[RESULT 38] [0.01198503 0.01856246 0.01657743 0.01112637 0.00428123 0.09315487
 0.         0.0057677  0.00657743 0.00315487 0.         0.01148503
 0.0004076  0.00892257]
	[RESULT 39] [0.01194547 0.01848431 0.01653884 0.01116448 0.00424215 0.09307767
 0.         0.00588349 0.00653884 0.00307767 0.         0.01144547
 0.00040663 0.00896116]
	[RESULT 40] [0.01200911 0.01861161 0.0166025  0.0111008  0.00430581 0.093205
 0.         0.0056925  0.0066025  0.003205   0.         0.01150911
 0.00040661 0.0088975 ]
	[RESULT 41] [0.01198503 0.01856246 0.01657743 0.01112637 0.00428123 0.09315487
 0.         0.0057677  0.00657743 0.00315487 0.         0.01148503
 0.0004076  0.00892257]
	[RESULT 42] [0.01214056 0.0188745  0.01673394 0.01096936 0.00443725 0.09346789
 0.         0.00529817 0.00673394 0.00346789 0.         0.01164056
 0.00040661 0.00876606]
	[RESULT 43] [0.01181979 0.01823224 0.01641245 0.01129122 0.00411612 0.0928249
 0.         0.00626265 0.00641245 0.0028249  0.         0.01131979
 0.00040734 0.00908755]
	[RESULT 44] [0.01194277 0.01847891 0.01653614 0.01116718 0.00423945 0.09307227
 0.         0.00589159 0.00653614 0.00307227 0.         0.01144277
 0.00040663 0.00896386]
	[RESULT 45] [0.01215968 0.01891274 0.01675306 0.01095024 0.00445637 0.09350613
 0.         0.00524081 0.00675306 0.00350613 0.         0.01165968
 0.00040661 0.00874694]
	[RESULT 46] [0.01181979 0.01823224 0.01641245 0.01129122 0.00411612 0.0928249
 0.         0.00626265 0.00641245 0.0028249  0.         0.01131979
 0.00040734 0.00908755]
	[RESULT 47] [0.01202774 0.01864886 0.01662113 0.01108218 0.00432443 0.09324225
 0.         0.00563662 0.00662113 0.00324225 0.         0.01152774
 0.00040661 0.00887887]
	[RESULT 48] [0.01198505 0.01856349 0.01657844 0.01112487 0.00428174 0.09315687
 0.         0.00576469 0.00657844 0.00315687 0.         0.01148505
 0.00040661 0.00892156]
	[RESULT 49] [0.01198503 0.01856246 0.01657743 0.01112637 0.00428123 0.09315487
 0.         0.0057677  0.00657743 0.00315487 0.         0.01148503
 0.0004076  0.00892257]
	[RESULT 50] [0.01202774 0.01864886 0.01662113 0.01108218 0.00432443 0.09324225
 0.         0.00563662 0.00662113 0.00324225 0.         0.01152774
 0.00040661 0.00887887]
	[RESULT 51] [0.01202774 0.01864886 0.01662113 0.01108218 0.00432443 0.09324225
 0.         0.00563662 0.00662113 0.00324225 0.         0.01152774
 0.00040661 0.00887887]
	[RESULT 52] [0.01133698 0.01725884 0.01592186 0.0117857  0.00362942 0.09184372
 0.         0.00773442 0.00592186 0.00184372 0.         0.01083698
 0.00041512 0.00957814]
	[RESULT 53] [0.01198505 0.01856349 0.01657844 0.01112487 0.00428174 0.09315687
 0.         0.00576469 0.00657844 0.00315687 0.         0.01148505
 0.00040661 0.00892156]
	[RESULT 54] [0.01202774 0.01864886 0.01662113 0.01108218 0.00432443 0.09324225
 0.         0.00563662 0.00662113 0.00324225 0.         0.01152774
 0.00040661 0.00887887]
	[RESULT 55] [0.01198505 0.01856349 0.01657844 0.01112487 0.00428174 0.09315687
 0.         0.00576469 0.00657844 0.00315687 0.         0.01148505
 0.00040661 0.00892156]
	[RESULT 56] [0.01198505 0.01856349 0.01657844 0.01112487 0.00428174 0.09315687
 0.         0.00576469 0.00657844 0.00315687 0.         0.01148505
 0.00040661 0.00892156]
	[RESULT 57] [0.01194547 0.01848431 0.01653884 0.01116448 0.00424215 0.09307767
 0.         0.00588349 0.00653884 0.00307767 0.         0.01144547
 0.00040663 0.00896116]
	[RESULT 58] [0.01202774 0.01864886 0.01662113 0.01108218 0.00432443 0.09324225
 0.         0.00563662 0.00662113 0.00324225 0.         0.01152774
 0.00040661 0.00887887]
	[RESULT 59] [0.01194963 0.01849166 0.01654203 0.01116177 0.00424583 0.09308406
 0.         0.00587391 0.00654203 0.00308406 0.         0.01144963
 0.0004076  0.00895797]
	[RESULT 60] [0.01209722 0.01878508 0.01668786 0.01101682 0.00439254 0.09337572
 0.         0.00543642 0.00668786 0.00337572 0.         0.01159722
 0.00040936 0.00881214]
	[RESULT 61] [0.01184289 0.01827916 0.01643627 0.01126703 0.00413958 0.09287255
 0.         0.00619118 0.00643627 0.00287255 0.         0.01134289
 0.00040661 0.00906373]
	[RESULT 62] [0.01194963 0.01849166 0.01654203 0.01116177 0.00424583 0.09308406
 0.         0.00587391 0.00654203 0.00308406 0.         0.01144963
 0.0004076  0.00895797]
	[RESULT 63] [0.01209722 0.01878508 0.01668786 0.01101682 0.00439254 0.09337572
 0.         0.00543642 0.00668786 0.00337572 0.         0.01159722
 0.00040936 0.00881214]
	[RESULT 64] [0.01198505 0.01856349 0.01657844 0.01112487 0.00428174 0.09315687
 0.         0.00576469 0.00657844 0.00315687 0.         0.01148505
 0.00040661 0.00892156]
	[RESULT 65] [0.01216526 0.01892189 0.01675663 0.01094769 0.00446094 0.09351326
 0.         0.00523012 0.00675663 0.00351326 0.         0.01166526
 0.00040863 0.00874337]
	[RESULT 66] [0.01194547 0.01848431 0.01653884 0.01116448 0.00424215 0.09307767
 0.         0.00588349 0.00653884 0.00307767 0.         0.01144547
 0.00040663 0.00896116]
	[RESULT 67] [0.01219451 0.01898242 0.0167879  0.0109154  0.00449121 0.0935758
 0.         0.00513629 0.0067879  0.0035758  0.         0.01169451
 0.00040661 0.0087121 ]
	[RESULT 68] [0.01194418 0.01848174 0.01653756 0.01116575 0.00424087 0.09307512
 0.         0.00588732 0.00653756 0.00307512 0.         0.01144418
 0.00040661 0.00896244]
	[RESULT 69] [0.01226664 0.01911833 0.01685169 0.01085579 0.00455917 0.09370338
 0.         0.00494493 0.00685169 0.00370338 0.         0.01176664
 0.00041495 0.00864831]
	[RESULT 70] [0.01203014 0.01865367 0.01662353 0.01107978 0.00432683 0.09324705
 0.         0.00562942 0.00662353 0.00324705 0.         0.01153014
 0.00040661 0.00887647]
	[RESULT 71] [0.01184328 0.01827977 0.01643649 0.0112669  0.00413989 0.09287298
 0.         0.00619053 0.00643649 0.00287298 0.         0.01134328
 0.00040679 0.00906351]
	[RESULT 72] [0.01198982 0.018571   0.01658117 0.01112315 0.0042855  0.09316235
 0.         0.00575648 0.00658117 0.00316235 0.         0.01148982
 0.00040865 0.00891883]
	[RESULT 73] [0.01229886 0.01919014 0.01689127 0.01081252 0.00459507 0.09378254
 0.         0.00482618 0.00689127 0.00378254 0.         0.01179886
 0.00040759 0.00860873]
	[RESULT 74] [0.01203014 0.01865367 0.01662353 0.01107978 0.00432683 0.09324705
 0.         0.00562942 0.00662353 0.00324705 0.         0.01153014
 0.00040661 0.00887647]
	[RESULT 75] [0.01203014 0.01865367 0.01662353 0.01107978 0.00432683 0.09324705
 0.         0.00562942 0.00662353 0.00324705 0.         0.01153014
 0.00040661 0.00887647]
	[RESULT 76] [0.01201953 0.01862411 0.01660458 0.01110289 0.00431205 0.09320916
 0.         0.00568626 0.00660458 0.00320916 0.         0.01151953
 0.00041495 0.00889542]
	[RESULT 77] [0.01203014 0.01865367 0.01662353 0.01107978 0.00432683 0.09324705
 0.         0.00562942 0.00662353 0.00324705 0.         0.01153014
 0.00040661 0.00887647]
	[RESULT 78] [0.01194547 0.01848431 0.01653884 0.01116448 0.00424215 0.09307767
 0.         0.00588349 0.00653884 0.00307767 0.         0.01144547
 0.00040663 0.00896116]
	[RESULT 79] [0.01200911 0.01861161 0.0166025  0.0111008  0.00430581 0.093205
 0.         0.0056925  0.0066025  0.003205   0.         0.01150911
 0.00040661 0.0088975 ]
	[RESULT 80] [0.01194418 0.01848174 0.01653756 0.01116575 0.00424087 0.09307512
 0.         0.00588732 0.00653756 0.00307512 0.         0.01144418
 0.00040661 0.00896244]
	[RESULT 81] [0.01214056 0.0188745  0.01673394 0.01096936 0.00443725 0.09346789
 0.         0.00529817 0.00673394 0.00346789 0.         0.01164056
 0.00040661 0.00876606]
	[RESULT 82] [0.01194277 0.01847891 0.01653614 0.01116718 0.00423945 0.09307227
 0.         0.00589159 0.00653614 0.00307227 0.         0.01144277
 0.00040663 0.00896386]
	[RESULT 83] [0.01200837 0.01861012 0.01660175 0.01110155 0.00430506 0.09320351
 0.         0.00569474 0.00660175 0.00320351 0.         0.01150837
 0.00040661 0.00889825]
	[RESULT 84] [0.01193099 0.01845437 0.01652339 0.01118041 0.00422719 0.09304677
 0.         0.00592984 0.00652339 0.00304677 0.         0.01143099
 0.0004076  0.00897661]
	[RESULT 85] [0.01203014 0.01865367 0.01662353 0.01107978 0.00432683 0.09324705
 0.         0.00562942 0.00662353 0.00324705 0.         0.01153014
 0.00040661 0.00887647]
