[METRICS]
	[DISEQUILIBRIUM COUNT] 0
[VARIABLES]
	[RESULT 1] [0 50.0 1 4 5 1000.0000000000132 1]
	[RESULT 2] [0 8.90765035913175 1 1 5 1000.8093571826627 1]
	[RESULT 3] [0 9.169146904630566 1 1 1 1000.0001338085715 1]
	[RESULT 4] [0 8.89164537565447 1 1 5 1000.0000031295247 1]
	[RESULT 5] [0 9.03703332701796 1 1 1 1000.0253940702545 1]
	[RESULT 6] [0 50.0 1 4 3 1000.0000000000018 1]
	[RESULT 7] [0 8.909643728600054 1 1 3 1000.0000000199096 1]
	[RESULT 8] [0 9.103347047641815 1 1 1 1000.1021254363329 2]
	[RESULT 9] [0 8.633260461273482 1 1 4 1000.0001091540288 1]
	[RESULT 10] [0 9.296222286978766 1 1 5 1000.002444602822 1]
	[RESULT 11] [0 50.0 1 4 3 1000.0000000000032 1]
	[RESULT 12] [0 9.296222286978766 1 1 5 1000.002444602822 1]
	[RESULT 13] [0 9.296222286978766 1 1 5 1000.002444602822 1]
	[RESULT 14] [0 50.0 1 4 3 1000.0000000000032 1]
	[RESULT 15] [0 50.0 1 4 3 1000.0000000000032 1]
	[RESULT 16] [0 9.199158229623226 1 1 5 1000.0001224780449 1]
	[RESULT 17] [0 50.0 1 4 3 1000.0000000000118 1]
	[RESULT 18] [0 10.42536248473714 1 1 4 1000.0000076044059 1]
	[RESULT 19] [0 10.456051595521007 1 1 4 1000.0000051719168 1]
	[RESULT 20] [0 10.42536248473714 1 1 4 1000.0000076044059 1]
	[RESULT 21] [0 9.436633963477005 1 1 4 1000.0000062245565 1]
	[RESULT 22] [0 9.921515803051527 1 1 5 1000.0000076044059 1]
	[RESULT 23] [0 49.99866106470188 1 1 5 1000.0000055788097 1]
	[RESULT 24] [0 8.968399913109394 1 1 1 1000.0000015187776 1]
	[RESULT 25] [0 8.869633314894921 1 1 4 1000.0000032803049 1]
	[RESULT 26] [0 9.000102212494776 1 1 1 1000.0000310313671 1]
	[RESULT 27] [0 8.86878256802246 1 1 4 1000.00000633225 1]
	[RESULT 28] [0 9.290548314895961 1 1 4 1000.0006839846368 1]
	[RESULT 29] [0 10.42536248473714 1 1 4 1000.0000076044059 1]
	[RESULT 30] [0 8.86878256802246 1 1 4 1000.00000633225 1]
	[RESULT 31] [0 8.629242553408478 1 1 8 1000.0007464050308 1]
	[RESULT 32] [0 50.0 1 4 5 1000.0000000000089 1]
	[RESULT 33] [0 9.281458782525648 1 1 4 1000.0000022189574 1]
	[RESULT 34] [0 50.0 1 4 3 1000.0000000000132 1]
	[RESULT 35] [0 50.0 1 4 5 1000.0000000000132 1]
	[RESULT 36] [0 9.436633963477005 1 1 4 1000.0000062245565 1]
	[RESULT 37] [0 9.284860506400467 1 1 10 1000.001529895381 1]
	[RESULT 38] [0 9.284860506400467 1 1 10 1000.001529895381 1]
	[RESULT 39] [0 8.864545474558314 1 1 1 1000.0047317597342 1]
	[RESULT 40] [0 9.139449186347658 1 1 3 1000.0000277921883 1]
	[RESULT 41] [0 50.0 1 4 3 1000.0000000000132 1]
	[RESULT 42] [0 50.0 1 4 3 1000.0000000000132 1]
	[RESULT 43] [0 9.921515803051527 1 1 5 1000.0000076044059 1]
	[RESULT 44] [0 50.0 1 4 3 1000.0000000000132 1]
	[RESULT 45] [0 9.219490786692427 1 1 10 1000.0227681042503 1]
	[RESULT 46] [0 50.0 1 4 3 1000.0000000000132 1]
	[RESULT 47] [0 8.890933302718953 1 1 4 1000.0000019184235 1]
	[RESULT 48] [0 8.857232365605846 1 1 1 1000.0000048835993 1]
	[RESULT 49] [0 8.869541584931294 1 1 1 1000.0002711407359 1]
	[RESULT 50] [0 50.0 1 1 5 1000.0591639790376 1]
	[RESULT 51] [0 8.890933302718953 1 1 4 1000.0000019184235 1]
	[RESULT 52] [0 8.66006357773209 1 1 1 1000.0583583852825 1]
	[RESULT 53] [0 8.868487214124906 1 1 1 1000.0000048835993 1]
	[RESULT 54] [0 9.138391800652371 1 1 4 1000.0000787327413 1]
	[RESULT 55] [0 8.869633314894921 1 1 4 1000.0000032803049 1]
	[RESULT 56] [0 9.139449186347658 1 1 3 1000.0000277921883 1]
	[RESULT 57] [0 50.0 1 4 3 1000.0000000000132 1]
	[RESULT 58] [0 9.139552475559768 1 1 1 1000.0000284901754 1]
	[RESULT 59] [0 50.0 1 4 3 1000.0000000000032 1]
	[RESULT 60] [0 9.292024586443262 1 1 2 1000.0002711407359 1]
	[RESULT 61] [0 9.932532476515707 1 1 2 1000.0007781098454 1]
	[RESULT 62] [0 9.139552475559768 1 1 1 1000.0000284901754 1]
	[RESULT 63] [0 50.0 1 4 5 1000.0000000000089 1]
	[RESULT 64] [0 8.869062574154276 1 1 2 1000.0007781098454 1]
	[RESULT 65] [0 9.199158229623226 1 1 5 1000.0001224780449 1]
	[RESULT 66] [0 8.104257412943095 1 1 4 1000.0000000000244 1]
	[RESULT 67] [0 8.060565949983767 1 1 1 1000.0000137806952 1]
	[RESULT 68] [0 7.253024699851613 1 1 0 1000.031496912951 1]
	[RESULT 69] [0 8.060565949983767 1 1 1 1000.0000137806952 1]
	[RESULT 70] [0 6.8236726561904675 1 1 3 1000.0000000000028 1]
	[RESULT 71] [0 7.4671148849611 1 1 5 1000.0000109666685 1]
	[RESULT 72] [0 10.485983459018078 1 1 7 1000.0000035461363 1]
	[RESULT 73] [0 6.710871758195263 1 1 6 1000.0000207807498 1]
	[RESULT 74] [0 7.50983801135992 1 1 10 1000.0000188088807 1]
	[RESULT 75] [0 8.07737974366352 1 1 0 1000.0009288816054 1]
	[RESULT 76] [0 7.417349491145563 1 1 6 1000.0020069071697 1]
	[RESULT 77] [0 7.156628249370369 1 1 1 1000.0898189817361 1]
	[RESULT 78] [0 8.864545474558314 1 1 1 1000.0047317597342 1]
	[RESULT 79] [0 9.139629966771794 1 1 1 1000.0000044577192 1]
	[RESULT 80] [0 50.0 1 4 3 1000.0000000000118 1]
	[RESULT 81] [0 9.139629966771794 1 1 1 1000.0000044577192 1]
	[RESULT 82] [0 50.0 1 4 5 1000.0000000000132 1]
	[RESULT 83] [0 9.295705090873206 1 1 0 1000.0015307013487 1]
	[RESULT 84] [0 9.921515803051527 1 1 5 1000.0000076044059 1]
	[RESULT 85] [0 9.139629966771794 1 1 1 1000.0000044577192 1]
	[RESULT 86] [0 50.0 1 4 5 1000.0000000000089 1]
	[RESULT 87] [0 9.224602851539391 1 1 0 1000.0324856107356 1]
	[RESULT 88] [0 9.199158229623226 1 1 5 1000.0001224780449 1]
	[RESULT 89] [0 7.474256082669822 1 1 5 1000.0000109666685 1]
	[RESULT 90] [0 9.199158229623226 1 1 5 1000.0001224780449 1]
[OBJECTIVES]
	[RESULT 1] [0.01051531 0.015624   0.0151087  0.01259461 0.002812   0.09021739
 0.         0.00832609 0.0051087  0.00021739 0.         0.00851531
 0.00040661 0.0118913 ]
	[RESULT 2] [0.01142548 0.0174443  0.01601882 0.01168452 0.00372215 0.09203763
 0.         0.00744355 0.00601882 0.00203763 0.         0.01092548
 0.00040667 0.00948118]
	[RESULT 3] [0.01137389 0.01734117 0.01596728 0.01173603 0.00367058 0.09193456
 0.         0.00759817 0.00596728 0.00193456 0.         0.01087389
 0.00040661 0.00953272]
	[RESULT 4] [0.01142876 0.01745091 0.01602215 0.01168115 0.00372546 0.0920443
 0.         0.00743355 0.00602215 0.0020443  0.         0.01092876
 0.00040661 0.00947785]
	[RESULT 5] [0.01139926 0.01739191 0.01599265 0.01171066 0.00369595 0.0919853
 0.         0.00752206 0.00599265 0.0019853  0.         0.01089926
 0.00040661 0.00950735]
	[RESULT 6] [0.01051531 0.015624   0.0151087  0.01259461 0.002812   0.09021739
 0.         0.00832609 0.0051087  0.00021739 0.         0.00851531
 0.00040661 0.0118913 ]
	[RESULT 7] [0.01142502 0.01744342 0.0160184  0.0116849  0.00372171 0.09203681
 0.         0.00744479 0.0060184  0.00203681 0.         0.01092502
 0.00040661 0.0094816 ]
	[RESULT 8] [0.01138839 0.01736814 0.01597975 0.01172457 0.00368407 0.0919595
 0.         0.00756075 0.00597975 0.0019595  0.         0.01088839
 0.00040864 0.00952025]
	[RESULT 9] [0.01148577 0.01756492 0.01607915 0.01162415 0.00378246 0.09215831
 0.         0.00726254 0.00607915 0.00215831 0.         0.01098577
 0.00040661 0.00942085]
	[RESULT 10] [0.01135068 0.01729475 0.01594407 0.01175924 0.00364738 0.09188814
 0.         0.00766779 0.00594407 0.00188814 0.         0.01085068
 0.00040661 0.00955593]
	[RESULT 11] [0.01051531 0.015624   0.0151087  0.01259461 0.002812   0.09021739
 0.         0.00832609 0.0051087  0.00021739 0.         0.00851531
 0.00040661 0.0118913 ]
	[RESULT 12] [0.01135068 0.01729475 0.01594407 0.01175924 0.00364738 0.09188814
 0.         0.00766779 0.00594407 0.00188814 0.         0.01085068
 0.00040661 0.00955593]
	[RESULT 13] [0.01135068 0.01729475 0.01594407 0.01175924 0.00364738 0.09188814
 0.         0.00766779 0.00594407 0.00188814 0.         0.01085068
 0.00040661 0.00955593]
	[RESULT 14] [0.01051531 0.015624   0.0151087  0.01259461 0.002812   0.09021739
 0.         0.00832609 0.0051087  0.00021739 0.         0.00851531
 0.00040661 0.0118913 ]
	[RESULT 15] [0.01051531 0.015624   0.0151087  0.01259461 0.002812   0.09021739
 0.         0.00832609 0.0051087  0.00021739 0.         0.00851531
 0.00040661 0.0118913 ]
	[RESULT 16] [0.01136831 0.01733    0.01596169 0.01174161 0.003665   0.09192339
 0.         0.00761492 0.00596169 0.00192339 0.         0.01086831
 0.00040661 0.00953831]
	[RESULT 17] [0.01051531 0.015624   0.0151087  0.01259461 0.002812   0.09021739
 0.         0.00832609 0.0051087  0.00021739 0.         0.00851531
 0.00040661 0.0118913 ]
	[RESULT 18] [0.01118478 0.01696294 0.01577817 0.01192514 0.00348147 0.09155633
 0.         0.0081655  0.00577817 0.00155633 0.         0.01068478
 0.00040661 0.00972183]
	[RESULT 19] [0.01118108 0.01695555 0.01577447 0.01192884 0.00347777 0.09154893
 0.         0.0081766  0.00577447 0.00154893 0.         0.01068108
 0.00040661 0.00972553]
	[RESULT 20] [0.01118478 0.01696294 0.01577817 0.01192514 0.00348147 0.09155633
 0.         0.0081655  0.00577817 0.00155633 0.         0.01068478
 0.00040661 0.00972183]
	[RESULT 21] [0.0113263  0.01724598 0.01591969 0.01178362 0.00362299 0.09183937
 0.         0.00774094 0.00591969 0.00183937 0.         0.0108263
 0.00040661 0.00958031]
	[RESULT 22] [0.01125099 0.01709537 0.01584438 0.01185893 0.00354768 0.09168876
 0.         0.00796686 0.00584438 0.00168876 0.         0.01075099
 0.00040661 0.00965562]
	[RESULT 23] [0.01051531 0.01562401 0.0151087  0.01259461 0.002812   0.0902174
 0.         0.0098261  0.0051087  0.0002174  0.         0.01001531
 0.00040661 0.0103913 ]
	[RESULT 24] [0.01141297 0.01741933 0.01600636 0.01169695 0.00370967 0.09201272
 0.         0.00748092 0.00600636 0.00201272 0.         0.01091297
 0.00040661 0.00949364]
	[RESULT 25] [0.01143338 0.01746015 0.01602677 0.01167653 0.00373008 0.09205354
 0.         0.00741969 0.00602677 0.00205354 0.         0.01093338
 0.00040661 0.00947323]
	[RESULT 26] [0.01140659 0.01740657 0.01599998 0.01170333 0.00370329 0.09199996
 0.         0.00750006 0.00599998 0.00199996 0.         0.01090659
 0.00040661 0.00950002]
	[RESULT 27] [0.01143356 0.01746051 0.01602695 0.01167636 0.00373026 0.0920539
 0.         0.00741915 0.00602695 0.0020539  0.         0.01093356
 0.00040661 0.00947305]
	[RESULT 28] [0.01135169 0.01729677 0.01594508 0.01175822 0.00364839 0.09189016
 0.         0.00766476 0.00594508 0.00189016 0.         0.01085169
 0.00040661 0.00955492]
	[RESULT 29] [0.01118478 0.01696294 0.01577817 0.01192514 0.00348147 0.09155633
 0.         0.0081655  0.00577817 0.00155633 0.         0.01068478
 0.00040661 0.00972183]
	[RESULT 30] [0.01143356 0.01746051 0.01602695 0.01167636 0.00373026 0.0920539
 0.         0.00741915 0.00602695 0.0020539  0.         0.01093356
 0.00040661 0.00947305]
	[RESULT 31] [0.0114867  0.01756679 0.01608009 0.01162322 0.0037834  0.09216018
 0.         0.00725973 0.00608009 0.00216018 0.         0.0109867
 0.00040661 0.00941991]
	[RESULT 32] [0.01051531 0.015624   0.0151087  0.01259461 0.002812   0.09021739
 0.         0.00832609 0.0051087  0.00021739 0.         0.00851531
 0.00040661 0.0118913 ]
	[RESULT 33] [0.01135332 0.01730003 0.01594671 0.0117566  0.00365001 0.09189342
 0.         0.00765988 0.00594671 0.00189342 0.         0.01085332
 0.00040661 0.00955329]
	[RESULT 34] [0.01051531 0.015624   0.0151087  0.01259461 0.002812   0.09021739
 0.         0.00832609 0.0051087  0.00021739 0.         0.00851531
 0.00040661 0.0118913 ]
	[RESULT 35] [0.01051531 0.015624   0.0151087  0.01259461 0.002812   0.09021739
 0.         0.00832609 0.0051087  0.00021739 0.         0.00851531
 0.00040661 0.0118913 ]
	[RESULT 36] [0.0113263  0.01724598 0.01591969 0.01178362 0.00362299 0.09183937
 0.         0.00774094 0.00591969 0.00183937 0.         0.0108263
 0.00040661 0.00958031]
	[RESULT 37] [0.01135271 0.01729881 0.0159461  0.01175721 0.0036494  0.0918922
 0.         0.0076617  0.0059461  0.0018922  0.         0.01085271
 0.00040661 0.0095539 ]
	[RESULT 38] [0.01135271 0.01729881 0.0159461  0.01175721 0.0036494  0.0918922
 0.         0.0076617  0.0059461  0.0018922  0.         0.01085271
 0.00040661 0.0095539 ]
	[RESULT 39] [0.01143446 0.0174623  0.01602785 0.01167546 0.00373115 0.09205569
 0.         0.00741646 0.00602785 0.00205569 0.         0.01093446
 0.00040661 0.00947215]
	[RESULT 40] [0.01137948 0.01735235 0.01597287 0.01173044 0.00367617 0.09194573
 0.         0.0075814  0.00597287 0.00194573 0.         0.01087948
 0.00040661 0.00952713]
	[RESULT 41] [0.01051531 0.015624   0.0151087  0.01259461 0.002812   0.09021739
 0.         0.00832609 0.0051087  0.00021739 0.         0.00851531
 0.00040661 0.0118913 ]
	[RESULT 42] [0.01051531 0.015624   0.0151087  0.01259461 0.002812   0.09021739
 0.         0.00832609 0.0051087  0.00021739 0.         0.00851531
 0.00040661 0.0118913 ]
	[RESULT 43] [0.01125099 0.01709537 0.01584438 0.01185893 0.00354768 0.09168876
 0.         0.00796686 0.00584438 0.00168876 0.         0.01075099
 0.00040661 0.00965562]
	[RESULT 44] [0.01051531 0.015624   0.0151087  0.01259461 0.002812   0.09021739
 0.         0.00832609 0.0051087  0.00021739 0.         0.00851531
 0.00040661 0.0118913 ]
	[RESULT 45] [0.01136456 0.01732251 0.01595795 0.01174536 0.00366125 0.0919159
 0.         0.00762616 0.00595795 0.0019159  0.         0.01086456
 0.00040661 0.00954205]
	[RESULT 46] [0.01051531 0.015624   0.0151087  0.01259461 0.002812   0.09021739
 0.         0.00832609 0.0051087  0.00021739 0.         0.00851531
 0.00040661 0.0118913 ]
	[RESULT 47] [0.01142891 0.01745121 0.0160223  0.01168101 0.00372561 0.0920446
 0.         0.0074331  0.0060223  0.0020446  0.         0.01092891
 0.00040661 0.0094777 ]
	[RESULT 48] [0.011436   0.0174654  0.01602939 0.01167391 0.0037327  0.09205879
 0.         0.00741182 0.00602939 0.00205879 0.         0.010936
 0.00040661 0.00947061]
	[RESULT 49] [0.0114334  0.01746019 0.01602679 0.01167652 0.0037301  0.09205358
 0.         0.00741963 0.00602679 0.00205358 0.         0.0109334
 0.00040661 0.00947321]
	[RESULT 50] [0.01051531 0.01562401 0.0151087  0.01259461 0.002812   0.09021739
 0.         0.00982609 0.0051087  0.00021739 0.         0.01001531
 0.00040662 0.0103913 ]
	[RESULT 51] [0.01142891 0.01745121 0.0160223  0.01168101 0.00372561 0.0920446
 0.         0.0074331  0.0060223  0.0020446  0.         0.01092891
 0.00040661 0.0094777 ]
	[RESULT 52] [0.01147956 0.01755251 0.01607295 0.01163036 0.00377625 0.09214589
 0.         0.00728116 0.00607295 0.00214589 0.         0.01097956
 0.00040662 0.00942705]
	[RESULT 53] [0.01143362 0.01746064 0.01602701 0.01167629 0.00373032 0.09205403
 0.         0.00741896 0.00602701 0.00205403 0.         0.01093362
 0.00040661 0.00947299]
	[RESULT 54] [0.01137968 0.01735275 0.01597307 0.01173024 0.00367637 0.09194613
 0.         0.0075808  0.00597307 0.00194613 0.         0.01087968
 0.00040661 0.00952693]
	[RESULT 55] [0.01143338 0.01746015 0.01602677 0.01167653 0.00373008 0.09205354
 0.         0.00741969 0.00602677 0.00205354 0.         0.01093338
 0.00040661 0.00947323]
	[RESULT 56] [0.01137948 0.01735235 0.01597287 0.01173044 0.00367617 0.09194573
 0.         0.0075814  0.00597287 0.00194573 0.         0.01087948
 0.00040661 0.00952713]
	[RESULT 57] [0.01051531 0.015624   0.0151087  0.01259461 0.002812   0.09021739
 0.         0.00832609 0.0051087  0.00021739 0.         0.00851531
 0.00040661 0.0118913 ]
	[RESULT 58] [0.01137946 0.01735231 0.01597285 0.01173046 0.00367615 0.09194569
 0.         0.00758146 0.00597285 0.00194569 0.         0.01087946
 0.00040661 0.00952715]
	[RESULT 59] [0.01051531 0.015624   0.0151087  0.01259461 0.002812   0.09021739
 0.         0.00832609 0.0051087  0.00021739 0.         0.00851531
 0.00040661 0.0118913 ]
	[RESULT 60] [0.01135143 0.01729625 0.01594482 0.01175849 0.00364812 0.09188964
 0.         0.00766555 0.00594482 0.00188964 0.         0.01085143
 0.00040661 0.00955518]
	[RESULT 61] [0.01124942 0.01709223 0.01584281 0.0118605  0.00354612 0.09168562
 0.         0.00797157 0.00584281 0.00168562 0.         0.01074942
 0.00040661 0.00965719]
	[RESULT 62] [0.01137946 0.01735231 0.01597285 0.01173046 0.00367615 0.09194569
 0.         0.00758146 0.00597285 0.00194569 0.         0.01087946
 0.00040661 0.00952715]
	[RESULT 63] [0.01051531 0.015624   0.0151087  0.01259461 0.002812   0.09021739
 0.         0.00832609 0.0051087  0.00021739 0.         0.00851531
 0.00040661 0.0118913 ]
	[RESULT 64] [0.0114335  0.0174604  0.01602689 0.01167641 0.0037302  0.09205378
 0.         0.00741932 0.00602689 0.00205378 0.         0.0109335
 0.00040661 0.00947311]
	[RESULT 65] [0.01136831 0.01733    0.01596169 0.01174161 0.003665   0.09192339
 0.         0.00761492 0.00596169 0.00192339 0.         0.01086831
 0.00040661 0.00953831]
	[RESULT 66] [0.01162486 0.01784311 0.01621825 0.01148506 0.00392155 0.09243649
 0.         0.00684526 0.00621825 0.00243649 0.         0.01112486
 0.00040661 0.00928175]
	[RESULT 67] [0.01163797 0.01786932 0.01623136 0.01147195 0.00393466 0.09246271
 0.         0.00680593 0.00623136 0.00246271 0.         0.01113797
 0.00040661 0.00926864]
	[RESULT 68] [0.01194364 0.01848068 0.01653703 0.01116628 0.00424034 0.09307406
 0.         0.00588891 0.00653703 0.00307406 0.         0.01144364
 0.00040661 0.00896297]
	[RESULT 69] [0.01163797 0.01786932 0.01623136 0.01147195 0.00393466 0.09246271
 0.         0.00680593 0.00623136 0.00246271 0.         0.01113797
 0.00040661 0.00926864]
	[RESULT 70] [0.01217736 0.0189481  0.01677074 0.01093256 0.00447405 0.09354149
 0.         0.00518777 0.00677074 0.00354149 0.         0.01167736
 0.00040661 0.00872926]
	[RESULT 71] [0.01184873 0.01829085 0.01644212 0.01126118 0.00414543 0.09288424
 0.         0.00617364 0.00644212 0.00288424 0.         0.01134873
 0.00040661 0.00905788]
	[RESULT 72] [0.0111775  0.0169484  0.01577089 0.01193241 0.0034742  0.09154179
 0.         0.00818732 0.00577089 0.00154179 0.         0.0106775
 0.00040661 0.00972911]
	[RESULT 73] [0.01225104 0.01909546 0.01684443 0.01085888 0.00454773 0.09368885
 0.         0.00496672 0.00684443 0.00368885 0.         0.01175104
 0.00040661 0.00865557]
	[RESULT 74] [0.01183118 0.01825575 0.01642457 0.01127874 0.00412787 0.09284913
 0.         0.0062263  0.00642457 0.00284913 0.         0.01133118
 0.00040661 0.00907543]
	[RESULT 75] [0.01163289 0.01785917 0.01622628 0.01147703 0.00392958 0.09245256
 0.         0.00682117 0.00622628 0.00245256 0.         0.01113289
 0.00040661 0.00927372]
	[RESULT 76] [0.01186973 0.01833286 0.01646312 0.01124018 0.00416643 0.09292624
 0.         0.00611063 0.00646312 0.00292624 0.         0.01136973
 0.00040661 0.00903688]
	[RESULT 77] [0.01199059 0.01857455 0.01658397 0.01111934 0.00428728 0.09316794
 0.         0.00574809 0.00658397 0.00316794 0.         0.01149059
 0.00040662 0.00891603]
	[RESULT 78] [0.01143446 0.0174623  0.01602785 0.01167546 0.00373115 0.09205569
 0.         0.00741646 0.00602785 0.00205569 0.         0.01093446
 0.00040661 0.00947215]
	[RESULT 79] [0.01137944 0.01735228 0.01597283 0.01173047 0.00367614 0.09194567
 0.         0.0075815  0.00597283 0.00194567 0.         0.01087944
 0.00040661 0.00952717]
	[RESULT 80] [0.01051531 0.015624   0.0151087  0.01259461 0.002812   0.09021739
 0.         0.00832609 0.0051087  0.00021739 0.         0.00851531
 0.00040661 0.0118913 ]
	[RESULT 81] [0.01137944 0.01735228 0.01597283 0.01173047 0.00367614 0.09194567
 0.         0.0075815  0.00597283 0.00194567 0.         0.01087944
 0.00040661 0.00952717]
	[RESULT 82] [0.01051531 0.015624   0.0151087  0.01259461 0.002812   0.09021739
 0.         0.00832609 0.0051087  0.00021739 0.         0.00851531
 0.00040661 0.0118913 ]
	[RESULT 83] [0.01135077 0.01729493 0.01594416 0.01175914 0.00364747 0.09188832
 0.         0.00766752 0.00594416 0.00188832 0.         0.01085077
 0.00040661 0.00955584]
	[RESULT 84] [0.01125099 0.01709537 0.01584438 0.01185893 0.00354768 0.09168876
 0.         0.00796686 0.00584438 0.00168876 0.         0.01075099
 0.00040661 0.00965562]
	[RESULT 85] [0.01137944 0.01735228 0.01597283 0.01173047 0.00367614 0.09194567
 0.         0.0075815  0.00597283 0.00194567 0.         0.01087944
 0.00040661 0.00952717]
	[RESULT 86] [0.01051531 0.015624   0.0151087  0.01259461 0.002812   0.09021739
 0.         0.00832609 0.0051087  0.00021739 0.         0.00851531
 0.00040661 0.0118913 ]
	[RESULT 87] [0.01136362 0.01732063 0.01595701 0.0117463  0.00366032 0.09191402
 0.         0.00762897 0.00595701 0.00191402 0.         0.01086362
 0.00040661 0.00954299]
	[RESULT 88] [0.01136831 0.01733    0.01596169 0.01174161 0.003665   0.09192339
 0.         0.00761492 0.00596169 0.00192339 0.         0.01086831
 0.00040661 0.00953831]
	[RESULT 89] [0.01184577 0.01828493 0.01643916 0.01126415 0.00414246 0.09287831
 0.         0.00618253 0.00643916 0.00287831 0.         0.01134577
 0.00040661 0.00906084]
	[RESULT 90] [0.01136831 0.01733    0.01596169 0.01174161 0.003665   0.09192339
 0.         0.00761492 0.00596169 0.00192339 0.         0.01086831
 0.00040661 0.00953831]
