[METRICS]
	[DISEQUILIBRIUM COUNT] 3
[VARIABLES]
	[RESULT 1] [0 49.99999999999949 1 4 12 1000.0000000000105 1]
	[RESULT 2] [0 49.99999999999949 1 4 15 1000.0000000000105 1]
	[RESULT 3] [0 49.99999999999949 1 4 12 1000.0000000000105 1]
	[RESULT 4] [0 49.99999999999949 1 4 12 1000.0000000000105 1]
	[RESULT 5] [0 49.999999999999396 1 4 11 1000.0 1]
	[RESULT 6] [0 50.0 1 4 13 1000.0000000000007 1]
	[RESULT 7] [0 49.9999999999993 1 4 12 1000.0000000000344 1]
	[RESULT 8] [0 49.99999999999949 1 4 12 1000.0000000000105 1]
	[RESULT 9] [0 49.9999999999993 1 4 12 1000.0000000000091 1]
	[RESULT 10] [0 49.99999999999896 1 4 13 1000.0000000000119 1]
	[RESULT 11] [0 49.99999999999949 1 4 12 1000.0000000000105 1]
	[RESULT 12] [0 50.0 1 4 12 1000.0000000000105 1]
	[RESULT 13] [0 50.0 1 1 15 1000.0000000000065 1]
	[RESULT 14] [0 49.99999999999896 1 1 13 1000.0000000000622 1]
	[RESULT 15] [0 50.0 1 2 14 1000.0000000000081 1]
	[RESULT 16] [0 50.0 1 2 14 1000.0000000000081 1]
	[RESULT 17] [0 50.0 1 2 14 1000.0000000000081 1]
	[RESULT 18] [0 50.0 1 1 15 1000.0000000000065 1]
	[RESULT 19] [0 49.99999999999949 1 4 12 1000.0000000000105 1]
	[RESULT 20] [0 49.99999999999949 1 4 12 1000.0000000000105 1]
	[RESULT 21] [0 50.0 1 4 12 1000.0000000000105 1]
	[RESULT 22] [0 50.0 1 2 14 1000.0000000000081 1]
	[RESULT 23] [0 49.99999999999949 1 4 12 1000.0000000000105 1]
	[RESULT 24] [0 50.0 1 4 15 1000.0000000000027 1]
	[RESULT 25] [0 50.0 1 2 14 1000.0000000000081 1]
	[RESULT 26] [0 49.9999999999993 1 4 12 1000.0000000000344 1]
	[RESULT 27] [0 49.99999999999896 1 4 12 1000.0000000000388 1]
	[RESULT 28] [0 49.99999999999949 1 4 12 1000.0000000000105 1]
	[RESULT 29] [0 50.0 1 1 15 1000.0000000000065 1]
	[RESULT 30] [0 49.99999999999949 1 4 13 1000.0000000000002 1]
	[RESULT 31] [0 49.99999999999896 1 4 12 1000.0000000000388 1]
	[RESULT 32] [0 49.99999999999949 1 4 13 1000.0000000000002 1]
	[RESULT 33] [0 49.99999999999896 1 4 12 1000.0000000000388 1]
	[RESULT 34] [0 50.0 1 4 12 1000.0000000000105 1]
	[RESULT 35] [0 49.99999999999896 1 4 12 1000.0000000000388 1]
	[RESULT 36] [0 49.99999999999896 1 4 13 1000.0000000000213 1]
	[RESULT 37] [0 49.9999999999993 1 4 11 1000.0 1]
	[RESULT 38] [0 49.99999999999896 1 4 13 1000.0000000000213 1]
	[RESULT 39] [0 50.0 1 4 15 1000.0000000000027 1]
	[RESULT 40] [0 49.99999999999949 1 4 12 1000.0000000000105 1]
	[RESULT 41] [0 49.99999999999943 1 2 15 1000.0 1]
	[RESULT 42] [0 49.9999999999993 1 4 17 1000.0000000000344 1]
	[RESULT 43] [0 49.9999999999993 1 4 12 1000.0000000000344 1]
	[RESULT 44] [0 49.9999999999993 1 4 17 1000.0000000000344 1]
	[RESULT 45] [0 48.24464494740851 1 1 17 1000.0 1]
	[RESULT 46] [0 49.9999999999993 1 4 17 1000.0000000000344 1]
	[RESULT 47] [0 49.9999999999993 1 4 17 1000.0000000000344 1]
	[RESULT 48] [0 49.9999999999993 1 4 17 1000.0000000000344 1]
	[RESULT 49] [0 49.9999999999993 1 4 11 1000.0 1]
	[RESULT 50] [0 49.9999999999993 1 4 17 1000.0000000000344 1]
	[RESULT 51] [0 49.9999999999993 1 4 12 1000.0000000000344 1]
	[RESULT 52] [0 50.0 1 4 14 1000.0000000000017 1]
	[RESULT 53] [0 50.0 1 4 14 1000.0000000000017 1]
	[RESULT 54] [0 50.0 1 4 13 1000.0000000000435 1]
	[RESULT 55] [0 50.0 1 4 12 1000.0000000000005 1]
	[RESULT 56] [0 50.0 1 4 12 1000.0000000000105 1]
	[RESULT 57] [0 49.9999999999993 1 2 14 1000.0000000000271 1]
	[RESULT 58] [0 50.0 1 4 13 1000.0000000000015 1]
	[RESULT 59] [0 50.0 1 4 13 1000.0000000000066 1]
	[RESULT 60] [0 50.0 1 4 12 1000.0 1]
	[RESULT 61] [0 50.0 1 4 13 1000.0000000000268 1]
	[RESULT 62] [0 50.0 1 4 15 1000.0000000000017 1]
[OBJECTIVES]
	[RESULT 1] [0.01051531 0.015624   0.0151087  0.01259461 0.002812   0.09021739
 0.         0.00832609 0.0051087  0.00021739 0.         0.00851531
 0.00040661 0.0118913 ]
	[RESULT 2] [0.01051531 0.015624   0.0151087  0.01259461 0.002812   0.09021739
 0.         0.00832609 0.0051087  0.00021739 0.         0.00851531
 0.00040661 0.0118913 ]
	[RESULT 3] [0.01051531 0.015624   0.0151087  0.01259461 0.002812   0.09021739
 0.         0.00832609 0.0051087  0.00021739 0.         0.00851531
 0.00040661 0.0118913 ]
	[RESULT 4] [0.01051531 0.015624   0.0151087  0.01259461 0.002812   0.09021739
 0.         0.00832609 0.0051087  0.00021739 0.         0.00851531
 0.00040661 0.0118913 ]
	[RESULT 5] [0.01051531 0.015624   0.0151087  0.01259461 0.002812   0.09021739
 0.         0.00832609 0.0051087  0.00021739 0.         0.00851531
 0.00040661 0.0118913 ]
	[RESULT 6] [0.01051531 0.015624   0.0151087  0.01259461 0.002812   0.09021739
 0.         0.00832609 0.0051087  0.00021739 0.         0.00851531
 0.00040661 0.0118913 ]
	[RESULT 7] [0.01051531 0.015624   0.0151087  0.01259461 0.002812   0.09021739
 0.         0.00832609 0.0051087  0.00021739 0.         0.00851531
 0.00040661 0.0118913 ]
	[RESULT 8] [0.01051531 0.015624   0.0151087  0.01259461 0.002812   0.09021739
 0.         0.00832609 0.0051087  0.00021739 0.         0.00851531
 0.00040661 0.0118913 ]
	[RESULT 9] [0.01051531 0.015624   0.0151087  0.01259461 0.002812   0.09021739
 0.         0.00832609 0.0051087  0.00021739 0.         0.00851531
 0.00040661 0.0118913 ]
	[RESULT 10] [0.01051531 0.015624   0.0151087  0.01259461 0.002812   0.09021739
 0.         0.00832609 0.0051087  0.00021739 0.         0.00851531
 0.00040661 0.0118913 ]
	[RESULT 11] [0.01051531 0.015624   0.0151087  0.01259461 0.002812   0.09021739
 0.         0.00832609 0.0051087  0.00021739 0.         0.00851531
 0.00040661 0.0118913 ]
	[RESULT 12] [0.01051531 0.015624   0.0151087  0.01259461 0.002812   0.09021739
 0.         0.00832609 0.0051087  0.00021739 0.         0.00851531
 0.00040661 0.0118913 ]
	[RESULT 13] [0.01051531 0.015624   0.0151087  0.01259461 0.002812   0.09021739
 0.         0.00982609 0.0051087  0.00021739 0.         0.01001531
 0.00040661 0.0103913 ]
	[RESULT 14] [0.01051531 0.015624   0.0151087  0.01259461 0.002812   0.09021739
 0.         0.00982609 0.0051087  0.00021739 0.         0.01001531
 0.00040661 0.0103913 ]
	[RESULT 15] [0.01051531 0.015624   0.0151087  0.01259461 0.002812   0.09021739
 0.         0.00932609 0.0051087  0.00021739 0.         0.00951531
 0.00040661 0.0108913 ]
	[RESULT 16] [0.01051531 0.015624   0.0151087  0.01259461 0.002812   0.09021739
 0.         0.00932609 0.0051087  0.00021739 0.         0.00951531
 0.00040661 0.0108913 ]
	[RESULT 17] [0.01051531 0.015624   0.0151087  0.01259461 0.002812   0.09021739
 0.         0.00932609 0.0051087  0.00021739 0.         0.00951531
 0.00040661 0.0108913 ]
	[RESULT 18] [0.01051531 0.015624   0.0151087  0.01259461 0.002812   0.09021739
 0.         0.00982609 0.0051087  0.00021739 0.         0.01001531
 0.00040661 0.0103913 ]
	[RESULT 19] [0.01051531 0.015624   0.0151087  0.01259461 0.002812   0.09021739
 0.         0.00832609 0.0051087  0.00021739 0.         0.00851531
 0.00040661 0.0118913 ]
	[RESULT 20] [0.01051531 0.015624   0.0151087  0.01259461 0.002812   0.09021739
 0.         0.00832609 0.0051087  0.00021739 0.         0.00851531
 0.00040661 0.0118913 ]
	[RESULT 21] [0.01051531 0.015624   0.0151087  0.01259461 0.002812   0.09021739
 0.         0.00832609 0.0051087  0.00021739 0.         0.00851531
 0.00040661 0.0118913 ]
	[RESULT 22] [0.01051531 0.015624   0.0151087  0.01259461 0.002812   0.09021739
 0.         0.00932609 0.0051087  0.00021739 0.         0.00951531
 0.00040661 0.0108913 ]
	[RESULT 23] [0.01051531 0.015624   0.0151087  0.01259461 0.002812   0.09021739
 0.         0.00832609 0.0051087  0.00021739 0.         0.00851531
 0.00040661 0.0118913 ]
	[RESULT 24] [0.01051531 0.015624   0.0151087  0.01259461 0.002812   0.09021739
 0.         0.00832609 0.0051087  0.00021739 0.         0.00851531
 0.00040661 0.0118913 ]
	[RESULT 25] [0.01051531 0.015624   0.0151087  0.01259461 0.002812   0.09021739
 0.         0.00932609 0.0051087  0.00021739 0.         0.00951531
 0.00040661 0.0108913 ]
	[RESULT 26] [0.01051531 0.015624   0.0151087  0.01259461 0.002812   0.09021739
 0.         0.00832609 0.0051087  0.00021739 0.         0.00851531
 0.00040661 0.0118913 ]
	[RESULT 27] [0.01051531 0.015624   0.0151087  0.01259461 0.002812   0.09021739
 0.         0.00832609 0.0051087  0.00021739 0.         0.00851531
 0.00040661 0.0118913 ]
	[RESULT 28] [0.01051531 0.015624   0.0151087  0.01259461 0.002812   0.09021739
 0.         0.00832609 0.0051087  0.00021739 0.         0.00851531
 0.00040661 0.0118913 ]
	[RESULT 29] [0.01051531 0.015624   0.0151087  0.01259461 0.002812   0.09021739
 0.         0.00982609 0.0051087  0.00021739 0.         0.01001531
 0.00040661 0.0103913 ]
	[RESULT 30] [0.01051531 0.015624   0.0151087  0.01259461 0.002812   0.09021739
 0.         0.00832609 0.0051087  0.00021739 0.         0.00851531
 0.00040661 0.0118913 ]
	[RESULT 31] [0.01051531 0.015624   0.0151087  0.01259461 0.002812   0.09021739
 0.         0.00832609 0.0051087  0.00021739 0.         0.00851531
 0.00040661 0.0118913 ]
	[RESULT 32] [0.01051531 0.015624   0.0151087  0.01259461 0.002812   0.09021739
 0.         0.00832609 0.0051087  0.00021739 0.         0.00851531
 0.00040661 0.0118913 ]
	[RESULT 33] [0.01051531 0.015624   0.0151087  0.01259461 0.002812   0.09021739
 0.         0.00832609 0.0051087  0.00021739 0.         0.00851531
 0.00040661 0.0118913 ]
	[RESULT 34] [0.01051531 0.015624   0.0151087  0.01259461 0.002812   0.09021739
 0.         0.00832609 0.0051087  0.00021739 0.         0.00851531
 0.00040661 0.0118913 ]
	[RESULT 35] [0.01051531 0.015624   0.0151087  0.01259461 0.002812   0.09021739
 0.         0.00832609 0.0051087  0.00021739 0.         0.00851531
 0.00040661 0.0118913 ]
	[RESULT 36] [0.01051531 0.015624   0.0151087  0.01259461 0.002812   0.09021739
 0.         0.00832609 0.0051087  0.00021739 0.         0.00851531
 0.00040661 0.0118913 ]
	[RESULT 37] [0.01051531 0.015624   0.0151087  0.01259461 0.002812   0.09021739
 0.         0.00832609 0.0051087  0.00021739 0.         0.00851531
 0.00040661 0.0118913 ]
	[RESULT 38] [0.01051531 0.015624   0.0151087  0.01259461 0.002812   0.09021739
 0.         0.00832609 0.0051087  0.00021739 0.         0.00851531
 0.00040661 0.0118913 ]
	[RESULT 39] [0.01051531 0.015624   0.0151087  0.01259461 0.002812   0.09021739
 0.         0.00832609 0.0051087  0.00021739 0.         0.00851531
 0.00040661 0.0118913 ]
	[RESULT 40] [0.01051531 0.015624   0.0151087  0.01259461 0.002812   0.09021739
 0.         0.00832609 0.0051087  0.00021739 0.         0.00851531
 0.00040661 0.0118913 ]
	[RESULT 41] [0.01051531 0.015624   0.0151087  0.01259461 0.002812   0.09021739
 0.         0.00932609 0.0051087  0.00021739 0.         0.00951531
 0.00040661 0.0108913 ]
	[RESULT 42] [0.01051531 0.015624   0.0151087  0.01259461 0.002812   0.09021739
 0.         0.00832609 0.0051087  0.00021739 0.         0.00851531
 0.00040661 0.0118913 ]
	[RESULT 43] [0.01051531 0.015624   0.0151087  0.01259461 0.002812   0.09021739
 0.         0.00832609 0.0051087  0.00021739 0.         0.00851531
 0.00040661 0.0118913 ]
	[RESULT 44] [0.01051531 0.015624   0.0151087  0.01259461 0.002812   0.09021739
 0.         0.00832609 0.0051087  0.00021739 0.         0.00851531
 0.00040661 0.0118913 ]
	[RESULT 45] [0.01051962 0.01563263 0.01511301 0.0125903  0.00281631 0.09022602
 0.         0.00983902 0.00511301 0.00022602 0.         0.01001962
 0.00040661 0.01038699]
	[RESULT 46] [0.01051531 0.015624   0.0151087  0.01259461 0.002812   0.09021739
 0.         0.00832609 0.0051087  0.00021739 0.         0.00851531
 0.00040661 0.0118913 ]
	[RESULT 47] [0.01051531 0.015624   0.0151087  0.01259461 0.002812   0.09021739
 0.         0.00832609 0.0051087  0.00021739 0.         0.00851531
 0.00040661 0.0118913 ]
	[RESULT 48] [0.01051531 0.015624   0.0151087  0.01259461 0.002812   0.09021739
 0.         0.00832609 0.0051087  0.00021739 0.         0.00851531
 0.00040661 0.0118913 ]
	[RESULT 49] [0.01051531 0.015624   0.0151087  0.01259461 0.002812   0.09021739
 0.         0.00832609 0.0051087  0.00021739 0.         0.00851531
 0.00040661 0.0118913 ]
	[RESULT 50] [0.01051531 0.015624   0.0151087  0.01259461 0.002812   0.09021739
 0.         0.00832609 0.0051087  0.00021739 0.         0.00851531
 0.00040661 0.0118913 ]
	[RESULT 51] [0.01051531 0.015624   0.0151087  0.01259461 0.002812   0.09021739
 0.         0.00832609 0.0051087  0.00021739 0.         0.00851531
 0.00040661 0.0118913 ]
	[RESULT 52] [0.01051531 0.015624   0.0151087  0.01259461 0.002812   0.09021739
 0.         0.00832609 0.0051087  0.00021739 0.         0.00851531
 0.00040661 0.0118913 ]
	[RESULT 53] [0.01051531 0.015624   0.0151087  0.01259461 0.002812   0.09021739
 0.         0.00832609 0.0051087  0.00021739 0.         0.00851531
 0.00040661 0.0118913 ]
	[RESULT 54] [0.01051531 0.015624   0.0151087  0.01259461 0.002812   0.09021739
 0.         0.00832609 0.0051087  0.00021739 0.         0.00851531
 0.00040661 0.0118913 ]
	[RESULT 55] [0.01051531 0.015624   0.0151087  0.01259461 0.002812   0.09021739
 0.         0.00832609 0.0051087  0.00021739 0.         0.00851531
 0.00040661 0.0118913 ]
	[RESULT 56] [0.01051531 0.015624   0.0151087  0.01259461 0.002812   0.09021739
 0.         0.00832609 0.0051087  0.00021739 0.         0.00851531
 0.00040661 0.0118913 ]
	[RESULT 57] [0.01051531 0.015624   0.0151087  0.01259461 0.002812   0.09021739
 0.         0.00932609 0.0051087  0.00021739 0.         0.00951531
 0.00040661 0.0108913 ]
	[RESULT 58] [0.01051531 0.015624   0.0151087  0.01259461 0.002812   0.09021739
 0.         0.00832609 0.0051087  0.00021739 0.         0.00851531
 0.00040661 0.0118913 ]
	[RESULT 59] [0.01051531 0.015624   0.0151087  0.01259461 0.002812   0.09021739
 0.         0.00832609 0.0051087  0.00021739 0.         0.00851531
 0.00040661 0.0118913 ]
	[RESULT 60] [0.01051531 0.015624   0.0151087  0.01259461 0.002812   0.09021739
 0.         0.00832609 0.0051087  0.00021739 0.         0.00851531
 0.00040661 0.0118913 ]
	[RESULT 61] [0.01051531 0.015624   0.0151087  0.01259461 0.002812   0.09021739
 0.         0.00832609 0.0051087  0.00021739 0.         0.00851531
 0.00040661 0.0118913 ]
	[RESULT 62] [0.01051531 0.015624   0.0151087  0.01259461 0.002812   0.09021739
 0.         0.00832609 0.0051087  0.00021739 0.         0.00851531
 0.00040661 0.0118913 ]
