[METRICS]
	[DISEQUILIBRIUM COUNT] 0
[VARIABLES]
	[RESULT 1] [0 7.835732708151711 1 1 5 1000.0000006160012 1]
	[RESULT 2] [0 7.479034869142324 1 1 10 1000.0000920204207 1]
	[RESULT 3] [0 7.504359948821169 1 1 9 1000.0416983029381 1]
	[RESULT 4] [0 7.504359948821169 1 1 9 1000.0416983029381 1]
	[RESULT 5] [0 7.318772213834314 1 1 8 1000.00009465093 1]
	[RESULT 6] [0 7.147256907904498 1 1 7 1000.0000028606532 1]
	[RESULT 7] [0 7.342074843540189 1 1 8 1000.0068234421663 1]
	[RESULT 8] [0 7.471474246917808 1 1 5 1000.0000028167987 1]
	[RESULT 9] [0 7.556066435232762 1 1 7 1000.00065009982 1]
	[RESULT 10] [0 7.384307459536931 1 1 5 1000.000092976251 1]
	[RESULT 11] [0 7.338437486994082 1 1 7 1000.000002845433 1]
	[RESULT 12] [0 49.980099155261136 1 2 7 1000.0003217465905 1]
	[RESULT 13] [0 8.190702210098207 1 1 13 1000.001927344392 1]
	[RESULT 14] [0 8.058388931622453 1 1 8 1000.0000351358667 1]
	[RESULT 15] [0 7.785334124337135 1 1 7 1000.0007956898723 1]
	[RESULT 16] [0 10.868680558066714 1 1 11 1000.0005088524136 1]
	[RESULT 17] [0 7.582444060384112 1 1 12 1000.000085973244 1]
	[RESULT 18] [0 7.470355114146371 1 1 12 1000.0000018454597 1]
	[RESULT 19] [0 7.479034869142324 1 1 10 1000.0000920204207 1]
	[RESULT 20] [0 7.470355114146371 1 1 12 1000.0000018454597 1]
	[RESULT 21] [0 7.55298906319522 1 1 12 1000.0000018454597 1]
	[RESULT 22] [0 8.062230967340183 1 1 8 1000.0000351358667 1]
	[RESULT 23] [0 7.470355114146371 1 1 12 1000.0000018454597 1]
	[RESULT 24] [0 7.247634159315058 1 1 7 1000.0003386534247 1]
	[RESULT 25] [0 7.1129725971598905 1 1 10 1000.000287702746 1]
	[RESULT 26] [0 7.521602939022144 1 1 11 1000.0000004863934 1]
	[RESULT 27] [0 6.986098606475436 1 1 9 1000.0020183629538 1]
	[RESULT 28] [0 7.338141216337245 1 1 12 1000.0000351919248 1]
	[RESULT 29] [0 7.785334124337135 1 1 5 1000.0007956898723 1]
	[RESULT 30] [0 7.521602939022144 1 1 11 1000.0000004863934 1]
	[RESULT 31] [0 7.380124555279527 1 1 12 1000.0055788309696 1]
	[RESULT 32] [0 7.4717931227934615 1 1 8 1000.0000280398912 1]
	[RESULT 33] [0 7.553062061009821 1 1 8 1000.0005571471052 1]
	[RESULT 34] [0 7.384307459536931 1 1 5 1000.000092976251 1]
	[RESULT 35] [0 7.553062061009821 1 1 8 1000.0005571471052 1]
	[RESULT 36] [0 7.338370607070606 1 1 7 1000.0000003692878 1]
	[RESULT 37] [0 7.5248075545407405 1 1 7 1000.0000089428522 1]
	[RESULT 38] [0 7.9726961182367635 1 1 8 1000.0000349150833 1]
	[RESULT 39] [0 7.55298906319522 1 1 12 1000.0000018454597 1]
	[RESULT 40] [0 7.338370607070606 1 1 7 1000.0000003692878 1]
	[RESULT 41] [0 7.553062061009821 1 1 8 1000.0005571471052 1]
	[RESULT 42] [0 8.201910818023435 1 1 7 1000.00000743544 1]
	[RESULT 43] [0 7.502750363508385 1 1 9 1000.0009453359424 1]
	[RESULT 44] [0 7.47208341226393 1 1 5 1000.0000103127035 1]
	[RESULT 45] [0 7.503840560946117 1 1 7 1000.0000004277854 1]
	[RESULT 46] [0 7.329484686777109 1 1 9 1000.0003386534247 1]
	[RESULT 47] [0 7.468968086953896 1 1 12 1000.0082351614834 1]
	[RESULT 48] [0 11.185368117027341 1 1 9 1000.0000687438421 1]
	[RESULT 49] [0 7.501811512310974 1 1 8 1000.0034334173117 1]
	[RESULT 50] [0 7.329484686777109 1 1 9 1000.0003386534247 1]
	[RESULT 51] [0 7.4717931227934615 1 1 8 1000.0000280398912 1]
	[RESULT 52] [0 7.577459958696525 1 1 8 1000.0005565390352 1]
	[RESULT 53] [0 7.471790225592049 1 1 11 1000.0000583131541 1]
	[RESULT 54] [0 7.552593542738987 1 1 9 1000.0000031676598 1]
	[RESULT 55] [0 7.384307459536931 1 1 5 1000.000092976251 1]
	[RESULT 56] [0 7.55298906319522 1 1 12 1000.0000018454597 1]
	[RESULT 57] [0 7.329484686777109 1 1 9 1000.0003386534247 1]
	[RESULT 58] [0 7.5115819330977285 1 1 12 1000.00004041232 1]
	[RESULT 59] [0 7.973004150626536 1 1 11 1000.000013468828 1]
	[RESULT 60] [0 7.55298906319522 1 1 12 1000.0000018454597 1]
	[RESULT 61] [0 7.338141216337245 1 1 12 1000.0000351919248 1]
	[RESULT 62] [0 7.5115819330977285 1 1 12 1000.00004041232 1]
	[RESULT 63] [0 7.471790225592049 1 1 11 1000.0000583131541 1]
	[RESULT 64] [0 7.552474019496002 1 1 12 1000.0000008038649 1]
	[RESULT 65] [0 7.170175164827202 1 1 8 1000.0585939918976 1]
	[RESULT 66] [0 6.914340382017958 1 1 13 1000.0006600942909 1]
	[RESULT 67] [0 7.361232868748586 1 1 12 1000.0000057703525 1]
	[RESULT 68] [0 6.715414346316988 1 1 9 1000.0002888481615 1]
	[RESULT 69] [0 7.109771827116964 1 1 10 1000.0000822973935 1]
	[RESULT 70] [0 7.874168863156435 1 1 8 1000.0003212798126 1]
	[RESULT 71] [0 6.710643853152926 1 1 7 1000.0085433706428 1]
	[RESULT 72] [0 7.109771827116964 1 1 10 1000.0000822973935 1]
	[RESULT 73] [0 7.296370464054254 1 1 9 1000.0096806566396 1]
	[RESULT 74] [0 7.247634159315058 1 1 9 1000.0003386534247 1]
	[RESULT 75] [0 7.082840717373082 1 1 8 1000.0312037609058 1]
	[RESULT 76] [0 7.47208341226393 1 1 11 1000.0000103127035 1]
	[RESULT 77] [0 7.556066435232762 1 1 7 1000.00065009982 1]
	[RESULT 78] [0 7.387425219338423 1 1 5 1000.0000626645608 1]
	[RESULT 79] [0 7.559415067541429 1 1 5 1000.0000021843047 1]
	[RESULT 80] [0 7.342074843540189 1 1 8 1000.0068234421663 1]
	[RESULT 81] [0 7.527211656087837 1 1 8 1000.0012400599167 1]
	[RESULT 82] [0 7.468689287817147 1 1 12 1000.0419268792695 1]
	[RESULT 83] [0 7.527221841094281 1 1 8 1000.0005568018182 1]
	[RESULT 84] [0 7.109771827116964 1 1 10 1000.0000822973935 1]
	[RESULT 85] [0 7.552474019496002 1 1 12 1000.0000008038649 1]
[OBJECTIVES]
	[RESULT 1] [0.01171014 0.01801368 0.01630353 0.01139977 0.00400684 0.09260706
 0.         0.0065894  0.00630353 0.00260706 0.         0.01121014
 0.00040661 0.00919647]
	[RESULT 2] [0.01184379 0.01828097 0.01643718 0.01126613 0.00414049 0.09287436
 0.         0.00618846 0.00643718 0.00287436 0.         0.01134379
 0.00040661 0.00906282]
	[RESULT 3] [0.01183341 0.0182602  0.01642679 0.01127651 0.0041301  0.09285359
 0.         0.00621962 0.00642679 0.00285359 0.         0.01133341
 0.00040661 0.00907321]
	[RESULT 4] [0.01183341 0.0182602  0.01642679 0.01127651 0.0041301  0.09285359
 0.         0.00621962 0.00642679 0.00285359 0.         0.01133341
 0.00040661 0.00907321]
	[RESULT 5] [0.01191319 0.01841977 0.01650658 0.01119672 0.00420989 0.09301316
 0.         0.00598026 0.00650658 0.00301316 0.         0.01141319
 0.00040661 0.00899342]
	[RESULT 6] [0.0119953  0.01858398 0.01658869 0.01111462 0.00429199 0.09317737
 0.         0.00573394 0.00658869 0.00317737 0.         0.0114953
 0.00040661 0.00891131]
	[RESULT 7] [0.01190269 0.01839877 0.01649608 0.01120723 0.00419938 0.09299215
 0.         0.00601177 0.00649608 0.00299215 0.         0.01140269
 0.00040661 0.00900392]
	[RESULT 8] [0.01184692 0.01828723 0.01644031 0.011263   0.00414362 0.09288062
 0.         0.00617907 0.00644031 0.00288062 0.         0.01134692
 0.00040661 0.00905969]
	[RESULT 9] [0.01181266 0.01821871 0.01640605 0.01129726 0.00410935 0.0928121
 0.         0.00628186 0.00640605 0.0028121  0.         0.01131266
 0.00040661 0.00909395]
	[RESULT 10] [0.01188402 0.01836143 0.01647741 0.0112259  0.00418071 0.09295481
 0.         0.00606778 0.00647741 0.00295481 0.         0.01138402
 0.00040661 0.00902259]
	[RESULT 11] [0.01190432 0.01840202 0.01649771 0.0112056  0.00420101 0.09299541
 0.         0.00600688 0.00649771 0.00299541 0.         0.01140432
 0.00040661 0.00900229]
	[RESULT 12] [0.01051535 0.0156241  0.01510874 0.01259456 0.00281205 0.09021749
 0.         0.00932623 0.00510874 0.00021749 0.         0.00951535
 0.00040661 0.01089126]
	[RESULT 13] [0.01159973 0.01779285 0.01619312 0.01151019 0.00389642 0.09238623
 0.         0.00692065 0.00619312 0.00238623 0.         0.01109973
 0.00040661 0.00930688]
	[RESULT 14] [0.01163863 0.01787064 0.01623202 0.01147129 0.00393532 0.09246403
 0.         0.00680395 0.00623202 0.00246403 0.         0.01113863
 0.00040661 0.00926798]
	[RESULT 15] [0.0117275  0.01804839 0.01632089 0.01138242 0.00402419 0.09264177
 0.         0.00653734 0.00632089 0.00264177 0.         0.0112275
 0.00040661 0.00917911]
	[RESULT 16] [0.01113455 0.0168625  0.01572794 0.01197536 0.00343125 0.09145588
 0.         0.00831617 0.00572794 0.00145588 0.         0.01063455
 0.00040661 0.00977206]
	[RESULT 17] [0.01180231 0.018198   0.0163957  0.01130761 0.004099   0.09279139
 0.         0.00631291 0.0063957  0.00279139 0.         0.01130231
 0.00040661 0.0091043 ]
	[RESULT 18] [0.01184739 0.01828816 0.01644077 0.01126253 0.00414408 0.09288155
 0.         0.00617768 0.00644077 0.00288155 0.         0.01134739
 0.00040661 0.00905923]
	[RESULT 19] [0.01184379 0.01828097 0.01643718 0.01126613 0.00414049 0.09287436
 0.         0.00618846 0.00643718 0.00287436 0.         0.01134379
 0.00040661 0.00906282]
	[RESULT 20] [0.01184739 0.01828816 0.01644077 0.01126253 0.00414408 0.09288155
 0.         0.00617768 0.00644077 0.00288155 0.         0.01134739
 0.00040661 0.00905923]
	[RESULT 21] [0.01181388 0.01822114 0.01640727 0.01129604 0.00411057 0.09281453
 0.         0.0062782  0.00640727 0.00281453 0.         0.01131388
 0.00040661 0.00909273]
	[RESULT 22] [0.01163746 0.01786831 0.01623085 0.01147246 0.00393416 0.0924617
 0.         0.00680745 0.00623085 0.0024617  0.         0.01113746
 0.00040661 0.00926915]
	[RESULT 23] [0.01184739 0.01828816 0.01644077 0.01126253 0.00414408 0.09288155
 0.         0.00617768 0.00644077 0.00288155 0.         0.01134739
 0.00040661 0.00905923]
	[RESULT 24] [0.01194619 0.01848578 0.01653958 0.01116372 0.00424289 0.09307916
 0.         0.00588125 0.00653958 0.00307916 0.         0.01144619
 0.00040661 0.00896042]
	[RESULT 25] [0.01201279 0.01861898 0.01660618 0.01109712 0.00430949 0.09321236
 0.         0.00568145 0.00660618 0.00321236 0.         0.01151279
 0.00040661 0.00889382]
	[RESULT 26] [0.01182642 0.01824623 0.01641981 0.0112835  0.00412311 0.09283962
 0.         0.00624058 0.00641981 0.00283962 0.         0.01132642
 0.00040661 0.00908019]
	[RESULT 27] [0.01208104 0.01875546 0.01667443 0.01102888 0.00437773 0.09334885
 0.         0.00547672 0.00667443 0.00334885 0.         0.01158104
 0.00040661 0.00882557]
	[RESULT 28] [0.01190445 0.01840229 0.01649784 0.01120547 0.00420115 0.09299568
 0.         0.00600648 0.00649784 0.00299568 0.         0.01140445
 0.00040661 0.00900216]
	[RESULT 29] [0.0117275  0.01804839 0.01632089 0.01138242 0.00402419 0.09264177
 0.         0.00653734 0.00632089 0.00264177 0.         0.0112275
 0.00040661 0.00917911]
	[RESULT 30] [0.01182642 0.01824623 0.01641981 0.0112835  0.00412311 0.09283962
 0.         0.00624058 0.00641981 0.00283962 0.         0.01132642
 0.00040661 0.00908019]
	[RESULT 31] [0.01188585 0.01836508 0.01647924 0.01122407 0.00418254 0.09295847
 0.         0.00606229 0.00647924 0.00295847 0.         0.01138585
 0.00040661 0.00902076]
	[RESULT 32] [0.01184679 0.01828697 0.01644018 0.01126313 0.00414348 0.09288036
 0.         0.00617947 0.00644018 0.00288036 0.         0.01134679
 0.00040661 0.00905982]
	[RESULT 33] [0.01181385 0.01822109 0.01640724 0.01129607 0.00411054 0.09281447
 0.         0.00627829 0.00640724 0.00281447 0.         0.01131385
 0.00040661 0.00909276]
	[RESULT 34] [0.01188402 0.01836143 0.01647741 0.0112259  0.00418071 0.09295481
 0.         0.00606778 0.00647741 0.00295481 0.         0.01138402
 0.00040661 0.00902259]
	[RESULT 35] [0.01181385 0.01822109 0.01640724 0.01129607 0.00411054 0.09281447
 0.         0.00627829 0.00640724 0.00281447 0.         0.01131385
 0.00040661 0.00909276]
	[RESULT 36] [0.01190435 0.01840208 0.01649774 0.01120557 0.00420104 0.09299547
 0.         0.00600679 0.00649774 0.00299547 0.         0.01140435
 0.00040661 0.00900226]
	[RESULT 37] [0.01182513 0.01824365 0.01641852 0.01128479 0.00412182 0.09283703
 0.         0.00624445 0.00641852 0.00283703 0.         0.01132513
 0.00040661 0.00908148]
	[RESULT 38] [0.0116652  0.01792379 0.01625859 0.01144471 0.0039619  0.09251718
 0.         0.00672423 0.00625859 0.00251718 0.         0.0111652
 0.00040661 0.00924141]
	[RESULT 39] [0.01181388 0.01822114 0.01640727 0.01129604 0.00411057 0.09281453
 0.         0.0062782  0.00640727 0.00281453 0.         0.01131388
 0.00040661 0.00909273]
	[RESULT 40] [0.01190435 0.01840208 0.01649774 0.01120557 0.00420104 0.09299547
 0.         0.00600679 0.00649774 0.00299547 0.         0.01140435
 0.00040661 0.00900226]
	[RESULT 41] [0.01181385 0.01822109 0.01640724 0.01129607 0.00411054 0.09281447
 0.         0.00627829 0.00640724 0.00281447 0.         0.01131385
 0.00040661 0.00909276]
	[RESULT 42] [0.01159655 0.01778648 0.01618993 0.01151337 0.00389324 0.09237987
 0.         0.0069302  0.00618993 0.00237987 0.         0.01109655
 0.00040661 0.00931007]
	[RESULT 43] [0.01183406 0.01826151 0.01642745 0.01127586 0.00413076 0.0928549
 0.         0.00621765 0.00642745 0.0028549  0.         0.01133406
 0.00040661 0.00907255]
	[RESULT 44] [0.01184667 0.01828673 0.01644006 0.01126325 0.00414336 0.09288012
 0.         0.00617983 0.00644006 0.00288012 0.         0.01134667
 0.00040661 0.00905994]
	[RESULT 45] [0.01183362 0.01826062 0.01642701 0.0112763  0.00413031 0.09285401
 0.         0.00621898 0.00642701 0.00285401 0.         0.01133362
 0.00040661 0.00907299]
	[RESULT 46] [0.01190835 0.01841008 0.01650173 0.01120157 0.00420504 0.09300347
 0.         0.0059948  0.00650173 0.00300347 0.         0.01140835
 0.00040661 0.00899827]
	[RESULT 47] [0.01184796 0.01828931 0.01644135 0.01126196 0.00414466 0.0928827
 0.         0.00617595 0.00644135 0.0028827  0.         0.01134796
 0.00040661 0.00905865]
	[RESULT 48] [0.01110247 0.01679833 0.01569586 0.01200745 0.00339916 0.09139172
 0.         0.00841242 0.00569586 0.00139172 0.         0.01060247
 0.00040661 0.00980414]
	[RESULT 49] [0.01183444 0.01826228 0.01642783 0.01127547 0.00413114 0.09285566
 0.         0.0062165  0.00642783 0.00285566 0.         0.01133444
 0.00040661 0.00907217]
	[RESULT 50] [0.01190835 0.01841008 0.01650173 0.01120157 0.00420504 0.09300347
 0.         0.0059948  0.00650173 0.00300347 0.         0.01140835
 0.00040661 0.00899827]
	[RESULT 51] [0.01184679 0.01828697 0.01644018 0.01126313 0.00414348 0.09288036
 0.         0.00617947 0.00644018 0.00288036 0.         0.01134679
 0.00040661 0.00905982]
	[RESULT 52] [0.01180425 0.01820189 0.01639764 0.01130567 0.00410095 0.09279528
 0.         0.00630708 0.00639764 0.00279528 0.         0.01130425
 0.00040661 0.00910236]
	[RESULT 53] [0.01184679 0.01828697 0.01644018 0.01126313 0.00414348 0.09288036
 0.         0.00617946 0.00644018 0.00288036 0.         0.01134679
 0.00040661 0.00905982]
	[RESULT 54] [0.01181403 0.01822146 0.01640742 0.01129588 0.00411073 0.09281484
 0.         0.00627773 0.00640742 0.00281484 0.         0.01131403
 0.00040661 0.00909258]
	[RESULT 55] [0.01188402 0.01836143 0.01647741 0.0112259  0.00418071 0.09295481
 0.         0.00606778 0.00647741 0.00295481 0.         0.01138402
 0.00040661 0.00902259]
	[RESULT 56] [0.01181388 0.01822114 0.01640727 0.01129604 0.00411057 0.09281453
 0.         0.0062782  0.00640727 0.00281453 0.         0.01131388
 0.00040661 0.00909273]
	[RESULT 57] [0.01190835 0.01841008 0.01650173 0.01120157 0.00420504 0.09300347
 0.         0.0059948  0.00650173 0.00300347 0.         0.01140835
 0.00040661 0.00899827]
	[RESULT 58] [0.01183047 0.01825433 0.01642386 0.01127945 0.00412717 0.09284772
 0.         0.00622842 0.00642386 0.00284772 0.         0.01133047
 0.00040661 0.00907614]
	[RESULT 59] [0.01166511 0.0179236  0.01625849 0.01144481 0.0039618  0.09251699
 0.         0.00672452 0.00625849 0.00251699 0.         0.01116511
 0.00040661 0.00924151]
	[RESULT 60] [0.01181388 0.01822114 0.01640727 0.01129604 0.00411057 0.09281453
 0.         0.0062782  0.00640727 0.00281453 0.         0.01131388
 0.00040661 0.00909273]
	[RESULT 61] [0.01190445 0.01840229 0.01649784 0.01120547 0.00420115 0.09299568
 0.         0.00600648 0.00649784 0.00299568 0.         0.01140445
 0.00040661 0.00900216]
	[RESULT 62] [0.01183047 0.01825433 0.01642386 0.01127945 0.00412717 0.09284772
 0.         0.00622842 0.00642386 0.00284772 0.         0.01133047
 0.00040661 0.00907614]
	[RESULT 63] [0.01184679 0.01828697 0.01644018 0.01126313 0.00414348 0.09288036
 0.         0.00617946 0.00644018 0.00288036 0.         0.01134679
 0.00040661 0.00905982]
	[RESULT 64] [0.01181408 0.01822155 0.01640747 0.01129584 0.00411078 0.09281494
 0.         0.00627759 0.00640747 0.00281494 0.         0.01131408
 0.00040661 0.00909253]
	[RESULT 65] [0.01198382 0.01856102 0.0165772  0.01112611 0.00428051 0.0931544
 0.         0.0057684  0.0065772  0.0031544  0.         0.01148382
 0.00040662 0.0089228 ]
	[RESULT 66] [0.01212227 0.01883792 0.01671565 0.01098765 0.00441896 0.09343131
 0.         0.00535304 0.00671565 0.00343131 0.         0.01162227
 0.00040661 0.00878435]
	[RESULT 67] [0.01189416 0.01838171 0.01648755 0.01121576 0.00419086 0.0929751
 0.         0.00603735 0.00648755 0.0029751  0.         0.01139416
 0.00040661 0.00901245]
	[RESULT 68] [0.01224795 0.01908929 0.01684134 0.01086197 0.00454465 0.09368268
 0.         0.00497598 0.00684134 0.00368268 0.         0.01174795
 0.00040661 0.00865866]
	[RESULT 69] [0.01201445 0.01862228 0.01660784 0.01109547 0.00431114 0.09321567
 0.         0.00567649 0.00660784 0.00321567 0.         0.01151445
 0.00040661 0.00889216]
	[RESULT 70] [0.01169721 0.01798781 0.0162906  0.01141271 0.00399391 0.0925812
 0.         0.0066282  0.0062906  0.0025812  0.         0.01119721
 0.00040661 0.0092094 ]
	[RESULT 71] [0.01225119 0.01909577 0.01684458 0.01085873 0.00454789 0.09368916
 0.         0.00496626 0.00684458 0.00368916 0.         0.01175119
 0.00040661 0.00865542]
	[RESULT 72] [0.01201445 0.01862228 0.01660784 0.01109547 0.00431114 0.09321567
 0.         0.00567649 0.00660784 0.00321567 0.         0.01151445
 0.00040661 0.00889216]
	[RESULT 73] [0.01192343 0.01844025 0.01651682 0.01118649 0.00422013 0.09303364
 0.         0.00594954 0.00651682 0.00303364 0.         0.01142343
 0.00040661 0.00898318]
	[RESULT 74] [0.01194619 0.01848578 0.01653958 0.01116372 0.00424289 0.09307916
 0.         0.00588125 0.00653958 0.00307916 0.         0.01144619
 0.00040661 0.00896042]
	[RESULT 75] [0.01202849 0.01865038 0.01662188 0.01108143 0.00432519 0.09324376
 0.         0.00563436 0.00662188 0.00324376 0.         0.01152849
 0.00040661 0.00887812]
	[RESULT 76] [0.01184667 0.01828673 0.01644006 0.01126325 0.00414336 0.09288012
 0.         0.00617983 0.00644006 0.00288012 0.         0.01134667
 0.00040661 0.00905994]
	[RESULT 77] [0.01181266 0.01821871 0.01640605 0.01129726 0.00410935 0.0928121
 0.         0.00628186 0.00640605 0.0028121  0.         0.01131266
 0.00040661 0.00909395]
	[RESULT 78] [0.01188266 0.01835871 0.01647605 0.01122726 0.00417935 0.09295209
 0.         0.00607186 0.00647605 0.00295209 0.         0.01138266
 0.00040661 0.00902395]
	[RESULT 79] [0.01181134 0.01821606 0.01640473 0.01129858 0.00410803 0.09280945
 0.         0.00628582 0.00640473 0.00280945 0.         0.01131134
 0.00040661 0.00909527]
	[RESULT 80] [0.01190269 0.01839877 0.01649608 0.01120723 0.00419938 0.09299215
 0.         0.00601177 0.00649608 0.00299215 0.         0.01140269
 0.00040661 0.00900392]
	[RESULT 81] [0.01182416 0.01824171 0.01641755 0.01128576 0.00412086 0.0928351
 0.         0.00624735 0.00641755 0.0028351  0.         0.01132416
 0.00040661 0.00908245]
	[RESULT 82] [0.01184808 0.01828955 0.01644147 0.01126184 0.00414477 0.09288293
 0.         0.0061756  0.00644147 0.00288293 0.         0.01134808
 0.00040661 0.00905853]
	[RESULT 83] [0.01182416 0.0182417  0.01641755 0.01128576 0.00412085 0.09283509
 0.         0.00624736 0.00641755 0.00283509 0.         0.01132416
 0.00040661 0.00908245]
	[RESULT 84] [0.01201445 0.01862228 0.01660784 0.01109547 0.00431114 0.09321567
 0.         0.00567649 0.00660784 0.00321567 0.         0.01151445
 0.00040661 0.00889216]
	[RESULT 85] [0.01181408 0.01822155 0.01640747 0.01129584 0.00411078 0.09281494
 0.         0.00627759 0.00640747 0.00281494 0.         0.01131408
 0.00040661 0.00909253]
