[METRICS]
	[DISEQUILIBRIUM COUNT] 0
[VARIABLES]
	[RESULT 1] [0 49.99999999999932 1 4 1 1000.0000000000128 1]
	[RESULT 2] [0 50.0 1 4 3 1000.0000000000081 1]
	[RESULT 3] [0 50.0 1 4 3 1000.0000000000081 1]
	[RESULT 4] [0 49.99999999999935 1 4 1 1000.0000000000016 1]
	[RESULT 5] [0 49.99999999999627 1 4 1 1000.0000000000217 1]
	[RESULT 6] [0 49.99999999999932 1 4 1 1000.0000000000128 1]
	[RESULT 7] [0 50.0 1 4 3 1000.0000000000081 1]
	[RESULT 8] [0 49.99999999999911 1 4 1 1000.0000000000435 1]
	[RESULT 9] [0 49.999999999998835 1 4 0 1000.0000000000049 1]
	[RESULT 10] [0 49.999999999999964 1 4 5 1000.0000000000064 1]
	[RESULT 11] [0 50.0 1 1 5 1000.0000000000196 1]
	[RESULT 12] [0 50.0 1 4 1 1000.0000000000398 1]
	[RESULT 13] [0 49.99999999999627 1 4 1 1000.0000000000059 1]
	[RESULT 14] [0 49.99999999999932 1 4 1 1000.0000000000185 1]
	[RESULT 15] [0 50.0 1 4 1 1000.0000000000068 1]
	[RESULT 16] [0 49.999999999999346 1 4 1 1000.0000000000398 1]
	[RESULT 17] [0 49.999999999999346 1 4 1 1000.0000000000398 1]
	[RESULT 18] [0 49.99999999999932 1 4 1 1000.0000000000185 1]
	[RESULT 19] [0 50.0 1 4 1 1000.0000000000185 1]
	[RESULT 20] [0 49.99999999999901 1 4 1 1000.0000000000088 1]
	[RESULT 21] [0 49.99999999999627 1 4 1 1000.0000000000059 1]
	[RESULT 22] [0 49.99999999999627 1 4 1 1000.0000000000059 1]
	[RESULT 23] [0 49.99999999999932 1 4 1 1000.0000000000185 1]
	[RESULT 24] [0 50.0 1 4 3 1000.0000000000232 1]
	[RESULT 25] [0 50.0 1 2 5 1000.0000000000196 1]
	[RESULT 26] [0 49.99999999999627 1 4 3 1000.0 1]
	[RESULT 27] [0 49.999999999998835 1 4 0 1000.0000000000049 1]
	[RESULT 28] [0 49.99999999999627 1 4 5 1000.0000000000364 1]
	[RESULT 29] [0 49.99999999999935 1 4 1 1000.0000000000016 1]
	[RESULT 30] [0 49.999999999999964 1 4 3 1000.000000000001 1]
	[RESULT 31] [0 49.999999999999964 1 4 3 1000.000000000001 1]
	[RESULT 32] [0 49.999999999999964 1 4 3 1000.000000000001 1]
	[RESULT 33] [0 49.999999999999964 1 4 3 1000.000000000001 1]
	[RESULT 34] [0 50.0 1 4 1 1000.0000000000044 1]
	[RESULT 35] [0 50.0 1 4 1 1000.0000000000398 1]
	[RESULT 36] [0 49.999999999999964 1 4 3 1000.000000000001 1]
	[RESULT 37] [0 49.999999999999964 1 4 3 1000.000000000001 1]
	[RESULT 38] [0 50.0 1 4 1 1000.0 1]
	[RESULT 39] [0 49.999999999999964 1 4 3 1000.000000000001 1]
[OBJECTIVES]
	[RESULT 1] [0.01051531 0.015624   0.0151087  0.01259461 0.002812   0.09021739
 0.         0.00832609 0.0051087  0.00021739 0.         0.00851531
 0.00040661 0.0118913 ]
	[RESULT 2] [0.01051531 0.015624   0.0151087  0.01259461 0.002812   0.09021739
 0.         0.00832609 0.0051087  0.00021739 0.         0.00851531
 0.00040661 0.0118913 ]
	[RESULT 3] [0.01051531 0.015624   0.0151087  0.01259461 0.002812   0.09021739
 0.         0.00832609 0.0051087  0.00021739 0.         0.00851531
 0.00040661 0.0118913 ]
	[RESULT 4] [0.01051531 0.015624   0.0151087  0.01259461 0.002812   0.09021739
 0.         0.00832609 0.0051087  0.00021739 0.         0.00851531
 0.00040661 0.0118913 ]
	[RESULT 5] [0.01051531 0.015624   0.0151087  0.01259461 0.002812   0.09021739
 0.         0.00832609 0.0051087  0.00021739 0.         0.00851531
 0.00040661 0.0118913 ]
	[RESULT 6] [0.01051531 0.015624   0.0151087  0.01259461 0.002812   0.09021739
 0.         0.00832609 0.0051087  0.00021739 0.         0.00851531
 0.00040661 0.0118913 ]
	[RESULT 7] [0.01051531 0.015624   0.0151087  0.01259461 0.002812   0.09021739
 0.         0.00832609 0.0051087  0.00021739 0.         0.00851531
 0.00040661 0.0118913 ]
	[RESULT 8] [0.01051531 0.015624   0.0151087  0.01259461 0.002812   0.09021739
 0.         0.00832609 0.0051087  0.00021739 0.         0.00851531
 0.00040661 0.0118913 ]
	[RESULT 9] [0.01051531 0.015624   0.0151087  0.01259461 0.002812   0.09021739
 0.         0.00832609 0.0051087  0.00021739 0.         0.00851531
 0.00040661 0.0118913 ]
	[RESULT 10] [0.01051531 0.015624   0.0151087  0.01259461 0.002812   0.09021739
 0.         0.00832609 0.0051087  0.00021739 0.         0.00851531
 0.00040661 0.0118913 ]
	[RESULT 11] [0.01051531 0.015624   0.0151087  0.01259461 0.002812   0.09021739
 0.         0.00982609 0.0051087  0.00021739 0.         0.01001531
 0.00040661 0.0103913 ]
	[RESULT 12] [0.01051531 0.015624   0.0151087  0.01259461 0.002812   0.09021739
 0.         0.00832609 0.0051087  0.00021739 0.         0.00851531
 0.00040661 0.0118913 ]
	[RESULT 13] [0.01051531 0.015624   0.0151087  0.01259461 0.002812   0.09021739
 0.         0.00832609 0.0051087  0.00021739 0.         0.00851531
 0.00040661 0.0118913 ]
	[RESULT 14] [0.01051531 0.015624   0.0151087  0.01259461 0.002812   0.09021739
 0.         0.00832609 0.0051087  0.00021739 0.         0.00851531
 0.00040661 0.0118913 ]
	[RESULT 15] [0.01051531 0.015624   0.0151087  0.01259461 0.002812   0.09021739
 0.         0.00832609 0.0051087  0.00021739 0.         0.00851531
 0.00040661 0.0118913 ]
	[RESULT 16] [0.01051531 0.015624   0.0151087  0.01259461 0.002812   0.09021739
 0.         0.00832609 0.0051087  0.00021739 0.         0.00851531
 0.00040661 0.0118913 ]
	[RESULT 17] [0.01051531 0.015624   0.0151087  0.01259461 0.002812   0.09021739
 0.         0.00832609 0.0051087  0.00021739 0.         0.00851531
 0.00040661 0.0118913 ]
	[RESULT 18] [0.01051531 0.015624   0.0151087  0.01259461 0.002812   0.09021739
 0.         0.00832609 0.0051087  0.00021739 0.         0.00851531
 0.00040661 0.0118913 ]
	[RESULT 19] [0.01051531 0.015624   0.0151087  0.01259461 0.002812   0.09021739
 0.         0.00832609 0.0051087  0.00021739 0.         0.00851531
 0.00040661 0.0118913 ]
	[RESULT 20] [0.01051531 0.015624   0.0151087  0.01259461 0.002812   0.09021739
 0.         0.00832609 0.0051087  0.00021739 0.         0.00851531
 0.00040661 0.0118913 ]
	[RESULT 21] [0.01051531 0.015624   0.0151087  0.01259461 0.002812   0.09021739
 0.         0.00832609 0.0051087  0.00021739 0.         0.00851531
 0.00040661 0.0118913 ]
	[RESULT 22] [0.01051531 0.015624   0.0151087  0.01259461 0.002812   0.09021739
 0.         0.00832609 0.0051087  0.00021739 0.         0.00851531
 0.00040661 0.0118913 ]
	[RESULT 23] [0.01051531 0.015624   0.0151087  0.01259461 0.002812   0.09021739
 0.         0.00832609 0.0051087  0.00021739 0.         0.00851531
 0.00040661 0.0118913 ]
	[RESULT 24] [0.01051531 0.015624   0.0151087  0.01259461 0.002812   0.09021739
 0.         0.00832609 0.0051087  0.00021739 0.         0.00851531
 0.00040661 0.0118913 ]
	[RESULT 25] [0.01051531 0.015624   0.0151087  0.01259461 0.002812   0.09021739
 0.         0.00932609 0.0051087  0.00021739 0.         0.00951531
 0.00040661 0.0108913 ]
	[RESULT 26] [0.01051531 0.015624   0.0151087  0.01259461 0.002812   0.09021739
 0.         0.00832609 0.0051087  0.00021739 0.         0.00851531
 0.00040661 0.0118913 ]
	[RESULT 27] [0.01051531 0.015624   0.0151087  0.01259461 0.002812   0.09021739
 0.         0.00832609 0.0051087  0.00021739 0.         0.00851531
 0.00040661 0.0118913 ]
	[RESULT 28] [0.01051531 0.015624   0.0151087  0.01259461 0.002812   0.09021739
 0.         0.00832609 0.0051087  0.00021739 0.         0.00851531
 0.00040661 0.0118913 ]
	[RESULT 29] [0.01051531 0.015624   0.0151087  0.01259461 0.002812   0.09021739
 0.         0.00832609 0.0051087  0.00021739 0.         0.00851531
 0.00040661 0.0118913 ]
	[RESULT 30] [0.01051531 0.015624   0.0151087  0.01259461 0.002812   0.09021739
 0.         0.00832609 0.0051087  0.00021739 0.         0.00851531
 0.00040661 0.0118913 ]
	[RESULT 31] [0.01051531 0.015624   0.0151087  0.01259461 0.002812   0.09021739
 0.         0.00832609 0.0051087  0.00021739 0.         0.00851531
 0.00040661 0.0118913 ]
	[RESULT 32] [0.01051531 0.015624   0.0151087  0.01259461 0.002812   0.09021739
 0.         0.00832609 0.0051087  0.00021739 0.         0.00851531
 0.00040661 0.0118913 ]
	[RESULT 33] [0.01051531 0.015624   0.0151087  0.01259461 0.002812   0.09021739
 0.         0.00832609 0.0051087  0.00021739 0.         0.00851531
 0.00040661 0.0118913 ]
	[RESULT 34] [0.01051531 0.015624   0.0151087  0.01259461 0.002812   0.09021739
 0.         0.00832609 0.0051087  0.00021739 0.         0.00851531
 0.00040661 0.0118913 ]
	[RESULT 35] [0.01051531 0.015624   0.0151087  0.01259461 0.002812   0.09021739
 0.         0.00832609 0.0051087  0.00021739 0.         0.00851531
 0.00040661 0.0118913 ]
	[RESULT 36] [0.01051531 0.015624   0.0151087  0.01259461 0.002812   0.09021739
 0.         0.00832609 0.0051087  0.00021739 0.         0.00851531
 0.00040661 0.0118913 ]
	[RESULT 37] [0.01051531 0.015624   0.0151087  0.01259461 0.002812   0.09021739
 0.         0.00832609 0.0051087  0.00021739 0.         0.00851531
 0.00040661 0.0118913 ]
	[RESULT 38] [0.01051531 0.015624   0.0151087  0.01259461 0.002812   0.09021739
 0.         0.00832609 0.0051087  0.00021739 0.         0.00851531
 0.00040661 0.0118913 ]
	[RESULT 39] [0.01051531 0.015624   0.0151087  0.01259461 0.002812   0.09021739
 0.         0.00832609 0.0051087  0.00021739 0.         0.00851531
 0.00040661 0.0118913 ]
