[METRICS]
	[DISEQUILIBRIUM COUNT] 0
[VARIABLES]
	[RESULT 1] [0 9.784988411529582 1 1 14 1000.2379617525563 1]
	[RESULT 2] [0 9.404009500083324 1 1 14 1000.091662719833 1]
	[RESULT 3] [0 9.405629142090865 1 1 14 1000.0068793785005 1]
	[RESULT 4] [0 9.10727688943487 1 1 14 1018.3593150332651 1]
	[RESULT 5] [0 9.405629142090865 1 1 14 1000.0068793785005 1]
	[RESULT 6] [0 8.925892269377492 1 1 14 1102.3895142240299 1]
	[RESULT 7] [0 8.87952188779942 1 1 14 1000.3016657603083 1]
	[RESULT 8] [0 9.405629142090865 1 1 14 1000.0068793785005 1]
	[RESULT 9] [0 9.405629142090865 1 1 14 1000.0068793785005 1]
	[RESULT 10] [0 8.87952188779942 1 1 14 1000.3016657603083 1]
	[RESULT 11] [0 9.689770281669238 1 1 13 1000.0578509745832 1]
	[RESULT 12] [0 8.925892269377492 1 1 14 1102.3895142240299 1]
	[RESULT 13] [0 9.405629142090865 1 1 14 1000.0068793785005 1]
	[RESULT 14] [0 10.950615179094122 1 1 14 1079.7380787758627 1]
	[RESULT 15] [0 8.87952188779942 1 1 14 1000.3016657603083 1]
	[RESULT 16] [0 9.214652268994818 1 1 13 1000.00663909714 1]
	[RESULT 17] [0 9.214652268994818 1 1 13 1000.00663909714 1]
	[RESULT 18] [0 9.25947287573027 1 1 14 1000.1111265430509 1]
	[RESULT 19] [0 9.433670542398513 1 1 18 1000.0053089570033 1]
	[RESULT 20] [0 9.403742231465293 1 1 13 1000.00663909714 1]
	[RESULT 21] [0 27.98280953540423 1 1 14 1001.482319874748 2]
	[RESULT 22] [0 10.444029715850634 1 1 14 1000.0813802650591 1]
	[RESULT 23] [0 10.439886920452892 1 1 14 1000.2902646270865 1]
	[RESULT 24] [0 10.446680785869667 1 1 14 1000.1047574851415 1]
	[RESULT 25] [0 9.433670542398513 1 1 18 1000.0053089570033 1]
	[RESULT 26] [0 10.105578043300232 1 1 14 1000.2902646270865 1]
	[RESULT 27] [0 27.98280953540423 1 1 14 1001.482319874748 2]
	[RESULT 28] [0 8.970067155329394 1 1 15 1000.0323561396071 1]
	[RESULT 29] [0 9.202811328069119 1 1 14 1000.00663909714 1]
	[RESULT 30] [0 8.970067155329394 1 1 15 1000.0323561396071 1]
	[RESULT 31] [0 9.433670542398513 1 1 18 1000.0053089570033 1]
	[RESULT 32] [0 9.403742231465293 1 1 13 1000.00663909714 1]
	[RESULT 33] [0 8.970067155329394 1 1 15 1000.0323561396071 1]
	[RESULT 34] [0 8.608347128710033 1 1 14 1004.3364591543587 1]
	[RESULT 35] [0 9.434586721915519 1 1 13 1000.00663909714 1]
	[RESULT 36] [0 9.2098783608921 1 1 15 1000.0050776678315 1]
	[RESULT 37] [0 9.433670542398513 1 1 18 1000.0053089570033 1]
	[RESULT 38] [0 9.43543743583473 1 1 14 1000.0859378597507 1]
	[RESULT 39] [0 9.005695554102157 1 1 14 1000.1111265430509 1]
	[RESULT 40] [0 9.25947287573027 1 1 14 1000.1111265430509 1]
	[RESULT 41] [0 9.211445956713137 1 1 14 1000.0066927046332 1]
	[RESULT 42] [0 9.433670542398513 1 1 18 1000.0053089570033 1]
	[RESULT 43] [0 9.433670542398513 1 1 18 1000.0053089570033 1]
	[RESULT 44] [0 9.433670542398513 1 1 18 1000.0053089570033 1]
	[RESULT 45] [0 11.164273117511835 1 1 14 1000.2902646270865 1]
	[RESULT 46] [0 9.2098783608921 1 1 15 1000.0050776678315 1]
	[RESULT 47] [0 9.14741916887262 1 1 14 1000.0655970919363 1]
	[RESULT 48] [0 8.921104433759915 1 1 14 1001.4690005495657 1]
	[RESULT 49] [0 9.200282659507613 1 1 14 1000.00663909714 1]
	[RESULT 50] [0 19.9674555976299 1 1 14 1000.0577592818638 1]
	[RESULT 51] [0 9.10490702104962 1 1 14 1000.179148151699 1]
	[RESULT 52] [0 9.10490702104962 1 1 14 1000.179148151699 1]
	[RESULT 53] [0 9.10490702104962 1 1 14 1000.179148151699 1]
	[RESULT 54] [0 9.2098783608921 1 1 15 1000.0050776678315 1]
	[RESULT 55] [0 9.005695554102157 1 1 14 1000.1111265430509 1]
	[RESULT 56] [0 9.346238080701285 1 1 14 1000.0279466283216 1]
	[RESULT 57] [0 9.211351254534947 1 1 14 1000.0031560172453 1]
	[RESULT 58] [0 9.346238080701285 1 1 14 1000.0279466283216 1]
	[RESULT 59] [0 9.433670542398513 1 1 14 1000.0053089570033 1]
	[RESULT 60] [0 9.433670542398513 1 1 18 1000.0053089570033 1]
	[RESULT 61] [0 10.368656499199487 1 1 14 1003.560178559556 1]
	[RESULT 62] [0 9.346238080701285 1 1 14 1000.0279466283216 1]
	[RESULT 63] [0 9.433537877665417 1 1 17 1000.0053089570033 1]
	[RESULT 64] [0 9.433537877665417 1 1 17 1000.0053089570033 1]
	[RESULT 65] [0 9.10490702104962 1 1 14 1000.179148151699 1]
	[RESULT 66] [0 9.43538588079308 1 1 15 1000.1111373648953 1]
	[RESULT 67] [0 8.090848861203305 1 1 15 1141.4954930676076 2]
	[RESULT 68] [0 8.431532040768808 1 1 12 1000.1111265430509 1]
	[RESULT 69] [0 7.187074378724949 1 1 14 1018.0875039606923 1]
	[RESULT 70] [0 8.440085113037153 1 1 14 1002.9996577497682 1]
	[RESULT 71] [0 6.627074220556875 1 1 15 1000.1471365832883 1]
	[RESULT 72] [0 7.886088249067733 1 1 15 1200.7748690890585 1]
	[RESULT 73] [0 10.905480538443626 1 1 15 1017.391831800218 3]
	[RESULT 74] [0 6.698642488827874 1 1 14 1000.0147816579794 1]
	[RESULT 75] [0 7.886088249067733 1 1 15 1200.7748690890585 1]
	[RESULT 76] [0 8.424322698854581 1 1 14 1001.3697715063129 1]
	[RESULT 77] [0 7.421734859251913 1 1 14 1001.2210950651245 1]
	[RESULT 78] [0 7.886088249067733 1 1 15 1200.7748690890585 1]
	[RESULT 79] [0 9.005695554102157 1 1 14 1000.1111265430509 1]
	[RESULT 80] [0 9.405629142090865 1 1 14 1000.0068793785005 1]
	[RESULT 81] [0 9.431694182147687 1 1 12 1000.1111265430509 1]
	[RESULT 82] [0 9.25947287573027 1 1 14 1000.1111265430509 1]
	[RESULT 83] [0 9.434774776436607 1 1 12 1000.00663909714 1]
	[RESULT 84] [0 9.434774776436607 1 1 12 1000.00663909714 1]
	[RESULT 85] [0 10.445443903363126 1 1 14 1003.560178559556 1]
	[RESULT 86] [0 9.41573099860899 1 1 14 1000.2885551008981 1]
	[RESULT 87] [0 9.434774776436607 1 1 12 1000.00663909714 1]
	[RESULT 88] [0 9.434774776436607 1 1 12 1000.00663909714 1]
	[RESULT 89] [0 9.210562107303698 1 1 15 1000.0050776678315 1]
	[RESULT 90] [0 9.688026711184516 1 1 14 1000.2902646270865 1]
	[RESULT 91] [0 7.470213421816722 1 1 14 1000.0050776678315 1]
	[RESULT 92] [0 9.434203032267412 1 1 12 1000.00663909714 1]
[OBJECTIVES]
	[RESULT 1] [0.01127093 0.01713524 0.01586431 0.01183901 0.00356762 0.09172861
 0.         0.00790708 0.00586431 0.00172861 0.         0.01077093
 0.00040663 0.00963569]
	[RESULT 2] [0.01133186 0.0172571  0.01592524 0.01177807 0.00362855 0.09185048
 0.         0.00772428 0.00592524 0.00185048 0.         0.01083186
 0.00040662 0.00957476]
	[RESULT 3] [0.01133157 0.01725654 0.01592496 0.01177834 0.00362827 0.09184992
 0.         0.00772511 0.00592496 0.00184992 0.         0.01083157
 0.00040661 0.00957504]
	[RESULT 4] [0.01138687 0.01736586 0.015979   0.01172494 0.00368293 0.09195799
 0.         0.00756301 0.005979   0.00195799 0.         0.01088687
 0.00040787 0.009521  ]
	[RESULT 5] [0.01133157 0.01725654 0.01592496 0.01177834 0.00362827 0.09184992
 0.         0.00772511 0.00592496 0.00184992 0.         0.01083157
 0.00040661 0.00957504]
	[RESULT 6] [0.01142889 0.01744394 0.01601504 0.01169188 0.00372197 0.09203009
 0.         0.00745487 0.00601504 0.00203009 0.         0.01092889
 0.00041385 0.00948496]
	[RESULT 7] [0.01143132 0.01745601 0.01602469 0.01167863 0.00372801 0.09204938
 0.         0.00742593 0.00602469 0.00204938 0.         0.01093132
 0.00040663 0.00947531]
	[RESULT 8] [0.01133157 0.01725654 0.01592496 0.01177834 0.00362827 0.09184992
 0.         0.00772511 0.00592496 0.00184992 0.         0.01083157
 0.00040661 0.00957504]
	[RESULT 9] [0.01133157 0.01725654 0.01592496 0.01177834 0.00362827 0.09184992
 0.         0.00772511 0.00592496 0.00184992 0.         0.01083157
 0.00040661 0.00957504]
	[RESULT 10] [0.01143132 0.01745601 0.01602469 0.01167863 0.00372801 0.09204938
 0.         0.00742593 0.00602469 0.00204938 0.         0.01093132
 0.00040663 0.00947531]
	[RESULT 11] [0.01128539 0.01716416 0.01587877 0.01182454 0.00358208 0.09175754
 0.         0.00786369 0.00587877 0.00175754 0.         0.01078539
 0.00040662 0.00962123]
	[RESULT 12] [0.01142889 0.01744394 0.01601504 0.01169188 0.00372197 0.09203009
 0.         0.00745487 0.00601504 0.00203009 0.         0.01092889
 0.00041385 0.00948496]
	[RESULT 13] [0.01133157 0.01725654 0.01592496 0.01177834 0.00362827 0.09184992
 0.         0.00772511 0.00592496 0.00184992 0.         0.01083157
 0.00040661 0.00957504]
	[RESULT 14] [0.01113157 0.01685093 0.01571936 0.01198674 0.00342546 0.09143872
 0.         0.00834192 0.00571936 0.00143872 0.         0.01063157
 0.00041221 0.00978064]
	[RESULT 15] [0.01143132 0.01745601 0.01602469 0.01167863 0.00372801 0.09204938
 0.         0.00742593 0.00602469 0.00204938 0.         0.01093132
 0.00040663 0.00947531]
	[RESULT 16] [0.01136545 0.01732429 0.01595884 0.01174447 0.00366214 0.09191767
 0.         0.00762349 0.00595884 0.00191767 0.         0.01086545
 0.00040661 0.00954116]
	[RESULT 17] [0.01136545 0.01732429 0.01595884 0.01174447 0.00366214 0.09191767
 0.         0.00762349 0.00595884 0.00191767 0.         0.01086545
 0.00040661 0.00954116]
	[RESULT 18] [0.01135728 0.01730795 0.01595067 0.01175264 0.00365398 0.09190133
 0.         0.007648   0.00595067 0.00190133 0.         0.01085728
 0.00040662 0.00954933]
	[RESULT 19] [0.0113268  0.01724699 0.01592019 0.01178312 0.00362349 0.09184038
 0.         0.00773944 0.00592019 0.00184038 0.         0.0108268
 0.00040661 0.00957981]
	[RESULT 20] [0.0113319  0.01725718 0.01592528 0.01177802 0.00362859 0.09185057
 0.         0.00772415 0.00592528 0.00185057 0.         0.0108319
 0.00040661 0.00957472]
	[RESULT 21] [0.01061722 0.0158257  0.01520848 0.01249588 0.00291285 0.09041697
 0.         0.00987455 0.00520848 0.00041697 0.         0.01011722
 0.00040873 0.01029152]
	[RESULT 22] [0.01118253 0.01695844 0.01577591 0.0119274  0.00347922 0.09155182
 0.         0.00817226 0.00577591 0.00155182 0.         0.01068253
 0.00040662 0.00972409]
	[RESULT 23] [0.01118304 0.01695945 0.01577641 0.0119269  0.00347973 0.09155282
 0.         0.00817077 0.00577641 0.00155282 0.         0.01068304
 0.00040663 0.00972359]
	[RESULT 24] [0.01118221 0.0169578  0.01577559 0.01192772 0.0034789  0.09155119
 0.         0.00817322 0.00577559 0.00155119 0.         0.01068221
 0.00040662 0.00972441]
	[RESULT 25] [0.0113268  0.01724699 0.01592019 0.01178312 0.00362349 0.09184038
 0.         0.00773944 0.00592019 0.00184038 0.         0.0108268
 0.00040661 0.00957981]
	[RESULT 26] [0.01122555 0.01704448 0.01581892 0.01188439 0.00352224 0.09163785
 0.         0.00804323 0.00581892 0.00163785 0.         0.01072555
 0.00040663 0.00968108]
	[RESULT 27] [0.01061722 0.0158257  0.01520848 0.01249588 0.00291285 0.09041697
 0.         0.00987455 0.00520848 0.00041697 0.         0.01011722
 0.00040873 0.01029152]
	[RESULT 28] [0.01141264 0.01741866 0.01600602 0.01169728 0.00370933 0.09201205
 0.         0.00748193 0.00600602 0.00201205 0.         0.01091264
 0.00040661 0.00949398]
	[RESULT 29] [0.01136763 0.01732865 0.01596102 0.01174229 0.00366432 0.09192204
 0.         0.00761694 0.00596102 0.00192204 0.         0.01086763
 0.00040661 0.00953898]
	[RESULT 30] [0.01141264 0.01741866 0.01600602 0.01169728 0.00370933 0.09201205
 0.         0.00748193 0.00600602 0.00201205 0.         0.01091264
 0.00040661 0.00949398]
	[RESULT 31] [0.0113268  0.01724699 0.01592019 0.01178312 0.00362349 0.09184038
 0.         0.00773944 0.00592019 0.00184038 0.         0.0108268
 0.00040661 0.00957981]
	[RESULT 32] [0.0113319  0.01725718 0.01592528 0.01177802 0.00362859 0.09185057
 0.         0.00772415 0.00592528 0.00185057 0.         0.0108319
 0.00040661 0.00957472]
	[RESULT 33] [0.01141264 0.01741866 0.01600602 0.01169728 0.00370933 0.09201205
 0.         0.00748193 0.00600602 0.00201205 0.         0.01091264
 0.00040661 0.00949398]
	[RESULT 34] [0.0114919  0.01757688 0.01608499 0.01161847 0.00378844 0.09216998
 0.         0.00724504 0.00608499 0.00216998 0.         0.0109919
 0.00040691 0.00941501]
	[RESULT 35] [0.01132665 0.01724668 0.01592003 0.01178327 0.00362334 0.09184007
 0.         0.0077399  0.00592003 0.00184007 0.         0.01082665
 0.00040661 0.00957997]
	[RESULT 36] [0.01136633 0.01732604 0.01595972 0.01174359 0.00366302 0.09191943
 0.         0.00762085 0.00595972 0.00191943 0.         0.01086633
 0.00040661 0.00954028]
	[RESULT 37] [0.0113268  0.01724699 0.01592019 0.01178312 0.00362349 0.09184038
 0.         0.00773944 0.00592019 0.00184038 0.         0.0108268
 0.00040661 0.00957981]
	[RESULT 38] [0.01132651 0.0172464  0.01591989 0.01178342 0.0036232  0.09183978
 0.         0.00774033 0.00591989 0.00183978 0.         0.01082651
 0.00040662 0.00958011]
	[RESULT 39] [0.01140548 0.01740434 0.01599886 0.01170445 0.00370217 0.09199772
 0.         0.00750341 0.00599886 0.00199772 0.         0.01090548
 0.00040662 0.00950114]
	[RESULT 40] [0.01135728 0.01730795 0.01595067 0.01175264 0.00365398 0.09190133
 0.         0.007648   0.00595067 0.00190133 0.         0.01085728
 0.00040662 0.00954933]
	[RESULT 41] [0.01136604 0.01732547 0.01595943 0.01174388 0.00366273 0.09191885
 0.         0.00762172 0.00595943 0.00191885 0.         0.01086604
 0.00040661 0.00954057]
	[RESULT 42] [0.0113268  0.01724699 0.01592019 0.01178312 0.00362349 0.09184038
 0.         0.00773944 0.00592019 0.00184038 0.         0.0108268
 0.00040661 0.00957981]
	[RESULT 43] [0.0113268  0.01724699 0.01592019 0.01178312 0.00362349 0.09184038
 0.         0.00773944 0.00592019 0.00184038 0.         0.0108268
 0.00040661 0.00957981]
	[RESULT 44] [0.0113268  0.01724699 0.01592019 0.01178312 0.00362349 0.09184038
 0.         0.00773944 0.00592019 0.00184038 0.         0.0108268
 0.00040661 0.00957981]
	[RESULT 45] [0.01110454 0.01680245 0.01569791 0.01200541 0.00340122 0.09139582
 0.         0.00840628 0.00569791 0.00139582 0.         0.01060454
 0.00040663 0.00980209]
	[RESULT 46] [0.01136633 0.01732604 0.01595972 0.01174359 0.00366302 0.09191943
 0.         0.00762085 0.00595972 0.00191943 0.         0.01086633
 0.00040661 0.00954028]
	[RESULT 47] [0.01137798 0.01734934 0.01597136 0.01173195 0.00367467 0.09194272
 0.         0.00758592 0.00597136 0.00194272 0.         0.01087798
 0.00040662 0.00952864]
	[RESULT 48] [0.01142274 0.01743878 0.01601603 0.01168732 0.00371939 0.09203206
 0.         0.0074519  0.00601603 0.00203206 0.         0.01092274
 0.00040671 0.00948397]
	[RESULT 49] [0.0113681  0.01732958 0.01596149 0.01174182 0.00366479 0.09192297
 0.         0.00761554 0.00596149 0.00192297 0.         0.0108681
 0.00040661 0.00953851]
	[RESULT 50] [0.01071975 0.01603289 0.01531314 0.01239017 0.00301644 0.09062627
 0.         0.00956059 0.00531314 0.00062627 0.         0.01021975
 0.00040662 0.01018686]
	[RESULT 51] [0.01138607 0.01736552 0.01597945 0.01172386 0.00368276 0.0919589
 0.         0.00756165 0.00597945 0.0019589  0.         0.01088607
 0.00040662 0.00952055]
	[RESULT 52] [0.01138607 0.01736552 0.01597945 0.01172386 0.00368276 0.0919589
 0.         0.00756165 0.00597945 0.0019589  0.         0.01088607
 0.00040662 0.00952055]
	[RESULT 53] [0.01138607 0.01736552 0.01597945 0.01172386 0.00368276 0.0919589
 0.         0.00756165 0.00597945 0.0019589  0.         0.01088607
 0.00040662 0.00952055]
	[RESULT 54] [0.01136633 0.01732604 0.01595972 0.01174359 0.00366302 0.09191943
 0.         0.00762085 0.00595972 0.00191943 0.         0.01086633
 0.00040661 0.00954028]
	[RESULT 55] [0.01140548 0.01740434 0.01599886 0.01170445 0.00370217 0.09199772
 0.         0.00750341 0.00599886 0.00199772 0.         0.01090548
 0.00040662 0.00950114]
	[RESULT 56] [0.01134185 0.01727709 0.01593524 0.01176807 0.00363854 0.09187047
 0.         0.00769429 0.00593524 0.00187047 0.         0.01084185
 0.00040661 0.00956476]
	[RESULT 57] [0.01136606 0.0173255  0.01595944 0.01174386 0.00366275 0.09191889
 0.         0.00762167 0.00595944 0.00191889 0.         0.01086606
 0.00040661 0.00954056]
	[RESULT 58] [0.01134185 0.01727709 0.01593524 0.01176807 0.00363854 0.09187047
 0.         0.00769429 0.00593524 0.00187047 0.         0.01084185
 0.00040661 0.00956476]
	[RESULT 59] [0.0113268  0.01724699 0.01592019 0.01178312 0.00362349 0.09184038
 0.         0.00773944 0.00592019 0.00184038 0.         0.0108268
 0.00040661 0.00957981]
	[RESULT 60] [0.0113268  0.01724699 0.01592019 0.01178312 0.00362349 0.09184038
 0.         0.00773944 0.00592019 0.00184038 0.         0.0108268
 0.00040661 0.00957981]
	[RESULT 61] [0.01119195 0.01697704 0.01578509 0.01191833 0.00348852 0.09157019
 0.         0.00814472 0.00578509 0.00157019 0.         0.01069195
 0.00040686 0.00971491]
	[RESULT 62] [0.01134185 0.01727709 0.01593524 0.01176807 0.00363854 0.09187047
 0.         0.00769429 0.00593524 0.00187047 0.         0.01084185
 0.00040661 0.00956476]
	[RESULT 63] [0.01132682 0.01724703 0.01592021 0.0117831  0.00362352 0.09184042
 0.         0.00773937 0.00592021 0.00184042 0.         0.01082682
 0.00040661 0.00957979]
	[RESULT 64] [0.01132682 0.01724703 0.01592021 0.0117831  0.00362352 0.09184042
 0.         0.00773937 0.00592021 0.00184042 0.         0.01082682
 0.00040661 0.00957979]
	[RESULT 65] [0.01138607 0.01736552 0.01597945 0.01172386 0.00368276 0.0919589
 0.         0.00756165 0.00597945 0.0019589  0.         0.01088607
 0.00040662 0.00952055]
	[RESULT 66] [0.01132652 0.01724641 0.0159199  0.01178341 0.00362321 0.0918398
 0.         0.00774031 0.0059199  0.0018398  0.         0.01082652
 0.00040662 0.0095801 ]
	[RESULT 67] [0.01164101 0.01786325 0.01622224 0.01148714 0.00393163 0.09244448
 0.         0.00683328 0.00622224 0.00244448 0.         0.01114101
 0.00041877 0.00927776]
	[RESULT 68] [0.0115349  0.01766318 0.01612828 0.01157503 0.00383159 0.09225656
 0.         0.00711517 0.00612828 0.00225656 0.         0.0110349
 0.00040662 0.00937172]
	[RESULT 69] [0.01197669 0.01854553 0.01656884 0.01113509 0.00427276 0.09313767
 0.         0.00579349 0.00656884 0.00313767 0.         0.01147669
 0.00040785 0.00893116]
	[RESULT 70] [0.01153292 0.01765903 0.0161261  0.0115773  0.00382951 0.09225221
 0.         0.00712169 0.0061261  0.00225221 0.         0.01103292
 0.00040682 0.0093739 ]
	[RESULT 71] [0.01230988 0.01921314 0.01690326 0.01080005 0.00460657 0.09380652
 0.         0.00479023 0.00690326 0.00380652 0.         0.01180988
 0.00040662 0.00859674]
	[RESULT 72] [0.01170794 0.01799458 0.01628664 0.01142401 0.00399729 0.09257328
 0.         0.00664008 0.00628664 0.00257328 0.         0.01120794
 0.0004213  0.00921336]
	[RESULT 73] [0.01113595 0.01686001 0.01572406 0.01198188 0.00343001 0.09144813
 0.         0.00832781 0.00572406 0.00144813 0.         0.01063595
 0.00041189 0.00977594]
	[RESULT 74] [0.0122594  0.01911218 0.01685278 0.01085052 0.00455609 0.09370557
 0.         0.00494165 0.00685278 0.00370557 0.         0.0117594
 0.00040661 0.00864722]
	[RESULT 75] [0.01170794 0.01799458 0.01628664 0.01142401 0.00399729 0.09257328
 0.         0.00664008 0.00628664 0.00257328 0.         0.01120794
 0.0004213  0.00921336]
	[RESULT 76] [0.01153682 0.01766694 0.01613012 0.01157324 0.00383347 0.09226023
 0.         0.00710965 0.00613012 0.00226023 0.         0.01103682
 0.00040671 0.00936988]
	[RESULT 77] [0.01186794 0.01832919 0.01646125 0.0112421  0.00416459 0.09292249
 0.         0.00611626 0.00646125 0.00292249 0.         0.01136794
 0.0004067  0.00903875]
	[RESULT 78] [0.01170794 0.01799458 0.01628664 0.01142401 0.00399729 0.09257328
 0.         0.00664008 0.00628664 0.00257328 0.         0.01120794
 0.0004213  0.00921336]
	[RESULT 79] [0.01140548 0.01740434 0.01599886 0.01170445 0.00370217 0.09199772
 0.         0.00750341 0.00599886 0.00199772 0.         0.01090548
 0.00040662 0.00950114]
	[RESULT 80] [0.01133157 0.01725654 0.01592496 0.01177834 0.00362827 0.09184992
 0.         0.00772511 0.00592496 0.00184992 0.         0.01083157
 0.00040661 0.00957504]
	[RESULT 81] [0.01132714 0.01724767 0.01592052 0.01178279 0.00362383 0.09184105
 0.         0.00773843 0.00592052 0.00184105 0.         0.01082714
 0.00040662 0.00957948]
	[RESULT 82] [0.01135728 0.01730795 0.01595067 0.01175264 0.00365398 0.09190133
 0.         0.007648   0.00595067 0.00190133 0.         0.01085728
 0.00040662 0.00954933]
	[RESULT 83] [0.01132661 0.01724661 0.01592    0.0117833  0.00362331 0.09184
 0.         0.00774    0.00592    0.00184    0.         0.01082661
 0.00040661 0.00958   ]
	[RESULT 84] [0.01132661 0.01724661 0.01592    0.0117833  0.00362331 0.09184
 0.         0.00774    0.00592    0.00184    0.         0.01082661
 0.00040661 0.00958   ]
	[RESULT 85] [0.0111826  0.01695834 0.01577574 0.01192769 0.00347917 0.09155148
 0.         0.00817277 0.00577574 0.00155148 0.         0.0106826
 0.00040686 0.00972426]
	[RESULT 86] [0.01132987 0.0172531  0.01592324 0.01178008 0.00362655 0.09184647
 0.         0.00773029 0.00592324 0.00184647 0.         0.01082987
 0.00040663 0.00957676]
	[RESULT 87] [0.01132661 0.01724661 0.01592    0.0117833  0.00362331 0.09184
 0.         0.00774    0.00592    0.00184    0.         0.01082661
 0.00040661 0.00958   ]
	[RESULT 88] [0.01132661 0.01724661 0.01592    0.0117833  0.00362331 0.09184
 0.         0.00774    0.00592    0.00184    0.         0.01082661
 0.00040661 0.00958   ]
	[RESULT 89] [0.0113662  0.01732579 0.01595959 0.01174372 0.0036629  0.09191918
 0.         0.00762123 0.00595959 0.00191918 0.         0.0108662
 0.00040661 0.00954041]
	[RESULT 90] [0.01128567 0.01716471 0.01587904 0.01182428 0.00358236 0.09175808
 0.         0.00786288 0.00587904 0.00175808 0.         0.01078567
 0.00040663 0.00962096]
	[RESULT 91] [0.01184745 0.01828828 0.01644083 0.01126247 0.00414414 0.09288167
 0.         0.0061775  0.00644083 0.00288167 0.         0.01134745
 0.00040661 0.00905917]
	[RESULT 92] [0.01132671 0.01724681 0.0159201  0.01178321 0.0036234  0.0918402
 0.         0.00773971 0.0059201  0.0018402  0.         0.01082671
 0.00040661 0.0095799 ]
