[METRICS]
	[DISEQUILIBRIUM COUNT] 0
[VARIABLES]
	[RESULT 1] [0 50.0 1 4 23 1000.000000000016 1]
	[RESULT 2] [0 50.0 1 4 24 1000.000000000016 1]
	[RESULT 3] [0 50.0 1 4 23 1000.000000000016 1]
	[RESULT 4] [0 50.0 1 4 23 1000.000000000016 1]
	[RESULT 5] [0 50.0 1 4 23 1000.000000000016 1]
	[RESULT 6] [0 50.0 1 4 23 1000.000000000016 1]
	[RESULT 7] [0 50.0 1 4 23 1000.000000000016 1]
	[RESULT 8] [0 50.0 1 4 24 1000.000000000016 1]
	[RESULT 9] [0 50.0 1 4 23 1000.000000000016 1]
	[RESULT 10] [0 50.0 1 4 23 1000.000000000016 1]
	[RESULT 11] [0 50.0 1 4 23 1000.000000000016 1]
	[RESULT 12] [0 50.0 1 4 23 1000.000000000016 1]
	[RESULT 13] [0 50.0 1 4 22 1000.0000000000027 1]
	[RESULT 14] [0 50.0 1 4 23 1000.000000000016 1]
	[RESULT 15] [0 50.0 1 4 23 1000.000000000016 1]
	[RESULT 16] [0 50.0 1 4 24 1000.0000000000057 1]
	[RESULT 17] [0 50.0 1 4 20 1000.0000000000434 1]
	[RESULT 18] [0 50.0 1 4 22 1000.0000000000027 1]
	[RESULT 19] [0 50.0 1 4 23 1000.000000000016 1]
	[RESULT 20] [0 50.0 1 2 23 1000.000000000016 1]
	[RESULT 21] [0 50.0 1 1 20 1000.0000000000415 1]
	[RESULT 22] [0 50.0 1 2 23 1000.000000000016 1]
	[RESULT 23] [0 11.597345455175367 1 1 23 1000.0000000419251 1]
	[RESULT 24] [0 12.6446540226212 1 1 23 1000.0000000419251 1]
	[RESULT 25] [0 50.0 1 1 24 1000.0000000000181 1]
	[RESULT 26] [0 50.0 1 4 23 1000.000000000016 1]
	[RESULT 27] [0 50.0 1 4 23 1000.000000000016 1]
	[RESULT 28] [0 50.0 1 4 23 1000.000000000016 1]
	[RESULT 29] [0 50.0 1 4 22 1000.0000000000027 1]
	[RESULT 30] [0 50.0 1 4 22 1000.0000000000027 1]
	[RESULT 31] [0 50.0 1 2 23 1000.000000000016 1]
	[RESULT 32] [0 50.0 1 4 23 1000.000000000016 1]
	[RESULT 33] [0 50.0 1 4 23 1000.000000000016 1]
	[RESULT 34] [0 50.0 1 4 23 1000.000000000016 1]
	[RESULT 35] [0 50.0 1 4 20 1000.0000000000434 1]
	[RESULT 36] [0 50.0 1 4 22 1000.0000000000031 1]
	[RESULT 37] [0 50.0 1 4 22 1000.0000000000031 1]
	[RESULT 38] [0 50.0 1 4 22 1000.0000000000031 1]
	[RESULT 39] [0 11.597345455175367 1 1 23 1000.0000000419251 1]
	[RESULT 40] [0 50.0 1 4 22 1000.0000000000031 1]
	[RESULT 41] [0 50.0 1 4 22 1000.0000000000031 1]
	[RESULT 42] [0 50.0 1 4 23 1000.000000000016 1]
	[RESULT 43] [0 50.0 1 4 23 1000.000000000016 1]
	[RESULT 44] [0 50.0 1 4 23 1000.000000000016 1]
	[RESULT 45] [0 50.0 1 4 23 1000.000000000016 1]
	[RESULT 46] [0 50.0 1 4 23 1000.000000000016 1]
	[RESULT 47] [0 50.0 1 4 23 1000.000000000016 1]
	[RESULT 48] [0 50.0 1 4 20 1000.0000000000434 1]
	[RESULT 49] [0 50.0 1 4 23 1000.000000000016 1]
	[RESULT 50] [0 50.0 1 4 20 1000.0000000000434 1]
	[RESULT 51] [0 50.0 1 4 23 1000.000000000016 1]
	[RESULT 52] [0 50.0 1 4 20 1000.0000000000434 1]
	[RESULT 53] [0 11.478002341520423 1 1 24 1007.3041813024918 1]
	[RESULT 54] [0 50.0 1 4 23 1000.000000000016 1]
	[RESULT 55] [0 50.0 1 4 20 1000.0000000000434 1]
	[RESULT 56] [0 50.0 1 4 20 1000.0000000000434 1]
	[RESULT 57] [0 50.0 1 1 23 1000.0000000000181 1]
	[RESULT 58] [0 50.0 1 4 20 1000.0000000000434 1]
	[RESULT 59] [0 50.0 1 4 23 1000.000000000016 1]
	[RESULT 60] [0 50.0 1 4 20 1000.0000000000434 1]
	[RESULT 61] [0 50.0 1 4 20 1000.0000000000434 1]
	[RESULT 62] [0 50.0 1 4 23 1000.000000000016 1]
	[RESULT 63] [0 50.0 1 4 23 1000.000000000016 1]
	[RESULT 64] [0 50.0 1 4 23 1000.000000000016 1]
	[RESULT 65] [0 50.0 1 4 23 1000.000000000016 1]
	[RESULT 66] [0 50.0 1 4 23 1000.000000000016 1]
	[RESULT 67] [0 50.0 1 4 23 1000.000000000016 1]
	[RESULT 68] [0 50.0 1 4 21 1000.0000000000027 1]
	[RESULT 69] [0 50.0 1 4 23 1000.000000000016 1]
	[RESULT 70] [0 50.0 1 4 20 1000.0000000000434 1]
	[RESULT 71] [0 50.0 1 4 20 1000.0000000000434 1]
	[RESULT 72] [0 50.0 1 4 20 1000.0 1]
	[RESULT 73] [0 50.0 1 4 23 1000.000000000016 1]
	[RESULT 74] [0 8.94388597553552 1 1 22 1000.6312247899631 1]
	[RESULT 75] [0 7.55842957948547 1 1 21 1194.5328787523595 1]
	[RESULT 76] [0 8.673006593713824 1 1 22 1000.6312247899631 1]
	[RESULT 77] [0 8.011267669555076 1 1 21 1000.0000008632428 4]
	[RESULT 78] [0 16.71685076831127 1 1 22 1000.0000000000181 1]
	[RESULT 79] [0 8.672452575482016 1 1 19 1000.6319576808306 1]
	[RESULT 80] [0 6.959764023949918 1 1 19 1000.0000000202455 1]
	[RESULT 81] [0 8.011267669555076 1 1 21 1000.0000008632428 4]
	[RESULT 82] [0 9.063377614387885 1 1 17 1002.4427352944826 1]
	[RESULT 83] [0 8.433135325492723 1 1 21 1000.0000532805874 1]
	[RESULT 84] [0 50.0 1 4 23 1000.000000000016 1]
	[RESULT 85] [0 50.0 1 4 23 1000.000000000016 1]
	[RESULT 86] [0 50.0 1 4 22 1000.0000000000027 1]
	[RESULT 87] [0 50.0 1 4 22 1000.0000000000027 1]
	[RESULT 88] [0 50.0 1 4 21 1000.0000000000434 1]
	[RESULT 89] [0 50.0 1 4 22 1000.0000000000031 1]
	[RESULT 90] [0 50.0 1 4 23 1000.000000000016 1]
	[RESULT 91] [0 50.0 1 4 20 1000.0000000000434 1]
	[RESULT 92] [0 7.619052472787667 1 1 22 1000.0000000100313 1]
	[RESULT 93] [0 50.0 1 4 23 1000.000000000016 1]
[OBJECTIVES]
	[RESULT 1] [0.01051531 0.015624   0.0151087  0.01259461 0.002812   0.09021739
 0.         0.00832609 0.0051087  0.00021739 0.         0.00851531
 0.00040661 0.0118913 ]
	[RESULT 2] [0.01051531 0.015624   0.0151087  0.01259461 0.002812   0.09021739
 0.         0.00832609 0.0051087  0.00021739 0.         0.00851531
 0.00040661 0.0118913 ]
	[RESULT 3] [0.01051531 0.015624   0.0151087  0.01259461 0.002812   0.09021739
 0.         0.00832609 0.0051087  0.00021739 0.         0.00851531
 0.00040661 0.0118913 ]
	[RESULT 4] [0.01051531 0.015624   0.0151087  0.01259461 0.002812   0.09021739
 0.         0.00832609 0.0051087  0.00021739 0.         0.00851531
 0.00040661 0.0118913 ]
	[RESULT 5] [0.01051531 0.015624   0.0151087  0.01259461 0.002812   0.09021739
 0.         0.00832609 0.0051087  0.00021739 0.         0.00851531
 0.00040661 0.0118913 ]
	[RESULT 6] [0.01051531 0.015624   0.0151087  0.01259461 0.002812   0.09021739
 0.         0.00832609 0.0051087  0.00021739 0.         0.00851531
 0.00040661 0.0118913 ]
	[RESULT 7] [0.01051531 0.015624   0.0151087  0.01259461 0.002812   0.09021739
 0.         0.00832609 0.0051087  0.00021739 0.         0.00851531
 0.00040661 0.0118913 ]
	[RESULT 8] [0.01051531 0.015624   0.0151087  0.01259461 0.002812   0.09021739
 0.         0.00832609 0.0051087  0.00021739 0.         0.00851531
 0.00040661 0.0118913 ]
	[RESULT 9] [0.01051531 0.015624   0.0151087  0.01259461 0.002812   0.09021739
 0.         0.00832609 0.0051087  0.00021739 0.         0.00851531
 0.00040661 0.0118913 ]
	[RESULT 10] [0.01051531 0.015624   0.0151087  0.01259461 0.002812   0.09021739
 0.         0.00832609 0.0051087  0.00021739 0.         0.00851531
 0.00040661 0.0118913 ]
	[RESULT 11] [0.01051531 0.015624   0.0151087  0.01259461 0.002812   0.09021739
 0.         0.00832609 0.0051087  0.00021739 0.         0.00851531
 0.00040661 0.0118913 ]
	[RESULT 12] [0.01051531 0.015624   0.0151087  0.01259461 0.002812   0.09021739
 0.         0.00832609 0.0051087  0.00021739 0.         0.00851531
 0.00040661 0.0118913 ]
	[RESULT 13] [0.01051531 0.015624   0.0151087  0.01259461 0.002812   0.09021739
 0.         0.00832609 0.0051087  0.00021739 0.         0.00851531
 0.00040661 0.0118913 ]
	[RESULT 14] [0.01051531 0.015624   0.0151087  0.01259461 0.002812   0.09021739
 0.         0.00832609 0.0051087  0.00021739 0.         0.00851531
 0.00040661 0.0118913 ]
	[RESULT 15] [0.01051531 0.015624   0.0151087  0.01259461 0.002812   0.09021739
 0.         0.00832609 0.0051087  0.00021739 0.         0.00851531
 0.00040661 0.0118913 ]
	[RESULT 16] [0.01051531 0.015624   0.0151087  0.01259461 0.002812   0.09021739
 0.         0.00832609 0.0051087  0.00021739 0.         0.00851531
 0.00040661 0.0118913 ]
	[RESULT 17] [0.01051531 0.015624   0.0151087  0.01259461 0.002812   0.09021739
 0.         0.00832609 0.0051087  0.00021739 0.         0.00851531
 0.00040661 0.0118913 ]
	[RESULT 18] [0.01051531 0.015624   0.0151087  0.01259461 0.002812   0.09021739
 0.         0.00832609 0.0051087  0.00021739 0.         0.00851531
 0.00040661 0.0118913 ]
	[RESULT 19] [0.01051531 0.015624   0.0151087  0.01259461 0.002812   0.09021739
 0.         0.00832609 0.0051087  0.00021739 0.         0.00851531
 0.00040661 0.0118913 ]
	[RESULT 20] [0.01051531 0.015624   0.0151087  0.01259461 0.002812   0.09021739
 0.         0.00932609 0.0051087  0.00021739 0.         0.00951531
 0.00040661 0.0108913 ]
	[RESULT 21] [0.01051531 0.015624   0.0151087  0.01259461 0.002812   0.09021739
 0.         0.00982609 0.0051087  0.00021739 0.         0.01001531
 0.00040661 0.0103913 ]
	[RESULT 22] [0.01051531 0.015624   0.0151087  0.01259461 0.002812   0.09021739
 0.         0.00932609 0.0051087  0.00021739 0.         0.00951531
 0.00040661 0.0108913 ]
	[RESULT 23] [0.01106474 0.01672286 0.01565812 0.01204518 0.00336143 0.09131625
 0.         0.00852563 0.00565812 0.00131625 0.         0.01056474
 0.00040661 0.00984188]
	[RESULT 24] [0.010985   0.0165634  0.01557839 0.01212491 0.0032817  0.09115678
 0.         0.00876482 0.00557839 0.00115678 0.         0.010485
 0.00040661 0.00992161]
	[RESULT 25] [0.01051531 0.015624   0.0151087  0.01259461 0.002812   0.09021739
 0.         0.00982609 0.0051087  0.00021739 0.         0.01001531
 0.00040661 0.0103913 ]
	[RESULT 26] [0.01051531 0.015624   0.0151087  0.01259461 0.002812   0.09021739
 0.         0.00832609 0.0051087  0.00021739 0.         0.00851531
 0.00040661 0.0118913 ]
	[RESULT 27] [0.01051531 0.015624   0.0151087  0.01259461 0.002812   0.09021739
 0.         0.00832609 0.0051087  0.00021739 0.         0.00851531
 0.00040661 0.0118913 ]
	[RESULT 28] [0.01051531 0.015624   0.0151087  0.01259461 0.002812   0.09021739
 0.         0.00832609 0.0051087  0.00021739 0.         0.00851531
 0.00040661 0.0118913 ]
	[RESULT 29] [0.01051531 0.015624   0.0151087  0.01259461 0.002812   0.09021739
 0.         0.00832609 0.0051087  0.00021739 0.         0.00851531
 0.00040661 0.0118913 ]
	[RESULT 30] [0.01051531 0.015624   0.0151087  0.01259461 0.002812   0.09021739
 0.         0.00832609 0.0051087  0.00021739 0.         0.00851531
 0.00040661 0.0118913 ]
	[RESULT 31] [0.01051531 0.015624   0.0151087  0.01259461 0.002812   0.09021739
 0.         0.00932609 0.0051087  0.00021739 0.         0.00951531
 0.00040661 0.0108913 ]
	[RESULT 32] [0.01051531 0.015624   0.0151087  0.01259461 0.002812   0.09021739
 0.         0.00832609 0.0051087  0.00021739 0.         0.00851531
 0.00040661 0.0118913 ]
	[RESULT 33] [0.01051531 0.015624   0.0151087  0.01259461 0.002812   0.09021739
 0.         0.00832609 0.0051087  0.00021739 0.         0.00851531
 0.00040661 0.0118913 ]
	[RESULT 34] [0.01051531 0.015624   0.0151087  0.01259461 0.002812   0.09021739
 0.         0.00832609 0.0051087  0.00021739 0.         0.00851531
 0.00040661 0.0118913 ]
	[RESULT 35] [0.01051531 0.015624   0.0151087  0.01259461 0.002812   0.09021739
 0.         0.00832609 0.0051087  0.00021739 0.         0.00851531
 0.00040661 0.0118913 ]
	[RESULT 36] [0.01051531 0.015624   0.0151087  0.01259461 0.002812   0.09021739
 0.         0.00832609 0.0051087  0.00021739 0.         0.00851531
 0.00040661 0.0118913 ]
	[RESULT 37] [0.01051531 0.015624   0.0151087  0.01259461 0.002812   0.09021739
 0.         0.00832609 0.0051087  0.00021739 0.         0.00851531
 0.00040661 0.0118913 ]
	[RESULT 38] [0.01051531 0.015624   0.0151087  0.01259461 0.002812   0.09021739
 0.         0.00832609 0.0051087  0.00021739 0.         0.00851531
 0.00040661 0.0118913 ]
	[RESULT 39] [0.01106474 0.01672286 0.01565812 0.01204518 0.00336143 0.09131625
 0.         0.00852563 0.00565812 0.00131625 0.         0.01056474
 0.00040661 0.00984188]
	[RESULT 40] [0.01051531 0.015624   0.0151087  0.01259461 0.002812   0.09021739
 0.         0.00832609 0.0051087  0.00021739 0.         0.00851531
 0.00040661 0.0118913 ]
	[RESULT 41] [0.01051531 0.015624   0.0151087  0.01259461 0.002812   0.09021739
 0.         0.00832609 0.0051087  0.00021739 0.         0.00851531
 0.00040661 0.0118913 ]
	[RESULT 42] [0.01051531 0.015624   0.0151087  0.01259461 0.002812   0.09021739
 0.         0.00832609 0.0051087  0.00021739 0.         0.00851531
 0.00040661 0.0118913 ]
	[RESULT 43] [0.01051531 0.015624   0.0151087  0.01259461 0.002812   0.09021739
 0.         0.00832609 0.0051087  0.00021739 0.         0.00851531
 0.00040661 0.0118913 ]
	[RESULT 44] [0.01051531 0.015624   0.0151087  0.01259461 0.002812   0.09021739
 0.         0.00832609 0.0051087  0.00021739 0.         0.00851531
 0.00040661 0.0118913 ]
	[RESULT 45] [0.01051531 0.015624   0.0151087  0.01259461 0.002812   0.09021739
 0.         0.00832609 0.0051087  0.00021739 0.         0.00851531
 0.00040661 0.0118913 ]
	[RESULT 46] [0.01051531 0.015624   0.0151087  0.01259461 0.002812   0.09021739
 0.         0.00832609 0.0051087  0.00021739 0.         0.00851531
 0.00040661 0.0118913 ]
	[RESULT 47] [0.01051531 0.015624   0.0151087  0.01259461 0.002812   0.09021739
 0.         0.00832609 0.0051087  0.00021739 0.         0.00851531
 0.00040661 0.0118913 ]
	[RESULT 48] [0.01051531 0.015624   0.0151087  0.01259461 0.002812   0.09021739
 0.         0.00832609 0.0051087  0.00021739 0.         0.00851531
 0.00040661 0.0118913 ]
	[RESULT 49] [0.01051531 0.015624   0.0151087  0.01259461 0.002812   0.09021739
 0.         0.00832609 0.0051087  0.00021739 0.         0.00851531
 0.00040661 0.0118913 ]
	[RESULT 50] [0.01051531 0.015624   0.0151087  0.01259461 0.002812   0.09021739
 0.         0.00832609 0.0051087  0.00021739 0.         0.00851531
 0.00040661 0.0118913 ]
	[RESULT 51] [0.01051531 0.015624   0.0151087  0.01259461 0.002812   0.09021739
 0.         0.00832609 0.0051087  0.00021739 0.         0.00851531
 0.00040661 0.0118913 ]
	[RESULT 52] [0.01051531 0.015624   0.0151087  0.01259461 0.002812   0.09021739
 0.         0.00832609 0.0051087  0.00021739 0.         0.00851531
 0.00040661 0.0118913 ]
	[RESULT 53] [0.01107574 0.01674437 0.01566863 0.01203493 0.00337218 0.09133726
 0.         0.00849412 0.00566863 0.00133726 0.         0.01057574
 0.00040711 0.00983137]
	[RESULT 54] [0.01051531 0.015624   0.0151087  0.01259461 0.002812   0.09021739
 0.         0.00832609 0.0051087  0.00021739 0.         0.00851531
 0.00040661 0.0118913 ]
	[RESULT 55] [0.01051531 0.015624   0.0151087  0.01259461 0.002812   0.09021739
 0.         0.00832609 0.0051087  0.00021739 0.         0.00851531
 0.00040661 0.0118913 ]
	[RESULT 56] [0.01051531 0.015624   0.0151087  0.01259461 0.002812   0.09021739
 0.         0.00832609 0.0051087  0.00021739 0.         0.00851531
 0.00040661 0.0118913 ]
	[RESULT 57] [0.01051531 0.015624   0.0151087  0.01259461 0.002812   0.09021739
 0.         0.00982609 0.0051087  0.00021739 0.         0.01001531
 0.00040661 0.0103913 ]
	[RESULT 58] [0.01051531 0.015624   0.0151087  0.01259461 0.002812   0.09021739
 0.         0.00832609 0.0051087  0.00021739 0.         0.00851531
 0.00040661 0.0118913 ]
	[RESULT 59] [0.01051531 0.015624   0.0151087  0.01259461 0.002812   0.09021739
 0.         0.00832609 0.0051087  0.00021739 0.         0.00851531
 0.00040661 0.0118913 ]
	[RESULT 60] [0.01051531 0.015624   0.0151087  0.01259461 0.002812   0.09021739
 0.         0.00832609 0.0051087  0.00021739 0.         0.00851531
 0.00040661 0.0118913 ]
	[RESULT 61] [0.01051531 0.015624   0.0151087  0.01259461 0.002812   0.09021739
 0.         0.00832609 0.0051087  0.00021739 0.         0.00851531
 0.00040661 0.0118913 ]
	[RESULT 62] [0.01051531 0.015624   0.0151087  0.01259461 0.002812   0.09021739
 0.         0.00832609 0.0051087  0.00021739 0.         0.00851531
 0.00040661 0.0118913 ]
	[RESULT 63] [0.01051531 0.015624   0.0151087  0.01259461 0.002812   0.09021739
 0.         0.00832609 0.0051087  0.00021739 0.         0.00851531
 0.00040661 0.0118913 ]
	[RESULT 64] [0.01051531 0.015624   0.0151087  0.01259461 0.002812   0.09021739
 0.         0.00832609 0.0051087  0.00021739 0.         0.00851531
 0.00040661 0.0118913 ]
	[RESULT 65] [0.01051531 0.015624   0.0151087  0.01259461 0.002812   0.09021739
 0.         0.00832609 0.0051087  0.00021739 0.         0.00851531
 0.00040661 0.0118913 ]
	[RESULT 66] [0.01051531 0.015624   0.0151087  0.01259461 0.002812   0.09021739
 0.         0.00832609 0.0051087  0.00021739 0.         0.00851531
 0.00040661 0.0118913 ]
	[RESULT 67] [0.01051531 0.015624   0.0151087  0.01259461 0.002812   0.09021739
 0.         0.00832609 0.0051087  0.00021739 0.         0.00851531
 0.00040661 0.0118913 ]
	[RESULT 68] [0.01051531 0.015624   0.0151087  0.01259461 0.002812   0.09021739
 0.         0.00832609 0.0051087  0.00021739 0.         0.00851531
 0.00040661 0.0118913 ]
	[RESULT 69] [0.01051531 0.015624   0.0151087  0.01259461 0.002812   0.09021739
 0.         0.00832609 0.0051087  0.00021739 0.         0.00851531
 0.00040661 0.0118913 ]
	[RESULT 70] [0.01051531 0.015624   0.0151087  0.01259461 0.002812   0.09021739
 0.         0.00832609 0.0051087  0.00021739 0.         0.00851531
 0.00040661 0.0118913 ]
	[RESULT 71] [0.01051531 0.015624   0.0151087  0.01259461 0.002812   0.09021739
 0.         0.00832609 0.0051087  0.00021739 0.         0.00851531
 0.00040661 0.0118913 ]
	[RESULT 72] [0.01051531 0.015624   0.0151087  0.01259461 0.002812   0.09021739
 0.         0.00832609 0.0051087  0.00021739 0.         0.00851531
 0.00040661 0.0118913 ]
	[RESULT 73] [0.01051531 0.015624   0.0151087  0.01259461 0.002812   0.09021739
 0.         0.00832609 0.0051087  0.00021739 0.         0.00851531
 0.00040661 0.0118913 ]
	[RESULT 74] [0.011418   0.01742936 0.01601135 0.01169198 0.00371468 0.0920227
 0.         0.00746595 0.00601135 0.0020227  0.         0.010918
 0.00040665 0.00948865]
	[RESULT 75] [0.01182593 0.01823104 0.01640511 0.01130529 0.00411552 0.09281023
 0.         0.00628466 0.00640511 0.00281023 0.         0.01132593
 0.00042081 0.00909489]
	[RESULT 76] [0.01147663 0.0175466  0.01606997 0.01163335 0.0037733  0.09213995
 0.         0.00729008 0.00606997 0.00213995 0.         0.01097663
 0.00040665 0.00943003]
	[RESULT 77] [0.01165929 0.01790577 0.01624649 0.01145991 0.00395289 0.09249298
 0.         0.00676053 0.00624649 0.00249298 0.         0.01115929
 0.0004128  0.00925351]
	[RESULT 78] [0.01079979 0.01619297 0.01539318 0.01231013 0.00309648 0.09078636
 0.         0.00932046 0.00539318 0.00078636 0.         0.01029979
 0.00040661 0.01010682]
	[RESULT 79] [0.01147676 0.01754686 0.0160701  0.01163323 0.00377343 0.0921402
 0.         0.00728969 0.0060701  0.0021402  0.         0.01097676
 0.00040665 0.0094299 ]
	[RESULT 80] [0.01209594 0.01878526 0.01668932 0.01101398 0.00439263 0.09337865
 0.         0.00543203 0.00668932 0.00337865 0.         0.01159594
 0.00040661 0.00881068]
	[RESULT 81] [0.01165929 0.01790577 0.01624649 0.01145991 0.00395289 0.09249298
 0.         0.00676053 0.00624649 0.00249298 0.         0.01115929
 0.0004128  0.00925351]
	[RESULT 82] [0.01139426 0.01738174 0.01598748 0.01171591 0.00369087 0.09197497
 0.         0.00753755 0.00598748 0.00197497 0.         0.01089426
 0.00040678 0.00951252]
	[RESULT 83] [0.01153448 0.01766235 0.01612787 0.01157544 0.00383118 0.09225574
 0.         0.00711639 0.00612787 0.00225574 0.         0.01103448
 0.00040661 0.00937213]
	[RESULT 84] [0.01051531 0.015624   0.0151087  0.01259461 0.002812   0.09021739
 0.         0.00832609 0.0051087  0.00021739 0.         0.00851531
 0.00040661 0.0118913 ]
	[RESULT 85] [0.01051531 0.015624   0.0151087  0.01259461 0.002812   0.09021739
 0.         0.00832609 0.0051087  0.00021739 0.         0.00851531
 0.00040661 0.0118913 ]
	[RESULT 86] [0.01051531 0.015624   0.0151087  0.01259461 0.002812   0.09021739
 0.         0.00832609 0.0051087  0.00021739 0.         0.00851531
 0.00040661 0.0118913 ]
	[RESULT 87] [0.01051531 0.015624   0.0151087  0.01259461 0.002812   0.09021739
 0.         0.00832609 0.0051087  0.00021739 0.         0.00851531
 0.00040661 0.0118913 ]
	[RESULT 88] [0.01051531 0.015624   0.0151087  0.01259461 0.002812   0.09021739
 0.         0.00832609 0.0051087  0.00021739 0.         0.00851531
 0.00040661 0.0118913 ]
	[RESULT 89] [0.01051531 0.015624   0.0151087  0.01259461 0.002812   0.09021739
 0.         0.00832609 0.0051087  0.00021739 0.         0.00851531
 0.00040661 0.0118913 ]
	[RESULT 90] [0.01051531 0.015624   0.0151087  0.01259461 0.002812   0.09021739
 0.         0.00832609 0.0051087  0.00021739 0.         0.00851531
 0.00040661 0.0118913 ]
	[RESULT 91] [0.01051531 0.015624   0.0151087  0.01259461 0.002812   0.09021739
 0.         0.00832609 0.0051087  0.00021739 0.         0.00851531
 0.00040661 0.0118913 ]
	[RESULT 92] [0.01178819 0.01816977 0.01638158 0.01132173 0.00408488 0.09276315
 0.         0.00635527 0.00638158 0.00276315 0.         0.01128819
 0.00040661 0.00911842]
	[RESULT 93] [0.01051531 0.015624   0.0151087  0.01259461 0.002812   0.09021739
 0.         0.00832609 0.0051087  0.00021739 0.         0.00851531
 0.00040661 0.0118913 ]
