[METRICS]
	[DISEQUILIBRIUM COUNT] 0
[VARIABLES]
	[RESULT 1] [0 8.063425703548951 1 1 10 1000.437099580309 1]
	[RESULT 2] [0 7.740095192835708 1 1 8 1077.4604393261063 1]
	[RESULT 3] [0 7.671043390996691 1 1 11 1000.0064982846072 1]
	[RESULT 4] [0 7.738016815113131 1 1 10 1000.0335947824641 1]
	[RESULT 5] [0 7.502962139834768 1 1 8 1000.028502909743 3]
	[RESULT 6] [0 7.808674466229666 1 1 7 1016.3388312548796 2]
	[RESULT 7] [0 7.736985448094231 1 1 10 1000.035861872338 1]
	[RESULT 8] [0 7.73715431110587 1 1 10 1000.437099580309 1]
	[RESULT 9] [0 7.57303358823473 1 1 6 1000.0004401482157 1]
	[RESULT 10] [0 7.502962139834768 1 1 8 1000.028502909743 3]
	[RESULT 11] [0 7.949724214917472 1 1 8 1001.7543456174827 1]
	[RESULT 12] [0 7.502962139834768 1 1 8 1000.028502909743 3]
	[RESULT 13] [0 7.817965632503306 1 1 5 1000.0996891627124 2]
	[RESULT 14] [0 7.667772887501841 1 1 10 1000.0412231601463 1]
	[RESULT 15] [0 7.667772887501841 1 1 10 1000.0412231601463 1]
	[RESULT 16] [0 7.73715431110587 1 1 10 1000.437099580309 1]
	[RESULT 17] [0 7.666714324678256 1 1 10 1000.0356072688492 1]
	[RESULT 18] [0 7.946702221461537 1 1 8 1001.7578524435143 1]
	[RESULT 19] [0 39.49762241806477 1 3 7 1017.677985462027 35]
	[RESULT 20] [0 8.619768308840488 1 1 9 1000.0094029939171 1]
	[RESULT 21] [0 8.619768308840488 1 1 9 1000.0094029939171 1]
	[RESULT 22] [0 8.619768308840488 1 1 9 1000.0094029939171 1]
	[RESULT 23] [0 7.9774047602978815 1 1 7 1000.0636065856174 1]
	[RESULT 24] [0 8.2998459132068 1 1 8 1000.0787920581328 2]
	[RESULT 25] [0 11.43174148050307 1 1 10 1000.0092771198691 3]
	[RESULT 26] [0 7.758465304245063 1 1 9 1000.0200139913022 1]
	[RESULT 27] [0 7.736985448094231 1 1 10 1000.035861872338 1]
	[RESULT 28] [0 7.758465304245063 1 1 9 1000.0200139913022 1]
	[RESULT 29] [0 7.736985448094231 1 1 10 1000.035861872338 1]
	[RESULT 30] [0 7.758465304245063 1 1 9 1000.0200139913022 1]
	[RESULT 31] [0 7.758465304245063 1 1 9 1000.0200139913022 1]
	[RESULT 32] [0 8.619768308840488 1 1 9 1000.0094029939171 1]
	[RESULT 33] [0 7.758465304245063 1 1 9 1000.0200139913022 1]
	[RESULT 34] [0 7.530023377382933 1 1 8 1000.0620109029277 2]
	[RESULT 35] [0 7.802829476124919 1 1 10 1000.437099580309 1]
	[RESULT 36] [0 7.530023377382933 1 1 8 1000.0620109029277 2]
	[RESULT 37] [0 7.736985448094231 1 1 10 1000.035861872338 1]
	[RESULT 38] [0 7.471229204988004 1 1 9 1000.0577130111229 1]
	[RESULT 39] [0 7.6674279292555605 1 1 10 1000.0012300672367 1]
	[RESULT 40] [0 8.063425703548951 1 1 10 1000.437099580309 1]
	[RESULT 41] [0 7.738016815113131 1 1 9 1000.0335947824641 1]
	[RESULT 42] [0 7.66743692724995 1 1 8 1000.052412312539 1]
	[RESULT 43] [0 7.738016815113131 1 1 11 1000.0335947824641 1]
	[RESULT 44] [0 7.738016815113131 1 1 10 1000.0335947824641 1]
	[RESULT 45] [0 7.671043390996691 1 1 11 1000.0064982846072 1]
	[RESULT 46] [0 7.938960007452806 1 1 8 1000.052412312539 1]
	[RESULT 47] [0 7.666714324678256 1 1 10 1000.0356072688492 1]
	[RESULT 48] [0 7.938960007452806 1 1 8 1000.052412312539 1]
	[RESULT 49] [0 8.42650869967722 1 1 4 1000.4048836913925 2]
	[RESULT 50] [0 7.758465304245063 1 1 9 1000.0200139913022 1]
	[RESULT 51] [0 7.66743692724995 1 1 8 1000.052412312539 1]
	[RESULT 52] [0 7.946944880746019 1 1 7 1000.000014759943 1]
	[RESULT 53] [0 8.832676732703021 1 1 9 1025.8082217093413 1]
	[RESULT 54] [0 7.738016815113131 1 1 10 1000.0335947824641 1]
	[RESULT 55] [0 7.738016815113131 1 1 10 1000.0335947824641 1]
	[RESULT 56] [0 7.736985448094231 1 1 10 1000.035861872338 1]
	[RESULT 57] [0 7.666714324678256 1 1 10 1000.0356072688492 1]
	[RESULT 58] [0 7.7421154954017215 1 1 9 1000.0453556330806 1]
	[RESULT 59] [0 11.95755795935918 1 1 8 1041.3018279694008 3]
	[RESULT 60] [0 7.74567993610765 1 1 9 1000.2297929398751 1]
	[RESULT 61] [0 7.666714324678256 1 1 10 1000.0356072688492 1]
	[RESULT 62] [0 7.7421154954017215 1 1 9 1000.0453556330806 1]
	[RESULT 63] [0 7.890789567321992 1 1 5 1000.0095385694689 2]
	[RESULT 64] [0 7.738190406125393 1 1 10 1000.0200230930062 1]
	[RESULT 65] [0 7.670948434612405 1 1 7 1000.0737548676934 1]
	[RESULT 66] [0 7.667430843324591 1 1 7 1000.0008322842733 1]
	[RESULT 67] [0 7.758465304245063 1 1 9 1000.0200139913022 1]
	[RESULT 68] [0 8.298417567189821 1 1 9 1000.0226313896031 1]
	[RESULT 69] [0 7.758465304245063 1 1 9 1000.0200139913022 1]
	[RESULT 70] [0 7.667430843324591 1 1 7 1000.0008322842733 1]
	[RESULT 71] [0 7.73970133111851 1 1 7 1000.0636065856174 1]
	[RESULT 72] [0 7.73970133111851 1 1 7 1000.0636065856174 1]
	[RESULT 73] [0 7.503454691191794 1 1 10 1000.1484795279941 3]
	[RESULT 74] [0 7.564206764738444 1 1 10 1000.0335947824641 1]
	[RESULT 75] [0 6.8816412111404555 1 1 6 1045.7365451545784 2]
	[RESULT 76] [0 7.57303358823473 1 1 6 1000.0004401482157 1]
	[RESULT 77] [0 6.650753496133813 1 1 8 1000.0665272425557 2]
	[RESULT 78] [0 7.296249006169056 1 1 8 1000.7938063722104 2]
	[RESULT 79] [0 8.337636864577119 1 1 10 1000.010936637542 1]
	[RESULT 80] [0 7.573217457230291 1 1 6 1000.0335947824641 1]
	[RESULT 81] [0 6.633220794786173 1 1 4 1019.6742012047681 3]
	[RESULT 82] [0 7.2319394074278245 1 1 7 1030.651833643254 3]
	[RESULT 83] [0 7.618947918259175 1 1 5 1283.7412375979418 2]
	[RESULT 84] [0 7.738016815113131 1 1 10 1000.0335947824641 1]
	[RESULT 85] [0 7.738016815113131 1 1 10 1000.0335947824641 1]
	[RESULT 86] [0 7.671043390996691 1 1 11 1000.0064982846072 1]
	[RESULT 87] [0 7.73715431110587 1 1 10 1000.437099580309 1]
	[RESULT 88] [0 7.671050856014294 1 1 10 1000.0582387717094 1]
	[RESULT 89] [0 7.758465304245063 1 1 9 1000.0200139913022 1]
	[RESULT 90] [0 8.33547205949893 1 1 8 1000.0051508963885 3]
	[RESULT 91] [0 7.66743692724995 1 1 8 1000.052412312539 1]
	[RESULT 92] [0 7.890789567321992 1 1 5 1000.0095385694689 2]
	[RESULT 93] [0 7.890789567321992 1 1 5 1000.0095385694689 2]
	[RESULT 94] [0 7.73970133111851 1 1 7 1000.0636065856174 1]
	[RESULT 95] [0 7.068957554039136 1 1 10 1000.035861872338 1]
	[RESULT 96] [0 7.73970133111851 1 1 7 1000.0636065856174 1]
[OBJECTIVES]
	[RESULT 1] [0.01163713 0.01786762 0.01623049 0.01147283 0.00393381 0.09246098
 0.         0.00680853 0.00623049 0.00246098 0.         0.01113713
 0.00040664 0.00926951]
	[RESULT 2] [0.01174891 0.01808577 0.01633686 0.01136916 0.00404288 0.09267373
 0.         0.00648941 0.00633686 0.00267373 0.         0.01124891
 0.00041204 0.00916314]
	[RESULT 3] [0.01176862 0.01813063 0.01636201 0.0113413  0.00406532 0.09272402
 0.         0.00641397 0.00636201 0.00272402 0.         0.01126862
 0.00040661 0.00913799]
	[RESULT 4] [0.01174422 0.01808183 0.01633761 0.0113657  0.00404091 0.09267522
 0.         0.00648718 0.00633761 0.00267522 0.         0.01124422
 0.00040661 0.00916239]
	[RESULT 5] [0.01183806 0.01826542 0.01642736 0.01127798 0.00413271 0.09285473
 0.         0.00621791 0.00642736 0.00285473 0.         0.01133806
 0.0004107  0.00907264]
	[RESULT 6] [0.01172255 0.01803534 0.01631279 0.01139208 0.00401767 0.09262559
 0.         0.00656162 0.00631279 0.00262559 0.         0.01122255
 0.00040975 0.00918721]
	[RESULT 7] [0.01174459 0.01808257 0.01633798 0.01136533 0.00404128 0.09267595
 0.         0.00648607 0.00633798 0.00267595 0.         0.01124459
 0.00040661 0.00916202]
	[RESULT 8] [0.01174456 0.01808247 0.01633792 0.0113654  0.00404124 0.09267583
 0.         0.00648625 0.00633792 0.00267583 0.         0.01124456
 0.00040664 0.00916208]
	[RESULT 9] [0.01180598 0.01820535 0.01639937 0.01130393 0.00410268 0.09279874
 0.         0.00630189 0.00639937 0.00279874 0.         0.01130598
 0.00040661 0.00910063]
	[RESULT 10] [0.01183806 0.01826542 0.01642736 0.01127798 0.00413271 0.09285473
 0.         0.00621791 0.00642736 0.00285473 0.         0.01133806
 0.0004107  0.00907264]
	[RESULT 11] [0.01167264 0.01793855 0.01626591 0.01143745 0.00396928 0.09253182
 0.         0.00670227 0.00626591 0.00253182 0.         0.01117264
 0.00040673 0.00923409]
	[RESULT 12] [0.01183806 0.01826542 0.01642736 0.01127798 0.00413271 0.09285473
 0.         0.00621791 0.00642736 0.00285473 0.         0.01133806
 0.0004107  0.00907264]
	[RESULT 13] [0.01171824 0.01802783 0.0163096  0.01139472 0.00401392 0.0926192
 0.         0.00657121 0.0063096  0.0026192  0.         0.01121824
 0.00040864 0.0091904 ]
	[RESULT 14] [0.01176984 0.01813306 0.01636323 0.01134008 0.00406653 0.09272645
 0.         0.00641032 0.00636323 0.00272645 0.         0.01126984
 0.00040661 0.00913677]
	[RESULT 15] [0.01176984 0.01813306 0.01636323 0.01134008 0.00406653 0.09272645
 0.         0.00641032 0.00636323 0.00272645 0.         0.01126984
 0.00040661 0.00913677]
	[RESULT 16] [0.01174456 0.01808247 0.01633792 0.0113654  0.00404124 0.09267583
 0.         0.00648625 0.00633792 0.00267583 0.         0.01124456
 0.00040664 0.00916208]
	[RESULT 17] [0.01177023 0.01813385 0.01636362 0.01133969 0.00406693 0.09272724
 0.         0.00640914 0.00636362 0.00272724 0.         0.01127023
 0.00040661 0.00913638]
	[RESULT 18] [0.01167361 0.01794049 0.01626688 0.01143649 0.00397025 0.09253376
 0.         0.00669936 0.00626688 0.00253376 0.         0.01117361
 0.00040673 0.00923312]
	[RESULT 19] [0.01065171 0.01579257 0.01514085 0.01261457 0.00289628 0.09028171
 0.         0.00892256 0.00514085 0.00028171 0.         0.00915171
 0.00051086 0.01135915]
	[RESULT 20] [0.01148892 0.01757122 0.01608231 0.011621   0.00378561 0.09216461
 0.         0.00725308 0.00608231 0.00216461 0.         0.01098892
 0.00040661 0.00941769]
	[RESULT 21] [0.01148892 0.01757122 0.01608231 0.011621   0.00378561 0.09216461
 0.         0.00725308 0.00608231 0.00216461 0.         0.01098892
 0.00040661 0.00941769]
	[RESULT 22] [0.01148892 0.01757122 0.01608231 0.011621   0.00378561 0.09216461
 0.         0.00725308 0.00608231 0.00216461 0.         0.01098892
 0.00040661 0.00941769]
	[RESULT 23] [0.01166372 0.01792082 0.0162571  0.01144621 0.00396041 0.0925142
 0.         0.0067287  0.0062571  0.0025142  0.         0.01116372
 0.00040662 0.0092429 ]
	[RESULT 24] [0.01157147 0.0177343  0.01616283 0.01154149 0.00386715 0.09232566
 0.         0.0070115  0.00616283 0.00232566 0.         0.01107147
 0.00040864 0.00933717]
	[RESULT 25] [0.01108348 0.01675627 0.01567279 0.01203256 0.00337814 0.09134558
 0.         0.00848163 0.00567279 0.00134558 0.         0.01058348
 0.00041069 0.00982721]
	[RESULT 26] [0.01173694 0.01806727 0.01633033 0.01137298 0.00403364 0.09266066
 0.         0.00650901 0.00633033 0.00266066 0.         0.01123694
 0.00040661 0.00916967]
	[RESULT 27] [0.01174459 0.01808257 0.01633798 0.01136533 0.00404128 0.09267595
 0.         0.00648607 0.00633798 0.00267595 0.         0.01124459
 0.00040661 0.00916202]
	[RESULT 28] [0.01173694 0.01806727 0.01633033 0.01137298 0.00403364 0.09266066
 0.         0.00650901 0.00633033 0.00266066 0.         0.01123694
 0.00040661 0.00916967]
	[RESULT 29] [0.01174459 0.01808257 0.01633798 0.01136533 0.00404128 0.09267595
 0.         0.00648607 0.00633798 0.00267595 0.         0.01124459
 0.00040661 0.00916202]
	[RESULT 30] [0.01173694 0.01806727 0.01633033 0.01137298 0.00403364 0.09266066
 0.         0.00650901 0.00633033 0.00266066 0.         0.01123694
 0.00040661 0.00916967]
	[RESULT 31] [0.01173694 0.01806727 0.01633033 0.01137298 0.00403364 0.09266066
 0.         0.00650901 0.00633033 0.00266066 0.         0.01123694
 0.00040661 0.00916967]
	[RESULT 32] [0.01148892 0.01757122 0.01608231 0.011621   0.00378561 0.09216461
 0.         0.00725308 0.00608231 0.00216461 0.         0.01098892
 0.00040661 0.00941769]
	[RESULT 33] [0.01173694 0.01806727 0.01633033 0.01137298 0.00403364 0.09266066
 0.         0.00650901 0.00633033 0.00266066 0.         0.01123694
 0.00040661 0.00916967]
	[RESULT 34] [0.01182506 0.01824148 0.01641642 0.0112879  0.00412074 0.09283284
 0.         0.00625074 0.00641642 0.00283284 0.         0.01132506
 0.00040864 0.00908358]
	[RESULT 35] [0.01172145 0.01803626 0.01631481 0.01138851 0.00401813 0.09262962
 0.         0.00655557 0.00631481 0.00262962 0.         0.01122145
 0.00040664 0.00918519]
	[RESULT 36] [0.01182506 0.01824148 0.01641642 0.0112879  0.00412074 0.09283284
 0.         0.00625074 0.00641642 0.00283284 0.         0.01132506
 0.00040864 0.00908358]
	[RESULT 37] [0.01174459 0.01808257 0.01633798 0.01136533 0.00404128 0.09267595
 0.         0.00648607 0.00633798 0.00267595 0.         0.01124459
 0.00040661 0.00916202]
	[RESULT 38] [0.01184703 0.01828744 0.01644041 0.0112629  0.00414372 0.09288082
 0.         0.00617876 0.00644041 0.00288082 0.         0.01134703
 0.00040662 0.00905959]
	[RESULT 39] [0.01176996 0.01813332 0.01636335 0.01133995 0.00406666 0.09272671
 0.         0.00640994 0.00636335 0.00272671 0.         0.01126996
 0.00040661 0.00913665]
	[RESULT 40] [0.01163713 0.01786762 0.01623049 0.01147283 0.00393381 0.09246098
 0.         0.00680853 0.00623049 0.00246098 0.         0.01113713
 0.00040664 0.00926951]
	[RESULT 41] [0.01174422 0.01808183 0.01633761 0.0113657  0.00404091 0.09267522
 0.         0.00648718 0.00633761 0.00267522 0.         0.01124422
 0.00040661 0.00916239]
	[RESULT 42] [0.01176997 0.01813332 0.01636335 0.01133996 0.00406666 0.0927267
 0.         0.00640995 0.00636335 0.0027267  0.         0.01126997
 0.00040662 0.00913665]
	[RESULT 43] [0.01174422 0.01808183 0.01633761 0.0113657  0.00404091 0.09267522
 0.         0.00648718 0.00633761 0.00267522 0.         0.01124422
 0.00040661 0.00916239]
	[RESULT 44] [0.01174422 0.01808183 0.01633761 0.0113657  0.00404091 0.09267522
 0.         0.00648718 0.00633761 0.00267522 0.         0.01124422
 0.00040661 0.00916239]
	[RESULT 45] [0.01176862 0.01813063 0.01636201 0.0113413  0.00406532 0.09272402
 0.         0.00641397 0.00636201 0.00272402 0.         0.01126862
 0.00040661 0.00913799]
	[RESULT 46] [0.01167599 0.01794536 0.01626937 0.01143394 0.00397268 0.09253874
 0.         0.00669189 0.00626937 0.00253874 0.         0.01117599
 0.00040662 0.00923063]
	[RESULT 47] [0.01177023 0.01813385 0.01636362 0.01133969 0.00406693 0.09272724
 0.         0.00640914 0.00636362 0.00272724 0.         0.01127023
 0.00040661 0.00913638]
	[RESULT 48] [0.01167599 0.01794536 0.01626937 0.01143394 0.00397268 0.09253874
 0.         0.00669189 0.00626937 0.00253874 0.         0.01117599
 0.00040662 0.00923063]
	[RESULT 49] [0.01153822 0.01766778 0.01612956 0.01157477 0.00383389 0.09225912
 0.         0.00711132 0.00612956 0.00225912 0.         0.01103822
 0.00040866 0.00937044]
	[RESULT 50] [0.01173694 0.01806727 0.01633033 0.01137298 0.00403364 0.09266066
 0.         0.00650901 0.00633033 0.00266066 0.         0.01123694
 0.00040661 0.00916967]
	[RESULT 51] [0.01176997 0.01813332 0.01636335 0.01133996 0.00406666 0.0927267
 0.         0.00640995 0.00636335 0.0027267  0.         0.01126997
 0.00040662 0.00913665]
	[RESULT 52] [0.01167341 0.01794022 0.0162668  0.0114365  0.00397011 0.09253361
 0.         0.00669959 0.0062668  0.00253361 0.         0.01117341
 0.00040661 0.0092332 ]
	[RESULT 53] [0.01144301 0.01747764 0.01603462 0.01166957 0.00373882 0.09206925
 0.         0.00739613 0.00603462 0.00206925 0.         0.01094301
 0.00040839 0.00946538]
	[RESULT 54] [0.01174422 0.01808183 0.01633761 0.0113657  0.00404091 0.09267522
 0.         0.00648718 0.00633761 0.00267522 0.         0.01124422
 0.00040661 0.00916239]
	[RESULT 55] [0.01174422 0.01808183 0.01633761 0.0113657  0.00404091 0.09267522
 0.         0.00648718 0.00633761 0.00267522 0.         0.01124422
 0.00040661 0.00916239]
	[RESULT 56] [0.01174459 0.01808257 0.01633798 0.01136533 0.00404128 0.09267595
 0.         0.00648607 0.00633798 0.00267595 0.         0.01124459
 0.00040661 0.00916202]
	[RESULT 57] [0.01177023 0.01813385 0.01636362 0.01133969 0.00406693 0.09272724
 0.         0.00640914 0.00636362 0.00272724 0.         0.01127023
 0.00040661 0.00913638]
	[RESULT 58] [0.01174276 0.0180789  0.01633614 0.01136716 0.00403945 0.09267229
 0.         0.00649157 0.00633614 0.00267229 0.         0.01124276
 0.00040661 0.00916386]
	[RESULT 59] [0.01104189 0.01667022 0.01562833 0.01207844 0.00333511 0.09125667
 0.         0.008615   0.00562833 0.00125667 0.         0.01054189
 0.00041355 0.00987167]
	[RESULT 60] [0.0117415  0.01807637 0.01633487 0.01136844 0.00403818 0.09266974
 0.         0.00649539 0.00633487 0.00266974 0.         0.0112415
 0.00040663 0.00916513]
	[RESULT 61] [0.01177023 0.01813385 0.01636362 0.01133969 0.00406693 0.09272724
 0.         0.00640914 0.00636362 0.00272724 0.         0.01127023
 0.00040661 0.00913638]
	[RESULT 62] [0.01174276 0.0180789  0.01633614 0.01136716 0.00403945 0.09267229
 0.         0.00649157 0.00633614 0.00267229 0.         0.01124276
 0.00040661 0.00916386]
	[RESULT 63] [0.01169372 0.0179788  0.01628509 0.01141923 0.0039894  0.09257017
 0.         0.00664474 0.00628509 0.00257017 0.         0.01119372
 0.00040863 0.00921491]
	[RESULT 64] [0.01174416 0.0180817  0.01633755 0.01136576 0.00404085 0.09267509
 0.         0.00648736 0.00633755 0.00267509 0.         0.01124416
 0.00040661 0.00916245]
	[RESULT 65] [0.01176866 0.01813071 0.01636205 0.01134126 0.00406535 0.09272409
 0.         0.00641386 0.00636205 0.00272409 0.         0.01126866
 0.00040662 0.00913795]
	[RESULT 66] [0.01176996 0.01813332 0.01636335 0.01133995 0.00406666 0.0927267
 0.         0.00640994 0.00636335 0.0027267  0.         0.01126996
 0.00040661 0.00913665]
	[RESULT 67] [0.01173694 0.01806727 0.01633033 0.01137298 0.00403364 0.09266066
 0.         0.00650901 0.00633033 0.00266066 0.         0.01123694
 0.00040661 0.00916967]
	[RESULT 68] [0.01156983 0.01773305 0.01616322 0.01154009 0.00386653 0.09232644
 0.         0.00701034 0.00616322 0.00232644 0.         0.01106983
 0.00040661 0.00933678]
	[RESULT 69] [0.01173694 0.01806727 0.01633033 0.01137298 0.00403364 0.09266066
 0.         0.00650901 0.00633033 0.00266066 0.         0.01123694
 0.00040661 0.00916967]
	[RESULT 70] [0.01176996 0.01813332 0.01636335 0.01133995 0.00406666 0.0927267
 0.         0.00640994 0.00636335 0.0027267  0.         0.01126996
 0.00040661 0.00913665]
	[RESULT 71] [0.01174362 0.01808063 0.01633701 0.0113663  0.00404031 0.09267401
 0.         0.00648898 0.00633701 0.00267401 0.         0.01124362
 0.00040662 0.00916299]
	[RESULT 72] [0.01174362 0.01808063 0.01633701 0.0113663  0.00404031 0.09267401
 0.         0.00648898 0.00633701 0.00267401 0.         0.01124362
 0.00040662 0.00916299]
	[RESULT 73] [0.01183787 0.01826503 0.01642716 0.01127819 0.00413251 0.09285433
 0.         0.00621851 0.00642716 0.00285433 0.         0.01133787
 0.0004107  0.00907284]
	[RESULT 74] [0.01180945 0.01821229 0.01640284 0.01130047 0.00410614 0.09280567
 0.         0.00629149 0.00640284 0.00280567 0.         0.01130945
 0.00040661 0.00909716]
	[RESULT 75] [0.01214693 0.01888205 0.01673512 0.01097078 0.00444102 0.09347024
 0.         0.00529463 0.00673512 0.00347024 0.         0.01164693
 0.0004118  0.00876488]
	[RESULT 76] [0.01180598 0.01820535 0.01639937 0.01130393 0.00410268 0.09279874
 0.         0.00630189 0.00639937 0.00279874 0.         0.01130598
 0.00040661 0.00910063]
	[RESULT 77] [0.01229489 0.01918115 0.01688626 0.01081806 0.00459057 0.09377251
 0.         0.00484123 0.00688626 0.00377251 0.         0.01179489
 0.00040864 0.00861374]
	[RESULT 78] [0.01192556 0.01844244 0.01651688 0.01118747 0.00422122 0.09303375
 0.         0.00594937 0.00651688 0.00303375 0.         0.01142556
 0.00040869 0.00898312]
	[RESULT 79] [0.01155931 0.01771202 0.0161527  0.0115506  0.00385601 0.0923054
 0.         0.0070419  0.0061527  0.0023054  0.         0.01105931
 0.00040661 0.0093473 ]
	[RESULT 80] [0.01180591 0.01820521 0.0163993  0.01130401 0.00410261 0.0927986
 0.         0.0063021  0.0063993  0.0027986  0.         0.01130591
 0.00040661 0.0091007 ]
	[RESULT 81] [0.01231086 0.01920968 0.01689882 0.01080721 0.00460484 0.09379763
 0.         0.00480355 0.00689882 0.00379763 0.         0.01181086
 0.00041205 0.00860118]
	[RESULT 82] [0.01195987 0.01850693 0.01654706 0.01115935 0.00425346 0.09309412
 0.         0.00585882 0.00654706 0.00309412 0.         0.01145987
 0.00041281 0.00895294]
	[RESULT 83] [0.01181163 0.01819325 0.01638162 0.01133339 0.00409663 0.09276323
 0.         0.00635515 0.00638162 0.00276323 0.         0.01131163
 0.00043002 0.00911838]
	[RESULT 84] [0.01174422 0.01808183 0.01633761 0.0113657  0.00404091 0.09267522
 0.         0.00648718 0.00633761 0.00267522 0.         0.01124422
 0.00040661 0.00916239]
	[RESULT 85] [0.01174422 0.01808183 0.01633761 0.0113657  0.00404091 0.09267522
 0.         0.00648718 0.00633761 0.00267522 0.         0.01124422
 0.00040661 0.00916239]
	[RESULT 86] [0.01176862 0.01813063 0.01636201 0.0113413  0.00406532 0.09272402
 0.         0.00641397 0.00636201 0.00272402 0.         0.01126862
 0.00040661 0.00913799]
	[RESULT 87] [0.01174456 0.01808247 0.01633792 0.0113654  0.00404124 0.09267583
 0.         0.00648625 0.00633792 0.00267583 0.         0.01124456
 0.00040664 0.00916208]
	[RESULT 88] [0.01176862 0.01813063 0.01636201 0.0113413  0.00406532 0.09272402
 0.         0.00641398 0.00636201 0.00272402 0.         0.01126862
 0.00040662 0.00913799]
	[RESULT 89] [0.01173694 0.01806727 0.01633033 0.01137298 0.00403364 0.09266066
 0.         0.00650901 0.00633033 0.00266066 0.         0.01123694
 0.00040661 0.00916967]
	[RESULT 90] [0.01156397 0.01771725 0.01615328 0.01155207 0.00385862 0.09230655
 0.         0.00704017 0.00615328 0.00230655 0.         0.01106397
 0.00041069 0.00934672]
	[RESULT 91] [0.01176997 0.01813332 0.01636335 0.01133996 0.00406666 0.0927267
 0.         0.00640995 0.00636335 0.0027267  0.         0.01126997
 0.00040662 0.00913665]
	[RESULT 92] [0.01169372 0.0179788  0.01628509 0.01141923 0.0039894  0.09257017
 0.         0.00664474 0.00628509 0.00257017 0.         0.01119372
 0.00040863 0.00921491]
	[RESULT 93] [0.01169372 0.0179788  0.01628509 0.01141923 0.0039894  0.09257017
 0.         0.00664474 0.00628509 0.00257017 0.         0.01119372
 0.00040863 0.00921491]
	[RESULT 94] [0.01174362 0.01808063 0.01633701 0.0113663  0.00404031 0.09267401
 0.         0.00648898 0.00633701 0.00267401 0.         0.01124362
 0.00040662 0.00916299]
	[RESULT 95] [0.01203583 0.01866505 0.01662922 0.01107409 0.00433252 0.09325844
 0.         0.00561235 0.00662922 0.00325844 0.         0.01153583
 0.00040661 0.00887078]
	[RESULT 96] [0.01174362 0.01808063 0.01633701 0.0113663  0.00404031 0.09267401
 0.         0.00648898 0.00633701 0.00267401 0.         0.01124362
 0.00040662 0.00916299]
