[METRICS]
	[DISEQUILIBRIUM COUNT] 0
[VARIABLES]
	[RESULT 1] [0 49.99999999666888 1 4 10 1000.0000000718694 1]
	[RESULT 2] [0 49.999999820641285 1 4 11 1000.0000846475874 1]
	[RESULT 3] [0 49.99999994266147 1 4 13 1000.0000846475874 1]
	[RESULT 4] [0 49.9999989337332 1 4 9 1000.0000864860385 1]
	[RESULT 5] [0 49.99999994266147 1 4 13 1000.0000846475874 1]
	[RESULT 6] [0 49.999757319101626 1 4 10 1000.0007739177321 1]
	[RESULT 7] [0 49.99999961685109 1 4 9 1000.0004337078263 1]
	[RESULT 8] [0 49.99998990692726 1 4 10 1000.0050834853204 1]
	[RESULT 9] [0 49.99999974036643 1 4 10 1000.004363476734 1]
	[RESULT 10] [0 49.99999999666888 1 4 10 1000.0000000718694 1]
	[RESULT 11] [0 49.99999994266147 1 4 13 1000.0000846475874 1]
	[RESULT 12] [0 49.99975547129281 1 4 5 1000.0001394800277 1]
	[RESULT 13] [0 49.99999991473389 1 4 11 1000.0000000475542 1]
	[RESULT 14] [0 49.99906397919269 1 4 10 1000.0041552268666 1]
	[RESULT 15] [0 49.999999823439836 1 4 10 1000.0000167669042 1]
	[RESULT 16] [0 49.999999823439836 1 4 8 1000.0000167669042 1]
	[RESULT 17] [0 49.999999823439836 1 4 8 1000.0000167669042 1]
	[RESULT 18] [0 49.999999823439836 1 4 8 1000.0000167669042 1]
	[RESULT 19] [0 49.99999999666888 1 4 10 1000.0000000718694 1]
	[RESULT 20] [0 49.99999998788764 1 2 5 1000.0001384539208 1]
	[RESULT 21] [0 49.99999998788764 1 2 5 1000.0001384539208 1]
	[RESULT 22] [0 49.99999998788764 1 2 5 1000.0001384539208 1]
	[RESULT 23] [0 49.99999998788764 1 2 5 1000.0001384539208 1]
	[RESULT 24] [0 49.99999998947228 1 2 5 1000.0000456982257 1]
	[RESULT 25] [0 49.99999998788764 1 2 5 1000.0001384539208 1]
	[RESULT 26] [0 49.99999999666888 1 4 10 1000.0000000718694 1]
	[RESULT 27] [0 49.999999998988606 1 4 10 1000.0000000629926 1]
	[RESULT 28] [0 49.99999999319157 1 4 10 1000.0000000710753 1]
	[RESULT 29] [0 49.99999999319157 1 4 10 1000.0000000710753 1]
	[RESULT 30] [0 49.99999999319157 1 4 10 1000.0000000710753 1]
	[RESULT 31] [0 49.99999998788764 1 2 5 1000.0001384539208 1]
	[RESULT 32] [0 49.99999999319157 1 4 10 1000.0000000710753 1]
	[RESULT 33] [0 49.99999999662386 1 4 10 1000.0000000022178 1]
	[RESULT 34] [0 49.999999998988606 1 4 10 1000.0000000629926 1]
	[RESULT 35] [0 49.99999988550608 1 4 11 1000.0000000790211 1]
	[RESULT 36] [0 49.99999988659734 1 4 11 1000.0000005911646 1]
	[RESULT 37] [0 49.99999999662386 1 4 10 1000.0000000022178 1]
	[RESULT 38] [0 49.99999999662386 1 4 10 1000.0000000022178 1]
	[RESULT 39] [0 49.99999998788764 1 2 5 1000.0001384539208 1]
	[RESULT 40] [0 49.99999999662386 1 4 10 1000.0000000022178 1]
	[RESULT 41] [0 49.99999999662386 1 4 10 1000.0000000022178 1]
	[RESULT 42] [0 49.99999999666888 1 4 10 1000.0000000718694 1]
	[RESULT 43] [0 49.999999998988606 1 4 10 1000.0000000629926 1]
	[RESULT 44] [0 49.999999999724686 1 4 10 1000.000000071853 1]
	[RESULT 45] [0 49.999999999724686 1 4 10 1000.000000071853 1]
	[RESULT 46] [0 49.999999999724686 1 4 10 1000.000000071853 1]
	[RESULT 47] [0 49.99999998483763 1 2 6 1000.0000001354551 1]
	[RESULT 48] [0 49.999999999724686 1 4 10 1000.000000071853 1]
	[RESULT 49] [0 49.999999999724686 1 4 10 1000.000000071853 1]
	[RESULT 50] [0 49.999999999724686 1 4 10 1000.000000071853 1]
	[RESULT 51] [0 49.999999998988606 1 4 10 1000.0000000629926 1]
	[RESULT 52] [0 49.999999998988606 1 4 10 1000.0000000629926 1]
	[RESULT 53] [0 49.999999998988606 1 4 10 1000.0000000629926 1]
	[RESULT 54] [0 49.999999998988606 1 4 10 1000.0000000629926 1]
	[RESULT 55] [0 49.999999998988606 1 4 10 1000.0000000629926 1]
	[RESULT 56] [0 49.999999998988606 1 4 10 1000.0000000629926 1]
	[RESULT 57] [0 49.999999990014125 1 2 10 1000.0000450670186 1]
	[RESULT 58] [0 49.99999999319157 1 4 10 1000.0000000710753 1]
	[RESULT 59] [0 49.999999998988606 1 4 10 1000.0000000629926 1]
	[RESULT 60] [0 49.999999999724686 1 4 10 1000.000000071853 1]
	[RESULT 61] [0 49.999999973415115 1 4 10 1000.0000004630781 1]
	[RESULT 62] [0 49.99999999602915 1 4 10 1000.0000001314401 1]
	[RESULT 63] [0 49.99999999602915 1 4 10 1000.0000001314401 1]
	[RESULT 64] [0 49.99999999602915 1 4 10 1000.0000001314401 1]
	[RESULT 65] [0 49.99999999602915 1 4 10 1000.0000001314401 1]
	[RESULT 66] [0 49.99999999602915 1 4 10 1000.0000001314401 1]
	[RESULT 67] [0 49.99999998947228 1 2 5 1000.0000456982257 1]
	[RESULT 68] [0 49.99999999602915 1 4 10 1000.0000001314401 1]
	[RESULT 69] [0 49.99999999662386 1 4 10 1000.0000000022178 1]
	[RESULT 70] [0 49.999999999724686 1 4 10 1000.000000071853 1]
	[RESULT 71] [0 49.99999999602915 1 4 10 1000.0000001314401 1]
	[RESULT 72] [0 49.999999999724686 1 4 10 1000.000000071853 1]
	[RESULT 73] [0 49.9999999930662 1 4 10 1000.0000001314401 1]
	[RESULT 74] [0 49.99999998788764 1 2 5 1000.0001384539208 1]
	[RESULT 75] [0 49.9999999930662 1 4 10 1000.0000001314401 1]
	[RESULT 76] [0 49.99999999666888 1 4 10 1000.0000000718694 1]
	[RESULT 77] [0 49.9999999930662 1 4 10 1000.0000001314401 1]
	[RESULT 78] [0 42.968188048308605 1 2 11 1009.4853817053289 1]
	[RESULT 79] [0 49.999999968634306 1 4 18 1000.0000239710727 1]
	[RESULT 80] [0 49.99999999662386 1 4 10 1000.0000000022178 1]
	[RESULT 81] [0 49.999999999724686 1 4 10 1000.000000071853 1]
	[RESULT 82] [0 49.99999981964173 1 4 15 1000.0000004037262 1]
	[RESULT 83] [0 49.99999999602915 1 4 10 1000.0000001314401 1]
	[RESULT 84] [0 49.999999897768056 1 4 14 1000.0000006588734 1]
	[RESULT 85] [0 49.999999897768056 1 4 14 1000.0000006588734 1]
	[RESULT 86] [0 49.999999987826904 1 4 14 1000.0000000797141 1]
	[RESULT 87] [0 49.99999998788764 1 2 5 1000.0001384539208 1]
	[RESULT 88] [0 49.99999999319157 1 4 10 1000.0000000710753 1]
	[RESULT 89] [0 49.99999999465853 1 4 11 1000.0000006850615 1]
	[RESULT 90] [0 49.999999897768056 1 4 14 1000.0000006588734 1]
	[RESULT 91] [0 49.999999897768056 1 4 14 1000.0000006588734 1]
	[RESULT 92] [0 49.999998840060435 1 4 10 1003.873297340979 1]
	[RESULT 93] [0 49.999999999724686 1 4 10 1000.000000071853 1]
[OBJECTIVES]
	[RESULT 1] [0.01051531 0.015624   0.0151087  0.01259461 0.002812   0.09021739
 0.         0.00832609 0.0051087  0.00021739 0.         0.00851531
 0.00040661 0.0118913 ]
	[RESULT 2] [0.01051531 0.015624   0.0151087  0.01259461 0.002812   0.09021739
 0.         0.00832609 0.0051087  0.00021739 0.         0.00851531
 0.00040661 0.0118913 ]
	[RESULT 3] [0.01051531 0.015624   0.0151087  0.01259461 0.002812   0.09021739
 0.         0.00832609 0.0051087  0.00021739 0.         0.00851531
 0.00040661 0.0118913 ]
	[RESULT 4] [0.01051531 0.015624   0.0151087  0.01259461 0.002812   0.09021739
 0.         0.00832609 0.0051087  0.00021739 0.         0.00851531
 0.00040661 0.0118913 ]
	[RESULT 5] [0.01051531 0.015624   0.0151087  0.01259461 0.002812   0.09021739
 0.         0.00832609 0.0051087  0.00021739 0.         0.00851531
 0.00040661 0.0118913 ]
	[RESULT 6] [0.01051531 0.015624   0.0151087  0.01259461 0.002812   0.09021739
 0.         0.00832609 0.0051087  0.00021739 0.         0.00851531
 0.00040661 0.0118913 ]
	[RESULT 7] [0.01051531 0.015624   0.0151087  0.01259461 0.002812   0.09021739
 0.         0.00832609 0.0051087  0.00021739 0.         0.00851531
 0.00040661 0.0118913 ]
	[RESULT 8] [0.01051531 0.015624   0.0151087  0.01259461 0.002812   0.09021739
 0.         0.00832609 0.0051087  0.00021739 0.         0.00851531
 0.00040661 0.0118913 ]
	[RESULT 9] [0.01051531 0.015624   0.0151087  0.01259461 0.002812   0.09021739
 0.         0.00832609 0.0051087  0.00021739 0.         0.00851531
 0.00040661 0.0118913 ]
	[RESULT 10] [0.01051531 0.015624   0.0151087  0.01259461 0.002812   0.09021739
 0.         0.00832609 0.0051087  0.00021739 0.         0.00851531
 0.00040661 0.0118913 ]
	[RESULT 11] [0.01051531 0.015624   0.0151087  0.01259461 0.002812   0.09021739
 0.         0.00832609 0.0051087  0.00021739 0.         0.00851531
 0.00040661 0.0118913 ]
	[RESULT 12] [0.01051531 0.015624   0.0151087  0.01259461 0.002812   0.09021739
 0.         0.00832609 0.0051087  0.00021739 0.         0.00851531
 0.00040661 0.0118913 ]
	[RESULT 13] [0.01051531 0.015624   0.0151087  0.01259461 0.002812   0.09021739
 0.         0.00832609 0.0051087  0.00021739 0.         0.00851531
 0.00040661 0.0118913 ]
	[RESULT 14] [0.01051531 0.01562401 0.0151087  0.01259461 0.002812   0.0902174
 0.         0.00832609 0.0051087  0.0002174  0.         0.00851531
 0.00040661 0.0118913 ]
	[RESULT 15] [0.01051531 0.015624   0.0151087  0.01259461 0.002812   0.09021739
 0.         0.00832609 0.0051087  0.00021739 0.         0.00851531
 0.00040661 0.0118913 ]
	[RESULT 16] [0.01051531 0.015624   0.0151087  0.01259461 0.002812   0.09021739
 0.         0.00832609 0.0051087  0.00021739 0.         0.00851531
 0.00040661 0.0118913 ]
	[RESULT 17] [0.01051531 0.015624   0.0151087  0.01259461 0.002812   0.09021739
 0.         0.00832609 0.0051087  0.00021739 0.         0.00851531
 0.00040661 0.0118913 ]
	[RESULT 18] [0.01051531 0.015624   0.0151087  0.01259461 0.002812   0.09021739
 0.         0.00832609 0.0051087  0.00021739 0.         0.00851531
 0.00040661 0.0118913 ]
	[RESULT 19] [0.01051531 0.015624   0.0151087  0.01259461 0.002812   0.09021739
 0.         0.00832609 0.0051087  0.00021739 0.         0.00851531
 0.00040661 0.0118913 ]
	[RESULT 20] [0.01051531 0.015624   0.0151087  0.01259461 0.002812   0.09021739
 0.         0.00932609 0.0051087  0.00021739 0.         0.00951531
 0.00040661 0.0108913 ]
	[RESULT 21] [0.01051531 0.015624   0.0151087  0.01259461 0.002812   0.09021739
 0.         0.00932609 0.0051087  0.00021739 0.         0.00951531
 0.00040661 0.0108913 ]
	[RESULT 22] [0.01051531 0.015624   0.0151087  0.01259461 0.002812   0.09021739
 0.         0.00932609 0.0051087  0.00021739 0.         0.00951531
 0.00040661 0.0108913 ]
	[RESULT 23] [0.01051531 0.015624   0.0151087  0.01259461 0.002812   0.09021739
 0.         0.00932609 0.0051087  0.00021739 0.         0.00951531
 0.00040661 0.0108913 ]
	[RESULT 24] [0.01051531 0.015624   0.0151087  0.01259461 0.002812   0.09021739
 0.         0.00932609 0.0051087  0.00021739 0.         0.00951531
 0.00040661 0.0108913 ]
	[RESULT 25] [0.01051531 0.015624   0.0151087  0.01259461 0.002812   0.09021739
 0.         0.00932609 0.0051087  0.00021739 0.         0.00951531
 0.00040661 0.0108913 ]
	[RESULT 26] [0.01051531 0.015624   0.0151087  0.01259461 0.002812   0.09021739
 0.         0.00832609 0.0051087  0.00021739 0.         0.00851531
 0.00040661 0.0118913 ]
	[RESULT 27] [0.01051531 0.015624   0.0151087  0.01259461 0.002812   0.09021739
 0.         0.00832609 0.0051087  0.00021739 0.         0.00851531
 0.00040661 0.0118913 ]
	[RESULT 28] [0.01051531 0.015624   0.0151087  0.01259461 0.002812   0.09021739
 0.         0.00832609 0.0051087  0.00021739 0.         0.00851531
 0.00040661 0.0118913 ]
	[RESULT 29] [0.01051531 0.015624   0.0151087  0.01259461 0.002812   0.09021739
 0.         0.00832609 0.0051087  0.00021739 0.         0.00851531
 0.00040661 0.0118913 ]
	[RESULT 30] [0.01051531 0.015624   0.0151087  0.01259461 0.002812   0.09021739
 0.         0.00832609 0.0051087  0.00021739 0.         0.00851531
 0.00040661 0.0118913 ]
	[RESULT 31] [0.01051531 0.015624   0.0151087  0.01259461 0.002812   0.09021739
 0.         0.00932609 0.0051087  0.00021739 0.         0.00951531
 0.00040661 0.0108913 ]
	[RESULT 32] [0.01051531 0.015624   0.0151087  0.01259461 0.002812   0.09021739
 0.         0.00832609 0.0051087  0.00021739 0.         0.00851531
 0.00040661 0.0118913 ]
	[RESULT 33] [0.01051531 0.015624   0.0151087  0.01259461 0.002812   0.09021739
 0.         0.00832609 0.0051087  0.00021739 0.         0.00851531
 0.00040661 0.0118913 ]
	[RESULT 34] [0.01051531 0.015624   0.0151087  0.01259461 0.002812   0.09021739
 0.         0.00832609 0.0051087  0.00021739 0.         0.00851531
 0.00040661 0.0118913 ]
	[RESULT 35] [0.01051531 0.015624   0.0151087  0.01259461 0.002812   0.09021739
 0.         0.00832609 0.0051087  0.00021739 0.         0.00851531
 0.00040661 0.0118913 ]
	[RESULT 36] [0.01051531 0.015624   0.0151087  0.01259461 0.002812   0.09021739
 0.         0.00832609 0.0051087  0.00021739 0.         0.00851531
 0.00040661 0.0118913 ]
	[RESULT 37] [0.01051531 0.015624   0.0151087  0.01259461 0.002812   0.09021739
 0.         0.00832609 0.0051087  0.00021739 0.         0.00851531
 0.00040661 0.0118913 ]
	[RESULT 38] [0.01051531 0.015624   0.0151087  0.01259461 0.002812   0.09021739
 0.         0.00832609 0.0051087  0.00021739 0.         0.00851531
 0.00040661 0.0118913 ]
	[RESULT 39] [0.01051531 0.015624   0.0151087  0.01259461 0.002812   0.09021739
 0.         0.00932609 0.0051087  0.00021739 0.         0.00951531
 0.00040661 0.0108913 ]
	[RESULT 40] [0.01051531 0.015624   0.0151087  0.01259461 0.002812   0.09021739
 0.         0.00832609 0.0051087  0.00021739 0.         0.00851531
 0.00040661 0.0118913 ]
	[RESULT 41] [0.01051531 0.015624   0.0151087  0.01259461 0.002812   0.09021739
 0.         0.00832609 0.0051087  0.00021739 0.         0.00851531
 0.00040661 0.0118913 ]
	[RESULT 42] [0.01051531 0.015624   0.0151087  0.01259461 0.002812   0.09021739
 0.         0.00832609 0.0051087  0.00021739 0.         0.00851531
 0.00040661 0.0118913 ]
	[RESULT 43] [0.01051531 0.015624   0.0151087  0.01259461 0.002812   0.09021739
 0.         0.00832609 0.0051087  0.00021739 0.         0.00851531
 0.00040661 0.0118913 ]
	[RESULT 44] [0.01051531 0.015624   0.0151087  0.01259461 0.002812   0.09021739
 0.         0.00832609 0.0051087  0.00021739 0.         0.00851531
 0.00040661 0.0118913 ]
	[RESULT 45] [0.01051531 0.015624   0.0151087  0.01259461 0.002812   0.09021739
 0.         0.00832609 0.0051087  0.00021739 0.         0.00851531
 0.00040661 0.0118913 ]
	[RESULT 46] [0.01051531 0.015624   0.0151087  0.01259461 0.002812   0.09021739
 0.         0.00832609 0.0051087  0.00021739 0.         0.00851531
 0.00040661 0.0118913 ]
	[RESULT 47] [0.01051531 0.015624   0.0151087  0.01259461 0.002812   0.09021739
 0.         0.00932609 0.0051087  0.00021739 0.         0.00951531
 0.00040661 0.0108913 ]
	[RESULT 48] [0.01051531 0.015624   0.0151087  0.01259461 0.002812   0.09021739
 0.         0.00832609 0.0051087  0.00021739 0.         0.00851531
 0.00040661 0.0118913 ]
	[RESULT 49] [0.01051531 0.015624   0.0151087  0.01259461 0.002812   0.09021739
 0.         0.00832609 0.0051087  0.00021739 0.         0.00851531
 0.00040661 0.0118913 ]
	[RESULT 50] [0.01051531 0.015624   0.0151087  0.01259461 0.002812   0.09021739
 0.         0.00832609 0.0051087  0.00021739 0.         0.00851531
 0.00040661 0.0118913 ]
	[RESULT 51] [0.01051531 0.015624   0.0151087  0.01259461 0.002812   0.09021739
 0.         0.00832609 0.0051087  0.00021739 0.         0.00851531
 0.00040661 0.0118913 ]
	[RESULT 52] [0.01051531 0.015624   0.0151087  0.01259461 0.002812   0.09021739
 0.         0.00832609 0.0051087  0.00021739 0.         0.00851531
 0.00040661 0.0118913 ]
	[RESULT 53] [0.01051531 0.015624   0.0151087  0.01259461 0.002812   0.09021739
 0.         0.00832609 0.0051087  0.00021739 0.         0.00851531
 0.00040661 0.0118913 ]
	[RESULT 54] [0.01051531 0.015624   0.0151087  0.01259461 0.002812   0.09021739
 0.         0.00832609 0.0051087  0.00021739 0.         0.00851531
 0.00040661 0.0118913 ]
	[RESULT 55] [0.01051531 0.015624   0.0151087  0.01259461 0.002812   0.09021739
 0.         0.00832609 0.0051087  0.00021739 0.         0.00851531
 0.00040661 0.0118913 ]
	[RESULT 56] [0.01051531 0.015624   0.0151087  0.01259461 0.002812   0.09021739
 0.         0.00832609 0.0051087  0.00021739 0.         0.00851531
 0.00040661 0.0118913 ]
	[RESULT 57] [0.01051531 0.015624   0.0151087  0.01259461 0.002812   0.09021739
 0.         0.00932609 0.0051087  0.00021739 0.         0.00951531
 0.00040661 0.0108913 ]
	[RESULT 58] [0.01051531 0.015624   0.0151087  0.01259461 0.002812   0.09021739
 0.         0.00832609 0.0051087  0.00021739 0.         0.00851531
 0.00040661 0.0118913 ]
	[RESULT 59] [0.01051531 0.015624   0.0151087  0.01259461 0.002812   0.09021739
 0.         0.00832609 0.0051087  0.00021739 0.         0.00851531
 0.00040661 0.0118913 ]
	[RESULT 60] [0.01051531 0.015624   0.0151087  0.01259461 0.002812   0.09021739
 0.         0.00832609 0.0051087  0.00021739 0.         0.00851531
 0.00040661 0.0118913 ]
	[RESULT 61] [0.01051531 0.015624   0.0151087  0.01259461 0.002812   0.09021739
 0.         0.00832609 0.0051087  0.00021739 0.         0.00851531
 0.00040661 0.0118913 ]
	[RESULT 62] [0.01051531 0.015624   0.0151087  0.01259461 0.002812   0.09021739
 0.         0.00832609 0.0051087  0.00021739 0.         0.00851531
 0.00040661 0.0118913 ]
	[RESULT 63] [0.01051531 0.015624   0.0151087  0.01259461 0.002812   0.09021739
 0.         0.00832609 0.0051087  0.00021739 0.         0.00851531
 0.00040661 0.0118913 ]
	[RESULT 64] [0.01051531 0.015624   0.0151087  0.01259461 0.002812   0.09021739
 0.         0.00832609 0.0051087  0.00021739 0.         0.00851531
 0.00040661 0.0118913 ]
	[RESULT 65] [0.01051531 0.015624   0.0151087  0.01259461 0.002812   0.09021739
 0.         0.00832609 0.0051087  0.00021739 0.         0.00851531
 0.00040661 0.0118913 ]
	[RESULT 66] [0.01051531 0.015624   0.0151087  0.01259461 0.002812   0.09021739
 0.         0.00832609 0.0051087  0.00021739 0.         0.00851531
 0.00040661 0.0118913 ]
	[RESULT 67] [0.01051531 0.015624   0.0151087  0.01259461 0.002812   0.09021739
 0.         0.00932609 0.0051087  0.00021739 0.         0.00951531
 0.00040661 0.0108913 ]
	[RESULT 68] [0.01051531 0.015624   0.0151087  0.01259461 0.002812   0.09021739
 0.         0.00832609 0.0051087  0.00021739 0.         0.00851531
 0.00040661 0.0118913 ]
	[RESULT 69] [0.01051531 0.015624   0.0151087  0.01259461 0.002812   0.09021739
 0.         0.00832609 0.0051087  0.00021739 0.         0.00851531
 0.00040661 0.0118913 ]
	[RESULT 70] [0.01051531 0.015624   0.0151087  0.01259461 0.002812   0.09021739
 0.         0.00832609 0.0051087  0.00021739 0.         0.00851531
 0.00040661 0.0118913 ]
	[RESULT 71] [0.01051531 0.015624   0.0151087  0.01259461 0.002812   0.09021739
 0.         0.00832609 0.0051087  0.00021739 0.         0.00851531
 0.00040661 0.0118913 ]
	[RESULT 72] [0.01051531 0.015624   0.0151087  0.01259461 0.002812   0.09021739
 0.         0.00832609 0.0051087  0.00021739 0.         0.00851531
 0.00040661 0.0118913 ]
	[RESULT 73] [0.01051531 0.015624   0.0151087  0.01259461 0.002812   0.09021739
 0.         0.00832609 0.0051087  0.00021739 0.         0.00851531
 0.00040661 0.0118913 ]
	[RESULT 74] [0.01051531 0.015624   0.0151087  0.01259461 0.002812   0.09021739
 0.         0.00932609 0.0051087  0.00021739 0.         0.00951531
 0.00040661 0.0108913 ]
	[RESULT 75] [0.01051531 0.015624   0.0151087  0.01259461 0.002812   0.09021739
 0.         0.00832609 0.0051087  0.00021739 0.         0.00851531
 0.00040661 0.0118913 ]
	[RESULT 76] [0.01051531 0.015624   0.0151087  0.01259461 0.002812   0.09021739
 0.         0.00832609 0.0051087  0.00021739 0.         0.00851531
 0.00040661 0.0118913 ]
	[RESULT 77] [0.01051531 0.015624   0.0151087  0.01259461 0.002812   0.09021739
 0.         0.00832609 0.0051087  0.00021739 0.         0.00851531
 0.00040661 0.0118913 ]
	[RESULT 78] [0.01053557 0.01566388 0.01512831 0.01257532 0.00283194 0.09025662
 0.         0.00938493 0.00512831 0.00025662 0.         0.00953557
 0.00040726 0.01087169]
	[RESULT 79] [0.01051531 0.015624   0.0151087  0.01259461 0.002812   0.09021739
 0.         0.00832609 0.0051087  0.00021739 0.         0.00851531
 0.00040661 0.0118913 ]
	[RESULT 80] [0.01051531 0.015624   0.0151087  0.01259461 0.002812   0.09021739
 0.         0.00832609 0.0051087  0.00021739 0.         0.00851531
 0.00040661 0.0118913 ]
	[RESULT 81] [0.01051531 0.015624   0.0151087  0.01259461 0.002812   0.09021739
 0.         0.00832609 0.0051087  0.00021739 0.         0.00851531
 0.00040661 0.0118913 ]
	[RESULT 82] [0.01051531 0.015624   0.0151087  0.01259461 0.002812   0.09021739
 0.         0.00832609 0.0051087  0.00021739 0.         0.00851531
 0.00040661 0.0118913 ]
	[RESULT 83] [0.01051531 0.015624   0.0151087  0.01259461 0.002812   0.09021739
 0.         0.00832609 0.0051087  0.00021739 0.         0.00851531
 0.00040661 0.0118913 ]
	[RESULT 84] [0.01051531 0.015624   0.0151087  0.01259461 0.002812   0.09021739
 0.         0.00832609 0.0051087  0.00021739 0.         0.00851531
 0.00040661 0.0118913 ]
	[RESULT 85] [0.01051531 0.015624   0.0151087  0.01259461 0.002812   0.09021739
 0.         0.00832609 0.0051087  0.00021739 0.         0.00851531
 0.00040661 0.0118913 ]
	[RESULT 86] [0.01051531 0.015624   0.0151087  0.01259461 0.002812   0.09021739
 0.         0.00832609 0.0051087  0.00021739 0.         0.00851531
 0.00040661 0.0118913 ]
	[RESULT 87] [0.01051531 0.015624   0.0151087  0.01259461 0.002812   0.09021739
 0.         0.00932609 0.0051087  0.00021739 0.         0.00951531
 0.00040661 0.0108913 ]
	[RESULT 88] [0.01051531 0.015624   0.0151087  0.01259461 0.002812   0.09021739
 0.         0.00832609 0.0051087  0.00021739 0.         0.00851531
 0.00040661 0.0118913 ]
	[RESULT 89] [0.01051531 0.015624   0.0151087  0.01259461 0.002812   0.09021739
 0.         0.00832609 0.0051087  0.00021739 0.         0.00851531
 0.00040661 0.0118913 ]
	[RESULT 90] [0.01051531 0.015624   0.0151087  0.01259461 0.002812   0.09021739
 0.         0.00832609 0.0051087  0.00021739 0.         0.00851531
 0.00040661 0.0118913 ]
	[RESULT 91] [0.01051531 0.015624   0.0151087  0.01259461 0.002812   0.09021739
 0.         0.00832609 0.0051087  0.00021739 0.         0.00851531
 0.00040661 0.0118913 ]
	[RESULT 92] [0.01051557 0.01562427 0.0151087  0.01259474 0.00281213 0.09021739
 0.         0.00832609 0.0051087  0.00021739 0.         0.00851557
 0.00040688 0.0118913 ]
	[RESULT 93] [0.01051531 0.015624   0.0151087  0.01259461 0.002812   0.09021739
 0.         0.00832609 0.0051087  0.00021739 0.         0.00851531
 0.00040661 0.0118913 ]
