[METRICS]
	[DISEQUILIBRIUM COUNT] 0
[VARIABLES]
	[RESULT 1] [0 7.421024539065524 1 1 11 1000.0011662521159 1]
	[RESULT 2] [0 7.183974256390299 1 1 11 1000.0154404875636 1]
	[RESULT 3] [0 7.115007840779379 1 1 10 1000.0000074390528 1]
	[RESULT 4] [0 7.1126913643254435 1 1 11 1000.0039745966023 1]
	[RESULT 5] [0 7.12343222282199 1 1 9 1000.0000035440082 1]
	[RESULT 6] [0 7.084536472600423 1 1 11 1000.0003686950578 1]
	[RESULT 7] [0 7.223763276934205 1 1 15 1000.0000382776703 1]
	[RESULT 8] [0 7.12603847670276 1 1 11 1000.003880344861 1]
	[RESULT 9] [0 7.115670709926896 1 1 9 1000.0021188931219 1]
	[RESULT 10] [0 7.1157475794248395 1 1 10 1000.0000024038337 1]
	[RESULT 11] [0 6.787518806249254 1 1 11 1000.0001837217649 1]
	[RESULT 12] [0 7.1157475794248395 1 1 10 1000.0000024038337 1]
	[RESULT 13] [0 6.945598896236319 1 1 12 1000.0189836684153 1]
	[RESULT 14] [0 7.112800877902334 1 1 10 1000.0001900244346 1]
	[RESULT 15] [0 7.169694884440374 1 1 10 1000.000007572735 1]
	[RESULT 16] [0 7.023506768374817 1 1 11 1000.0008428552088 1]
	[RESULT 17] [0 7.17065575967711 1 1 10 1000.0000158996721 1]
	[RESULT 18] [0 6.931826249218752 1 1 14 1000.0000000386088 1]
	[RESULT 19] [0 7.165215772382564 1 1 2 1000.0010215418084 1]
	[RESULT 20] [0 12.164439308495398 1 1 11 1000.0000332704076 1]
	[RESULT 21] [0 7.510831749167457 1 1 11 1000.0000589616587 1]
	[RESULT 22] [0 7.633112339763549 1 1 9 1000.0008980224007 1]
	[RESULT 23] [0 7.510831749167457 1 1 11 1000.0000589616587 1]
	[RESULT 24] [0 7.4872111871803275 1 1 7 1000.0000123862727 1]
	[RESULT 25] [0 9.118372866545142 1 1 12 1000.0004908427812 1]
	[RESULT 26] [0 7.222498253351416 1 1 10 1000.0000120130064 1]
	[RESULT 27] [0 7.113539598119315 1 1 12 1000.000000090715 1]
	[RESULT 28] [0 7.124328941848228 1 1 11 1000.0000000691446 1]
	[RESULT 29] [0 7.113539598119315 1 1 12 1000.000000090715 1]
	[RESULT 30] [0 7.1157475794248395 1 1 10 1000.0000024038337 1]
	[RESULT 31] [0 7.17065575967711 1 1 10 1000.0000158996721 1]
	[RESULT 32] [0 7.510831749167457 1 1 11 1000.0000589616587 1]
	[RESULT 33] [0 7.113539598119315 1 1 12 1000.000000090715 1]
	[RESULT 34] [0 6.910824463178903 1 1 10 1000.0001054598996 1]
	[RESULT 35] [0 7.115943863977545 1 1 3 1000.0000176439656 1]
	[RESULT 36] [0 6.790056221325128 1 1 11 1000.001630613645 1]
	[RESULT 37] [0 7.1157475794248395 1 1 10 1000.0000024038337 1]
	[RESULT 38] [0 6.590847687578023 1 1 9 1000.0024157444467 1]
	[RESULT 39] [0 6.931826249218752 1 1 14 1000.0000000386088 1]
	[RESULT 40] [0 7.347103901200175 1 1 11 1000.0000186602925 1]
	[RESULT 41] [0 7.115786680369877 1 1 10 1000.0000007587558 1]
	[RESULT 42] [0 6.971318975455654 1 1 7 1000.0000205383078 1]
	[RESULT 43] [0 7.173294194587777 1 1 11 1000.0006915931211 1]
	[RESULT 44] [0 7.025853012425262 1 1 15 1000.0000046475437 1]
	[RESULT 45] [0 7.172495739117277 1 1 13 1000.0000273780641 1]
	[RESULT 46] [0 6.940853379316006 1 1 14 1000.0000000386088 1]
	[RESULT 47] [0 7.122248274432217 1 1 10 1000.0001351074358 1]
	[RESULT 48] [0 7.481046349195239 1 1 13 1000.0000288592489 1]
	[RESULT 49] [0 7.172495739117277 1 1 13 1000.0000273780641 1]
	[RESULT 50] [0 6.9408470965020195 1 1 10 1000.0000478403941 1]
	[RESULT 51] [0 7.169482458880618 1 1 1 1000.0012735405978 1]
	[RESULT 52] [0 7.731743350232146 1 1 10 1000.0000137721931 1]
	[RESULT 53] [0 7.1272223931365675 1 1 11 1000.0000337810008 1]
	[RESULT 54] [0 7.1273667599371135 1 1 12 1000.0000137721931 1]
	[RESULT 55] [0 6.9925863877958205 1 1 7 1000.0001339344378 1]
	[RESULT 56] [0 9.430317730210477 1 1 11 1000.0030167800755 1]
	[RESULT 57] [0 7.1273667599371135 1 1 12 1000.0000137721931 1]
	[RESULT 58] [0 6.9925863877958205 1 1 7 1000.0001339344378 1]
	[RESULT 59] [0 7.22081724682758 1 1 11 1000.0000029459583 1]
	[RESULT 60] [0 7.169688678799147 1 1 11 1000.0001450000781 1]
	[RESULT 61] [0 7.0241621597677595 1 1 13 1000.0000013629156 1]
	[RESULT 62] [0 7.169688678799147 1 1 11 1000.0001450000781 1]
	[RESULT 63] [0 6.936422344296916 1 1 12 1000.0004001872944 1]
	[RESULT 64] [0 7.122248274432217 1 1 10 1000.0001351074358 1]
	[RESULT 65] [0 7.1559843284643225 1 1 12 1000.0000562304433 1]
	[RESULT 66] [0 6.911343570607984 1 1 7 1000.0002282242466 1]
	[RESULT 67] [0 6.590847687578023 1 1 9 1000.0024157444467 1]
	[RESULT 68] [0 6.9421104457889475 1 1 3 1000.0036118588349 1]
	[RESULT 69] [0 7.341756858269906 1 1 11 1000.0000535357044 1]
	[RESULT 70] [0 6.590847687578023 1 1 9 1000.0024157444467 1]
	[RESULT 71] [0 6.966524838186882 1 1 3 1000.0036118588349 1]
	[RESULT 72] [0 6.918006374308702 1 1 11 1000.0751288011433 1]
	[RESULT 73] [0 6.966524838186882 1 1 3 1000.0036118588349 1]
	[RESULT 74] [0 7.113535634418544 1 1 10 1000.0016071530216 1]
	[RESULT 75] [0 7.174225127308449 1 1 11 1000.0013537888141 1]
	[RESULT 76] [0 7.034657394665459 1 1 9 1000.0000486960869 1]
	[RESULT 77] [0 7.173954433803596 1 1 11 1000.0006160971953 1]
	[RESULT 78] [0 6.945804649720224 1 1 10 1000.0009250900499 1]
	[RESULT 79] [0 7.123003711645997 1 1 10 1000.0000525969026 1]
	[RESULT 80] [0 7.476003592836873 1 1 11 1000.0001526649315 1]
	[RESULT 81] [0 7.17479384489681 1 1 15 1000.0001191356573 1]
	[RESULT 82] [0 6.945112302717479 1 1 15 1000.0009275425746 1]
	[RESULT 83] [0 7.1224266584834375 1 1 11 1000.000000296043 1]
	[RESULT 84] [0 6.965696519150631 1 1 11 1000.0000235570268 1]
	[RESULT 85] [0 7.170686239232621 1 1 10 1000.0000000980627 1]
[OBJECTIVES]
	[RESULT 1] [0.01186816 0.01832971 0.01646155 0.01124176 0.00416486 0.0929231
 0.         0.00611535 0.00646155 0.0029231  0.         0.01136816
 0.00040661 0.00903845]
	[RESULT 2] [0.01197698 0.01854734 0.01657036 0.01113294 0.00427367 0.09314073
 0.         0.00578891 0.00657036 0.00314073 0.         0.01147698
 0.00040661 0.00892964]
	[RESULT 3] [0.01201174 0.01861688 0.01660513 0.01109817 0.00430844 0.09321026
 0.         0.0056846  0.00660513 0.00321026 0.         0.01151174
 0.00040661 0.00889487]
	[RESULT 4] [0.01201294 0.01861927 0.01660633 0.01109698 0.00430963 0.09321265
 0.         0.00568102 0.00660633 0.00321265 0.         0.01151294
 0.00040661 0.00889367]
	[RESULT 5] [0.01200741 0.01860822 0.0166008  0.0111025  0.00430411 0.09320161
 0.         0.00569759 0.0066008  0.00320161 0.         0.01150741
 0.00040661 0.0088992 ]
	[RESULT 6] [0.0120276  0.01864859 0.01662099 0.01108232 0.00432429 0.09324198
 0.         0.00563703 0.00662099 0.00324198 0.         0.0115276
 0.00040661 0.00887901]
	[RESULT 7] [0.01195759 0.01850858 0.01655098 0.01115232 0.00425429 0.09310196
 0.         0.00584705 0.00655098 0.00310196 0.         0.01145759
 0.00040661 0.00894902]
	[RESULT 8] [0.01200608 0.01860555 0.01659947 0.01110384 0.00430277 0.09319894
 0.         0.00570159 0.00659947 0.00319894 0.         0.01150608
 0.00040661 0.00890053]
	[RESULT 9] [0.0120114  0.01861619 0.01660479 0.01109851 0.0043081  0.09320958
 0.         0.00568563 0.00660479 0.00320958 0.         0.0115114
 0.00040661 0.00889521]
	[RESULT 10] [0.01201136 0.01861611 0.01660475 0.01109855 0.00430806 0.0932095
 0.         0.00568575 0.00660475 0.0032095  0.         0.01151136
 0.00040661 0.00889525]
	[RESULT 11] [0.01220032 0.01899403 0.01679371 0.0109096  0.00449702 0.09358742
 0.         0.00511887 0.00679371 0.00358742 0.         0.01170032
 0.00040661 0.00870629]
	[RESULT 12] [0.01201136 0.01861611 0.01660475 0.01109855 0.00430806 0.0932095
 0.         0.00568575 0.00660475 0.0032095  0.         0.01151136
 0.00040661 0.00889525]
	[RESULT 13] [0.01210406 0.01880151 0.01669745 0.01100586 0.00440075 0.0933949
 0.         0.00540766 0.00669745 0.0033949  0.         0.01160406
 0.00040661 0.00880255]
	[RESULT 14] [0.01201288 0.01861915 0.01660627 0.01109704 0.00430958 0.09321254
 0.         0.00568119 0.00660627 0.00321254 0.         0.01151288
 0.00040661 0.00889373]
	[RESULT 15] [0.01198405 0.01856149 0.01657744 0.01112587 0.00428074 0.09315488
 0.         0.00576768 0.00657744 0.00315488 0.         0.01148405
 0.00040661 0.00892256]
	[RESULT 16] [0.01206032 0.01871403 0.01665371 0.0110496  0.00435701 0.09330742
 0.         0.00553887 0.00665371 0.00330742 0.         0.01156032
 0.00040661 0.00884629]
	[RESULT 17] [0.01198357 0.01856053 0.01657696 0.01112634 0.00428027 0.09315392
 0.         0.00576912 0.00657696 0.00315392 0.         0.01148357
 0.00040661 0.00892304]
	[RESULT 18] [0.01211203 0.01881745 0.01670542 0.01099788 0.00440873 0.09341084
 0.         0.00538374 0.00670542 0.00341084 0.         0.01161203
 0.00040661 0.00879458]
	[RESULT 19] [0.01198628 0.01856595 0.01657967 0.01112363 0.00428298 0.09315934
 0.         0.00576099 0.00657967 0.00315934 0.         0.01148628
 0.00040661 0.00892033]
	[RESULT 20] [0.01101902 0.01663144 0.01561241 0.01209089 0.00331572 0.09122482
 0.         0.00866276 0.00561241 0.00122482 0.         0.01051902
 0.00040661 0.00988759]
	[RESULT 21] [0.01183078 0.01825494 0.01642416 0.01127914 0.00412747 0.09284833
 0.         0.00622751 0.00642416 0.00284833 0.         0.01133078
 0.00040661 0.00907584]
	[RESULT 22] [0.01178284 0.01815907 0.01637623 0.01132708 0.00407954 0.09275246
 0.         0.00637131 0.00637623 0.00275246 0.         0.01128284
 0.00040661 0.00912377]
	[RESULT 23] [0.01183078 0.01825494 0.01642416 0.01127914 0.00412747 0.09284833
 0.         0.00622751 0.00642416 0.00284833 0.         0.01133078
 0.00040661 0.00907584]
	[RESULT 24] [0.01184042 0.01827423 0.01643381 0.0112695  0.00413712 0.09286762
 0.         0.00619857 0.00643381 0.00286762 0.         0.01134042
 0.00040661 0.00906619]
	[RESULT 25] [0.01138348 0.01736036 0.01597687 0.01172643 0.00368018 0.09195375
 0.         0.00756938 0.00597687 0.00195375 0.         0.01088348
 0.00040661 0.00952313]
	[RESULT 26] [0.0119582  0.01850979 0.01655159 0.01115171 0.0042549  0.09310318
 0.         0.00584523 0.00655159 0.00310318 0.         0.0114582
 0.00040661 0.00894841]
	[RESULT 27] [0.0120125  0.01861839 0.01660589 0.01109742 0.0043092  0.09321178
 0.         0.00568233 0.00660589 0.00321178 0.         0.0115125
 0.00040661 0.00889411]
	[RESULT 28] [0.01200696 0.0186073  0.01660034 0.01110296 0.00430365 0.09320069
 0.         0.00569897 0.00660034 0.00320069 0.         0.01150696
 0.00040661 0.00889966]
	[RESULT 29] [0.0120125  0.01861839 0.01660589 0.01109742 0.0043092  0.09321178
 0.         0.00568233 0.00660589 0.00321178 0.         0.0115125
 0.00040661 0.00889411]
	[RESULT 30] [0.01201136 0.01861611 0.01660475 0.01109855 0.00430806 0.0932095
 0.         0.00568575 0.00660475 0.0032095  0.         0.01151136
 0.00040661 0.00889525]
	[RESULT 31] [0.01198357 0.01856053 0.01657696 0.01112634 0.00428027 0.09315392
 0.         0.00576912 0.00657696 0.00315392 0.         0.01148357
 0.00040661 0.00892304]
	[RESULT 32] [0.01183078 0.01825494 0.01642416 0.01127914 0.00412747 0.09284833
 0.         0.00622751 0.00642416 0.00284833 0.         0.01133078
 0.00040661 0.00907584]
	[RESULT 33] [0.0120125  0.01861839 0.01660589 0.01109742 0.0043092  0.09321178
 0.         0.00568233 0.00660589 0.00321178 0.         0.0115125
 0.00040661 0.00889411]
	[RESULT 34] [0.01212434 0.01884206 0.01671773 0.01098558 0.00442103 0.09343545
 0.         0.00534682 0.00671773 0.00343545 0.         0.01162434
 0.00040661 0.00878227]
	[RESULT 35] [0.01201126 0.01861591 0.01660465 0.01109866 0.00430796 0.0932093
 0.         0.00568605 0.00660465 0.0032093  0.         0.01151126
 0.00040661 0.00889535]
	[RESULT 36] [0.01219869 0.01899077 0.01679208 0.01091123 0.00449538 0.09358416
 0.         0.00512376 0.00679208 0.00358416 0.         0.01169869
 0.00040661 0.00870792]
	[RESULT 37] [0.01201136 0.01861611 0.01660475 0.01109855 0.00430806 0.0932095
 0.         0.00568575 0.00660475 0.0032095  0.         0.01151136
 0.00040661 0.00889525]
	[RESULT 38] [0.01233648 0.01926635 0.01692987 0.01077344 0.00463318 0.09385974
 0.         0.00471039 0.00692987 0.00385974 0.         0.01183648
 0.00040661 0.00857013]
	[RESULT 39] [0.01211203 0.01881745 0.01670542 0.01099788 0.00440873 0.09341084
 0.         0.00538374 0.00670542 0.00341084 0.         0.01161203
 0.00040661 0.00879458]
	[RESULT 40] [0.01190044 0.01839427 0.01649383 0.01120948 0.00419713 0.09298766
 0.         0.00601851 0.00649383 0.00298766 0.         0.01140044
 0.00040661 0.00900617]
	[RESULT 41] [0.01201134 0.01861607 0.01660473 0.01109857 0.00430804 0.09320946
 0.         0.00568581 0.00660473 0.00320946 0.         0.01151134
 0.00040661 0.00889527]
	[RESULT 42] [0.01208937 0.01877212 0.01668275 0.01102055 0.00438606 0.09336551
 0.         0.00545174 0.00668275 0.00336551 0.         0.01158937
 0.00040661 0.00881725]
	[RESULT 43] [0.01198226 0.01855791 0.01657565 0.01112766 0.00427896 0.0931513
 0.         0.00577305 0.00657565 0.0031513  0.         0.01148226
 0.00040661 0.00892435]
	[RESULT 44] [0.01205904 0.01871146 0.01665243 0.01105088 0.00435573 0.09330485
 0.         0.00554272 0.00665243 0.00330485 0.         0.01155904
 0.00040661 0.00884757]
	[RESULT 45] [0.01198266 0.0185587  0.01657605 0.01112726 0.00427935 0.09315209
 0.         0.00577186 0.00657605 0.00315209 0.         0.01148266
 0.00040661 0.00892395]
	[RESULT 46] [0.0121068  0.01880699 0.01670019 0.01100312 0.00440349 0.09340037
 0.         0.00539944 0.00670019 0.00340037 0.         0.0116068
 0.00040661 0.00879981]
	[RESULT 47] [0.01200802 0.01860943 0.01660141 0.0111019  0.00430472 0.09320282
 0.         0.00569577 0.00660141 0.00320282 0.         0.01150802
 0.00040661 0.00889859]
	[RESULT 48] [0.01184296 0.01827931 0.01643635 0.01126696 0.00413966 0.0928727
 0.         0.00619095 0.00643635 0.0028727  0.         0.01134296
 0.00040661 0.00906365]
	[RESULT 49] [0.01198266 0.0185587  0.01657605 0.01112726 0.00427935 0.09315209
 0.         0.00577186 0.00657605 0.00315209 0.         0.01148266
 0.00040661 0.00892395]
	[RESULT 50] [0.0121068  0.01880699 0.01670019 0.01100312 0.0044035  0.09340038
 0.         0.00539943 0.00670019 0.00340038 0.         0.0116068
 0.00040661 0.00879981]
	[RESULT 51] [0.01198416 0.0185617  0.01657754 0.01112576 0.00428085 0.09315509
 0.         0.00576737 0.00657754 0.00315509 0.         0.01148416
 0.00040661 0.00892246]
	[RESULT 52] [0.01174647 0.01808632 0.01633986 0.01136345 0.00404316 0.09267971
 0.         0.00648043 0.00633986 0.00267971 0.         0.01124647
 0.00040661 0.00916014]
	[RESULT 53] [0.01200547 0.01860434 0.01659886 0.01110444 0.00430217 0.09319773
 0.         0.00570341 0.00659886 0.00319773 0.         0.01150547
 0.00040661 0.00890114]
	[RESULT 54] [0.0120054  0.01860419 0.01659879 0.01110452 0.00430209 0.09319758
 0.         0.00570363 0.00659879 0.00319758 0.         0.0115054
 0.00040661 0.00890121]
	[RESULT 55] [0.01207741 0.0187482  0.0166708  0.01103251 0.0043741  0.09334159
 0.         0.00548761 0.0066708  0.00334159 0.         0.01157741
 0.00040661 0.0088292 ]
	[RESULT 56] [0.01132737 0.01724812 0.01592076 0.01178255 0.00362406 0.09184151
 0.         0.00773773 0.00592076 0.00184151 0.         0.01082737
 0.00040661 0.00957924]
	[RESULT 57] [0.0120054  0.01860419 0.01659879 0.01110452 0.00430209 0.09319758
 0.         0.00570363 0.00659879 0.00319758 0.         0.0115054
 0.00040661 0.00890121]
	[RESULT 58] [0.01207741 0.0187482  0.0166708  0.01103251 0.0043741  0.09334159
 0.         0.00548761 0.0066708  0.00334159 0.         0.01157741
 0.00040661 0.0088292 ]
	[RESULT 59] [0.01195901 0.01851141 0.0165524  0.0111509  0.00425571 0.0931048
 0.         0.0058428  0.0065524  0.0031048  0.         0.01145901
 0.00040661 0.0089476 ]
	[RESULT 60] [0.01198405 0.0185615  0.01657744 0.01112586 0.00428075 0.09315488
 0.         0.00576767 0.00657744 0.00315488 0.         0.01148405
 0.00040661 0.00892256]
	[RESULT 61] [0.01205996 0.01871331 0.01665335 0.01104996 0.00435666 0.0933067
 0.         0.00553995 0.00665335 0.0033067  0.         0.01155996
 0.00040661 0.00884665]
	[RESULT 62] [0.01198405 0.0185615  0.01657744 0.01112586 0.00428075 0.09315488
 0.         0.00576767 0.00657744 0.00315488 0.         0.01148405
 0.00040661 0.00892256]
	[RESULT 63] [0.01210936 0.01881212 0.01670275 0.01100055 0.00440606 0.0934055
 0.         0.00539174 0.00670275 0.0034055  0.         0.01160936
 0.00040661 0.00879725]
	[RESULT 64] [0.01200802 0.01860943 0.01660141 0.0111019  0.00430472 0.09320282
 0.         0.00569577 0.00660141 0.00320282 0.         0.01150802
 0.00040661 0.00889859]
	[RESULT 65] [0.0119909  0.0185752  0.01658429 0.01111901 0.0042876  0.09316858
 0.         0.00574712 0.00658429 0.00316858 0.         0.0114909
 0.00040661 0.00891571]
	[RESULT 66] [0.01212403 0.01884145 0.01671742 0.01098589 0.00442073 0.09343484
 0.         0.00534774 0.00671742 0.00343484 0.         0.01162403
 0.00040661 0.00878258]
	[RESULT 67] [0.01233648 0.01926635 0.01692987 0.01077344 0.00463318 0.09385974
 0.         0.00471039 0.00692987 0.00385974 0.         0.01183648
 0.00040661 0.00857013]
	[RESULT 68] [0.01210607 0.01880553 0.01669946 0.01100385 0.00440277 0.09339892
 0.         0.00540162 0.00669946 0.00339892 0.         0.01160607
 0.00040661 0.00880054]
	[RESULT 69] [0.01190283 0.01839905 0.01649622 0.01120709 0.00419952 0.09299244
 0.         0.00601134 0.00649622 0.00299244 0.         0.01140283
 0.00040661 0.00900378]
	[RESULT 70] [0.01233648 0.01926635 0.01692987 0.01077344 0.00463318 0.09385974
 0.         0.00471039 0.00692987 0.00385974 0.         0.01183648
 0.00040661 0.00857013]
	[RESULT 71] [0.01209209 0.01877756 0.01668547 0.01101783 0.00438878 0.09337095
 0.         0.00544358 0.00668547 0.00337095 0.         0.01159209
 0.00040661 0.00881453]
	[RESULT 72] [0.01212012 0.01883361 0.0167135  0.01098981 0.00441681 0.093427
 0.         0.0053595  0.0067135  0.003427   0.         0.01162012
 0.00040662 0.0087865 ]
	[RESULT 73] [0.01209209 0.01877756 0.01668547 0.01101783 0.00438878 0.09337095
 0.         0.00544358 0.00668547 0.00337095 0.         0.01159209
 0.00040661 0.00881453]
	[RESULT 74] [0.0120125  0.01861839 0.01660589 0.01109741 0.0043092  0.09321178
 0.         0.00568233 0.00660589 0.00321178 0.         0.0115125
 0.00040661 0.00889411]
	[RESULT 75] [0.0119818  0.01855699 0.01657519 0.01112812 0.00427849 0.09315038
 0.         0.00577444 0.00657519 0.00315038 0.         0.0114818
 0.00040661 0.00892481]
	[RESULT 76] [0.01205424 0.01870188 0.01664763 0.01105567 0.00435094 0.09329526
 0.         0.0055571  0.00664763 0.00329526 0.         0.01155424
 0.00040661 0.00885237]
	[RESULT 77] [0.01198193 0.01855726 0.01657532 0.01112798 0.00427863 0.09315064
 0.         0.00577403 0.00657532 0.00315064 0.         0.01148193
 0.00040661 0.00892468]
	[RESULT 78] [0.01210394 0.01880127 0.01669733 0.01100598 0.00440063 0.09339466
 0.         0.00540801 0.00669733 0.00339466 0.         0.01160394
 0.00040661 0.00880267]
	[RESULT 79] [0.01200763 0.01860866 0.01660102 0.01110228 0.00430433 0.09320205
 0.         0.00569693 0.00660102 0.00320205 0.         0.01150763
 0.00040661 0.00889898]
	[RESULT 80] [0.01184505 0.01828348 0.01643843 0.01126487 0.00414174 0.09287687
 0.         0.0061847  0.00643843 0.00287687 0.         0.01134505
 0.00040661 0.00906157]
	[RESULT 81] [0.01198152 0.01855642 0.01657491 0.0111284  0.00427821 0.09314981
 0.         0.00577528 0.00657491 0.00314981 0.         0.01148152
 0.00040661 0.00892509]
	[RESULT 82] [0.01210434 0.01880207 0.01669773 0.01100558 0.00440103 0.09339546
 0.         0.00540682 0.00669773 0.00339546 0.         0.01160434
 0.00040661 0.00880227]
	[RESULT 83] [0.01200793 0.01860925 0.01660132 0.01110199 0.00430462 0.09320264
 0.         0.00569604 0.00660132 0.00320264 0.         0.01150793
 0.00040661 0.00889868]
	[RESULT 84] [0.01209256 0.0187785  0.01668594 0.01101736 0.00438925 0.09337189
 0.         0.00544217 0.00668594 0.00337189 0.         0.01159256
 0.00040661 0.00881406]
	[RESULT 85] [0.01198356 0.0185605  0.01657695 0.01112636 0.00428025 0.09315389
 0.         0.00576916 0.00657695 0.00315389 0.         0.01148356
 0.00040661 0.00892305]
