[METRICS]
	[DISEQUILIBRIUM COUNT] 0
[VARIABLES]
	[RESULT 1] [0 7.324185823521755 1 1 16 1000.7935930102896 1]
	[RESULT 2] [0 7.402313153165602 1 1 10 1007.8544034497315 19]
	[RESULT 3] [0 7.199862600076386 1 1 18 1000.1287251474098 2]
	[RESULT 4] [0 7.188936844354667 1 1 17 1000.5431976471099 2]
	[RESULT 5] [0 7.188936844354667 1 1 17 1000.5431976471099 2]
	[RESULT 6] [0 7.065619511316939 1 1 16 1000.0027270615293 1]
	[RESULT 7] [0 7.110857956178389 1 1 19 1001.2227649385487 1]
	[RESULT 8] [0 7.065725440958753 1 1 18 1000.0635972809728 2]
	[RESULT 9] [0 7.110857956178389 1 1 19 1001.2227649385487 1]
	[RESULT 10] [0 6.929198003618641 1 1 16 1000.7956057018375 1]
	[RESULT 11] [0 7.081141750462116 1 1 16 1000.1314970364319 1]
	[RESULT 12] [0 6.613933627810725 1 1 16 1000.0027270615293 2]
	[RESULT 13] [0 7.110857956178389 1 1 19 1001.2227649385487 1]
	[RESULT 14] [0 7.19931207825808 1 1 19 1078.7929010236483 2]
	[RESULT 15] [0 7.138655075841851 1 1 19 1000.2536215830226 1]
	[RESULT 16] [0 7.200186918178856 1 1 19 1000.0369350699837 1]
	[RESULT 17] [0 7.065619511316939 1 1 16 1000.0027270615293 1]
	[RESULT 18] [0 7.1394179894674465 1 1 19 1001.2106259394758 1]
	[RESULT 19] [0 7.01723485113356 1 1 18 1001.1455742008322 1]
	[RESULT 20] [0 7.200186918178856 1 1 19 1000.0369350699837 1]
	[RESULT 21] [0 12.66590519558402 1 1 16 1000.7935930102896 1]
	[RESULT 22] [0 7.676952308773699 1 1 16 1074.2936775620017 1]
	[RESULT 23] [0 7.5662873150316745 1 1 18 1000.0392472566541 1]
	[RESULT 24] [0 7.673844133570661 1 1 16 1001.1932931269924 1]
	[RESULT 25] [0 7.359368072888195 1 1 17 1000.0020676287453 1]
	[RESULT 26] [0 7.649115916047201 1 1 19 1035.6238361378605 2]
	[RESULT 27] [0 9.083046923746963 1 1 20 1001.0877849181004 1]
	[RESULT 28] [0 7.324185823521755 1 1 16 1000.7935930102896 1]
	[RESULT 29] [0 7.1377747571621954 1 1 19 1000.0027270615293 1]
	[RESULT 30] [0 7.1394179894674465 1 1 19 1001.2106259394758 1]
	[RESULT 31] [0 7.139596268545518 1 1 18 1001.1493859464524 1]
	[RESULT 32] [0 7.200186918178856 1 1 19 1000.0369350699837 1]
	[RESULT 33] [0 6.927022399042182 1 1 16 1000.2367984595948 1]
	[RESULT 34] [0 7.1377747571621954 1 1 19 1000.0027270615293 1]
	[RESULT 35] [0 6.772953766469589 1 1 18 1002.0030739439502 4]
	[RESULT 36] [0 7.1394179894674465 1 1 19 1001.2106259394758 1]
	[RESULT 37] [0 6.653722954932147 1 1 16 1000.0424087536561 1]
	[RESULT 38] [0 7.0312599338173785 1 1 16 1000.0543909231367 1]
	[RESULT 39] [0 7.359368072888195 1 1 17 1000.0020676287453 1]
	[RESULT 40] [0 7.139743903936263 1 1 16 1000.415922836756 1]
	[RESULT 41] [0 7.0312599338173785 1 1 16 1000.0543909231367 1]
	[RESULT 42] [0 7.138655075841851 1 1 19 1000.2536215830226 1]
	[RESULT 43] [0 7.1377747571621954 1 1 19 1000.0027270615293 1]
	[RESULT 44] [0 7.065619511316939 1 1 17 1000.0027270615293 1]
	[RESULT 45] [0 7.065619511316939 1 1 16 1000.0027270615293 1]
	[RESULT 46] [0 7.554100282189558 1 1 16 1000.2646928648378 2]
	[RESULT 47] [0 7.065619511316939 1 1 16 1000.0027270615293 1]
	[RESULT 48] [0 7.885682968439447 1 1 16 1000.0027270615293 2]
	[RESULT 49] [0 7.1194454328702665 1 1 17 1000.0104053023696 1]
	[RESULT 50] [0 7.110857956178389 1 1 18 1001.2227649385487 1]
	[RESULT 51] [0 7.110857956178389 1 1 18 1001.2227649385487 1]
	[RESULT 52] [0 7.105444616755904 1 1 18 1001.0947731272134 1]
	[RESULT 53] [0 9.827413018410219 1 1 16 1001.2227649385487 1]
	[RESULT 54] [0 7.110857956178389 1 1 18 1001.2227649385487 1]
	[RESULT 55] [0 7.0312599338173785 1 1 16 1000.0543909231367 1]
	[RESULT 56] [0 7.138476533960365 1 1 19 1001.0741409295352 1]
	[RESULT 57] [0 7.1377747571621954 1 1 19 1000.0027270615293 1]
	[RESULT 58] [0 7.065619511316939 1 1 16 1000.0027270615293 1]
	[RESULT 59] [0 7.1394179894674465 1 1 19 1001.2106259394758 1]
	[RESULT 60] [0 7.018803053389338 1 1 19 1018.6006031081748 2]
	[RESULT 61] [0 7.5544338736642205 1 1 19 1000.3616738365059 2]
	[RESULT 62] [0 7.0312599338173785 1 1 16 1000.0543909231367 1]
	[RESULT 63] [0 7.110857956178389 1 1 18 1001.2227649385487 1]
	[RESULT 64] [0 7.110843687581661 1 1 18 1001.2227649385487 1]
	[RESULT 65] [0 6.929198003618641 1 1 16 1000.7956057018375 1]
	[RESULT 66] [0 7.1377747571621954 1 1 19 1000.0027270615293 1]
	[RESULT 67] [0 6.889881801998485 1 1 18 1001.0947731272134 3]
	[RESULT 68] [0 7.1394179894674465 1 1 19 1001.2106259394758 1]
	[RESULT 69] [0 6.653722954932147 1 1 16 1000.0424087536561 1]
	[RESULT 70] [0 7.321433912029207 1 1 18 1000.7963658799208 3]
	[RESULT 71] [0 7.196513764984711 1 1 19 1000.0058809063526 2]
	[RESULT 72] [0 6.644831433360163 1 1 16 1011.2909604299076 1]
	[RESULT 73] [0 7.065619511316939 1 1 16 1000.0027270615293 1]
	[RESULT 74] [0 7.198385246195717 1 1 18 1000.3140159629844 4]
	[RESULT 75] [0 7.065964313467468 1 1 17 1001.9855253288827 2]
	[RESULT 76] [0 7.1377747571621954 1 1 19 1000.0027270615293 1]
	[RESULT 77] [0 7.1377747571621954 1 1 19 1000.0027270615293 1]
	[RESULT 78] [0 7.1394179894674465 1 1 19 1001.2106259394758 1]
	[RESULT 79] [0 7.01723485113356 1 1 18 1001.1455742008322 1]
	[RESULT 80] [0 7.1386593238688 1 1 19 1001.0073571469198 1]
	[RESULT 81] [0 7.676952308773699 1 1 16 1074.2936775620017 1]
	[RESULT 82] [0 7.200298242805797 1 1 16 1000.1102231053003 2]
	[RESULT 83] [0 7.0312599338173785 1 1 16 1000.0543909231367 1]
	[RESULT 84] [0 7.555293486116676 1 1 19 1000.3646515428966 2]
	[RESULT 85] [0 7.065619511316939 1 1 16 1000.0027270615293 1]
	[RESULT 86] [0 7.200186918178856 1 1 19 1000.0369350699837 1]
[OBJECTIVES]
	[RESULT 1] [0.01191079 0.01841492 0.01650413 0.01119921 0.00420746 0.09300826
 0.         0.00598762 0.00650413 0.00300826 0.         0.01141079
 0.00040667 0.00899587]
	[RESULT 2] [0.01192064 0.01839023 0.01646959 0.01125594 0.00419511 0.09293918
 0.         0.00609123 0.00646959 0.00293918 0.         0.01142064
 0.00045105 0.00903041]
	[RESULT 3] [0.01197121 0.01853377 0.01656257 0.01114175 0.00426689 0.09312513
 0.         0.0058123  0.00656257 0.00312513 0.         0.01147121
 0.00040864 0.00893743]
	[RESULT 4] [0.01197659 0.01854451 0.01656792 0.01113641 0.00427226 0.09313584
 0.         0.00579624 0.00656792 0.00313584 0.         0.01147659
 0.00040867 0.00893208]
	[RESULT 5] [0.01197659 0.01854451 0.01656792 0.01113641 0.00427226 0.09313584
 0.         0.00579624 0.00656792 0.00313584 0.         0.01147659
 0.00040867 0.00893208]
	[RESULT 6] [0.0120376  0.0186686  0.01663099 0.01107231 0.0043343  0.09326198
 0.         0.00560702 0.00663099 0.00326198 0.         0.0115376
 0.00040661 0.00886901]
	[RESULT 7] [0.01201397 0.01862124 0.01660727 0.01109607 0.00431062 0.09321455
 0.         0.00567818 0.00660727 0.00321455 0.         0.01151397
 0.0004067  0.00889273]
	[RESULT 8] [0.01203957 0.01867051 0.01663094 0.01107338 0.00433525 0.09326187
 0.         0.00560719 0.00663094 0.00326187 0.         0.01153957
 0.00040864 0.00886906]
	[RESULT 9] [0.01201397 0.01862124 0.01660727 0.01109607 0.00431062 0.09321455
 0.         0.00567818 0.00660727 0.00321455 0.         0.01151397
 0.0004067  0.00889273]
	[RESULT 10] [0.01211362 0.01882057 0.01670695 0.01099638 0.00441028 0.0934139
 0.         0.00537914 0.00670695 0.0034139  0.         0.01161362
 0.00040667 0.00879305]
	[RESULT 11] [0.0120294  0.01865217 0.01662278 0.01108054 0.00432609 0.09324555
 0.         0.00563167 0.00662278 0.00324555 0.         0.0115294
 0.00040662 0.00887722]
	[RESULT 12] [0.01232146 0.01923428 0.01691283 0.01079149 0.00461714 0.09382565
 0.         0.00476152 0.00691283 0.00382565 0.         0.01182146
 0.00040863 0.00858717]
	[RESULT 13] [0.01201397 0.01862124 0.01660727 0.01109607 0.00431062 0.09321455
 0.         0.00567818 0.00660727 0.00321455 0.         0.01151397
 0.0004067  0.00889273]
	[RESULT 14] [0.01197699 0.01853983 0.01656284 0.01114424 0.00426991 0.09312567
 0.         0.00581149 0.00656284 0.00312567 0.         0.01147699
 0.00041416 0.00893716]
	[RESULT 15] [0.01199967 0.01859271 0.01659304 0.01111028 0.00429635 0.09318608
 0.         0.00572088 0.00659304 0.00318608 0.         0.01149967
 0.00040663 0.00890696]
	[RESULT 16] [0.01196902 0.01853143 0.01656241 0.0111409  0.00426572 0.09312482
 0.         0.00581277 0.00656241 0.00312482 0.         0.01146902
 0.00040661 0.00893759]
	[RESULT 17] [0.0120376  0.0186686  0.01663099 0.01107231 0.0043343  0.09326198
 0.         0.00560702 0.00663099 0.00326198 0.         0.0115376
 0.00040661 0.00886901]
	[RESULT 18] [0.01199935 0.018592   0.01659265 0.0111107  0.004296   0.0931853
 0.         0.00572204 0.00659265 0.0031853  0.         0.01149935
 0.00040669 0.00890735]
	[RESULT 19] [0.01206384 0.01872098 0.01665715 0.0110462  0.00436049 0.09331429
 0.         0.00552856 0.00665715 0.00331429 0.         0.01156384
 0.00040669 0.00884285]
	[RESULT 20] [0.01196902 0.01853143 0.01656241 0.0111409  0.00426572 0.09312482
 0.         0.00581277 0.00656241 0.00312482 0.         0.01146902
 0.00040661 0.00893759]
	[RESULT 21] [0.01098364 0.01656061 0.01557697 0.01212636 0.00328031 0.09115395
 0.         0.00876908 0.00557697 0.00115395 0.         0.01048364
 0.00040667 0.00992303]
	[RESULT 22] [0.01177164 0.01813146 0.01635982 0.01134609 0.00406573 0.09271964
 0.         0.00642053 0.00635982 0.00271964 0.         0.01127164
 0.00041181 0.00914018]
	[RESULT 23] [0.01180863 0.01821065 0.01640202 0.01130129 0.00410533 0.09280404
 0.         0.00629395 0.00640202 0.00280404 0.         0.01130863
 0.00040661 0.00909798]
	[RESULT 24] [0.01176767 0.01812864 0.01636097 0.01134237 0.00406432 0.09272194
 0.         0.00641708 0.00636097 0.00272194 0.         0.01126767
 0.00040669 0.00913903]
	[RESULT 25] [0.01189499 0.01838336 0.01648838 0.01121493 0.00419168 0.09297675
 0.         0.00603487 0.00648838 0.00297675 0.         0.01139499
 0.00040661 0.00901162]
	[RESULT 26] [0.01178129 0.01815148 0.01637019 0.01133535 0.00407574 0.09274039
 0.         0.00638942 0.00637019 0.00274039 0.         0.01128129
 0.00041109 0.00912981]
	[RESULT 27] [0.01139035 0.01737401 0.01598366 0.01171968 0.003687   0.09196732
 0.         0.00754901 0.00598366 0.00196732 0.         0.01089035
 0.00040669 0.00951634]
	[RESULT 28] [0.01191079 0.01841492 0.01650413 0.01119921 0.00420746 0.09300826
 0.         0.00598762 0.00650413 0.00300826 0.         0.01141079
 0.00040667 0.00899587]
	[RESULT 29] [0.0120001  0.01859358 0.01659349 0.01110982 0.00429679 0.09318697
 0.         0.00571954 0.00659349 0.00318697 0.         0.0115001
 0.00040661 0.00890651]
	[RESULT 30] [0.01199935 0.018592   0.01659265 0.0111107  0.004296   0.0931853
 0.         0.00572204 0.00659265 0.0031853  0.         0.01149935
 0.00040669 0.00890735]
	[RESULT 31] [0.01199925 0.01859181 0.01659256 0.01111078 0.00429591 0.09318512
 0.         0.00572232 0.00659256 0.00318512 0.         0.01149925
 0.00040669 0.00890744]
	[RESULT 32] [0.01196902 0.01853143 0.01656241 0.0111409  0.00426572 0.09312482
 0.         0.00581277 0.00656241 0.00312482 0.         0.01146902
 0.00040661 0.00893759]
	[RESULT 33] [0.01211485 0.01882307 0.01670822 0.01099509 0.00441153 0.09341644
 0.         0.00537534 0.00670822 0.00341644 0.         0.01161485
 0.00040663 0.00879178]
	[RESULT 34] [0.0120001  0.01859358 0.01659349 0.01110982 0.00429679 0.09318697
 0.         0.00571954 0.00659349 0.00318697 0.         0.0115001
 0.00040661 0.00890651]
	[RESULT 35] [0.01221607 0.0190192  0.01680313 0.01090334 0.0045096  0.09360626
 0.         0.00509061 0.00680313 0.00360626 0.         0.01171607
 0.00041293 0.00869687]
	[RESULT 36] [0.01199935 0.018592   0.01659265 0.0111107  0.004296   0.0931853
 0.         0.00572204 0.00659265 0.0031853  0.         0.01149935
 0.00040669 0.00890735]
	[RESULT 37] [0.01229076 0.01917491 0.01688415 0.01081916 0.00458745 0.09376829
 0.         0.00484756 0.00688415 0.00376829 0.         0.01179076
 0.00040661 0.00861585]
	[RESULT 38] [0.01205609 0.01870557 0.01664948 0.01105383 0.00435279 0.09329896
 0.         0.00555156 0.00664948 0.00329896 0.         0.01155609
 0.00040662 0.00885052]
	[RESULT 39] [0.01189499 0.01838336 0.01648838 0.01121493 0.00419168 0.09297675
 0.         0.00603487 0.00648838 0.00297675 0.         0.01139499
 0.00040661 0.00901162]
	[RESULT 40] [0.01199913 0.01859161 0.01659249 0.01111083 0.00429581 0.09318497
 0.         0.00572254 0.00659249 0.00318497 0.         0.01149913
 0.00040664 0.00890751]
	[RESULT 41] [0.01205609 0.01870557 0.01664948 0.01105383 0.00435279 0.09329896
 0.         0.00555156 0.00664948 0.00329896 0.         0.01155609
 0.00040662 0.00885052]
	[RESULT 42] [0.01199967 0.01859271 0.01659304 0.01111028 0.00429635 0.09318608
 0.         0.00572088 0.00659304 0.00318608 0.         0.01149967
 0.00040663 0.00890696]
	[RESULT 43] [0.0120001  0.01859358 0.01659349 0.01110982 0.00429679 0.09318697
 0.         0.00571954 0.00659349 0.00318697 0.         0.0115001
 0.00040661 0.00890651]
	[RESULT 44] [0.0120376  0.0186686  0.01663099 0.01107231 0.0043343  0.09326198
 0.         0.00560702 0.00663099 0.00326198 0.         0.0115376
 0.00040661 0.00886901]
	[RESULT 45] [0.0120376  0.0186686  0.01663099 0.01107231 0.0043343  0.09326198
 0.         0.00560702 0.00663099 0.00326198 0.         0.0115376
 0.00040661 0.00886901]
	[RESULT 46] [0.01181548 0.0182223  0.01640683 0.0112975  0.00411115 0.09281365
 0.         0.00627952 0.00640683 0.00281365 0.         0.01131548
 0.00040865 0.00909317]
	[RESULT 47] [0.0120376  0.0186686  0.01663099 0.01107231 0.0043343  0.09326198
 0.         0.00560702 0.00663099 0.00326198 0.         0.0115376
 0.00040661 0.00886901]
	[RESULT 48] [0.01169541 0.01798218 0.01628678 0.01141754 0.00399109 0.09257355
 0.         0.00663967 0.00628678 0.00257355 0.         0.01119541
 0.00040863 0.00921322]
	[RESULT 49] [0.01200946 0.01861231 0.01660285 0.01110046 0.00430616 0.0932057
 0.         0.00569145 0.00660285 0.0032057  0.         0.01150946
 0.00040661 0.00889715]
	[RESULT 50] [0.01201397 0.01862124 0.01660727 0.01109607 0.00431062 0.09321455
 0.         0.00567818 0.00660727 0.00321455 0.         0.01151397
 0.0004067  0.00889273]
	[RESULT 51] [0.01201397 0.01862124 0.01660727 0.01109607 0.00431062 0.09321455
 0.         0.00567818 0.00660727 0.00321455 0.         0.01151397
 0.0004067  0.00889273]
	[RESULT 52] [0.01201676 0.01862684 0.01661008 0.01109327 0.00431342 0.09322015
 0.         0.00566977 0.00661008 0.00322015 0.         0.01151676
 0.00040669 0.00888992]
	[RESULT 53] [0.01126471 0.01712272 0.01585801 0.01184533 0.00356136 0.09171603
 0.         0.00792596 0.00585801 0.00171603 0.         0.01076471
 0.0004067  0.00964199]
	[RESULT 54] [0.01201397 0.01862124 0.01660727 0.01109607 0.00431062 0.09321455
 0.         0.00567818 0.00660727 0.00321455 0.         0.01151397
 0.0004067  0.00889273]
	[RESULT 55] [0.01205609 0.01870557 0.01664948 0.01105383 0.00435279 0.09329896
 0.         0.00555156 0.00664948 0.00329896 0.         0.01155609
 0.00040662 0.00885052]
	[RESULT 56] [0.01199981 0.01859294 0.01659313 0.01111021 0.00429647 0.09318626
 0.         0.00572061 0.00659313 0.00318626 0.         0.01149981
 0.00040668 0.00890687]
	[RESULT 57] [0.0120001  0.01859358 0.01659349 0.01110982 0.00429679 0.09318697
 0.         0.00571954 0.00659349 0.00318697 0.         0.0115001
 0.00040661 0.00890651]
	[RESULT 58] [0.0120376  0.0186686  0.01663099 0.01107231 0.0043343  0.09326198
 0.         0.00560702 0.00663099 0.00326198 0.         0.0115376
 0.00040661 0.00886901]
	[RESULT 59] [0.01199935 0.018592   0.01659265 0.0111107  0.004296   0.0931853
 0.         0.00572204 0.00659265 0.0031853  0.         0.01149935
 0.00040669 0.00890735]
	[RESULT 60] [0.0120662  0.01872248 0.01665629 0.01104867 0.00436124 0.09331257
 0.         0.00553114 0.00665629 0.00331257 0.         0.0115662
 0.00040991 0.00884371]
	[RESULT 61] [0.01181535 0.01822204 0.01640669 0.01129763 0.00411102 0.09281339
 0.         0.00627992 0.00640669 0.00281339 0.         0.01131535
 0.00040866 0.00909331]
	[RESULT 62] [0.01205609 0.01870557 0.01664948 0.01105383 0.00435279 0.09329896
 0.         0.00555156 0.00664948 0.00329896 0.         0.01155609
 0.00040662 0.00885052]
	[RESULT 63] [0.01201397 0.01862124 0.01660727 0.01109607 0.00431062 0.09321455
 0.         0.00567818 0.00660727 0.00321455 0.         0.01151397
 0.0004067  0.00889273]
	[RESULT 64] [0.01201398 0.01862126 0.01660728 0.01109607 0.00431063 0.09321456
 0.         0.00567816 0.00660728 0.00321456 0.         0.01151398
 0.0004067  0.00889272]
	[RESULT 65] [0.01211362 0.01882057 0.01670695 0.01099638 0.00441028 0.0934139
 0.         0.00537914 0.00670695 0.0034139  0.         0.01161362
 0.00040667 0.00879305]
	[RESULT 66] [0.0120001  0.01859358 0.01659349 0.01110982 0.00429679 0.09318697
 0.         0.00571954 0.00659349 0.00318697 0.         0.0115001
 0.00040661 0.00890651]
	[RESULT 67] [0.01214094 0.01887112 0.01673017 0.01097521 0.00443556 0.09346035
 0.         0.00530948 0.00673017 0.00346035 0.         0.01164094
 0.00041077 0.00876983]
	[RESULT 68] [0.01199935 0.018592   0.01659265 0.0111107  0.004296   0.0931853
 0.         0.00572204 0.00659265 0.0031853  0.         0.01149935
 0.00040669 0.00890735]
	[RESULT 69] [0.01229076 0.01917491 0.01688415 0.01081916 0.00458745 0.09376829
 0.         0.00484756 0.00688415 0.00376829 0.         0.01179076
 0.00040661 0.00861585]
	[RESULT 70] [0.01191612 0.0184215  0.01650537 0.0112     0.00421075 0.09301075
 0.         0.00598388 0.00650537 0.00301075 0.         0.01141612
 0.00041075 0.00899463]
	[RESULT 71] [0.01197284 0.01853704 0.0165642  0.01114011 0.00426852 0.09312841
 0.         0.00580739 0.0065642  0.00312841 0.         0.01147284
 0.00040863 0.0089358 ]
	[RESULT 72] [0.01229787 0.01918834 0.01689048 0.01081321 0.00459417 0.09378096
 0.         0.00482856 0.00689048 0.00378096 0.         0.01179787
 0.00040739 0.00860952]
	[RESULT 73] [0.0120376  0.0186686  0.01663099 0.01107231 0.0043343  0.09326198
 0.         0.00560702 0.00663099 0.00326198 0.         0.0115376
 0.00040661 0.00886901]
	[RESULT 74] [0.01197611 0.0185394  0.01656329 0.01114312 0.0042697  0.09312658
 0.         0.00581013 0.00656329 0.00312658 0.         0.01147611
 0.00041282 0.00893671]
	[RESULT 75] [0.01203958 0.01867038 0.01663081 0.01107358 0.00433519 0.09326162
 0.         0.00560758 0.00663081 0.00326162 0.         0.01153958
 0.00040877 0.00886919]
	[RESULT 76] [0.0120001  0.01859358 0.01659349 0.01110982 0.00429679 0.09318697
 0.         0.00571954 0.00659349 0.00318697 0.         0.0115001
 0.00040661 0.00890651]
	[RESULT 77] [0.0120001  0.01859358 0.01659349 0.01110982 0.00429679 0.09318697
 0.         0.00571954 0.00659349 0.00318697 0.         0.0115001
 0.00040661 0.00890651]
	[RESULT 78] [0.01199935 0.018592   0.01659265 0.0111107  0.004296   0.0931853
 0.         0.00572204 0.00659265 0.0031853  0.         0.01149935
 0.00040669 0.00890735]
	[RESULT 79] [0.01206384 0.01872098 0.01665715 0.0110462  0.00436049 0.09331429
 0.         0.00552856 0.00665715 0.00331429 0.         0.01156384
 0.00040669 0.00884285]
	[RESULT 80] [0.01199972 0.01859275 0.01659304 0.0111103  0.00429638 0.09318607
 0.         0.00572089 0.00659304 0.00318607 0.         0.01149972
 0.00040668 0.00890696]
	[RESULT 81] [0.01177164 0.01813146 0.01635982 0.01134609 0.00406573 0.09271964
 0.         0.00642053 0.00635982 0.00271964 0.         0.01127164
 0.00041181 0.00914018]
	[RESULT 82] [0.01197099 0.01853335 0.01656235 0.01114197 0.00426667 0.09312471
 0.         0.00581294 0.00656235 0.00312471 0.         0.01147099
 0.00040864 0.00893765]
	[RESULT 83] [0.01205609 0.01870557 0.01664948 0.01105383 0.00435279 0.09329896
 0.         0.00555156 0.00664948 0.00329896 0.         0.01155609
 0.00040662 0.00885052]
	[RESULT 84] [0.01181501 0.01822136 0.01640635 0.01129797 0.00411068 0.09281271
 0.         0.00628094 0.00640635 0.00281271 0.         0.01131501
 0.00040866 0.00909365]
	[RESULT 85] [0.0120376  0.0186686  0.01663099 0.01107231 0.0043343  0.09326198
 0.         0.00560702 0.00663099 0.00326198 0.         0.0115376
 0.00040661 0.00886901]
	[RESULT 86] [0.01196902 0.01853143 0.01656241 0.0111409  0.00426572 0.09312482
 0.         0.00581277 0.00656241 0.00312482 0.         0.01146902
 0.00040661 0.00893759]
