[METRICS]
	[DISEQUILIBRIUM COUNT] 0
[VARIABLES]
	[RESULT 1] [0 49.99998606268899 1 4 10 1000.0000049151722 1]
	[RESULT 2] [0 8.611969788131386 1 1 16 1000.0000000380594 1]
	[RESULT 3] [0 8.383861862059288 1 1 13 1000.0000039870991 1]
	[RESULT 4] [0 8.640835881362229 1 1 13 1000.000000036135 1]
	[RESULT 5] [0 8.66766320767383 1 1 17 1000.000008035659 1]
	[RESULT 6] [0 8.540407906531183 1 1 13 1000.0000000442242 1]
	[RESULT 7] [0 8.640808022703169 1 1 12 1000.000000806167 1]
	[RESULT 8] [0 8.635878967437204 1 1 12 1000.0003463905578 1]
	[RESULT 9] [0 8.300083313102336 1 1 10 1000.0000029308533 1]
	[RESULT 10] [0 8.787399125260208 1 1 18 1000.0003200690053 1]
	[RESULT 11] [0 8.136792451295783 1 1 9 1000.0026340247783 1]
	[RESULT 12] [0 8.787399125260208 1 1 18 1000.0003200690053 1]
	[RESULT 13] [0 8.670962870069962 1 1 12 1000.0000270347433 1]
	[RESULT 14] [0 8.483001059791238 1 1 12 1000.0000036552132 1]
	[RESULT 15] [0 8.51599208578592 1 1 11 1000.0021371118216 1]
	[RESULT 16] [0 8.66841151060902 1 1 12 1000.000001745413 1]
	[RESULT 17] [0 8.670962870069962 1 1 12 1000.0000270347433 1]
	[RESULT 18] [0 8.787673955751487 1 1 12 1000.0000000146784 1]
	[RESULT 19] [0 49.99998606268899 1 4 10 1000.0000049151722 1]
	[RESULT 20] [0 9.658261984579667 1 1 13 1000.0000000062772 1]
	[RESULT 21] [0 9.762374532354562 1 1 12 1000.0000041586736 1]
	[RESULT 22] [0 9.649314682622038 1 1 9 1000.000004341948 1]
	[RESULT 23] [0 8.967751558330603 1 1 13 1000.0000000062772 1]
	[RESULT 24] [0 9.378882143038599 1 1 18 1000.000321349245 1]
	[RESULT 25] [0 49.99997255084768 1 1 10 1000.0000493836882 1]
	[RESULT 26] [0 8.662048993917868 1 1 14 1000.0000000041059 1]
	[RESULT 27] [0 8.562721907061322 1 1 11 1000.0000077956446 1]
	[RESULT 28] [0 8.487328358504248 1 1 12 1000.0000021426267 1]
	[RESULT 29] [0 8.787399125260208 1 1 18 1000.0003200690053 1]
	[RESULT 30] [0 8.66841151060902 1 1 12 1000.000001745413 1]
	[RESULT 31] [0 9.662812396991457 1 1 13 1000.0000057015525 1]
	[RESULT 32] [0 8.157253655352845 1 1 9 1000.000996796794 1]
	[RESULT 33] [0 8.787770440512361 1 1 12 1000.0000000034042 1]
	[RESULT 34] [0 8.388748743123177 1 1 12 1000.0000001926497 1]
	[RESULT 35] [0 8.787899571030005 1 1 10 1000.000002687686 1]
	[RESULT 36] [0 8.402074932877646 1 1 12 1000.0000007475528 1]
	[RESULT 37] [0 8.66841151060902 1 1 12 1000.000001745413 1]
	[RESULT 38] [0 8.967751558330603 1 1 13 1000.0000000062772 1]
	[RESULT 39] [0 8.754090830323102 1 1 12 1000.000000549513 1]
	[RESULT 40] [0 8.721551423642957 1 1 10 1000.0000020318432 1]
	[RESULT 41] [0 8.677351703628172 1 1 11 1000.000001787616 1]
	[RESULT 42] [0 8.51599208578592 1 1 11 1000.0021371118216 1]
	[RESULT 43] [0 8.677351703628172 1 1 11 1000.000001787616 1]
	[RESULT 44] [0 8.674107510378757 1 1 14 1000.0000004834826 1]
	[RESULT 45] [0 8.786655468781552 1 1 5 1000.0000393969061 1]
	[RESULT 46] [0 9.382338797173938 1 1 12 1000.0000008061501 1]
	[RESULT 47] [0 8.674107510378757 1 1 14 1000.0000004834826 1]
	[RESULT 48] [0 8.74598395679686 1 1 14 1000.0000393969061 1]
	[RESULT 49] [0 8.486182855688144 1 1 13 1000.0000012729707 1]
	[RESULT 50] [0 8.483001059791238 1 1 12 1000.0000036552132 1]
	[RESULT 51] [0 8.486154118944901 1 1 10 1000.0000264804968 1]
	[RESULT 52] [0 8.402227189910358 1 1 13 1000.0000272241998 1]
	[RESULT 53] [0 8.483001059791238 1 1 12 1000.0000036552132 1]
	[RESULT 54] [0 49.9975964931415 1 1 10 1000.0000000657494 1]
	[RESULT 55] [0 8.486182855688144 1 1 13 1000.0000012729707 1]
	[RESULT 56] [0 8.402227189910358 1 1 13 1000.0000272241998 1]
	[RESULT 57] [0 8.483001059791238 1 1 12 1000.0000036552132 1]
	[RESULT 58] [0 8.640322122223425 1 1 14 1000.0000121232489 1]
	[RESULT 59] [0 8.486154118944901 1 1 13 1000.0000264804968 1]
	[RESULT 60] [0 8.677351703628172 1 1 11 1000.000001787616 1]
	[RESULT 61] [0 8.516595634250285 1 1 12 1000.0024003955708 1]
	[RESULT 62] [0 8.677351703628172 1 1 11 1000.000001787616 1]
	[RESULT 63] [0 8.670962870069962 1 1 12 1000.0000270347433 1]
	[RESULT 64] [0 8.78735379732021 1 1 12 1000.0000393969061 1]
	[RESULT 65] [0 8.670962870069962 1 1 12 1000.0000270347433 1]
	[RESULT 66] [0 8.670962870069962 1 1 12 1000.0000270347433 1]
	[RESULT 67] [0 8.786655468781552 1 1 5 1000.0000393969061 1]
	[RESULT 68] [0 8.483001059791238 1 1 12 1000.0000036552132 1]
	[RESULT 69] [0 8.721638126438767 1 1 12 1000.0000001100832 1]
	[RESULT 70] [0 7.797932620111065 1 1 11 1000.0000025116673 1]
	[RESULT 71] [0 7.8519918214086974 1 1 13 1000.0000446009345 1]
	[RESULT 72] [0 7.117905737688807 1 1 16 1000.0000601423966 1]
	[RESULT 73] [0 7.8519918214086974 1 1 13 1000.0000446009345 1]
	[RESULT 74] [0 6.737921867886436 1 1 12 1000.0000393969061 1]
	[RESULT 75] [0 7.368907681105013 1 1 14 1000.000009792972 1]
	[RESULT 76] [0 9.630888991015636 1 1 8 1000.0000000364591 1]
	[RESULT 77] [0 7.8519918214086974 1 1 13 1000.0000446009345 1]
	[RESULT 78] [0 6.849070854623836 1 1 8 1000.0000265544315 1]
	[RESULT 79] [0 7.368907681105013 1 1 14 1000.000009792972 1]
	[RESULT 80] [0 7.8930781994484525 1 1 10 1000.0042836154225 1]
	[RESULT 81] [0 7.154079893331156 1 1 11 1000.0000445427784 1]
	[RESULT 82] [0 8.51599208578592 1 1 11 1000.0021371118216 1]
	[RESULT 83] [0 8.670985235316886 1 1 12 1000.0000015198507 1]
	[RESULT 84] [0 8.787673955751487 1 1 12 1000.0000000146784 1]
	[RESULT 85] [0 8.721551423642957 1 1 10 1000.0000020318432 1]
	[RESULT 86] [0 8.778734447671065 1 1 16 1000.000000120963 1]
	[RESULT 87] [0 8.486182855688144 1 1 13 1000.0000012729707 1]
	[RESULT 88] [0 8.71093246381 1 1 11 1000.0010134416167 1]
	[RESULT 89] [0 7.368907681105013 1 1 14 1000.000009792972 1]
	[RESULT 90] [0 8.752556111982438 1 1 16 1000.0000139050715 1]
[OBJECTIVES]
	[RESULT 1] [0.01051531 0.015624   0.0151087  0.01259461 0.002812   0.09021739
 0.         0.00832609 0.0051087  0.00021739 0.         0.00851531
 0.00040661 0.0118913 ]
	[RESULT 2] [0.01149075 0.01757488 0.01608414 0.01161917 0.00378744 0.09216827
 0.         0.00724759 0.00608414 0.00216827 0.         0.01099075
 0.00040661 0.00941586]
	[RESULT 3] [0.01154716 0.01768771 0.01614055 0.01156276 0.00384385 0.09228109
 0.         0.00707836 0.00614055 0.00228109 0.         0.01104716
 0.00040661 0.00935945]
	[RESULT 4] [0.011484   0.0175614  0.01607739 0.01162591 0.0037807  0.09215478
 0.         0.00726782 0.00607739 0.00215478 0.         0.010984
 0.00040661 0.00942261]
	[RESULT 5] [0.01147781 0.01754901 0.0160712  0.01163211 0.00377451 0.0921424
 0.         0.0072864  0.0060712  0.0021424  0.         0.01097781
 0.00040661 0.0094288 ]
	[RESULT 6] [0.01150783 0.01760906 0.01610122 0.01160208 0.00380453 0.09220245
 0.         0.00719633 0.00610122 0.00220245 0.         0.01100783
 0.00040661 0.00939878]
	[RESULT 7] [0.01148401 0.01756141 0.0160774  0.01162591 0.0037807  0.0921548
 0.         0.0072678  0.0060774  0.0021548  0.         0.01098401
 0.00040661 0.0094226 ]
	[RESULT 8] [0.01148516 0.0175637  0.01607854 0.01162476 0.00378185 0.09215709
 0.         0.00726437 0.00607854 0.00215709 0.         0.01098516
 0.00040661 0.00942146]
	[RESULT 9] [0.01156938 0.01773215 0.01616277 0.01154054 0.00386607 0.09232554
 0.         0.0070117  0.00616277 0.00232554 0.         0.01106938
 0.00040661 0.00933723]
	[RESULT 10] [0.01145102 0.01749543 0.01604441 0.0116589  0.00374771 0.09208882
 0.         0.00736677 0.00604441 0.00208882 0.         0.01095102
 0.00040661 0.00945559]
	[RESULT 11] [0.01161528 0.01782394 0.01620867 0.01149464 0.00391197 0.09241733
 0.         0.006874   0.00620867 0.00241733 0.         0.01111528
 0.00040661 0.00929133]
	[RESULT 12] [0.01145102 0.01749543 0.01604441 0.0116589  0.00374771 0.09208882
 0.         0.00736677 0.00604441 0.00208882 0.         0.01095102
 0.00040661 0.00945559]
	[RESULT 13] [0.01147705 0.0175475  0.01607044 0.01163286 0.00377375 0.09214089
 0.         0.00728867 0.00607044 0.00214089 0.         0.01097705
 0.00040661 0.00942956]
	[RESULT 14] [0.01152194 0.01763726 0.01611532 0.01158798 0.00381863 0.09223065
 0.         0.00715403 0.00611532 0.00223065 0.         0.01102194
 0.00040661 0.00938468]
	[RESULT 15] [0.01151379 0.01762096 0.01610718 0.01159613 0.00381048 0.09221435
 0.         0.00717847 0.00610718 0.00221435 0.         0.01101379
 0.00040661 0.00939282]
	[RESULT 16] [0.01147764 0.01754867 0.01607103 0.01163228 0.00377433 0.09214206
 0.         0.00728692 0.00607103 0.00214206 0.         0.01097764
 0.00040661 0.00942897]
	[RESULT 17] [0.01147705 0.0175475  0.01607044 0.01163286 0.00377375 0.09214089
 0.         0.00728867 0.00607044 0.00214089 0.         0.01097705
 0.00040661 0.00942956]
	[RESULT 18] [0.01145096 0.01749531 0.01604435 0.01165896 0.00374765 0.0920887
 0.         0.00736695 0.00604435 0.0020887  0.         0.01095096
 0.00040661 0.00945565]
	[RESULT 19] [0.01051531 0.015624   0.0151087  0.01259461 0.002812   0.09021739
 0.         0.00832609 0.0051087  0.00021739 0.         0.00851531
 0.00040661 0.0118913 ]
	[RESULT 20] [0.01129028 0.01717394 0.01588366 0.01181964 0.00358697 0.09176733
 0.         0.00784901 0.00588366 0.00176733 0.         0.01079028
 0.00040661 0.00961634]
	[RESULT 21] [0.01127431 0.01714201 0.0158677  0.01183561 0.003571   0.0917354
 0.         0.00789691 0.0058677  0.0017354  0.         0.01077431
 0.00040661 0.0096323 ]
	[RESULT 22] [0.01129167 0.01717674 0.01588506 0.01181824 0.00358837 0.09177013
 0.         0.00784481 0.00588506 0.00177013 0.         0.01079167
 0.00040661 0.00961494]
	[RESULT 23] [0.0114131  0.01741959 0.01600649 0.01169681 0.0037098  0.09201298
 0.         0.00748053 0.00600649 0.00201298 0.         0.0109131
 0.00040661 0.00949351]
	[RESULT 24] [0.01133617 0.01726573 0.01592956 0.01177374 0.00363287 0.09185912
 0.         0.00771132 0.00592956 0.00185912 0.         0.01083617
 0.00040661 0.00957044]
	[RESULT 25] [0.01051531 0.015624   0.0151087  0.01259461 0.002812   0.09021739
 0.         0.00982609 0.0051087  0.00021739 0.         0.01001531
 0.00040661 0.0103913 ]
	[RESULT 26] [0.0114791  0.01755159 0.01607249 0.01163082 0.0037758  0.09214498
 0.         0.00728253 0.00607249 0.00214498 0.         0.0109791
 0.00040661 0.00942751]
	[RESULT 27] [0.01150245 0.01759829 0.01609584 0.01160747 0.00379914 0.09219167
 0.         0.00721249 0.00609584 0.00219167 0.         0.01100245
 0.00040661 0.00940416]
	[RESULT 28] [0.01152086 0.01763511 0.01611425 0.01158906 0.00381755 0.0922285
 0.         0.00715725 0.00611425 0.0022285  0.         0.01102086
 0.00040661 0.00938575]
	[RESULT 29] [0.01145102 0.01749543 0.01604441 0.0116589  0.00374771 0.09208882
 0.         0.00736677 0.00604441 0.00208882 0.         0.01095102
 0.00040661 0.00945559]
	[RESULT 30] [0.01147764 0.01754867 0.01607103 0.01163228 0.00377433 0.09214206
 0.         0.00728692 0.00607103 0.00214206 0.         0.01097764
 0.00040661 0.00942897]
	[RESULT 31] [0.01128957 0.01717252 0.01588295 0.01182035 0.00358626 0.09176591
 0.         0.00785114 0.00588295 0.00176591 0.         0.01078957
 0.00040661 0.00961705]
	[RESULT 32] [0.01160933 0.01781205 0.01620272 0.01150059 0.00390602 0.09240543
 0.         0.00689185 0.00620272 0.00240543 0.         0.01110933
 0.00040661 0.00929728]
	[RESULT 33] [0.01145094 0.01749527 0.01604433 0.01165898 0.00374763 0.09208865
 0.         0.00736702 0.00604433 0.00208865 0.         0.01095094
 0.00040661 0.00945567]
	[RESULT 34] [0.01154589 0.01768517 0.01613928 0.01156403 0.00384258 0.09227855
 0.         0.00708217 0.00613928 0.00227855 0.         0.01104589
 0.00040661 0.00936072]
	[RESULT 35] [0.01145091 0.01749521 0.0160443  0.01165901 0.00374761 0.0920886
 0.         0.0073671  0.0060443  0.0020886  0.         0.01095091
 0.00040661 0.0094557 ]
	[RESULT 36] [0.01154244 0.01767827 0.01613583 0.01156748 0.00383913 0.09227166
 0.         0.00709252 0.00613583 0.00227166 0.         0.01104244
 0.00040661 0.00936417]
	[RESULT 37] [0.01147764 0.01754867 0.01607103 0.01163228 0.00377433 0.09214206
 0.         0.00728692 0.00607103 0.00214206 0.         0.01097764
 0.00040661 0.00942897]
	[RESULT 38] [0.0114131  0.01741959 0.01600649 0.01169681 0.0037098  0.09201298
 0.         0.00748053 0.00600649 0.00201298 0.         0.0109131
 0.00040661 0.00949351]
	[RESULT 39] [0.01145834 0.01751006 0.01605173 0.01165158 0.00375503 0.09210345
 0.         0.00734482 0.00605173 0.00210345 0.         0.01095834
 0.00040661 0.00944827]
	[RESULT 40] [0.01146559 0.01752456 0.01605897 0.01164433 0.00376228 0.09211795
 0.         0.00732308 0.00605897 0.00211795 0.         0.01096559
 0.00040661 0.00944103]
	[RESULT 41] [0.01147559 0.01754457 0.01606898 0.01163432 0.00377229 0.09213796
 0.         0.00729306 0.00606898 0.00213796 0.         0.01097559
 0.00040661 0.00943102]
	[RESULT 42] [0.01151379 0.01762096 0.01610718 0.01159613 0.00381048 0.09221435
 0.         0.00717847 0.00610718 0.00221435 0.         0.01101379
 0.00040661 0.00939282]
	[RESULT 43] [0.01147559 0.01754457 0.01606898 0.01163432 0.00377229 0.09213796
 0.         0.00729306 0.00606898 0.00213796 0.         0.01097559
 0.00040661 0.00943102]
	[RESULT 44] [0.01147633 0.01754606 0.01606972 0.01163358 0.00377303 0.09213945
 0.         0.00729083 0.00606972 0.00213945 0.         0.01097633
 0.00040661 0.00943028]
	[RESULT 45] [0.01145118 0.01749575 0.01604457 0.01165874 0.00374788 0.09208914
 0.         0.00736629 0.00604457 0.00208914 0.         0.01095118
 0.00040661 0.00945543]
	[RESULT 46] [0.01133558 0.01726454 0.01592896 0.01177434 0.00363227 0.09185793
 0.         0.00771311 0.00592896 0.00185793 0.         0.01083558
 0.00040661 0.00957104]
	[RESULT 47] [0.01147633 0.01754606 0.01606972 0.01163358 0.00377303 0.09213945
 0.         0.00729083 0.00606972 0.00213945 0.         0.01097633
 0.00040661 0.00943028]
	[RESULT 48] [0.01146013 0.01751366 0.01605352 0.01164978 0.00375683 0.09210704
 0.         0.00733943 0.00605352 0.00210704 0.         0.01096013
 0.00040661 0.00944648]
	[RESULT 49] [0.01152114 0.01763568 0.01611453 0.01158877 0.00381784 0.09222907
 0.         0.0071564  0.00611453 0.00222907 0.         0.01102114
 0.00040661 0.00938547]
	[RESULT 50] [0.01152194 0.01763726 0.01611532 0.01158798 0.00381863 0.09223065
 0.         0.00715403 0.00611532 0.00223065 0.         0.01102194
 0.00040661 0.00938468]
	[RESULT 51] [0.01152115 0.01763569 0.01611454 0.01158877 0.00381785 0.09222908
 0.         0.00715638 0.00611454 0.00222908 0.         0.01102115
 0.00040661 0.00938546]
	[RESULT 52] [0.0115424  0.01767819 0.01613579 0.01156752 0.00383909 0.09227158
 0.         0.00709263 0.00613579 0.00227158 0.         0.0110424
 0.00040661 0.00936421]
	[RESULT 53] [0.01152194 0.01763726 0.01611532 0.01158798 0.00381863 0.09223065
 0.         0.00715403 0.00611532 0.00223065 0.         0.01102194
 0.00040661 0.00938468]
	[RESULT 54] [0.01051531 0.01562401 0.0151087  0.0125946  0.00281201 0.0902174
 0.         0.0098261  0.0051087  0.0002174  0.         0.01001531
 0.00040661 0.0103913 ]
	[RESULT 55] [0.01152114 0.01763568 0.01611453 0.01158877 0.00381784 0.09222907
 0.         0.0071564  0.00611453 0.00222907 0.         0.01102114
 0.00040661 0.00938547]
	[RESULT 56] [0.0115424  0.01767819 0.01613579 0.01156752 0.00383909 0.09227158
 0.         0.00709263 0.00613579 0.00227158 0.         0.0110424
 0.00040661 0.00936421]
	[RESULT 57] [0.01152194 0.01763726 0.01611532 0.01158798 0.00381863 0.09223065
 0.         0.00715403 0.00611532 0.00223065 0.         0.01102194
 0.00040661 0.00938468]
	[RESULT 58] [0.01148412 0.01756163 0.01607751 0.01162579 0.00378082 0.09215502
 0.         0.00726747 0.00607751 0.00215502 0.         0.01098412
 0.00040661 0.00942249]
	[RESULT 59] [0.01152115 0.01763569 0.01611454 0.01158877 0.00381785 0.09222908
 0.         0.00715638 0.00611454 0.00222908 0.         0.01102115
 0.00040661 0.00938546]
	[RESULT 60] [0.01147559 0.01754457 0.01606898 0.01163432 0.00377229 0.09213796
 0.         0.00729306 0.00606898 0.00213796 0.         0.01097559
 0.00040661 0.00943102]
	[RESULT 61] [0.01151364 0.01762067 0.01610703 0.01159628 0.00381033 0.09221406
 0.         0.00717891 0.00610703 0.00221406 0.         0.01101364
 0.00040661 0.00939297]
	[RESULT 62] [0.01147559 0.01754457 0.01606898 0.01163432 0.00377229 0.09213796
 0.         0.00729306 0.00606898 0.00213796 0.         0.01097559
 0.00040661 0.00943102]
	[RESULT 63] [0.01147705 0.0175475  0.01607044 0.01163286 0.00377375 0.09214089
 0.         0.00728867 0.00607044 0.00214089 0.         0.01097705
 0.00040661 0.00942956]
	[RESULT 64] [0.01145103 0.01749545 0.01604442 0.01165889 0.00374772 0.09208884
 0.         0.00736675 0.00604442 0.00208884 0.         0.01095103
 0.00040661 0.00945558]
	[RESULT 65] [0.01147705 0.0175475  0.01607044 0.01163286 0.00377375 0.09214089
 0.         0.00728867 0.00607044 0.00214089 0.         0.01097705
 0.00040661 0.00942956]
	[RESULT 66] [0.01147705 0.0175475  0.01607044 0.01163286 0.00377375 0.09214089
 0.         0.00728867 0.00607044 0.00214089 0.         0.01097705
 0.00040661 0.00942956]
	[RESULT 67] [0.01145118 0.01749575 0.01604457 0.01165874 0.00374788 0.09208914
 0.         0.00736629 0.00604457 0.00208914 0.         0.01095118
 0.00040661 0.00945543]
	[RESULT 68] [0.01152194 0.01763726 0.01611532 0.01158798 0.00381863 0.09223065
 0.         0.00715403 0.00611532 0.00223065 0.         0.01102194
 0.00040661 0.00938468]
	[RESULT 69] [0.01146557 0.01752452 0.01605895 0.01164435 0.00376226 0.09211791
 0.         0.00732314 0.00605895 0.00211791 0.         0.01096557
 0.00040661 0.00944105]
	[RESULT 70] [0.01172312 0.01803962 0.01631651 0.0113868  0.00401981 0.09263301
 0.         0.00655048 0.00631651 0.00263301 0.         0.01122312
 0.00040661 0.00918349]
	[RESULT 71] [0.01170464 0.01800267 0.01629803 0.01140528 0.00400134 0.09259606
 0.         0.00660591 0.00629803 0.00259606 0.         0.01120464
 0.00040661 0.00920197]
	[RESULT 72] [0.01201025 0.01861389 0.01660364 0.01109967 0.00430695 0.09320728
 0.         0.00568908 0.00660364 0.00320728 0.         0.01151025
 0.00040661 0.00889636]
	[RESULT 73] [0.01170464 0.01800267 0.01629803 0.01140528 0.00400134 0.09259606
 0.         0.00660591 0.00629803 0.00259606 0.         0.01120464
 0.00040661 0.00920197]
	[RESULT 74] [0.01223281 0.01905902 0.0168262  0.0108771  0.00452951 0.09365241
 0.         0.00502139 0.0068262  0.00365241 0.         0.01173281
 0.00040661 0.0086738 ]
	[RESULT 75] [0.01189077 0.01837493 0.01648416 0.01121915 0.00418747 0.09296832
 0.         0.00604752 0.00648416 0.00296832 0.         0.01139077
 0.00040661 0.00901584]
	[RESULT 76] [0.01129457 0.01718253 0.01588796 0.01181535 0.00359127 0.09177592
 0.         0.00783612 0.00588796 0.00177592 0.         0.01079457
 0.00040661 0.00961204]
	[RESULT 77] [0.01170464 0.01800267 0.01629803 0.01140528 0.00400134 0.09259606
 0.         0.00660591 0.00629803 0.00259606 0.         0.01120464
 0.00040661 0.00920197]
	[RESULT 78] [0.01216157 0.01891653 0.01675496 0.01094835 0.00445826 0.09350992
 0.         0.00523513 0.00675496 0.00350992 0.         0.01166157
 0.00040661 0.00874504]
	[RESULT 79] [0.01189077 0.01837493 0.01648416 0.01121915 0.00418747 0.09296832
 0.         0.00604752 0.00648416 0.00296832 0.         0.01139077
 0.00040661 0.00901584]
	[RESULT 80] [0.01169094 0.01797527 0.01628433 0.01141898 0.00398764 0.09256866
 0.         0.00664701 0.00628433 0.00256866 0.         0.01119094
 0.00040661 0.00921567]
	[RESULT 81] [0.01199186 0.01857711 0.01658525 0.01111806 0.00428855 0.0931705
 0.         0.00574425 0.00658525 0.0031705  0.         0.01149186
 0.00040661 0.00891475]
	[RESULT 82] [0.01151379 0.01762096 0.01610718 0.01159613 0.00381048 0.09221435
 0.         0.00717847 0.00610718 0.00221435 0.         0.01101379
 0.00040661 0.00939282]
	[RESULT 83] [0.01147705 0.01754749 0.01607044 0.01163287 0.00377374 0.09214088
 0.         0.00728869 0.00607044 0.00214088 0.         0.01097705
 0.00040661 0.00942956]
	[RESULT 84] [0.01145096 0.01749531 0.01604435 0.01165896 0.00374765 0.0920887
 0.         0.00736695 0.00604435 0.0020887  0.         0.01095096
 0.00040661 0.00945565]
	[RESULT 85] [0.01146559 0.01752456 0.01605897 0.01164433 0.00376228 0.09211795
 0.         0.00732308 0.00605897 0.00211795 0.         0.01096559
 0.00040661 0.00944103]
	[RESULT 86] [0.01145291 0.01749922 0.0160463  0.011657   0.00374961 0.0920926
 0.         0.00736109 0.0060463  0.0020926  0.         0.01095291
 0.00040661 0.0094537 ]
	[RESULT 87] [0.01152114 0.01763568 0.01611453 0.01158877 0.00381784 0.09222907
 0.         0.0071564  0.00611453 0.00222907 0.         0.01102114
 0.00040661 0.00938547]
	[RESULT 88] [0.01146797 0.01752933 0.01606136 0.01164194 0.00376467 0.09212272
 0.         0.00731592 0.00606136 0.00212272 0.         0.01096797
 0.00040661 0.00943864]
	[RESULT 89] [0.01189077 0.01837493 0.01648416 0.01121915 0.00418747 0.09296832
 0.         0.00604752 0.00648416 0.00296832 0.         0.01139077
 0.00040661 0.00901584]
	[RESULT 90] [0.01145868 0.01751074 0.01605207 0.01165124 0.00375537 0.09210413
 0.         0.0073438  0.00605207 0.00210413 0.         0.01095868
 0.00040661 0.00944793]
