[METRICS]
	[DISEQUILIBRIUM COUNT] 0
[VARIABLES]
	[RESULT 1] [0 49.99999999695169 1 4 21 1000.0000224192876 1]
	[RESULT 2] [0 49.9999998557515 1 4 21 1063.9802790824106 1]
	[RESULT 3] [0 49.99994000943521 1 3 22 1000.0009848515058 1]
	[RESULT 4] [0 49.99999999937823 1 4 19 1000.0000158435121 1]
	[RESULT 5] [0 49.99999999937823 1 4 19 1000.0000158435121 1]
	[RESULT 6] [0 49.99999999937823 1 4 19 1000.0000158435121 1]
	[RESULT 7] [0 49.99999999695169 1 4 21 1000.0000224192876 1]
	[RESULT 8] [0 49.99999999990085 1 4 19 1000.0000002354021 1]
	[RESULT 9] [0 49.999999877494986 1 4 20 1000.0079378177993 1]
	[RESULT 10] [0 49.999999615480775 1 4 16 1000.763246755872 1]
	[RESULT 11] [0 49.99999999695169 1 4 21 1000.0000224192876 1]
	[RESULT 12] [0 49.99999999937823 1 4 19 1000.0000158435121 1]
	[RESULT 13] [0 49.99999999695169 1 4 21 1000.0000224192876 1]
	[RESULT 14] [0 49.99999999998557 1 4 19 1000.0000016140575 1]
	[RESULT 15] [0 49.99999999992066 1 4 20 1000.0000158435121 1]
	[RESULT 16] [0 49.99999999920313 1 4 20 1000.0000269807183 1]
	[RESULT 17] [0 49.999999999931056 1 4 20 1000.0000107443623 1]
	[RESULT 18] [0 49.99999999998557 1 4 19 1000.0000016140575 1]
	[RESULT 19] [0 49.99999999695169 1 4 21 1000.0000224192876 1]
	[RESULT 20] [0 49.99999985777399 1 2 22 1000.0003601645723 1]
	[RESULT 21] [0 49.99999978430604 1 1 21 1000.0000391932082 1]
	[RESULT 22] [0 49.99999999998033 1 2 23 1000.0003419645202 1]
	[RESULT 23] [0 49.999999999865075 1 2 22 1000.0000137741396 1]
	[RESULT 24] [0 49.999999999963826 1 2 22 1000.0003419645202 1]
	[RESULT 25] [0 49.99999949325365 1 1 21 1000.0000391932082 1]
	[RESULT 26] [0 49.99999999990085 1 4 19 1000.0000002354021 1]
	[RESULT 27] [0 49.99999999933445 1 4 16 1000.0000009299706 1]
	[RESULT 28] [0 49.99999999990085 1 4 19 1000.0000002354021 1]
	[RESULT 29] [0 49.999999999931056 1 4 20 1000.0000107443623 1]
	[RESULT 30] [0 49.99999999998557 1 4 19 1000.0000016140575 1]
	[RESULT 31] [0 49.99999969830265 1 2 23 1000.0000039132449 1]
	[RESULT 32] [0 49.99999999938083 1 4 19 1000.0000158387371 1]
	[RESULT 33] [0 49.999999999998636 1 4 19 1000.0000158435121 1]
	[RESULT 34] [0 49.99999999990085 1 4 19 1000.0000002354021 1]
	[RESULT 35] [0 49.99999999933445 1 4 16 1000.0000009299706 1]
	[RESULT 36] [0 49.99999999990085 1 4 19 1000.0000002354021 1]
	[RESULT 37] [0 49.999999999931056 1 4 20 1000.0000107443623 1]
	[RESULT 38] [0 49.99999999998557 1 4 19 1000.0000016140575 1]
	[RESULT 39] [0 49.999999999963826 1 2 22 1000.0003419645202 1]
	[RESULT 40] [0 49.99999999991832 1 4 21 1000.0000135368056 1]
	[RESULT 41] [0 49.99999999991832 1 4 21 1000.0000135368056 1]
	[RESULT 42] [0 49.99999999933445 1 4 16 1000.0000009299706 1]
	[RESULT 43] [0 49.99999999990085 1 4 19 1000.0000002354021 1]
	[RESULT 44] [0 49.99999999933445 1 4 16 1000.0000009299706 1]
	[RESULT 45] [0 49.99999999990085 1 4 19 1000.0000002354021 1]
	[RESULT 46] [0 49.99999999933445 1 4 16 1000.0000009299706 1]
	[RESULT 47] [0 49.99999999933445 1 4 16 1000.0000009299706 1]
	[RESULT 48] [0 49.999999999963826 1 2 22 1000.0003419645202 1]
	[RESULT 49] [0 49.99999999933445 1 4 16 1000.0000009299706 1]
	[RESULT 50] [0 49.99999999933445 1 4 16 1000.0000009299706 1]
	[RESULT 51] [0 49.99999999985712 1 4 19 1000.0000038553911 1]
	[RESULT 52] [0 49.99999999695169 1 4 21 1000.0000224192876 1]
	[RESULT 53] [0 49.99999999990085 1 4 19 1000.0000002354021 1]
	[RESULT 54] [0 49.99999999933445 1 4 16 1000.0000009299706 1]
	[RESULT 55] [0 49.99999999990085 1 4 19 1000.0000002354021 1]
	[RESULT 56] [0 49.999999999931056 1 4 20 1000.0000107443623 1]
	[RESULT 57] [0 49.99999999998557 1 4 19 1000.0000016140575 1]
	[RESULT 58] [0 49.999999996781085 1 1 20 1000.0134049552761 1]
	[RESULT 59] [0 49.99999999938083 1 4 19 1000.0000158387371 1]
	[RESULT 60] [0 49.99999999991832 1 4 21 1000.0000135368056 1]
	[RESULT 61] [0 49.99999999933445 1 4 16 1000.0000009299706 1]
	[RESULT 62] [0 49.9999999998948 1 4 20 1000.0000276733568 1]
	[RESULT 63] [0 49.999999999998636 1 4 19 1000.0000158435121 1]
	[RESULT 64] [0 49.99999999990085 1 4 19 1000.0000002354021 1]
	[RESULT 65] [0 49.999999999998636 1 4 19 1000.0000158435121 1]
	[RESULT 66] [0 49.99999999990085 1 4 19 1000.0000002354021 1]
	[RESULT 67] [0 49.999999999931056 1 4 20 1000.0000107443623 1]
	[RESULT 68] [0 49.999999999998636 1 4 19 1000.0000158435121 1]
	[RESULT 69] [0 49.999999999865075 1 2 22 1000.0000137741396 1]
	[RESULT 70] [0 49.999999999998636 1 4 19 1000.0000158435121 1]
	[RESULT 71] [0 49.99999999989118 1 4 20 1000.0000269807183 1]
	[RESULT 72] [0 49.99999999989118 1 4 20 1000.0000269807183 1]
	[RESULT 73] [0 49.99999999989118 1 4 20 1000.0000269807183 1]
	[RESULT 74] [0 49.99999999695169 1 4 21 1000.0000224192876 1]
	[RESULT 75] [0 49.99999999798294 1 4 21 1000.0021982374046 1]
	[RESULT 76] [0 49.99999999998033 1 2 23 1000.0003419645202 1]
	[RESULT 77] [0 49.999999999196504 1 4 16 1000.0003415593654 1]
	[RESULT 78] [0 49.99999999920313 1 4 20 1000.0000269807183 1]
	[RESULT 79] [0 49.999997804510436 1 1 21 1000.006777628806 1]
	[RESULT 80] [0 49.99999999407955 1 4 21 1000.0050510320609 1]
	[RESULT 81] [0 49.9987344994712 1 4 21 1000.0000037573384 1]
	[RESULT 82] [0 49.999999999959655 1 4 19 1000.0055972274931 1]
	[RESULT 83] [0 49.99999999935266 1 4 19 1000.0003397566135 1]
	[RESULT 84] [0 49.999999999931056 1 4 20 1000.0000107443623 1]
	[RESULT 85] [0 49.999999999931056 1 4 20 1000.0000107443623 1]
	[RESULT 86] [0 49.99999999992066 1 4 20 1000.0000158435121 1]
	[RESULT 87] [0 49.9999999998948 1 4 20 1000.0000276733568 1]
	[RESULT 88] [0 49.999999999931056 1 4 20 1000.0000107443623 1]
	[RESULT 89] [0 49.99999999920313 1 4 20 1000.0000269807183 1]
	[RESULT 90] [0 49.999999999963826 1 2 22 1000.0003419645202 1]
	[RESULT 91] [0 49.99999999938083 1 4 19 1000.0000158387371 1]
	[RESULT 92] [0 49.99999999991832 1 4 21 1000.0000135368056 1]
	[RESULT 93] [0 49.99999999924855 1 4 17 1000.0021982374046 1]
	[RESULT 94] [0 49.99999999924855 1 4 17 1000.0021982374046 1]
	[RESULT 95] [0 49.999999993013745 1 4 21 1000.0005253971949 1]
	[RESULT 96] [0 49.999999999931056 1 4 20 1000.0000107443623 1]
	[RESULT 97] [0 49.999999999931056 1 4 20 1000.0000107443623 1]
[OBJECTIVES]
	[RESULT 1] [0.01051531 0.015624   0.0151087  0.01259461 0.002812   0.09021739
 0.         0.00832609 0.0051087  0.00021739 0.         0.00851531
 0.00040661 0.0118913 ]
	[RESULT 2] [0.01051977 0.01562847 0.0151087  0.01259684 0.00281423 0.09021739
 0.         0.00832609 0.0051087  0.00021739 0.         0.00851977
 0.00041108 0.0118913 ]
	[RESULT 3] [0.01051531 0.015624   0.0151087  0.01259461 0.002812   0.09021739
 0.         0.00882609 0.0051087  0.00021739 0.         0.00901531
 0.00040661 0.0113913 ]
	[RESULT 4] [0.01051531 0.015624   0.0151087  0.01259461 0.002812   0.09021739
 0.         0.00832609 0.0051087  0.00021739 0.         0.00851531
 0.00040661 0.0118913 ]
	[RESULT 5] [0.01051531 0.015624   0.0151087  0.01259461 0.002812   0.09021739
 0.         0.00832609 0.0051087  0.00021739 0.         0.00851531
 0.00040661 0.0118913 ]
	[RESULT 6] [0.01051531 0.015624   0.0151087  0.01259461 0.002812   0.09021739
 0.         0.00832609 0.0051087  0.00021739 0.         0.00851531
 0.00040661 0.0118913 ]
	[RESULT 7] [0.01051531 0.015624   0.0151087  0.01259461 0.002812   0.09021739
 0.         0.00832609 0.0051087  0.00021739 0.         0.00851531
 0.00040661 0.0118913 ]
	[RESULT 8] [0.01051531 0.015624   0.0151087  0.01259461 0.002812   0.09021739
 0.         0.00832609 0.0051087  0.00021739 0.         0.00851531
 0.00040661 0.0118913 ]
	[RESULT 9] [0.01051531 0.015624   0.0151087  0.01259461 0.002812   0.09021739
 0.         0.00832609 0.0051087  0.00021739 0.         0.00851531
 0.00040661 0.0118913 ]
	[RESULT 10] [0.01051536 0.01562406 0.0151087  0.01259464 0.00281203 0.09021739
 0.         0.00832609 0.0051087  0.00021739 0.         0.00851536
 0.00040666 0.0118913 ]
	[RESULT 11] [0.01051531 0.015624   0.0151087  0.01259461 0.002812   0.09021739
 0.         0.00832609 0.0051087  0.00021739 0.         0.00851531
 0.00040661 0.0118913 ]
	[RESULT 12] [0.01051531 0.015624   0.0151087  0.01259461 0.002812   0.09021739
 0.         0.00832609 0.0051087  0.00021739 0.         0.00851531
 0.00040661 0.0118913 ]
	[RESULT 13] [0.01051531 0.015624   0.0151087  0.01259461 0.002812   0.09021739
 0.         0.00832609 0.0051087  0.00021739 0.         0.00851531
 0.00040661 0.0118913 ]
	[RESULT 14] [0.01051531 0.015624   0.0151087  0.01259461 0.002812   0.09021739
 0.         0.00832609 0.0051087  0.00021739 0.         0.00851531
 0.00040661 0.0118913 ]
	[RESULT 15] [0.01051531 0.015624   0.0151087  0.01259461 0.002812   0.09021739
 0.         0.00832609 0.0051087  0.00021739 0.         0.00851531
 0.00040661 0.0118913 ]
	[RESULT 16] [0.01051531 0.015624   0.0151087  0.01259461 0.002812   0.09021739
 0.         0.00832609 0.0051087  0.00021739 0.         0.00851531
 0.00040661 0.0118913 ]
	[RESULT 17] [0.01051531 0.015624   0.0151087  0.01259461 0.002812   0.09021739
 0.         0.00832609 0.0051087  0.00021739 0.         0.00851531
 0.00040661 0.0118913 ]
	[RESULT 18] [0.01051531 0.015624   0.0151087  0.01259461 0.002812   0.09021739
 0.         0.00832609 0.0051087  0.00021739 0.         0.00851531
 0.00040661 0.0118913 ]
	[RESULT 19] [0.01051531 0.015624   0.0151087  0.01259461 0.002812   0.09021739
 0.         0.00832609 0.0051087  0.00021739 0.         0.00851531
 0.00040661 0.0118913 ]
	[RESULT 20] [0.01051531 0.015624   0.0151087  0.01259461 0.002812   0.09021739
 0.         0.00932609 0.0051087  0.00021739 0.         0.00951531
 0.00040661 0.0108913 ]
	[RESULT 21] [0.01051531 0.015624   0.0151087  0.01259461 0.002812   0.09021739
 0.         0.00982609 0.0051087  0.00021739 0.         0.01001531
 0.00040661 0.0103913 ]
	[RESULT 22] [0.01051531 0.015624   0.0151087  0.01259461 0.002812   0.09021739
 0.         0.00932609 0.0051087  0.00021739 0.         0.00951531
 0.00040661 0.0108913 ]
	[RESULT 23] [0.01051531 0.015624   0.0151087  0.01259461 0.002812   0.09021739
 0.         0.00932609 0.0051087  0.00021739 0.         0.00951531
 0.00040661 0.0108913 ]
	[RESULT 24] [0.01051531 0.015624   0.0151087  0.01259461 0.002812   0.09021739
 0.         0.00932609 0.0051087  0.00021739 0.         0.00951531
 0.00040661 0.0108913 ]
	[RESULT 25] [0.01051531 0.015624   0.0151087  0.01259461 0.002812   0.09021739
 0.         0.00982609 0.0051087  0.00021739 0.         0.01001531
 0.00040661 0.0103913 ]
	[RESULT 26] [0.01051531 0.015624   0.0151087  0.01259461 0.002812   0.09021739
 0.         0.00832609 0.0051087  0.00021739 0.         0.00851531
 0.00040661 0.0118913 ]
	[RESULT 27] [0.01051531 0.015624   0.0151087  0.01259461 0.002812   0.09021739
 0.         0.00832609 0.0051087  0.00021739 0.         0.00851531
 0.00040661 0.0118913 ]
	[RESULT 28] [0.01051531 0.015624   0.0151087  0.01259461 0.002812   0.09021739
 0.         0.00832609 0.0051087  0.00021739 0.         0.00851531
 0.00040661 0.0118913 ]
	[RESULT 29] [0.01051531 0.015624   0.0151087  0.01259461 0.002812   0.09021739
 0.         0.00832609 0.0051087  0.00021739 0.         0.00851531
 0.00040661 0.0118913 ]
	[RESULT 30] [0.01051531 0.015624   0.0151087  0.01259461 0.002812   0.09021739
 0.         0.00832609 0.0051087  0.00021739 0.         0.00851531
 0.00040661 0.0118913 ]
	[RESULT 31] [0.01051531 0.015624   0.0151087  0.01259461 0.002812   0.09021739
 0.         0.00932609 0.0051087  0.00021739 0.         0.00951531
 0.00040661 0.0108913 ]
	[RESULT 32] [0.01051531 0.015624   0.0151087  0.01259461 0.002812   0.09021739
 0.         0.00832609 0.0051087  0.00021739 0.         0.00851531
 0.00040661 0.0118913 ]
	[RESULT 33] [0.01051531 0.015624   0.0151087  0.01259461 0.002812   0.09021739
 0.         0.00832609 0.0051087  0.00021739 0.         0.00851531
 0.00040661 0.0118913 ]
	[RESULT 34] [0.01051531 0.015624   0.0151087  0.01259461 0.002812   0.09021739
 0.         0.00832609 0.0051087  0.00021739 0.         0.00851531
 0.00040661 0.0118913 ]
	[RESULT 35] [0.01051531 0.015624   0.0151087  0.01259461 0.002812   0.09021739
 0.         0.00832609 0.0051087  0.00021739 0.         0.00851531
 0.00040661 0.0118913 ]
	[RESULT 36] [0.01051531 0.015624   0.0151087  0.01259461 0.002812   0.09021739
 0.         0.00832609 0.0051087  0.00021739 0.         0.00851531
 0.00040661 0.0118913 ]
	[RESULT 37] [0.01051531 0.015624   0.0151087  0.01259461 0.002812   0.09021739
 0.         0.00832609 0.0051087  0.00021739 0.         0.00851531
 0.00040661 0.0118913 ]
	[RESULT 38] [0.01051531 0.015624   0.0151087  0.01259461 0.002812   0.09021739
 0.         0.00832609 0.0051087  0.00021739 0.         0.00851531
 0.00040661 0.0118913 ]
	[RESULT 39] [0.01051531 0.015624   0.0151087  0.01259461 0.002812   0.09021739
 0.         0.00932609 0.0051087  0.00021739 0.         0.00951531
 0.00040661 0.0108913 ]
	[RESULT 40] [0.01051531 0.015624   0.0151087  0.01259461 0.002812   0.09021739
 0.         0.00832609 0.0051087  0.00021739 0.         0.00851531
 0.00040661 0.0118913 ]
	[RESULT 41] [0.01051531 0.015624   0.0151087  0.01259461 0.002812   0.09021739
 0.         0.00832609 0.0051087  0.00021739 0.         0.00851531
 0.00040661 0.0118913 ]
	[RESULT 42] [0.01051531 0.015624   0.0151087  0.01259461 0.002812   0.09021739
 0.         0.00832609 0.0051087  0.00021739 0.         0.00851531
 0.00040661 0.0118913 ]
	[RESULT 43] [0.01051531 0.015624   0.0151087  0.01259461 0.002812   0.09021739
 0.         0.00832609 0.0051087  0.00021739 0.         0.00851531
 0.00040661 0.0118913 ]
	[RESULT 44] [0.01051531 0.015624   0.0151087  0.01259461 0.002812   0.09021739
 0.         0.00832609 0.0051087  0.00021739 0.         0.00851531
 0.00040661 0.0118913 ]
	[RESULT 45] [0.01051531 0.015624   0.0151087  0.01259461 0.002812   0.09021739
 0.         0.00832609 0.0051087  0.00021739 0.         0.00851531
 0.00040661 0.0118913 ]
	[RESULT 46] [0.01051531 0.015624   0.0151087  0.01259461 0.002812   0.09021739
 0.         0.00832609 0.0051087  0.00021739 0.         0.00851531
 0.00040661 0.0118913 ]
	[RESULT 47] [0.01051531 0.015624   0.0151087  0.01259461 0.002812   0.09021739
 0.         0.00832609 0.0051087  0.00021739 0.         0.00851531
 0.00040661 0.0118913 ]
	[RESULT 48] [0.01051531 0.015624   0.0151087  0.01259461 0.002812   0.09021739
 0.         0.00932609 0.0051087  0.00021739 0.         0.00951531
 0.00040661 0.0108913 ]
	[RESULT 49] [0.01051531 0.015624   0.0151087  0.01259461 0.002812   0.09021739
 0.         0.00832609 0.0051087  0.00021739 0.         0.00851531
 0.00040661 0.0118913 ]
	[RESULT 50] [0.01051531 0.015624   0.0151087  0.01259461 0.002812   0.09021739
 0.         0.00832609 0.0051087  0.00021739 0.         0.00851531
 0.00040661 0.0118913 ]
	[RESULT 51] [0.01051531 0.015624   0.0151087  0.01259461 0.002812   0.09021739
 0.         0.00832609 0.0051087  0.00021739 0.         0.00851531
 0.00040661 0.0118913 ]
	[RESULT 52] [0.01051531 0.015624   0.0151087  0.01259461 0.002812   0.09021739
 0.         0.00832609 0.0051087  0.00021739 0.         0.00851531
 0.00040661 0.0118913 ]
	[RESULT 53] [0.01051531 0.015624   0.0151087  0.01259461 0.002812   0.09021739
 0.         0.00832609 0.0051087  0.00021739 0.         0.00851531
 0.00040661 0.0118913 ]
	[RESULT 54] [0.01051531 0.015624   0.0151087  0.01259461 0.002812   0.09021739
 0.         0.00832609 0.0051087  0.00021739 0.         0.00851531
 0.00040661 0.0118913 ]
	[RESULT 55] [0.01051531 0.015624   0.0151087  0.01259461 0.002812   0.09021739
 0.         0.00832609 0.0051087  0.00021739 0.         0.00851531
 0.00040661 0.0118913 ]
	[RESULT 56] [0.01051531 0.015624   0.0151087  0.01259461 0.002812   0.09021739
 0.         0.00832609 0.0051087  0.00021739 0.         0.00851531
 0.00040661 0.0118913 ]
	[RESULT 57] [0.01051531 0.015624   0.0151087  0.01259461 0.002812   0.09021739
 0.         0.00832609 0.0051087  0.00021739 0.         0.00851531
 0.00040661 0.0118913 ]
	[RESULT 58] [0.01051531 0.015624   0.0151087  0.01259461 0.002812   0.09021739
 0.         0.00982609 0.0051087  0.00021739 0.         0.01001531
 0.00040661 0.0103913 ]
	[RESULT 59] [0.01051531 0.015624   0.0151087  0.01259461 0.002812   0.09021739
 0.         0.00832609 0.0051087  0.00021739 0.         0.00851531
 0.00040661 0.0118913 ]
	[RESULT 60] [0.01051531 0.015624   0.0151087  0.01259461 0.002812   0.09021739
 0.         0.00832609 0.0051087  0.00021739 0.         0.00851531
 0.00040661 0.0118913 ]
	[RESULT 61] [0.01051531 0.015624   0.0151087  0.01259461 0.002812   0.09021739
 0.         0.00832609 0.0051087  0.00021739 0.         0.00851531
 0.00040661 0.0118913 ]
	[RESULT 62] [0.01051531 0.015624   0.0151087  0.01259461 0.002812   0.09021739
 0.         0.00832609 0.0051087  0.00021739 0.         0.00851531
 0.00040661 0.0118913 ]
	[RESULT 63] [0.01051531 0.015624   0.0151087  0.01259461 0.002812   0.09021739
 0.         0.00832609 0.0051087  0.00021739 0.         0.00851531
 0.00040661 0.0118913 ]
	[RESULT 64] [0.01051531 0.015624   0.0151087  0.01259461 0.002812   0.09021739
 0.         0.00832609 0.0051087  0.00021739 0.         0.00851531
 0.00040661 0.0118913 ]
	[RESULT 65] [0.01051531 0.015624   0.0151087  0.01259461 0.002812   0.09021739
 0.         0.00832609 0.0051087  0.00021739 0.         0.00851531
 0.00040661 0.0118913 ]
	[RESULT 66] [0.01051531 0.015624   0.0151087  0.01259461 0.002812   0.09021739
 0.         0.00832609 0.0051087  0.00021739 0.         0.00851531
 0.00040661 0.0118913 ]
	[RESULT 67] [0.01051531 0.015624   0.0151087  0.01259461 0.002812   0.09021739
 0.         0.00832609 0.0051087  0.00021739 0.         0.00851531
 0.00040661 0.0118913 ]
	[RESULT 68] [0.01051531 0.015624   0.0151087  0.01259461 0.002812   0.09021739
 0.         0.00832609 0.0051087  0.00021739 0.         0.00851531
 0.00040661 0.0118913 ]
	[RESULT 69] [0.01051531 0.015624   0.0151087  0.01259461 0.002812   0.09021739
 0.         0.00932609 0.0051087  0.00021739 0.         0.00951531
 0.00040661 0.0108913 ]
	[RESULT 70] [0.01051531 0.015624   0.0151087  0.01259461 0.002812   0.09021739
 0.         0.00832609 0.0051087  0.00021739 0.         0.00851531
 0.00040661 0.0118913 ]
	[RESULT 71] [0.01051531 0.015624   0.0151087  0.01259461 0.002812   0.09021739
 0.         0.00832609 0.0051087  0.00021739 0.         0.00851531
 0.00040661 0.0118913 ]
	[RESULT 72] [0.01051531 0.015624   0.0151087  0.01259461 0.002812   0.09021739
 0.         0.00832609 0.0051087  0.00021739 0.         0.00851531
 0.00040661 0.0118913 ]
	[RESULT 73] [0.01051531 0.015624   0.0151087  0.01259461 0.002812   0.09021739
 0.         0.00832609 0.0051087  0.00021739 0.         0.00851531
 0.00040661 0.0118913 ]
	[RESULT 74] [0.01051531 0.015624   0.0151087  0.01259461 0.002812   0.09021739
 0.         0.00832609 0.0051087  0.00021739 0.         0.00851531
 0.00040661 0.0118913 ]
	[RESULT 75] [0.01051531 0.015624   0.0151087  0.01259461 0.002812   0.09021739
 0.         0.00832609 0.0051087  0.00021739 0.         0.00851531
 0.00040661 0.0118913 ]
	[RESULT 76] [0.01051531 0.015624   0.0151087  0.01259461 0.002812   0.09021739
 0.         0.00932609 0.0051087  0.00021739 0.         0.00951531
 0.00040661 0.0108913 ]
	[RESULT 77] [0.01051531 0.015624   0.0151087  0.01259461 0.002812   0.09021739
 0.         0.00832609 0.0051087  0.00021739 0.         0.00851531
 0.00040661 0.0118913 ]
	[RESULT 78] [0.01051531 0.015624   0.0151087  0.01259461 0.002812   0.09021739
 0.         0.00832609 0.0051087  0.00021739 0.         0.00851531
 0.00040661 0.0118913 ]
	[RESULT 79] [0.01051531 0.015624   0.0151087  0.01259461 0.002812   0.09021739
 0.         0.00982609 0.0051087  0.00021739 0.         0.01001531
 0.00040661 0.0103913 ]
	[RESULT 80] [0.01051531 0.015624   0.0151087  0.01259461 0.002812   0.09021739
 0.         0.00832609 0.0051087  0.00021739 0.         0.00851531
 0.00040661 0.0118913 ]
	[RESULT 81] [0.01051531 0.01562401 0.0151087  0.01259461 0.002812   0.0902174
 0.         0.0083261  0.0051087  0.0002174  0.         0.00851531
 0.00040661 0.0118913 ]
	[RESULT 82] [0.01051531 0.015624   0.0151087  0.01259461 0.002812   0.09021739
 0.         0.00832609 0.0051087  0.00021739 0.         0.00851531
 0.00040661 0.0118913 ]
	[RESULT 83] [0.01051531 0.015624   0.0151087  0.01259461 0.002812   0.09021739
 0.         0.00832609 0.0051087  0.00021739 0.         0.00851531
 0.00040661 0.0118913 ]
	[RESULT 84] [0.01051531 0.015624   0.0151087  0.01259461 0.002812   0.09021739
 0.         0.00832609 0.0051087  0.00021739 0.         0.00851531
 0.00040661 0.0118913 ]
	[RESULT 85] [0.01051531 0.015624   0.0151087  0.01259461 0.002812   0.09021739
 0.         0.00832609 0.0051087  0.00021739 0.         0.00851531
 0.00040661 0.0118913 ]
	[RESULT 86] [0.01051531 0.015624   0.0151087  0.01259461 0.002812   0.09021739
 0.         0.00832609 0.0051087  0.00021739 0.         0.00851531
 0.00040661 0.0118913 ]
	[RESULT 87] [0.01051531 0.015624   0.0151087  0.01259461 0.002812   0.09021739
 0.         0.00832609 0.0051087  0.00021739 0.         0.00851531
 0.00040661 0.0118913 ]
	[RESULT 88] [0.01051531 0.015624   0.0151087  0.01259461 0.002812   0.09021739
 0.         0.00832609 0.0051087  0.00021739 0.         0.00851531
 0.00040661 0.0118913 ]
	[RESULT 89] [0.01051531 0.015624   0.0151087  0.01259461 0.002812   0.09021739
 0.         0.00832609 0.0051087  0.00021739 0.         0.00851531
 0.00040661 0.0118913 ]
	[RESULT 90] [0.01051531 0.015624   0.0151087  0.01259461 0.002812   0.09021739
 0.         0.00932609 0.0051087  0.00021739 0.         0.00951531
 0.00040661 0.0108913 ]
	[RESULT 91] [0.01051531 0.015624   0.0151087  0.01259461 0.002812   0.09021739
 0.         0.00832609 0.0051087  0.00021739 0.         0.00851531
 0.00040661 0.0118913 ]
	[RESULT 92] [0.01051531 0.015624   0.0151087  0.01259461 0.002812   0.09021739
 0.         0.00832609 0.0051087  0.00021739 0.         0.00851531
 0.00040661 0.0118913 ]
	[RESULT 93] [0.01051531 0.015624   0.0151087  0.01259461 0.002812   0.09021739
 0.         0.00832609 0.0051087  0.00021739 0.         0.00851531
 0.00040661 0.0118913 ]
	[RESULT 94] [0.01051531 0.015624   0.0151087  0.01259461 0.002812   0.09021739
 0.         0.00832609 0.0051087  0.00021739 0.         0.00851531
 0.00040661 0.0118913 ]
	[RESULT 95] [0.01051531 0.015624   0.0151087  0.01259461 0.002812   0.09021739
 0.         0.00832609 0.0051087  0.00021739 0.         0.00851531
 0.00040661 0.0118913 ]
	[RESULT 96] [0.01051531 0.015624   0.0151087  0.01259461 0.002812   0.09021739
 0.         0.00832609 0.0051087  0.00021739 0.         0.00851531
 0.00040661 0.0118913 ]
	[RESULT 97] [0.01051531 0.015624   0.0151087  0.01259461 0.002812   0.09021739
 0.         0.00832609 0.0051087  0.00021739 0.         0.00851531
 0.00040661 0.0118913 ]
