[METRICS]
	[DISEQUILIBRIUM COUNT] 0
[VARIABLES]
	[RESULT 1] [0 8.082302403941437 1 1 24 1000.0014679214788 1]
	[RESULT 2] [0 7.797381507958389 1 1 24 1000.0036905363529 1]
	[RESULT 3] [0 7.662516793530338 1 1 24 1000.0000568970949 1]
	[RESULT 4] [0 7.6621964152807545 1 1 24 1000.0001082606968 1]
	[RESULT 5] [0 7.69174902123638 1 1 24 1000.0070987301514 1]
	[RESULT 6] [0 7.782658815899679 1 1 24 1000.0006301302285 1]
	[RESULT 7] [0 7.691558428594018 1 1 24 1000.0001083984057 1]
	[RESULT 8] [0 7.691047880819737 1 1 22 1011.0199082705649 1]
	[RESULT 9] [0 7.74789266011574 1 1 24 1000.000001371236 1]
	[RESULT 10] [0 7.294300662384653 1 1 24 1000.0001083984057 1]
	[RESULT 11] [0 7.746717826089142 1 1 24 1000.0002815981227 1]
	[RESULT 12] [0 7.596457517694686 1 1 24 1000.0420326609395 1]
	[RESULT 13] [0 7.668618941030794 1 1 24 1000.0015719826706 1]
	[RESULT 14] [0 7.748350811990149 1 1 24 1000.0000205129447 1]
	[RESULT 15] [0 7.601482703298252 1 1 24 1000.0015719826706 1]
	[RESULT 16] [0 7.74799227745917 1 1 22 1000.000027513786 1]
	[RESULT 17] [0 7.583113093573275 1 1 24 1000.0010709400968 1]
	[RESULT 18] [0 7.768546861846707 1 1 22 1000.0002953505159 1]
	[RESULT 19] [0 19.473654610258404 1 1 22 1000.0004654160301 1]
	[RESULT 20] [0 8.327178200175666 1 1 24 1000.0001995642757 1]
	[RESULT 21] [0 8.402852914195003 1 1 23 1000.0001304460625 1]
	[RESULT 22] [0 8.327178200175666 1 1 24 1000.0001995642757 1]
	[RESULT 23] [0 7.962850944156685 1 1 23 1000.0000059070834 1]
	[RESULT 24] [0 8.200217960902263 1 1 24 1000.0074034811561 1]
	[RESULT 25] [0 11.531862781903877 1 1 22 1000.00013546555 1]
	[RESULT 26] [0 7.778030060616557 1 1 24 1000.0001525760326 1]
	[RESULT 27] [0 7.662516793530338 1 1 24 1000.0000568970949 1]
	[RESULT 28] [0 7.691015811749504 1 1 24 1000.0008590321387 1]
	[RESULT 29] [0 7.660984006764466 1 1 23 1000.0000076295986 1]
	[RESULT 30] [0 7.746636073032888 1 1 23 1000.0001525760326 1]
	[RESULT 31] [0 7.74799227745917 1 1 22 1000.000027513786 1]
	[RESULT 32] [0 8.327178200175666 1 1 24 1000.0001995642757 1]
	[RESULT 33] [0 7.663070838067734 1 1 24 1000.0000059955736 1]
	[RESULT 34] [0 7.398003640980347 1 1 24 1000.0218511559698 1]
	[RESULT 35] [0 7.74789266011574 1 1 24 1000.000001371236 1]
	[RESULT 36] [0 7.353892698421349 1 1 24 1000.002748550415 1]
	[RESULT 37] [0 7.7441695450207755 1 1 22 1000.0001968462249 1]
	[RESULT 38] [0 7.215955988339631 1 1 24 1000.0218511559698 1]
	[RESULT 39] [0 7.58777955237354 1 1 24 1000.0000327025708 1]
	[RESULT 40] [0 7.962850944156685 1 1 23 1000.0000059070834 1]
	[RESULT 41] [0 7.746636073032888 1 1 23 1000.0001525760326 1]
	[RESULT 42] [0 7.603602746613829 1 1 24 1000.0000007064834 1]
	[RESULT 43] [0 7.647652250577205 1 1 23 1000.0000987914545 1]
	[RESULT 44] [0 7.766629069062445 1 1 24 1000.0000590622251 1]
	[RESULT 45] [0 7.60391295900946 1 1 24 1000.0000033368043 1]
	[RESULT 46] [0 7.7673530817947265 1 1 24 1000.0026890264946 1]
	[RESULT 47] [0 7.587991388503193 1 1 24 1000.0000088510521 1]
	[RESULT 48] [0 7.7475272166261835 1 1 24 1000.0000027488363 1]
	[RESULT 49] [0 8.200217960902263 1 1 24 1000.0074034811561 1]
	[RESULT 50] [0 7.76092159504488 1 1 22 1000.000918220466 1]
	[RESULT 51] [0 7.588056427275657 1 1 24 1000.0000107777882 1]
	[RESULT 52] [0 7.768117722545945 1 1 23 1000.0005136168293 1]
	[RESULT 53] [0 8.498743049357191 1 1 23 1000.0000087307869 1]
	[RESULT 54] [0 7.662516793530338 1 1 24 1000.0000568970949 1]
	[RESULT 55] [0 7.662516793530338 1 1 22 1000.0000568970949 1]
	[RESULT 56] [0 12.046831220967535 1 1 21 1000.003365123771 1]
	[RESULT 57] [0 7.472536187243289 1 1 24 1000.0001091299333 1]
	[RESULT 58] [0 7.647652250577205 1 1 23 1000.0000987914545 1]
	[RESULT 59] [0 7.780715764949525 1 1 21 1000.0002175634335 1]
	[RESULT 60] [0 7.748989406664247 1 1 24 1000.0000116692252 1]
	[RESULT 61] [0 7.600099946549426 1 1 23 1000.0001976477693 1]
	[RESULT 62] [0 7.748989406664247 1 1 24 1000.0000116692252 1]
	[RESULT 63] [0 7.587991388503193 1 1 24 1000.0000088510521 1]
	[RESULT 64] [0 7.7441695450207755 1 1 22 1000.0001968462249 1]
	[RESULT 65] [0 8.23577202614931 1 1 23 1000.0003568727844 1]
	[RESULT 66] [0 7.748989406664247 1 1 24 1000.0000116692252 1]
	[RESULT 67] [0 7.587968487546746 1 1 24 1000.0000117289057 1]
	[RESULT 68] [0 7.747579911000902 1 1 21 1000.0008297595043 1]
	[RESULT 69] [0 7.766524643457733 1 1 23 1000.000229283209 1]
	[RESULT 70] [0 7.265603805268342 1 1 24 1000.0009209204583 1]
	[RESULT 71] [0 7.4386233133653725 1 1 23 1000.0007656845304 1]
	[RESULT 72] [0 6.965496857779334 1 1 23 1000.0025294467944 1]
	[RESULT 73] [0 7.430176928303944 1 1 24 1000.0354963630059 1]
	[RESULT 74] [0 6.66820251833181 1 1 24 1000.0001234185657 1]
	[RESULT 75] [0 7.107072942862581 1 1 24 1000.000918220466 1]
	[RESULT 76] [0 8.145954070768695 1 1 24 1000.007743684461 1]
	[RESULT 77] [0 7.429195153595656 1 1 22 1000.0341096188992 1]
	[RESULT 78] [0 6.609894832254864 1 1 24 1000.0000117289057 1]
	[RESULT 79] [0 7.107072942862581 1 1 24 1000.000918220466 1]
	[RESULT 80] [0 7.041216518115943 1 1 24 1000.0007261359091 1]
	[RESULT 81] [0 7.063405337138179 1 1 24 1000.0064583004561 1]
	[RESULT 82] [0 7.6621964152807545 1 1 24 1000.0001082606968 1]
	[RESULT 83] [0 7.748350811990149 1 1 24 1000.0000205129447 1]
	[RESULT 84] [0 7.6012936636773505 1 1 24 1000.0005110414937 1]
	[RESULT 85] [0 7.7535460416457385 1 1 24 1000.0000993204155 1]
	[RESULT 86] [0 7.587991388503193 1 1 24 1000.0000088510521 1]
	[RESULT 87] [0 7.74799227745917 1 1 22 1000.000027513786 1]
	[RESULT 88] [0 8.176400687548533 1 1 24 1000.0013003585063 1]
	[RESULT 89] [0 7.76144582728457 1 1 24 1000.0001525760326 1]
	[RESULT 90] [0 7.587968487546746 1 1 24 1000.0000117289057 1]
	[RESULT 91] [0 7.78275427332293 1 1 22 1000.0020675716522 1]
	[RESULT 92] [0 7.66558861811908 1 1 24 1000.0014279445792 1]
	[RESULT 93] [0 7.801864465682193 1 1 22 1000.0020651391136 1]
	[RESULT 94] [0 7.1128308839981935 1 1 24 1000.0000620822251 1]
	[RESULT 95] [0 7.754252730774131 1 1 22 1000.0000532498425 1]
[OBJECTIVES]
	[RESULT 1] [0.01163141 0.01785621 0.0162248  0.01147851 0.0039281  0.0924496
 0.         0.0068256  0.0062248  0.0024496  0.         0.01113141
 0.00040661 0.0092752 ]
	[RESULT 2] [0.01172331 0.01804001 0.0163167  0.01138661 0.00402    0.09263339
 0.         0.00654991 0.0063167  0.00263339 0.         0.01122331
 0.00040661 0.0091833 ]
	[RESULT 3] [0.01177179 0.01813697 0.01636518 0.01133812 0.00406849 0.09273036
 0.         0.00640446 0.00636518 0.00273036 0.         0.01127179
 0.00040661 0.00913482]
	[RESULT 4] [0.01177191 0.01813721 0.0163653  0.011338   0.00406861 0.0927306
 0.         0.0064041  0.0063653  0.0027306  0.         0.01127191
 0.00040661 0.0091347 ]
	[RESULT 5] [0.01176098 0.01811536 0.01635437 0.01134893 0.00405768 0.09270874
 0.         0.00643689 0.00635437 0.00270874 0.         0.01126098
 0.00040661 0.00914563]
	[RESULT 6] [0.01172843 0.01805025 0.01632182 0.01138148 0.00402513 0.09264364
 0.         0.00653454 0.00632182 0.00264364 0.         0.01122843
 0.00040661 0.00917818]
	[RESULT 7] [0.01176105 0.01811549 0.01635444 0.01134886 0.00405775 0.09270888
 0.         0.00643668 0.00635444 0.00270888 0.         0.01126105
 0.00040661 0.00914556]
	[RESULT 8] [0.011762   0.01811662 0.01635463 0.01134905 0.00405831 0.09270926
 0.         0.00643611 0.00635463 0.00270926 0.         0.011262
 0.00040737 0.00914537]
	[RESULT 9] [0.01174069 0.01807478 0.01633408 0.01136922 0.00403739 0.09266817
 0.         0.00649775 0.00633408 0.00266817 0.         0.01124069
 0.00040661 0.00916592]
	[RESULT 10] [0.01192438 0.01844216 0.01651777 0.01118553 0.00422108 0.09303555
 0.         0.00594668 0.00651777 0.00303555 0.         0.01142438
 0.00040661 0.00898223]
	[RESULT 11] [0.01174111 0.01807561 0.0163345  0.0113688  0.00403781 0.092669
 0.         0.0064965  0.0063345  0.002669   0.         0.01124111
 0.00040661 0.0091655 ]
	[RESULT 12] [0.01179687 0.01818713 0.01639026 0.01131305 0.00409356 0.09278051
 0.         0.00632923 0.00639026 0.00278051 0.         0.01129687
 0.00040661 0.00910974]
	[RESULT 13] [0.01176952 0.01813243 0.01636291 0.0113404  0.00406622 0.09272582
 0.         0.00641127 0.00636291 0.00272582 0.         0.01126952
 0.00040661 0.00913709]
	[RESULT 14] [0.01174053 0.01807445 0.01633392 0.01136939 0.00403723 0.09266784
 0.         0.00649824 0.00633392 0.00266784 0.         0.01124053
 0.00040661 0.00916608]
	[RESULT 15] [0.01179493 0.01818325 0.01638832 0.01131499 0.00409162 0.09277663
 0.         0.00633505 0.00638832 0.00277663 0.         0.01129493
 0.00040661 0.00911168]
	[RESULT 16] [0.01174066 0.01807471 0.01633405 0.01136926 0.00403735 0.0926681
 0.         0.00649786 0.00633405 0.0026681  0.         0.01124066
 0.00040661 0.00916595]
	[RESULT 17] [0.01180205 0.01819748 0.01639543 0.01130787 0.00409874 0.09279087
 0.         0.0063137  0.00639543 0.00279087 0.         0.01130205
 0.00040661 0.00910457]
	[RESULT 18] [0.01173338 0.01806015 0.01632677 0.01137653 0.00403008 0.09265354
 0.         0.00651969 0.00632677 0.00265354 0.         0.01123338
 0.00040661 0.00917323]
	[RESULT 19] [0.01072974 0.01605287 0.01532313 0.01238018 0.00302644 0.09064626
 0.         0.00953061 0.00532313 0.00064626 0.         0.01022974
 0.00040661 0.01017687]
	[RESULT 20] [0.0115621  0.01771759 0.01615549 0.01154782 0.00385879 0.09231097
 0.         0.00703354 0.00615549 0.00231097 0.         0.0110621
 0.00040661 0.00934451]
	[RESULT 21] [0.01154224 0.01767787 0.01613563 0.01156768 0.00383893 0.09227125
 0.         0.00709312 0.00613563 0.00227125 0.         0.01104224
 0.00040661 0.00936437]
	[RESULT 22] [0.0115621  0.01771759 0.01615549 0.01154782 0.00385879 0.09231097
 0.         0.00703354 0.00615549 0.00231097 0.         0.0110621
 0.00040661 0.00934451]
	[RESULT 23] [0.01166833 0.01793005 0.01626172 0.01144159 0.00396502 0.09252344
 0.         0.00671485 0.00626172 0.00252344 0.         0.01116833
 0.00040661 0.00923828]
	[RESULT 24] [0.01159703 0.01778744 0.01619041 0.01151289 0.00389372 0.09238083
 0.         0.00692876 0.00619041 0.00238083 0.         0.01109703
 0.00040661 0.00930959]
	[RESULT 25] [0.01107046 0.0167343  0.01566385 0.01203946 0.00336715 0.09132769
 0.         0.00850846 0.00566385 0.00132769 0.         0.01057046
 0.00040661 0.00983615]
	[RESULT 26] [0.01173005 0.01805349 0.01632344 0.01137986 0.00402675 0.09264688
 0.         0.00652968 0.00632344 0.00264688 0.         0.01123005
 0.00040661 0.00917656]
	[RESULT 27] [0.01177179 0.01813697 0.01636518 0.01133812 0.00406849 0.09273036
 0.         0.00640446 0.00636518 0.00273036 0.         0.01127179
 0.00040661 0.00913482]
	[RESULT 28] [0.01176125 0.01811589 0.01635464 0.01134867 0.00405795 0.09270928
 0.         0.00643608 0.00635464 0.00270928 0.         0.01126125
 0.00040661 0.00914536]
	[RESULT 29] [0.01177236 0.01813812 0.01636575 0.01133755 0.00406906 0.09273151
 0.         0.00640274 0.00636575 0.00273151 0.         0.01127236
 0.00040661 0.00913425]
	[RESULT 30] [0.01174114 0.01807567 0.01633453 0.01136878 0.00403784 0.09266906
 0.         0.00649641 0.00633453 0.00266906 0.         0.01124114
 0.00040661 0.00916547]
	[RESULT 31] [0.01174066 0.01807471 0.01633405 0.01136926 0.00403735 0.0926681
 0.         0.00649786 0.00633405 0.0026681  0.         0.01124066
 0.00040661 0.00916595]
	[RESULT 32] [0.0115621  0.01771759 0.01615549 0.01154782 0.00385879 0.09231097
 0.         0.00703354 0.00615549 0.00231097 0.         0.0110621
 0.00040661 0.00934451]
	[RESULT 33] [0.01177159 0.01813656 0.01636497 0.01133833 0.00406828 0.09272995
 0.         0.00640508 0.00636497 0.00272995 0.         0.01127159
 0.00040661 0.00913503]
	[RESULT 34] [0.01187807 0.01834952 0.01647145 0.01123185 0.00417476 0.0929429
 0.         0.00608564 0.00647145 0.0029429  0.         0.01137807
 0.00040661 0.00902855]
	[RESULT 35] [0.01174069 0.01807478 0.01633408 0.01136922 0.00403739 0.09266817
 0.         0.00649775 0.00633408 0.00266817 0.         0.01124069
 0.00040661 0.00916592]
	[RESULT 36] [0.01189742 0.01838822 0.0164908  0.0112125  0.00419411 0.09298161
 0.         0.00602759 0.0064908  0.00298161 0.         0.01139742
 0.00040661 0.0090092 ]
	[RESULT 37] [0.01174202 0.01807743 0.01633541 0.0113679  0.00403872 0.09267082
 0.         0.00649377 0.00633541 0.00267082 0.         0.01124202
 0.00040661 0.00916459]
	[RESULT 38] [0.01196136 0.01851611 0.01655475 0.01114856 0.00425805 0.0931095
 0.         0.00583576 0.00655475 0.0031095  0.         0.01146136
 0.00040661 0.00894525]
	[RESULT 39] [0.01180023 0.01819385 0.01639362 0.01130969 0.00409693 0.09278724
 0.         0.00631914 0.00639362 0.00278724 0.         0.01130023
 0.00040661 0.00910638]
	[RESULT 40] [0.01166833 0.01793005 0.01626172 0.01144159 0.00396502 0.09252344
 0.         0.00671485 0.00626172 0.00252344 0.         0.01116833
 0.00040661 0.00923828]
	[RESULT 41] [0.01174114 0.01807567 0.01633453 0.01136878 0.00403784 0.09266906
 0.         0.00649641 0.00633453 0.00266906 0.         0.01124114
 0.00040661 0.00916547]
	[RESULT 42] [0.01179411 0.01818161 0.0163875  0.01131581 0.00409081 0.092775
 0.         0.0063375  0.0063875  0.002775   0.         0.01129411
 0.00040661 0.0091125 ]
	[RESULT 43] [0.01177736 0.0181481  0.01637074 0.01133256 0.00407405 0.09274149
 0.         0.00638777 0.00637074 0.00274149 0.         0.01127736
 0.00040661 0.00912926]
	[RESULT 44] [0.01173406 0.01806151 0.01632745 0.01137586 0.00403075 0.09265489
 0.         0.00651766 0.00632745 0.00265489 0.         0.01123406
 0.00040661 0.00917255]
	[RESULT 45] [0.01179399 0.01818137 0.01638738 0.01131592 0.00409069 0.09277476
 0.         0.00633786 0.00638738 0.00277476 0.         0.01129399
 0.00040661 0.00911262]
	[RESULT 46] [0.0117338  0.018061   0.01632719 0.01137611 0.0040305  0.09265438
 0.         0.00651842 0.00632719 0.00265438 0.         0.0112338
 0.00040661 0.00917281]
	[RESULT 47] [0.01180015 0.01819369 0.01639354 0.01130977 0.00409684 0.09278707
 0.         0.00631939 0.00639354 0.00278707 0.         0.01130015
 0.00040661 0.00910646]
	[RESULT 48] [0.01174082 0.01807504 0.01633421 0.01136909 0.00403752 0.09266843
 0.         0.00649736 0.00633421 0.00266843 0.         0.01124082
 0.00040661 0.00916579]
	[RESULT 49] [0.01159703 0.01778744 0.01619041 0.01151289 0.00389372 0.09238083
 0.         0.00692876 0.00619041 0.00238083 0.         0.01109703
 0.00040661 0.00930959]
	[RESULT 50] [0.01173607 0.01806553 0.01632946 0.01137384 0.00403277 0.09265892
 0.         0.00651162 0.00632946 0.00265892 0.         0.01123607
 0.00040661 0.00917054]
	[RESULT 51] [0.01180012 0.01819364 0.01639351 0.01130979 0.00409682 0.09278702
 0.         0.00631946 0.00639351 0.00278702 0.         0.01130012
 0.00040661 0.00910649]
	[RESULT 52] [0.01173353 0.01806046 0.01632692 0.01137638 0.00403023 0.09265384
 0.         0.00651923 0.00632692 0.00265384 0.         0.01123353
 0.00040661 0.00917308]
	[RESULT 53] [0.01151803 0.01762945 0.01611142 0.01159188 0.00381473 0.09222284
 0.         0.00716574 0.00611142 0.00222284 0.         0.01101803
 0.00040661 0.00938858]
	[RESULT 54] [0.01177179 0.01813697 0.01636518 0.01133812 0.00406849 0.09273036
 0.         0.00640446 0.00636518 0.00273036 0.         0.01127179
 0.00040661 0.00913482]
	[RESULT 55] [0.01177179 0.01813697 0.01636518 0.01133812 0.00406849 0.09273036
 0.         0.00640446 0.00636518 0.00273036 0.         0.01127179
 0.00040661 0.00913482]
	[RESULT 56] [0.01102797 0.01664934 0.01562136 0.01208194 0.00332467 0.09124273
 0.         0.00863591 0.00562136 0.00124273 0.         0.01052797
 0.00040661 0.00987864]
	[RESULT 57] [0.01184648 0.01828635 0.01643987 0.01126344 0.00414318 0.09287974
 0.         0.00618039 0.00643987 0.00287974 0.         0.01134648
 0.00040661 0.00906013]
	[RESULT 58] [0.01177736 0.0181481  0.01637074 0.01133256 0.00407405 0.09274149
 0.         0.00638777 0.00637074 0.00274149 0.         0.01127736
 0.00040661 0.00912926]
	[RESULT 59] [0.01172911 0.01805161 0.0163225  0.0113808  0.00402581 0.092645
 0.         0.0065325  0.0063225  0.002645   0.         0.01122911
 0.00040661 0.0091775 ]
	[RESULT 60] [0.0117403  0.018074   0.01633369 0.01136961 0.004037   0.09266739
 0.         0.00649892 0.00633369 0.00266739 0.         0.0112403
 0.00040661 0.00916631]
	[RESULT 61] [0.01179546 0.01818431 0.01638885 0.01131446 0.00409216 0.0927777
 0.         0.00633345 0.00638885 0.0027777  0.         0.01129546
 0.00040661 0.00911115]
	[RESULT 62] [0.0117403  0.018074   0.01633369 0.01136961 0.004037   0.09266739
 0.         0.00649892 0.00633369 0.00266739 0.         0.0112403
 0.00040661 0.00916631]
	[RESULT 63] [0.01180015 0.01819369 0.01639354 0.01130977 0.00409684 0.09278707
 0.         0.00631939 0.00639354 0.00278707 0.         0.01130015
 0.00040661 0.00910646]
	[RESULT 64] [0.01174202 0.01807743 0.01633541 0.0113679  0.00403872 0.09267082
 0.         0.00649377 0.00633541 0.00267082 0.         0.01124202
 0.00040661 0.00916459]
	[RESULT 65] [0.01158703 0.01776746 0.01618042 0.01152288 0.00388373 0.09236084
 0.         0.00695873 0.00618042 0.00236084 0.         0.01108703
 0.00040661 0.00931958]
	[RESULT 66] [0.0117403  0.018074   0.01633369 0.01136961 0.004037   0.09266739
 0.         0.00649892 0.00633369 0.00266739 0.         0.0112403
 0.00040661 0.00916631]
	[RESULT 67] [0.01180016 0.0181937  0.01639355 0.01130976 0.00409685 0.09278709
 0.         0.00631936 0.00639355 0.00278709 0.         0.01130016
 0.00040661 0.00910645]
	[RESULT 68] [0.01174081 0.018075   0.01633419 0.01136911 0.0040375  0.09266839
 0.         0.00649742 0.00633419 0.00266839 0.         0.01124081
 0.00040661 0.00916581]
	[RESULT 69] [0.0117341  0.01806158 0.01632748 0.01137582 0.00403079 0.09265497
 0.         0.00651755 0.00632748 0.00265497 0.         0.0112341
 0.00040661 0.00917252]
	[RESULT 70] [0.01193772 0.01846883 0.01653111 0.0111722  0.00423442 0.09306222
 0.         0.00590667 0.00653111 0.00306222 0.         0.01143772
 0.00040661 0.00896889]
	[RESULT 71] [0.01186068 0.01831475 0.01645407 0.01124924 0.00415738 0.09290814
 0.         0.00613779 0.00645407 0.00290814 0.         0.01136068
 0.00040661 0.00904593]
	[RESULT 72] [0.01209267 0.01877873 0.01668606 0.01101725 0.00438936 0.09337212
 0.         0.00544183 0.00668606 0.00337212 0.         0.01159267
 0.00040661 0.00881394]
	[RESULT 73] [0.01186426 0.01832192 0.01645765 0.01124566 0.00416096 0.0929153
 0.         0.00612705 0.00645765 0.0029153  0.         0.01136426
 0.00040661 0.00904235]
	[RESULT 74] [0.01228053 0.01915445 0.01687392 0.01082939 0.00457723 0.09374784
 0.         0.00487824 0.00687392 0.00374784 0.         0.01178053
 0.00040661 0.00862608]
	[RESULT 75] [0.01201584 0.01862507 0.01660923 0.01109407 0.00431254 0.09321846
 0.         0.00567231 0.00660923 0.00321846 0.         0.01151584
 0.00040661 0.00889077]
	[RESULT 76] [0.01161261 0.0178186  0.016206   0.01149731 0.0039093  0.09241199
 0.         0.00688201 0.006206   0.00241199 0.         0.01111261
 0.00040661 0.009294  ]
	[RESULT 77] [0.01186468 0.01832275 0.01645807 0.01124524 0.00416138 0.09291614
 0.         0.0061258  0.00645807 0.00291614 0.         0.01136468
 0.00040661 0.00904193]
	[RESULT 78] [0.0123224  0.01923818 0.01691579 0.01078752 0.00461909 0.09383157
 0.         0.00475264 0.00691579 0.00383157 0.         0.0118224
 0.00040661 0.00858421]
	[RESULT 79] [0.01201584 0.01862507 0.01660923 0.01109407 0.00431254 0.09321846
 0.         0.00567231 0.00660923 0.00321846 0.         0.01151584
 0.00040661 0.00889077]
	[RESULT 80] [0.01205069 0.01869477 0.01664408 0.01105923 0.00434738 0.09328816
 0.         0.00556776 0.00664408 0.00328816 0.         0.01155069
 0.00040661 0.00885592]
	[RESULT 81] [0.01203878 0.01867095 0.01663217 0.01107114 0.00433548 0.09326434
 0.         0.00560349 0.00663217 0.00326434 0.         0.01153878
 0.00040661 0.00886783]
	[RESULT 82] [0.01177191 0.01813721 0.0163653  0.011338   0.00406861 0.0927306
 0.         0.0064041  0.0063653  0.0027306  0.         0.01127191
 0.00040661 0.0091347 ]
	[RESULT 83] [0.01174053 0.01807445 0.01633392 0.01136939 0.00403723 0.09266784
 0.         0.00649824 0.00633392 0.00266784 0.         0.01124053
 0.00040661 0.00916608]
	[RESULT 84] [0.011795   0.01818339 0.01638839 0.01131492 0.0040917  0.09277678
 0.         0.00633483 0.00638839 0.00277678 0.         0.011295
 0.00040661 0.00911161]
	[RESULT 85] [0.01173869 0.01807076 0.01633207 0.01137123 0.00403538 0.09266415
 0.         0.00650378 0.00633207 0.00266415 0.         0.01123869
 0.00040661 0.00916793]
	[RESULT 86] [0.01180015 0.01819369 0.01639354 0.01130977 0.00409684 0.09278707
 0.         0.00631939 0.00639354 0.00278707 0.         0.01130015
 0.00040661 0.00910646]
	[RESULT 87] [0.01174066 0.01807471 0.01633405 0.01136926 0.00403735 0.0926681
 0.         0.00649786 0.00633405 0.0026681  0.         0.01124066
 0.00040661 0.00916595]
	[RESULT 88] [0.01160381 0.01780102 0.0161972  0.0115061  0.00390051 0.09239441
 0.         0.00690839 0.0061972  0.00239441 0.         0.01110381
 0.00040661 0.0093028 ]
	[RESULT 89] [0.01173589 0.01806516 0.01632928 0.01137403 0.00403258 0.09265855
 0.         0.00651217 0.00632928 0.00265855 0.         0.01123589
 0.00040661 0.00917072]
	[RESULT 90] [0.01180016 0.0181937  0.01639355 0.01130976 0.00409685 0.09278709
 0.         0.00631936 0.00639355 0.00278709 0.         0.01130016
 0.00040661 0.00910645]
	[RESULT 91] [0.0117284  0.01805019 0.01632179 0.01138152 0.00402509 0.09264358
 0.         0.00653464 0.00632179 0.00264358 0.         0.0112284
 0.00040661 0.00917821]
	[RESULT 92] [0.01177065 0.01813469 0.01636404 0.01133927 0.00406734 0.09272807
 0.         0.00640789 0.00636404 0.00272807 0.         0.01127065
 0.00040661 0.00913596]
	[RESULT 93] [0.01172176 0.0180369  0.01631514 0.01138816 0.00401845 0.09263029
 0.         0.00655457 0.00631514 0.00263029 0.         0.01122176
 0.00040661 0.00918486]
	[RESULT 94] [0.01201287 0.01861912 0.01660625 0.01109705 0.00430956 0.09321251
 0.         0.00568124 0.00660625 0.00321251 0.         0.01151287
 0.00040661 0.00889375]
	[RESULT 95] [0.01173843 0.01807026 0.01633182 0.01137148 0.00403513 0.09266365
 0.         0.00650453 0.00633182 0.00266365 0.         0.01123843
 0.00040661 0.00916818]
