[METRICS]
	[DISEQUILIBRIUM COUNT] 0
[VARIABLES]
	[RESULT 1] [0 7.527817082483911 1 1 8 1000.0000039320827 1]
	[RESULT 2] [0 7.262433493933939 1 1 10 1000.0001125959591 1]
	[RESULT 3] [0 7.245578799230518 1 1 8 1000.0000042739279 1]
	[RESULT 4] [0 7.244455322863271 1 1 8 1000.0000012737064 1]
	[RESULT 5] [0 7.119639858516868 1 1 7 1000.1624954090489 1]
	[RESULT 6] [0 7.244523830226956 1 1 8 1000.0000478977433 1]
	[RESULT 7] [0 7.0470927464410025 1 1 8 1000.0002833750702 1]
	[RESULT 8] [0 7.245578799230518 1 1 8 1000.0000042739279 1]
	[RESULT 9] [0 6.868339988729789 1 1 11 1000.0007026334919 1]
	[RESULT 10] [0 7.11578486535473 1 1 13 1000.003717883073 1]
	[RESULT 11] [0 7.2470635331584 1 1 10 1000.0000175503332 1]
	[RESULT 12] [0 7.11973713498816 1 1 11 1000.0642843942451 1]
	[RESULT 13] [0 7.059066563314431 1 1 10 1000.0000001028293 1]
	[RESULT 14] [0 7.288634932973751 1 1 6 1000.0057213087107 1]
	[RESULT 15] [0 46.50886091793395 1 4 10 1000.0000174835668 1]
	[RESULT 16] [0 7.720435665403302 1 1 10 1000.0001222809445 1]
	[RESULT 17] [0 7.86580223960366 1 1 11 1000.0000662593611 1]
	[RESULT 18] [0 7.720435665403302 1 1 10 1000.0001222809445 1]
	[RESULT 19] [0 7.482584168131735 1 1 9 1000.0000075352777 1]
	[RESULT 20] [0 7.678303813549859 1 1 6 1000.000000588652 1]
	[RESULT 21] [0 9.751774340605305 1 1 8 1000.0000026747921 1]
	[RESULT 22] [0 7.326266560302023 1 1 8 1000.0004714968487 1]
	[RESULT 23] [0 7.244455322863271 1 1 8 1000.0000012737064 1]
	[RESULT 24] [0 7.244244641875762 1 1 10 1000.0000002915879 1]
	[RESULT 25] [0 7.244244641875762 1 1 10 1000.0000002915879 1]
	[RESULT 26] [0 7.2455802771072255 1 1 8 1000.0000042739279 1]
	[RESULT 27] [0 7.302070222354621 1 1 13 1000.0000051332115 1]
	[RESULT 28] [0 7.244244641875762 1 1 10 1000.0000002915879 1]
	[RESULT 29] [0 7.047820898169411 1 1 10 1000.0000282532928 1]
	[RESULT 30] [0 7.245578799230518 1 1 8 1000.0000042739279 1]
	[RESULT 31] [0 6.874226644376741 1 1 11 1000.0000373342608 1]
	[RESULT 32] [0 7.245578799230518 1 1 8 1000.0000042739279 1]
	[RESULT 33] [0 6.7099383889393245 1 1 9 1000.0000052144957 1]
	[RESULT 34] [0 7.482584168131735 1 1 9 1000.0000075352777 1]
	[RESULT 35] [0 7.101344034725342 1 1 10 1000.0000472081136 1]
	[RESULT 36] [0 7.244244641875762 1 1 10 1000.0000002915879 1]
	[RESULT 37] [0 7.302071126560929 1 1 11 1000.0000025689353 1]
	[RESULT 38] [0 7.118992874536494 1 1 7 1000.0006815221197 1]
	[RESULT 39] [0 7.058595882347429 1 1 9 1000.0000035456105 1]
	[RESULT 40] [0 7.302070222354621 1 1 13 1000.0000051332115 1]
	[RESULT 41] [0 7.058595882347429 1 1 9 1000.0000035456105 1]
	[RESULT 42] [0 7.764686946484408 1 1 13 1000.0002377516196 1]
	[RESULT 43] [0 7.26023296432049 1 1 10 1000.0000010695626 1]
	[RESULT 44] [0 7.244455322863271 1 1 8 1000.0000012737064 1]
	[RESULT 45] [0 7.260251419172748 1 1 8 1000.0000052172725 1]
	[RESULT 46] [0 7.107929755596545 1 1 8 1000.0000478977433 1]
	[RESULT 47] [0 7.239106469907665 1 1 11 1000.0000001323244 1]
	[RESULT 48] [0 9.95845587630702 1 1 6 1000.0000135646146 1]
	[RESULT 49] [0 7.260233136671552 1 1 10 1000.0001259714141 1]
	[RESULT 50] [0 7.107929755596545 1 1 11 1000.0000478977433 1]
	[RESULT 51] [0 7.3284588863204325 1 1 8 1000.0006463658501 1]
	[RESULT 52] [0 7.2455802771072255 1 1 8 1000.0000042739279 1]
	[RESULT 53] [0 7.302071126560929 1 1 11 1000.0000025689353 1]
	[RESULT 54] [0 7.12199939355385 1 1 11 1000.0001300509862 1]
	[RESULT 55] [0 7.059066563314431 1 1 10 1000.0000001028293 1]
	[RESULT 56] [0 7.245578799230518 1 1 8 1000.0000042739279 1]
	[RESULT 57] [0 7.656787932277579 1 1 9 1000.0000746701663 1]
	[RESULT 58] [0 7.302070222354621 1 1 13 1000.0000051332115 1]
	[RESULT 59] [0 7.247063511561601 1 1 10 1000.0000039283651 1]
	[RESULT 60] [0 7.245578799230518 1 1 8 1000.0000042739279 1]
	[RESULT 61] [0 6.874226644376741 1 1 11 1000.0000373342608 1]
	[RESULT 62] [0 6.7099383889393245 1 1 9 1000.0000052144957 1]
	[RESULT 63] [0 7.065931851733175 1 1 8 1000.0000070004712 1]
	[RESULT 64] [0 7.528512125672942 1 1 8 1000.0000107232718 1]
	[RESULT 65] [0 6.696986893820741 1 1 9 1000.0022374189242 1]
	[RESULT 66] [0 7.0751629473822355 1 1 9 1000.022006621587 1]
	[RESULT 67] [0 7.05930534363344 1 1 9 1000.0000405150241 1]
	[RESULT 68] [0 7.073975741937997 1 1 9 1001.3180422494261 1]
	[RESULT 69] [0 7.244523830226956 1 1 9 1000.0000478977433 1]
	[RESULT 70] [0 7.117221318730099 1 1 13 1000.2411447748377 1]
	[RESULT 71] [0 7.059066563314431 1 1 10 1000.0000001028293 1]
	[RESULT 72] [0 7.245578799230518 1 1 8 1000.0000042739279 1]
	[RESULT 73] [0 7.678303813549859 1 1 6 1000.000000588652 1]
	[RESULT 74] [0 7.302204644590863 1 1 10 1000.0030275041726 1]
	[RESULT 75] [0 7.248755554711208 1 1 11 1000.0001259714141 1]
	[RESULT 76] [0 7.248874671350444 1 1 13 1000.0080377601463 1]
	[RESULT 77] [0 7.259965437574236 1 1 8 1000.0016169717729 1]
	[RESULT 78] [0 7.057567528065316 1 1 6 1000.0000158984132 1]
	[RESULT 79] [0 7.297244701603204 1 1 10 1000.006768576261 1]
[OBJECTIVES]
	[RESULT 1] [0.01182392 0.01824123 0.01641731 0.011286   0.00412061 0.09283461
 0.         0.00624808 0.00641731 0.00283461 0.         0.01132392
 0.00040661 0.00908269]
	[RESULT 2] [0.01193921 0.01847181 0.0165326  0.01117071 0.0042359  0.0930652
 0.         0.00590221 0.0065326  0.0030652  0.         0.01143921
 0.00040661 0.0089674 ]
	[RESULT 3] [0.01194717 0.01848773 0.01654056 0.01116275 0.00424386 0.09308111
 0.         0.00587833 0.00654056 0.00308111 0.         0.01144717
 0.00040661 0.00895944]
	[RESULT 4] [0.0119477  0.01848879 0.01654109 0.01116222 0.0042444  0.09308218
 0.         0.00587673 0.00654109 0.00308218 0.         0.0114477
 0.00040661 0.00895891]
	[RESULT 5] [0.01200937 0.01861212 0.01660275 0.01110056 0.00430606 0.0932055
 0.         0.00569175 0.00660275 0.0032055  0.         0.01150937
 0.00040662 0.00889725]
	[RESULT 6] [0.01194767 0.01848873 0.01654106 0.01116225 0.00424436 0.09308212
 0.         0.00587683 0.00654106 0.00308212 0.         0.01144767
 0.00040661 0.00895894]
	[RESULT 7] [0.01204752 0.01868843 0.01664091 0.0110624  0.00434421 0.09328182
 0.         0.00557727 0.00664091 0.00328182 0.         0.01154752
 0.00040661 0.00885909]
	[RESULT 8] [0.01194717 0.01848773 0.01654056 0.01116275 0.00424386 0.09308111
 0.         0.00587833 0.00654056 0.00308111 0.         0.01144717
 0.00040661 0.00895944]
	[RESULT 9] [0.01214978 0.01889295 0.01674317 0.01096014 0.00444647 0.09348634
 0.         0.00527049 0.00674317 0.00348634 0.         0.01164978
 0.00040661 0.00875683]
	[RESULT 10] [0.01201134 0.01861608 0.01660473 0.01109857 0.00430804 0.09320946
 0.         0.0056858  0.00660473 0.00320946 0.         0.01151134
 0.00040661 0.00889527]
	[RESULT 11] [0.01194646 0.01848632 0.01653985 0.01116345 0.00424316 0.09307971
 0.         0.00588044 0.00653985 0.00307971 0.         0.01144646
 0.00040661 0.00896015]
	[RESULT 12] [0.01200932 0.01861201 0.0166027  0.01110061 0.00430601 0.0932054
 0.         0.0056919  0.0066027  0.0032054  0.         0.01150932
 0.00040662 0.0088973 ]
	[RESULT 13] [0.0120411  0.01867558 0.01663449 0.01106882 0.00433779 0.09326897
 0.         0.00559654 0.00663449 0.00326897 0.         0.0115411
 0.00040661 0.00886551]
	[RESULT 14] [0.011927   0.01844739 0.01652039 0.01118292 0.00422369 0.09304078
 0.         0.00593884 0.00652039 0.00304078 0.         0.011427
 0.00040661 0.00897961]
	[RESULT 15] [0.01052423 0.01564186 0.01511762 0.01258568 0.00282093 0.09023525
 0.         0.00835287 0.00511762 0.00023525 0.         0.00852423
 0.00040661 0.01188238]
	[RESULT 16] [0.01175054 0.01809447 0.01634393 0.01135938 0.00404723 0.09268786
 0.         0.00646821 0.00634393 0.00268786 0.         0.01125054
 0.00040661 0.00915607]
	[RESULT 17] [0.0117     0.0179934  0.01629339 0.01140991 0.0039967  0.09258679
 0.         0.00661982 0.00629339 0.00258679 0.         0.0112
 0.00040661 0.00920661]
	[RESULT 18] [0.01175054 0.01809447 0.01634393 0.01135938 0.00404723 0.09268786
 0.         0.00646821 0.00634393 0.00268786 0.         0.01125054
 0.00040661 0.00915607]
	[RESULT 19] [0.01184233 0.01827804 0.01643572 0.01126759 0.00413902 0.09287143
 0.         0.00619285 0.00643572 0.00287143 0.         0.01134233
 0.00040661 0.00906428]
	[RESULT 20] [0.01176593 0.01812526 0.01635932 0.01134398 0.00406263 0.09271864
 0.         0.00642203 0.00635932 0.00271864 0.         0.01126593
 0.00040661 0.00914068]
	[RESULT 21] [0.01127591 0.01714521 0.0158693  0.01183401 0.0035726  0.09173859
 0.         0.00789211 0.0058693  0.00173859 0.         0.01077591
 0.00040661 0.0096307 ]
	[RESULT 22] [0.0119098  0.01841299 0.01650319 0.01120012 0.00420649 0.09300637
 0.         0.00599044 0.00650319 0.00300637 0.         0.0114098
 0.00040661 0.00899681]
	[RESULT 23] [0.0119477  0.01848879 0.01654109 0.01116222 0.0042444  0.09308218
 0.         0.00587673 0.00654109 0.00308218 0.         0.0114477
 0.00040661 0.00895891]
	[RESULT 24] [0.0119478  0.01848899 0.01654119 0.01116211 0.0042445  0.09308238
 0.         0.00587643 0.00654119 0.00308238 0.         0.0114478
 0.00040661 0.00895881]
	[RESULT 25] [0.0119478  0.01848899 0.01654119 0.01116211 0.0042445  0.09308238
 0.         0.00587643 0.00654119 0.00308238 0.         0.0114478
 0.00040661 0.00895881]
	[RESULT 26] [0.01194717 0.01848772 0.01654056 0.01116275 0.00424386 0.09308111
 0.         0.00587833 0.00654056 0.00308111 0.         0.01144717
 0.00040661 0.00895944]
	[RESULT 27] [0.01192081 0.01843501 0.0165142  0.0111891  0.00421751 0.0930284
 0.         0.0059574  0.0065142  0.0030284  0.         0.01142081
 0.00040661 0.0089858 ]
	[RESULT 28] [0.0119478  0.01848899 0.01654119 0.01116211 0.0042445  0.09308238
 0.         0.00587643 0.00654119 0.00308238 0.         0.0114478
 0.00040661 0.00895881]
	[RESULT 29] [0.01204713 0.01868764 0.01664052 0.01106279 0.00434382 0.09328103
 0.         0.00557845 0.00664052 0.00328103 0.         0.01154713
 0.00040661 0.00885948]
	[RESULT 30] [0.01194717 0.01848773 0.01654056 0.01116275 0.00424386 0.09308111
 0.         0.00587833 0.00654056 0.00308111 0.         0.01144717
 0.00040661 0.00895944]
	[RESULT 31] [0.01214621 0.01888581 0.0167396  0.01096371 0.0044429  0.0934792
 0.         0.0052812  0.0067396  0.0034792  0.         0.01164621
 0.00040661 0.0087604 ]
	[RESULT 32] [0.01194717 0.01848773 0.01654056 0.01116275 0.00424386 0.09308111
 0.         0.00587833 0.00654056 0.00308111 0.         0.01144717
 0.00040661 0.00895944]
	[RESULT 33] [0.01225167 0.01909673 0.01684506 0.01085825 0.00454837 0.09369012
 0.         0.00496482 0.00684506 0.00369012 0.         0.01175167
 0.00040661 0.00865494]
	[RESULT 34] [0.01184233 0.01827804 0.01643572 0.01126759 0.00413902 0.09287143
 0.         0.00619285 0.00643572 0.00287143 0.         0.01134233
 0.00040661 0.00906428]
	[RESULT 35] [0.01201882 0.01863102 0.0166122  0.0110911  0.00431551 0.09322441
 0.         0.00566339 0.0066122  0.00322441 0.         0.01151882
 0.00040661 0.0088878 ]
	[RESULT 36] [0.0119478  0.01848899 0.01654119 0.01116211 0.0042445  0.09308238
 0.         0.00587643 0.00654119 0.00308238 0.         0.0114478
 0.00040661 0.00895881]
	[RESULT 37] [0.01192081 0.01843501 0.0165142  0.0111891  0.00421751 0.0930284
 0.         0.0059574  0.0065142  0.0030284  0.         0.01142081
 0.00040661 0.0089858 ]
	[RESULT 38] [0.01200969 0.01861277 0.01660308 0.01110022 0.00430639 0.09320616
 0.         0.00569076 0.00660308 0.00320616 0.         0.01150969
 0.00040661 0.00889692]
	[RESULT 39] [0.01204135 0.01867609 0.01663474 0.01106857 0.00433804 0.09326947
 0.         0.00559579 0.00663474 0.00326947 0.         0.01154135
 0.00040661 0.00886526]
	[RESULT 40] [0.01192081 0.01843501 0.0165142  0.0111891  0.00421751 0.0930284
 0.         0.0059574  0.0065142  0.0030284  0.         0.01142081
 0.00040661 0.0089858 ]
	[RESULT 41] [0.01204135 0.01867609 0.01663474 0.01106857 0.00433804 0.09326947
 0.         0.00559579 0.00663474 0.00326947 0.         0.01154135
 0.00040661 0.00886526]
	[RESULT 42] [0.01173474 0.01806287 0.01632813 0.01137517 0.00403144 0.09265626
 0.         0.0065156  0.00632813 0.00265626 0.         0.01123474
 0.00040661 0.00917187]
	[RESULT 43] [0.01194024 0.01847388 0.01653363 0.01116967 0.00423694 0.09306727
 0.         0.0058991  0.00653363 0.00306727 0.         0.01144024
 0.00040661 0.00896637]
	[RESULT 44] [0.0119477  0.01848879 0.01654109 0.01116222 0.0042444  0.09308218
 0.         0.00587673 0.00654109 0.00308218 0.         0.0114477
 0.00040661 0.00895891]
	[RESULT 45] [0.01194024 0.01847386 0.01653362 0.01116968 0.00423693 0.09306725
 0.         0.00589913 0.00653362 0.00306725 0.         0.01144024
 0.00040661 0.00896638]
	[RESULT 46] [0.0120154  0.01862419 0.01660879 0.01109452 0.00431209 0.09321758
 0.         0.00567364 0.00660879 0.00321758 0.         0.0115154
 0.00040661 0.00889121]
	[RESULT 47] [0.01195025 0.01849388 0.01654364 0.01115967 0.00424694 0.09308727
 0.         0.00586909 0.00654364 0.00308727 0.         0.01145025
 0.00040661 0.00895636]
	[RESULT 48] [0.01124576 0.0170849  0.01583914 0.01186416 0.00354245 0.09167829
 0.         0.00798257 0.00583914 0.00167829 0.         0.01074576
 0.00040661 0.00966086]
	[RESULT 49] [0.01194024 0.01847388 0.01653363 0.01116967 0.00423694 0.09306727
 0.         0.0058991  0.00653363 0.00306727 0.         0.01144024
 0.00040661 0.00896637]
	[RESULT 50] [0.0120154  0.01862419 0.01660879 0.01109452 0.00431209 0.09321758
 0.         0.00567364 0.00660879 0.00321758 0.         0.0115154
 0.00040661 0.00889121]
	[RESULT 51] [0.01190881 0.01841101 0.0165022  0.01120111 0.0042055  0.09300439
 0.         0.00599341 0.0065022  0.00300439 0.         0.01140881
 0.00040661 0.0089978 ]
	[RESULT 52] [0.01194717 0.01848772 0.01654056 0.01116275 0.00424386 0.09308111
 0.         0.00587833 0.00654056 0.00308111 0.         0.01144717
 0.00040661 0.00895944]
	[RESULT 53] [0.01192081 0.01843501 0.0165142  0.0111891  0.00421751 0.0930284
 0.         0.0059574  0.0065142  0.0030284  0.         0.01142081
 0.00040661 0.0089858 ]
	[RESULT 54] [0.01200815 0.01860969 0.01660154 0.01110177 0.00430484 0.09320308
 0.         0.00569539 0.00660154 0.00320308 0.         0.01150815
 0.00040661 0.00889846]
	[RESULT 55] [0.0120411  0.01867558 0.01663449 0.01106882 0.00433779 0.09326897
 0.         0.00559654 0.00663449 0.00326897 0.         0.0115411
 0.00040661 0.00886551]
	[RESULT 56] [0.01194717 0.01848773 0.01654056 0.01116275 0.00424386 0.09308111
 0.         0.00587833 0.00654056 0.00308111 0.         0.01144717
 0.00040661 0.00895944]
	[RESULT 57] [0.01177393 0.01814125 0.01636732 0.01133599 0.00407063 0.09273464
 0.         0.00639804 0.00636732 0.00273464 0.         0.01127393
 0.00040661 0.00913268]
	[RESULT 58] [0.01192081 0.01843501 0.0165142  0.0111891  0.00421751 0.0930284
 0.         0.0059574  0.0065142  0.0030284  0.         0.01142081
 0.00040661 0.0089858 ]
	[RESULT 59] [0.01194646 0.01848632 0.01653985 0.01116345 0.00424316 0.09307971
 0.         0.00588044 0.00653985 0.00307971 0.         0.01144646
 0.00040661 0.00896015]
	[RESULT 60] [0.01194717 0.01848773 0.01654056 0.01116275 0.00424386 0.09308111
 0.         0.00587833 0.00654056 0.00308111 0.         0.01144717
 0.00040661 0.00895944]
	[RESULT 61] [0.01214621 0.01888581 0.0167396  0.01096371 0.0044429  0.0934792
 0.         0.0052812  0.0067396  0.0034792  0.         0.01164621
 0.00040661 0.0087604 ]
	[RESULT 62] [0.01225167 0.01909673 0.01684506 0.01085825 0.00454837 0.09369012
 0.         0.00496482 0.00684506 0.00369012 0.         0.01175167
 0.00040661 0.00865494]
	[RESULT 63] [0.01203744 0.01866826 0.01663083 0.01107248 0.00433413 0.09326165
 0.         0.00560752 0.00663083 0.00326165 0.         0.01153744
 0.00040661 0.00886917]
	[RESULT 64] [0.01182364 0.01824067 0.01641703 0.01128628 0.00412033 0.09283406
 0.         0.00624892 0.00641703 0.00283406 0.         0.01132364
 0.00040661 0.00908297]
	[RESULT 65] [0.01226053 0.01911445 0.01685392 0.01084939 0.00455723 0.09370784
 0.         0.00493824 0.00685392 0.00370784 0.         0.01176053
 0.00040661 0.00864608]
	[RESULT 66] [0.01203254 0.01865847 0.01662593 0.01107738 0.00432924 0.09325186
 0.         0.00562221 0.00662593 0.00325186 0.         0.01153254
 0.00040661 0.00887407]
	[RESULT 67] [0.01204097 0.01867533 0.01663436 0.01106895 0.00433766 0.09326872
 0.         0.00559693 0.00663436 0.00326872 0.         0.01154097
 0.00040661 0.00886564]
	[RESULT 68] [0.01203326 0.01865982 0.01662656 0.01107679 0.00432991 0.09325312
 0.         0.00562033 0.00662656 0.00325312 0.         0.01153326
 0.0004067  0.00887344]
	[RESULT 69] [0.01194767 0.01848873 0.01654106 0.01116225 0.00424436 0.09308212
 0.         0.00587683 0.00654106 0.00308212 0.         0.01144767
 0.00040661 0.00895894]
	[RESULT 70] [0.01201062 0.01861461 0.01660399 0.01109932 0.00430731 0.09320799
 0.         0.00568802 0.00660399 0.00320799 0.         0.01151062
 0.00040663 0.00889601]
	[RESULT 71] [0.0120411  0.01867558 0.01663449 0.01106882 0.00433779 0.09326897
 0.         0.00559654 0.00663449 0.00326897 0.         0.0115411
 0.00040661 0.00886551]
	[RESULT 72] [0.01194717 0.01848773 0.01654056 0.01116275 0.00424386 0.09308111
 0.         0.00587833 0.00654056 0.00308111 0.         0.01144717
 0.00040661 0.00895944]
	[RESULT 73] [0.01176593 0.01812526 0.01635932 0.01134398 0.00406263 0.09271864
 0.         0.00642203 0.00635932 0.00271864 0.         0.01126593
 0.00040661 0.00914068]
	[RESULT 74] [0.01192075 0.01843489 0.01651414 0.01118917 0.00421745 0.09302828
 0.         0.00595758 0.00651414 0.00302828 0.         0.01142075
 0.00040661 0.00898586]
	[RESULT 75] [0.01194566 0.01848471 0.01653905 0.01116425 0.00424236 0.0930781
 0.         0.00588285 0.00653905 0.0030781  0.         0.01144566
 0.00040661 0.00896095]
	[RESULT 76] [0.01194561 0.0184846  0.01653899 0.01116431 0.0042423  0.09307799
 0.         0.00588302 0.00653899 0.00307799 0.         0.01144561
 0.00040661 0.00896101]
	[RESULT 77] [0.01194037 0.01847413 0.01653376 0.01116955 0.00423706 0.09306752
 0.         0.00589872 0.00653376 0.00306752 0.         0.01144037
 0.00040661 0.00896624]
	[RESULT 78] [0.0120419  0.01867719 0.01663529 0.01106802 0.00433859 0.09327057
 0.         0.00559414 0.00663529 0.00327057 0.         0.0115419
 0.00040661 0.00886471]
	[RESULT 79] [0.01192303 0.01843945 0.01651642 0.01118689 0.00421972 0.09303284
 0.         0.00595075 0.00651642 0.00303284 0.         0.01142303
 0.00040661 0.00898358]
