[METRICS]
	[DISEQUILIBRIUM COUNT] 1
[VARIABLES]
	[RESULT 1] [0 49.99999999999948 1 4 5 1000.0000000000006 1]
	[RESULT 2] [0 49.99999999999948 1 4 5 1000.0 1]
	[RESULT 3] [0 50.0 1 4 5 1000.0 1]
	[RESULT 4] [0 49.99999999999948 1 4 5 1000.0 1]
	[RESULT 5] [0 50.0 1 4 1 1000.0000000000483 1]
	[RESULT 6] [0 50.0 1 4 4 1000.0 1]
	[RESULT 7] [0 49.99999999999948 1 4 5 1000.0000000000073 1]
	[RESULT 8] [0 50.0 1 4 5 1000.0 1]
	[RESULT 9] [0 49.99999999999948 1 4 5 1000.000000000004 1]
	[RESULT 10] [0 49.99999999999948 1 4 4 1000.0 1]
	[RESULT 11] [0 50.0 1 4 5 1000.0 1]
	[RESULT 12] [0 50.0 1 4 4 1000.0 1]
	[RESULT 13] [0 49.99999999999948 1 4 5 1000.0000000000073 1]
	[RESULT 14] [0 50.0 1 4 5 1000.0 1]
	[RESULT 15] [0 49.99999999999948 1 4 5 1000.0000000000073 1]
	[RESULT 16] [0 49.99999999999999 1 2 7 1000.0000000000399 1]
	[RESULT 17] [0 50.0 1 1 3 1000.0000202271711 1]
	[RESULT 18] [0 49.99999999999967 1 4 5 1000.0000000000176 1]
	[RESULT 19] [0 49.99999999999948 1 4 5 1000.000000000004 1]
	[RESULT 20] [0 49.99999999999948 1 4 5 1000.0000000000073 1]
	[RESULT 21] [0 50.0 1 4 5 1000.0 1]
	[RESULT 22] [0 50.0 1 4 5 1000.0 1]
	[RESULT 23] [0 49.99999999999948 1 4 5 1000.0000000000073 1]
	[RESULT 24] [0 50.0 1 3 5 1000.0 1]
	[RESULT 25] [0 49.99999999999948 1 4 5 1000.0000000000073 1]
	[RESULT 26] [0 49.99999999999948 1 4 5 1000.0000000000014 1]
	[RESULT 27] [0 50.0 1 4 5 1000.0 1]
	[RESULT 28] [0 49.99999999999948 1 4 5 1000.0000000000014 1]
	[RESULT 29] [0 50.0 1 4 5 1000.0 1]
	[RESULT 30] [0 50.0 1 3 5 1000.0 1]
	[RESULT 31] [0 50.0 1 4 5 1000.000000000009 1]
	[RESULT 32] [0 49.99999999999948 1 4 5 1000.0000000000014 1]
	[RESULT 33] [0 49.99999999999948 1 4 5 1000.0000000000014 1]
	[RESULT 34] [0 50.0 1 4 5 1000.000000000009 1]
	[RESULT 35] [0 50.0 1 4 5 1000.000000000009 1]
	[RESULT 36] [0 49.99999999999948 1 4 5 1000.0000000000014 1]
	[RESULT 37] [0 49.99999999999961 1 4 7 1000.0000000000193 1]
	[RESULT 38] [0 49.99999999999948 1 4 4 1000.0 1]
	[RESULT 39] [0 50.0 1 2 5 1000.0000000000152 1]
	[RESULT 40] [0 49.99999999999948 1 4 5 1000.0000000000014 1]
	[RESULT 41] [0 49.99999999999948 1 4 5 1000.0 1]
	[RESULT 42] [0 50.0 1 4 5 1000.000000000009 1]
	[RESULT 43] [0 50.0 1 4 5 1000.000000000009 1]
	[RESULT 44] [0 50.0 1 4 5 1000.000000000009 1]
	[RESULT 45] [0 50.0 1 4 5 1000.000000000009 1]
	[RESULT 46] [0 50.0 1 4 5 1000.000000000009 1]
	[RESULT 47] [0 50.0 1 4 5 1000.000000000009 1]
	[RESULT 48] [0 50.0 1 4 5 1000.000000000009 1]
	[RESULT 49] [0 49.99999999999959 1 2 5 1000.0000000000014 1]
	[RESULT 50] [0 49.99999999999948 1 4 5 1000.000000000004 1]
	[RESULT 51] [0 49.99999999999948 1 4 5 1000.000000000004 1]
	[RESULT 52] [0 49.99999999999948 1 4 5 1000.0000000000003 1]
	[RESULT 53] [0 41.90646952735202 1 2 5 1000.0000065953787 1]
	[RESULT 54] [0 49.99999999999948 1 4 5 1000.0000000000003 1]
	[RESULT 55] [0 49.99999999999948 1 4 5 1000.0000000000014 1]
	[RESULT 56] [0 49.99999999999948 1 4 5 1000.0000000000003 1]
	[RESULT 57] [0 49.99999999999948 1 4 5 1000.00000000002 1]
	[RESULT 58] [0 49.99999999999948 1 4 5 1000.0 1]
	[RESULT 59] [0 49.99999999999948 1 4 5 1000.0000000000014 1]
	[RESULT 60] [0 49.99999999999948 1 4 5 1000.0000000000014 1]
	[RESULT 61] [0 50.0 1 4 5 1000.0 1]
	[RESULT 62] [0 50.0 1 4 2 1000.000000000001 1]
	[RESULT 63] [0 50.0 1 4 4 1000.0 1]
	[RESULT 64] [0 50.0 1 4 5 1000.0 1]
	[RESULT 65] [0 49.99999999999948 1 3 5 1000.0000000000273 1]
	[RESULT 66] [0 50.0 1 4 5 1000.000000000009 1]
	[RESULT 67] [0 50.0 1 4 2 1000.000000000001 1]
	[RESULT 68] [0 50.0 1 4 5 1000.0 1]
	[RESULT 69] [0 50.0 1 4 6 1000.0000000000206 1]
	[RESULT 70] [0 50.0 1 4 1 1000.000000000009 1]
	[RESULT 71] [0 49.99999999999948 1 4 5 1000.0000000000014 1]
	[RESULT 72] [0 50.0 1 4 5 1000.0 1]
[OBJECTIVES]
	[RESULT 1] [0.01051531 0.015624   0.0151087  0.01259461 0.002812   0.09021739
 0.         0.00832609 0.0051087  0.00021739 0.         0.00851531
 0.00040661 0.0118913 ]
	[RESULT 2] [0.01051531 0.015624   0.0151087  0.01259461 0.002812   0.09021739
 0.         0.00832609 0.0051087  0.00021739 0.         0.00851531
 0.00040661 0.0118913 ]
	[RESULT 3] [0.01051531 0.015624   0.0151087  0.01259461 0.002812   0.09021739
 0.         0.00832609 0.0051087  0.00021739 0.         0.00851531
 0.00040661 0.0118913 ]
	[RESULT 4] [0.01051531 0.015624   0.0151087  0.01259461 0.002812   0.09021739
 0.         0.00832609 0.0051087  0.00021739 0.         0.00851531
 0.00040661 0.0118913 ]
	[RESULT 5] [0.01051531 0.015624   0.0151087  0.01259461 0.002812   0.09021739
 0.         0.00832609 0.0051087  0.00021739 0.         0.00851531
 0.00040661 0.0118913 ]
	[RESULT 6] [0.01051531 0.015624   0.0151087  0.01259461 0.002812   0.09021739
 0.         0.00832609 0.0051087  0.00021739 0.         0.00851531
 0.00040661 0.0118913 ]
	[RESULT 7] [0.01051531 0.015624   0.0151087  0.01259461 0.002812   0.09021739
 0.         0.00832609 0.0051087  0.00021739 0.         0.00851531
 0.00040661 0.0118913 ]
	[RESULT 8] [0.01051531 0.015624   0.0151087  0.01259461 0.002812   0.09021739
 0.         0.00832609 0.0051087  0.00021739 0.         0.00851531
 0.00040661 0.0118913 ]
	[RESULT 9] [0.01051531 0.015624   0.0151087  0.01259461 0.002812   0.09021739
 0.         0.00832609 0.0051087  0.00021739 0.         0.00851531
 0.00040661 0.0118913 ]
	[RESULT 10] [0.01051531 0.015624   0.0151087  0.01259461 0.002812   0.09021739
 0.         0.00832609 0.0051087  0.00021739 0.         0.00851531
 0.00040661 0.0118913 ]
	[RESULT 11] [0.01051531 0.015624   0.0151087  0.01259461 0.002812   0.09021739
 0.         0.00832609 0.0051087  0.00021739 0.         0.00851531
 0.00040661 0.0118913 ]
	[RESULT 12] [0.01051531 0.015624   0.0151087  0.01259461 0.002812   0.09021739
 0.         0.00832609 0.0051087  0.00021739 0.         0.00851531
 0.00040661 0.0118913 ]
	[RESULT 13] [0.01051531 0.015624   0.0151087  0.01259461 0.002812   0.09021739
 0.         0.00832609 0.0051087  0.00021739 0.         0.00851531
 0.00040661 0.0118913 ]
	[RESULT 14] [0.01051531 0.015624   0.0151087  0.01259461 0.002812   0.09021739
 0.         0.00832609 0.0051087  0.00021739 0.         0.00851531
 0.00040661 0.0118913 ]
	[RESULT 15] [0.01051531 0.015624   0.0151087  0.01259461 0.002812   0.09021739
 0.         0.00832609 0.0051087  0.00021739 0.         0.00851531
 0.00040661 0.0118913 ]
	[RESULT 16] [0.01051531 0.015624   0.0151087  0.01259461 0.002812   0.09021739
 0.         0.00932609 0.0051087  0.00021739 0.         0.00951531
 0.00040661 0.0108913 ]
	[RESULT 17] [0.01051531 0.015624   0.0151087  0.01259461 0.002812   0.09021739
 0.         0.00982609 0.0051087  0.00021739 0.         0.01001531
 0.00040661 0.0103913 ]
	[RESULT 18] [0.01051531 0.015624   0.0151087  0.01259461 0.002812   0.09021739
 0.         0.00832609 0.0051087  0.00021739 0.         0.00851531
 0.00040661 0.0118913 ]
	[RESULT 19] [0.01051531 0.015624   0.0151087  0.01259461 0.002812   0.09021739
 0.         0.00832609 0.0051087  0.00021739 0.         0.00851531
 0.00040661 0.0118913 ]
	[RESULT 20] [0.01051531 0.015624   0.0151087  0.01259461 0.002812   0.09021739
 0.         0.00832609 0.0051087  0.00021739 0.         0.00851531
 0.00040661 0.0118913 ]
	[RESULT 21] [0.01051531 0.015624   0.0151087  0.01259461 0.002812   0.09021739
 0.         0.00832609 0.0051087  0.00021739 0.         0.00851531
 0.00040661 0.0118913 ]
	[RESULT 22] [0.01051531 0.015624   0.0151087  0.01259461 0.002812   0.09021739
 0.         0.00832609 0.0051087  0.00021739 0.         0.00851531
 0.00040661 0.0118913 ]
	[RESULT 23] [0.01051531 0.015624   0.0151087  0.01259461 0.002812   0.09021739
 0.         0.00832609 0.0051087  0.00021739 0.         0.00851531
 0.00040661 0.0118913 ]
	[RESULT 24] [0.01051531 0.015624   0.0151087  0.01259461 0.002812   0.09021739
 0.         0.00882609 0.0051087  0.00021739 0.         0.00901531
 0.00040661 0.0113913 ]
	[RESULT 25] [0.01051531 0.015624   0.0151087  0.01259461 0.002812   0.09021739
 0.         0.00832609 0.0051087  0.00021739 0.         0.00851531
 0.00040661 0.0118913 ]
	[RESULT 26] [0.01051531 0.015624   0.0151087  0.01259461 0.002812   0.09021739
 0.         0.00832609 0.0051087  0.00021739 0.         0.00851531
 0.00040661 0.0118913 ]
	[RESULT 27] [0.01051531 0.015624   0.0151087  0.01259461 0.002812   0.09021739
 0.         0.00832609 0.0051087  0.00021739 0.         0.00851531
 0.00040661 0.0118913 ]
	[RESULT 28] [0.01051531 0.015624   0.0151087  0.01259461 0.002812   0.09021739
 0.         0.00832609 0.0051087  0.00021739 0.         0.00851531
 0.00040661 0.0118913 ]
	[RESULT 29] [0.01051531 0.015624   0.0151087  0.01259461 0.002812   0.09021739
 0.         0.00832609 0.0051087  0.00021739 0.         0.00851531
 0.00040661 0.0118913 ]
	[RESULT 30] [0.01051531 0.015624   0.0151087  0.01259461 0.002812   0.09021739
 0.         0.00882609 0.0051087  0.00021739 0.         0.00901531
 0.00040661 0.0113913 ]
	[RESULT 31] [0.01051531 0.015624   0.0151087  0.01259461 0.002812   0.09021739
 0.         0.00832609 0.0051087  0.00021739 0.         0.00851531
 0.00040661 0.0118913 ]
	[RESULT 32] [0.01051531 0.015624   0.0151087  0.01259461 0.002812   0.09021739
 0.         0.00832609 0.0051087  0.00021739 0.         0.00851531
 0.00040661 0.0118913 ]
	[RESULT 33] [0.01051531 0.015624   0.0151087  0.01259461 0.002812   0.09021739
 0.         0.00832609 0.0051087  0.00021739 0.         0.00851531
 0.00040661 0.0118913 ]
	[RESULT 34] [0.01051531 0.015624   0.0151087  0.01259461 0.002812   0.09021739
 0.         0.00832609 0.0051087  0.00021739 0.         0.00851531
 0.00040661 0.0118913 ]
	[RESULT 35] [0.01051531 0.015624   0.0151087  0.01259461 0.002812   0.09021739
 0.         0.00832609 0.0051087  0.00021739 0.         0.00851531
 0.00040661 0.0118913 ]
	[RESULT 36] [0.01051531 0.015624   0.0151087  0.01259461 0.002812   0.09021739
 0.         0.00832609 0.0051087  0.00021739 0.         0.00851531
 0.00040661 0.0118913 ]
	[RESULT 37] [0.01051531 0.015624   0.0151087  0.01259461 0.002812   0.09021739
 0.         0.00832609 0.0051087  0.00021739 0.         0.00851531
 0.00040661 0.0118913 ]
	[RESULT 38] [0.01051531 0.015624   0.0151087  0.01259461 0.002812   0.09021739
 0.         0.00832609 0.0051087  0.00021739 0.         0.00851531
 0.00040661 0.0118913 ]
	[RESULT 39] [0.01051531 0.015624   0.0151087  0.01259461 0.002812   0.09021739
 0.         0.00932609 0.0051087  0.00021739 0.         0.00951531
 0.00040661 0.0108913 ]
	[RESULT 40] [0.01051531 0.015624   0.0151087  0.01259461 0.002812   0.09021739
 0.         0.00832609 0.0051087  0.00021739 0.         0.00851531
 0.00040661 0.0118913 ]
	[RESULT 41] [0.01051531 0.015624   0.0151087  0.01259461 0.002812   0.09021739
 0.         0.00832609 0.0051087  0.00021739 0.         0.00851531
 0.00040661 0.0118913 ]
	[RESULT 42] [0.01051531 0.015624   0.0151087  0.01259461 0.002812   0.09021739
 0.         0.00832609 0.0051087  0.00021739 0.         0.00851531
 0.00040661 0.0118913 ]
	[RESULT 43] [0.01051531 0.015624   0.0151087  0.01259461 0.002812   0.09021739
 0.         0.00832609 0.0051087  0.00021739 0.         0.00851531
 0.00040661 0.0118913 ]
	[RESULT 44] [0.01051531 0.015624   0.0151087  0.01259461 0.002812   0.09021739
 0.         0.00832609 0.0051087  0.00021739 0.         0.00851531
 0.00040661 0.0118913 ]
	[RESULT 45] [0.01051531 0.015624   0.0151087  0.01259461 0.002812   0.09021739
 0.         0.00832609 0.0051087  0.00021739 0.         0.00851531
 0.00040661 0.0118913 ]
	[RESULT 46] [0.01051531 0.015624   0.0151087  0.01259461 0.002812   0.09021739
 0.         0.00832609 0.0051087  0.00021739 0.         0.00851531
 0.00040661 0.0118913 ]
	[RESULT 47] [0.01051531 0.015624   0.0151087  0.01259461 0.002812   0.09021739
 0.         0.00832609 0.0051087  0.00021739 0.         0.00851531
 0.00040661 0.0118913 ]
	[RESULT 48] [0.01051531 0.015624   0.0151087  0.01259461 0.002812   0.09021739
 0.         0.00832609 0.0051087  0.00021739 0.         0.00851531
 0.00040661 0.0118913 ]
	[RESULT 49] [0.01051531 0.015624   0.0151087  0.01259461 0.002812   0.09021739
 0.         0.00932609 0.0051087  0.00021739 0.         0.00951531
 0.00040661 0.0108913 ]
	[RESULT 50] [0.01051531 0.015624   0.0151087  0.01259461 0.002812   0.09021739
 0.         0.00832609 0.0051087  0.00021739 0.         0.00851531
 0.00040661 0.0118913 ]
	[RESULT 51] [0.01051531 0.015624   0.0151087  0.01259461 0.002812   0.09021739
 0.         0.00832609 0.0051087  0.00021739 0.         0.00851531
 0.00040661 0.0118913 ]
	[RESULT 52] [0.01051531 0.015624   0.0151087  0.01259461 0.002812   0.09021739
 0.         0.00832609 0.0051087  0.00021739 0.         0.00851531
 0.00040661 0.0118913 ]
	[RESULT 53] [0.01053852 0.01567042 0.0151319  0.0125714  0.00283521 0.09026381
 0.         0.00939571 0.0051319  0.00026381 0.         0.00953852
 0.00040661 0.0108681 ]
	[RESULT 54] [0.01051531 0.015624   0.0151087  0.01259461 0.002812   0.09021739
 0.         0.00832609 0.0051087  0.00021739 0.         0.00851531
 0.00040661 0.0118913 ]
	[RESULT 55] [0.01051531 0.015624   0.0151087  0.01259461 0.002812   0.09021739
 0.         0.00832609 0.0051087  0.00021739 0.         0.00851531
 0.00040661 0.0118913 ]
	[RESULT 56] [0.01051531 0.015624   0.0151087  0.01259461 0.002812   0.09021739
 0.         0.00832609 0.0051087  0.00021739 0.         0.00851531
 0.00040661 0.0118913 ]
	[RESULT 57] [0.01051531 0.015624   0.0151087  0.01259461 0.002812   0.09021739
 0.         0.00832609 0.0051087  0.00021739 0.         0.00851531
 0.00040661 0.0118913 ]
	[RESULT 58] [0.01051531 0.015624   0.0151087  0.01259461 0.002812   0.09021739
 0.         0.00832609 0.0051087  0.00021739 0.         0.00851531
 0.00040661 0.0118913 ]
	[RESULT 59] [0.01051531 0.015624   0.0151087  0.01259461 0.002812   0.09021739
 0.         0.00832609 0.0051087  0.00021739 0.         0.00851531
 0.00040661 0.0118913 ]
	[RESULT 60] [0.01051531 0.015624   0.0151087  0.01259461 0.002812   0.09021739
 0.         0.00832609 0.0051087  0.00021739 0.         0.00851531
 0.00040661 0.0118913 ]
	[RESULT 61] [0.01051531 0.015624   0.0151087  0.01259461 0.002812   0.09021739
 0.         0.00832609 0.0051087  0.00021739 0.         0.00851531
 0.00040661 0.0118913 ]
	[RESULT 62] [0.01051531 0.015624   0.0151087  0.01259461 0.002812   0.09021739
 0.         0.00832609 0.0051087  0.00021739 0.         0.00851531
 0.00040661 0.0118913 ]
	[RESULT 63] [0.01051531 0.015624   0.0151087  0.01259461 0.002812   0.09021739
 0.         0.00832609 0.0051087  0.00021739 0.         0.00851531
 0.00040661 0.0118913 ]
	[RESULT 64] [0.01051531 0.015624   0.0151087  0.01259461 0.002812   0.09021739
 0.         0.00832609 0.0051087  0.00021739 0.         0.00851531
 0.00040661 0.0118913 ]
	[RESULT 65] [0.01051531 0.015624   0.0151087  0.01259461 0.002812   0.09021739
 0.         0.00882609 0.0051087  0.00021739 0.         0.00901531
 0.00040661 0.0113913 ]
	[RESULT 66] [0.01051531 0.015624   0.0151087  0.01259461 0.002812   0.09021739
 0.         0.00832609 0.0051087  0.00021739 0.         0.00851531
 0.00040661 0.0118913 ]
	[RESULT 67] [0.01051531 0.015624   0.0151087  0.01259461 0.002812   0.09021739
 0.         0.00832609 0.0051087  0.00021739 0.         0.00851531
 0.00040661 0.0118913 ]
	[RESULT 68] [0.01051531 0.015624   0.0151087  0.01259461 0.002812   0.09021739
 0.         0.00832609 0.0051087  0.00021739 0.         0.00851531
 0.00040661 0.0118913 ]
	[RESULT 69] [0.01051531 0.015624   0.0151087  0.01259461 0.002812   0.09021739
 0.         0.00832609 0.0051087  0.00021739 0.         0.00851531
 0.00040661 0.0118913 ]
	[RESULT 70] [0.01051531 0.015624   0.0151087  0.01259461 0.002812   0.09021739
 0.         0.00832609 0.0051087  0.00021739 0.         0.00851531
 0.00040661 0.0118913 ]
	[RESULT 71] [0.01051531 0.015624   0.0151087  0.01259461 0.002812   0.09021739
 0.         0.00832609 0.0051087  0.00021739 0.         0.00851531
 0.00040661 0.0118913 ]
	[RESULT 72] [0.01051531 0.015624   0.0151087  0.01259461 0.002812   0.09021739
 0.         0.00832609 0.0051087  0.00021739 0.         0.00851531
 0.00040661 0.0118913 ]
