[METRICS]
	[DISEQUILIBRIUM COUNT] 0
[VARIABLES]
	[RESULT 1] [0 7.978647712537147 1 1 23 1000.0006419189161 1]
	[RESULT 2] [0 7.776401224264028 1 1 20 1000.2702022682821 1]
	[RESULT 3] [0 7.669246846965537 1 1 20 1000.000502573704 1]
	[RESULT 4] [0 7.672167880708573 1 1 20 1000.0000815041535 1]
	[RESULT 5] [0 7.669246846965537 1 1 20 1000.000502573704 1]
	[RESULT 6] [0 7.772691174673298 1 1 20 1000.0011721934577 1]
	[RESULT 7] [0 7.6302499566741835 1 1 20 1000.1274406196453 1]
	[RESULT 8] [0 7.786595244463329 1 1 18 1000.0004120158985 1]
	[RESULT 9] [0 7.437833116972926 1 1 21 1000.0001012924108 1]
	[RESULT 10] [0 7.723572860293554 1 1 21 1000.0000667993146 1]
	[RESULT 11] [0 7.325767543946527 1 1 17 1000.0002960806464 1]
	[RESULT 12] [0 7.723033675901776 1 1 20 1000.0000062164643 1]
	[RESULT 13] [0 7.61979446323838 1 1 20 1000.01171641058 1]
	[RESULT 14] [0 7.57122440043436 1 1 19 1000.0000439814565 1]
	[RESULT 15] [0 7.7520837162900715 1 1 22 1000.0000434925374 1]
	[RESULT 16] [0 7.553721096755302 1 1 16 1000.000064716283 1]
	[RESULT 17] [0 7.753461578373742 1 1 22 1000.0000528924113 1]
	[RESULT 18] [0 8.309261868662144 1 1 16 1000.0020741849388 1]
	[RESULT 19] [0 8.444730870550817 1 1 16 1000.0000317482317 1]
	[RESULT 20] [0 8.309261868662144 1 1 16 1000.0020741849388 1]
	[RESULT 21] [0 8.197826629216905 1 1 16 1000.0031233339515 1]
	[RESULT 22] [0 11.750506798771085 1 1 20 1000.0000079570518 1]
	[RESULT 23] [0 7.765808442497258 1 1 16 1000.0002222756268 1]
	[RESULT 24] [0 7.645111262420777 1 1 16 1000.0023557710628 1]
	[RESULT 25] [0 7.672426399525264 1 1 20 1000.0000918589122 1]
	[RESULT 26] [0 7.645111262420777 1 1 16 1000.0023557710628 1]
	[RESULT 27] [0 7.723572860293554 1 1 21 1000.0000667993146 1]
	[RESULT 28] [0 7.7520837162900715 1 1 22 1000.0000434925374 1]
	[RESULT 29] [0 8.313075513710448 1 1 16 1000.0002030888796 1]
	[RESULT 30] [0 7.645111262420777 1 1 16 1000.0023557710628 1]
	[RESULT 31] [0 7.382172919689932 1 1 20 1000.000000677658 1]
	[RESULT 32] [0 7.723572860293554 1 1 21 1000.0000667993146 1]
	[RESULT 33] [0 7.3113244874009435 1 1 18 1000.0001590234988 1]
	[RESULT 34] [0 7.72343445832944 1 1 20 1000.0000038072848 1]
	[RESULT 35] [0 7.165517896811779 1 1 20 1000.000071426673 1]
	[RESULT 36] [0 7.960681653851689 1 1 20 1000.0000058505068 1]
	[RESULT 37] [0 7.72343445832944 1 1 20 1000.0000038072848 1]
	[RESULT 38] [0 7.614417951953636 1 1 18 1000.0001802039957 1]
	[RESULT 39] [0 7.651338186832046 1 1 16 1000.0000324798555 1]
	[RESULT 40] [0 7.561861108843893 1 1 16 1000.0000388884181 1]
	[RESULT 41] [0 7.751559903859356 1 1 16 1000.0002917439576 1]
	[RESULT 42] [0 7.555682651278933 1 1 20 1000.0006984204895 1]
	[RESULT 43] [0 7.723780091350429 1 1 22 1000.0000006624306 1]
	[RESULT 44] [0 8.206314891574234 1 1 19 1000.0000105611342 1]
	[RESULT 45] [0 7.751559903859356 1 1 16 1000.0002917439576 1]
	[RESULT 46] [0 7.555701787362976 1 1 20 1000.0000007095899 1]
	[RESULT 47] [0 7.752952304691347 1 1 21 1000.0003678347863 1]
	[RESULT 48] [0 49.999999950872564 1 4 18 1000.0000171206342 1]
	[RESULT 49] [0 7.665185075118832 1 1 16 1000.0030552735981 1]
	[RESULT 50] [0 7.649958403584903 1 1 16 1000.0000086885537 1]
	[RESULT 51] [0 7.669235714245456 1 1 20 1000.0000140417804 1]
	[RESULT 52] [0 7.474014062941838 1 1 20 1000.0000186506472 1]
	[RESULT 53] [0 7.649964727484959 1 1 16 1000.0000086885537 1]
	[RESULT 54] [0 12.154368516908185 1 1 14 1000.0000226155579 1]
	[RESULT 55] [0 7.669235714245456 1 1 19 1000.0000140417804 1]
	[RESULT 56] [0 7.474014062941838 1 1 20 1000.0000186506472 1]
	[RESULT 57] [0 7.649958403584903 1 1 16 1000.0000086885537 1]
	[RESULT 58] [0 7.787006904044031 1 1 16 1000.0001982629396 1]
	[RESULT 59] [0 7.651406948058312 1 1 16 1000.0030552735981 1]
	[RESULT 60] [0 7.750493603163519 1 1 23 1000.0000005611325 1]
	[RESULT 61] [0 7.555701787362976 1 1 20 1000.0000007095899 1]
	[RESULT 62] [0 7.750493603163519 1 1 23 1000.0000005611325 1]
	[RESULT 63] [0 7.555701787362976 1 1 20 1000.0000007095899 1]
	[RESULT 64] [0 7.723780091350429 1 1 22 1000.0000006624306 1]
	[RESULT 65] [0 8.214205988073985 1 1 23 1000.0019826397419 1]
	[RESULT 66] [0 7.750493603163519 1 1 23 1000.0000005611325 1]
	[RESULT 67] [0 7.555701787362976 1 1 20 1000.0000007095899 1]
	[RESULT 68] [0 7.723561896389961 1 1 18 1000.0000008625699 1]
	[RESULT 69] [0 7.649958403584903 1 1 16 1000.0000086885537 1]
	[RESULT 70] [0 7.750493603163519 1 1 23 1000.0000005611325 1]
	[RESULT 71] [0 7.3113244874009435 1 1 18 1000.0001590234988 1]
	[RESULT 72] [0 7.453620648166171 1 1 20 1000.0051187348653 1]
	[RESULT 73] [0 6.9459750925555115 1 1 20 1000.0000391366954 1]
	[RESULT 74] [0 7.449982256670573 1 1 20 1000.0031274563291 1]
	[RESULT 75] [0 6.6888170534594416 1 1 16 1004.2777167927048 1]
	[RESULT 76] [0 7.160610812156451 1 1 21 1000.0051187348653 1]
	[RESULT 77] [0 8.234330617062234 1 1 16 1000.000063339671 1]
	[RESULT 78] [0 7.446790151735517 1 1 20 1000.0049982273352 1]
	[RESULT 79] [0 6.6888170534594416 1 1 16 1004.2777167927048 1]
	[RESULT 80] [0 7.160909082199785 1 1 21 1000.0051187348653 1]
	[RESULT 81] [0 7.396524703461861 1 1 21 1000.0050319730786 1]
	[RESULT 82] [0 7.344109212800738 1 1 19 1000.832926907401 1]
	[RESULT 83] [0 7.160909082199785 1 1 21 1000.0051187348653 1]
	[RESULT 84] [0 7.636499743220982 1 1 20 1000.0006802315568 1]
	[RESULT 85] [0 7.580445809398161 1 1 16 1000.0000363916424 1]
	[RESULT 86] [0 7.746920091016073 1 1 17 1000.0010484583343 1]
	[RESULT 87] [0 7.723780091350429 1 1 22 1000.0000006624306 1]
	[RESULT 88] [0 8.197826629216905 1 1 16 1000.0031233339515 1]
	[RESULT 89] [0 7.555701787362976 1 1 20 1000.0000007095899 1]
	[RESULT 90] [0 7.74235583793375 1 1 18 1000.0006804405247 1]
	[RESULT 91] [0 7.638295830471257 1 1 16 1000.0000349704889 1]
	[RESULT 92] [0 7.785617399526175 1 1 19 1000.0008251354274 1]
	[RESULT 93] [0 7.151999534436814 1 1 21 1000.0051187348653 1]
	[RESULT 94] [0 7.751605881788107 1 1 17 1000.0000132263108 1]
[OBJECTIVES]
	[RESULT 1] [0.01166332 0.01792003 0.01625671 0.0114466  0.00396001 0.09251342
 0.         0.00672987 0.00625671 0.00251342 0.         0.01116332
 0.00040661 0.00924329]
	[RESULT 2] [0.01173064 0.01805465 0.01632401 0.0113793  0.00402733 0.09264802
 0.         0.00652796 0.00632401 0.00264802 0.         0.01123064
 0.00040663 0.00917599]
	[RESULT 3] [0.01176929 0.01813197 0.01636268 0.01134063 0.00406598 0.09272535
 0.         0.00641197 0.00636268 0.00272535 0.         0.01126929
 0.00040661 0.00913732]
	[RESULT 4] [0.01176821 0.0181298  0.01636159 0.01134171 0.0040649  0.09272319
 0.         0.00641522 0.00636159 0.00272319 0.         0.01126821
 0.00040661 0.00913841]
	[RESULT 5] [0.01176929 0.01813197 0.01636268 0.01134063 0.00406598 0.09272535
 0.         0.00641197 0.00636268 0.00272535 0.         0.01126929
 0.00040661 0.00913732]
	[RESULT 6] [0.01173193 0.01805724 0.01632531 0.01137799 0.00402862 0.09265063
 0.         0.00652406 0.00632531 0.00265063 0.         0.01123193
 0.00040661 0.00917469]
	[RESULT 7] [0.01178394 0.01816125 0.01637732 0.01132599 0.00408063 0.09275463
 0.         0.00636805 0.00637732 0.00275463 0.         0.01128394
 0.00040662 0.00912268]
	[RESULT 8] [0.01172706 0.01804751 0.01632045 0.01138286 0.00402375 0.09264089
 0.         0.00653866 0.00632045 0.00264089 0.         0.01122706
 0.00040661 0.00917955]
	[RESULT 9] [0.01186102 0.01831542 0.0164544  0.0112489  0.00415771 0.09290881
 0.         0.00613679 0.0064544  0.00290881 0.         0.01136102
 0.00040661 0.0090456 ]
	[RESULT 10] [0.01174941 0.0180922  0.0163428  0.01136051 0.0040461  0.09268559
 0.         0.00647161 0.0063428  0.00268559 0.         0.01124941
 0.00040661 0.0091572 ]
	[RESULT 11] [0.01191002 0.01841344 0.01650341 0.01119989 0.00420672 0.09300682
 0.         0.00598976 0.00650341 0.00300682 0.         0.01141002
 0.00040661 0.00899659]
	[RESULT 12] [0.0117496  0.01809259 0.01634299 0.01136031 0.0040463  0.09268598
 0.         0.00647103 0.00634299 0.00268598 0.         0.0112496
 0.00040661 0.00915701]
	[RESULT 13] [0.01178791 0.0181692  0.01638129 0.01132201 0.0040846  0.09276259
 0.         0.00635612 0.00638129 0.00276259 0.         0.01128791
 0.00040661 0.00911871]
	[RESULT 14] [0.01180669 0.01820677 0.01640008 0.01130323 0.00410339 0.09280016
 0.         0.00629976 0.00640008 0.00280016 0.         0.01130669
 0.00040661 0.00909992]
	[RESULT 15] [0.0117392  0.0180718  0.01633259 0.01137071 0.0040359  0.09266519
 0.         0.00650222 0.00633259 0.00266519 0.         0.0112392
 0.00040661 0.00916741]
	[RESULT 16] [0.01181359 0.01822056 0.01640698 0.01129633 0.00411028 0.09281395
 0.         0.00627907 0.00640698 0.00281395 0.         0.01131359
 0.00040661 0.00909302]
	[RESULT 17] [0.01173872 0.01807082 0.0163321  0.0113712  0.00403541 0.09266421
 0.         0.00650369 0.0063321  0.00266421 0.         0.01123872
 0.00040661 0.0091679 ]
	[RESULT 18] [0.0115669  0.01772719 0.01616029 0.01154301 0.0038636  0.09232058
 0.         0.00701913 0.00616029 0.00232058 0.         0.0110669
 0.00040661 0.00933971]
	[RESULT 19] [0.01153154 0.01765647 0.01612493 0.01157838 0.00382823 0.09224986
 0.         0.00712522 0.00612493 0.00224986 0.         0.01103154
 0.00040661 0.00937507]
	[RESULT 20] [0.0115669  0.01772719 0.01616029 0.01154301 0.0038636  0.09232058
 0.         0.00701913 0.00616029 0.00232058 0.         0.0110669
 0.00040661 0.00933971]
	[RESULT 21] [0.0115977  0.0177888  0.01619109 0.01151221 0.0038944  0.09238219
 0.         0.00692672 0.00619109 0.00238219 0.         0.0110977
 0.00040661 0.00930891]
	[RESULT 22] [0.01105173 0.01669685 0.01564512 0.01205819 0.00334842 0.09129024
 0.         0.00856464 0.00564512 0.00129024 0.         0.01055173
 0.00040661 0.00985488]
	[RESULT 23] [0.01173435 0.01806208 0.01632774 0.01137557 0.00403104 0.09265547
 0.         0.00651679 0.00632774 0.00265547 0.         0.01123435
 0.00040661 0.00917226]
	[RESULT 24] [0.01177831 0.01815001 0.0163717  0.01133161 0.00407501 0.0927434
 0.         0.0063849  0.0063717  0.0027434  0.         0.01127831
 0.00040661 0.0091283 ]
	[RESULT 25] [0.01176811 0.01812961 0.0163615  0.01134181 0.0040648  0.092723
 0.         0.00641551 0.0063615  0.002723   0.         0.01126811
 0.00040661 0.0091385 ]
	[RESULT 26] [0.01177831 0.01815001 0.0163717  0.01133161 0.00407501 0.0927434
 0.         0.0063849  0.0063717  0.0027434  0.         0.01127831
 0.00040661 0.0091283 ]
	[RESULT 27] [0.01174941 0.0180922  0.0163428  0.01136051 0.0040461  0.09268559
 0.         0.00647161 0.0063428  0.00268559 0.         0.01124941
 0.00040661 0.0091572 ]
	[RESULT 28] [0.0117392  0.0180718  0.01633259 0.01137071 0.0040359  0.09266519
 0.         0.00650222 0.00633259 0.00266519 0.         0.0112392
 0.00040661 0.00916741]
	[RESULT 29] [0.01156588 0.01772514 0.01615927 0.01154404 0.00386257 0.09231853
 0.         0.0070222  0.00615927 0.00231853 0.         0.01106588
 0.00040661 0.00934073]
	[RESULT 30] [0.01177831 0.01815001 0.0163717  0.01133161 0.00407501 0.0927434
 0.         0.0063849  0.0063717  0.0027434  0.         0.01127831
 0.00040661 0.0091283 ]
	[RESULT 31] [0.01188495 0.01836329 0.01647834 0.01122497 0.00418165 0.09295668
 0.         0.00606498 0.00647834 0.00295668 0.         0.01138495
 0.00040661 0.00902166]
	[RESULT 32] [0.01174941 0.0180922  0.0163428  0.01136051 0.0040461  0.09268559
 0.         0.00647161 0.0063428  0.00268559 0.         0.01124941
 0.00040661 0.0091572 ]
	[RESULT 33] [0.01191658 0.01842655 0.01650997 0.01119334 0.00421328 0.09301994
 0.         0.00597009 0.00650997 0.00301994 0.         0.01141658
 0.00040661 0.00899003]
	[RESULT 34] [0.01174946 0.0180923  0.01634285 0.01136046 0.00404615 0.09268569
 0.         0.00647146 0.00634285 0.00268569 0.         0.01124946
 0.00040661 0.00915715]
	[RESULT 35] [0.01198613 0.01856565 0.01657952 0.01112379 0.00428283 0.09315904
 0.         0.00576144 0.00657952 0.00315904 0.         0.01148613
 0.00040661 0.00892048]
	[RESULT 36] [0.01166902 0.01793143 0.01626241 0.0114409  0.00396571 0.09252482
 0.         0.00671277 0.00626241 0.00252482 0.         0.01116902
 0.00040661 0.00923759]
	[RESULT 37] [0.01174946 0.0180923  0.01634285 0.01136046 0.00404615 0.09268569
 0.         0.00647146 0.00634285 0.00268569 0.         0.01124946
 0.00040661 0.00915715]
	[RESULT 38] [0.01178996 0.01817331 0.01638335 0.01131996 0.00408665 0.0927667
 0.         0.00634995 0.00638335 0.0027667  0.         0.01128996
 0.00040661 0.00911665]
	[RESULT 39] [0.01177597 0.01814533 0.01636936 0.01133394 0.00407267 0.09273872
 0.         0.00639192 0.00636936 0.00273872 0.         0.01127597
 0.00040661 0.00913064]
	[RESULT 40] [0.01181037 0.01821413 0.01640376 0.01129955 0.00410707 0.09280752
 0.         0.00628872 0.00640376 0.00280752 0.         0.01131037
 0.00040661 0.00909624]
	[RESULT 41] [0.01173939 0.01807217 0.01633278 0.01137053 0.00403608 0.09266556
 0.         0.00650166 0.00633278 0.00266556 0.         0.01123939
 0.00040661 0.00916722]
	[RESULT 42] [0.01181281 0.01821901 0.0164062  0.01129711 0.00410951 0.0928124
 0.         0.0062814  0.0064062  0.0028124  0.         0.01131281
 0.00040661 0.0090938 ]
	[RESULT 43] [0.01174933 0.01809205 0.01634272 0.01136058 0.00404603 0.09268544
 0.         0.00647184 0.00634272 0.00268544 0.         0.01124933
 0.00040661 0.00915728]
	[RESULT 44] [0.0115953  0.01778399 0.01618869 0.01151462 0.00389199 0.09237738
 0.         0.00693393 0.00618869 0.00237738 0.         0.0110953
 0.00040661 0.00931131]
	[RESULT 45] [0.01173939 0.01807217 0.01633278 0.01137053 0.00403608 0.09266556
 0.         0.00650166 0.00633278 0.00266556 0.         0.01123939
 0.00040661 0.00916722]
	[RESULT 46] [0.0118128  0.018219   0.01640619 0.01129711 0.0041095  0.09281238
 0.         0.00628142 0.00640619 0.00281238 0.         0.0113128
 0.00040661 0.00909381]
	[RESULT 47] [0.0117389  0.01807118 0.01633228 0.01137102 0.00403559 0.09266457
 0.         0.00650315 0.00633228 0.00266457 0.         0.0112389
 0.00040661 0.00916772]
	[RESULT 48] [0.01051531 0.015624   0.0151087  0.01259461 0.002812   0.09021739
 0.         0.00832609 0.0051087  0.00021739 0.         0.00851531
 0.00040661 0.0118913 ]
	[RESULT 49] [0.0117708  0.01813499 0.01636419 0.01133912 0.00406749 0.09272838
 0.         0.00640744 0.00636419 0.00272838 0.         0.0112708
 0.00040661 0.00913581]
	[RESULT 50] [0.01177649 0.01814637 0.01636988 0.01133343 0.00407318 0.09273976
 0.         0.00639036 0.00636988 0.00273976 0.         0.01127649
 0.00040661 0.00913012]
	[RESULT 51] [0.01176929 0.01813197 0.01636268 0.01134062 0.00406599 0.09272536
 0.         0.00641196 0.00636268 0.00272536 0.         0.01126929
 0.00040661 0.00913732]
	[RESULT 52] [0.01184587 0.01828513 0.01643926 0.01126405 0.00414256 0.09287851
 0.         0.00618223 0.00643926 0.00287851 0.         0.01134587
 0.00040661 0.00906074]
	[RESULT 53] [0.01177649 0.01814636 0.01636988 0.01133343 0.00407318 0.09273975
 0.         0.00639037 0.00636988 0.00273975 0.         0.01127649
 0.00040661 0.00913012]
	[RESULT 54] [0.01101978 0.01663295 0.01561317 0.01209014 0.00331647 0.09122634
 0.         0.0086605  0.00561317 0.00122634 0.         0.01051978
 0.00040661 0.00988683]
	[RESULT 55] [0.01176929 0.01813197 0.01636268 0.01134062 0.00406599 0.09272536
 0.         0.00641196 0.00636268 0.00272536 0.         0.01126929
 0.00040661 0.00913732]
	[RESULT 56] [0.01184587 0.01828513 0.01643926 0.01126405 0.00414256 0.09287851
 0.         0.00618223 0.00643926 0.00287851 0.         0.01134587
 0.00040661 0.00906074]
	[RESULT 57] [0.01177649 0.01814637 0.01636988 0.01133343 0.00407318 0.09273976
 0.         0.00639036 0.00636988 0.00273976 0.         0.01127649
 0.00040661 0.00913012]
	[RESULT 58] [0.01172692 0.01804722 0.0163203  0.011383   0.00402361 0.09264061
 0.         0.00653909 0.0063203  0.00264061 0.         0.01122692
 0.00040661 0.0091797 ]
	[RESULT 59] [0.01177595 0.01814528 0.01636934 0.01133397 0.00407264 0.09273867
 0.         0.00639199 0.00636934 0.00273867 0.         0.01127595
 0.00040661 0.00913066]
	[RESULT 60] [0.01173977 0.01807293 0.01633316 0.01137015 0.00403646 0.09266632
 0.         0.00650053 0.00633316 0.00266632 0.         0.01123977
 0.00040661 0.00916684]
	[RESULT 61] [0.0118128  0.018219   0.01640619 0.01129711 0.0041095  0.09281238
 0.         0.00628142 0.00640619 0.00281238 0.         0.0113128
 0.00040661 0.00909381]
	[RESULT 62] [0.01173977 0.01807293 0.01633316 0.01137015 0.00403646 0.09266632
 0.         0.00650053 0.00633316 0.00266632 0.         0.01123977
 0.00040661 0.00916684]
	[RESULT 63] [0.0118128  0.018219   0.01640619 0.01129711 0.0041095  0.09281238
 0.         0.00628142 0.00640619 0.00281238 0.         0.0113128
 0.00040661 0.00909381]
	[RESULT 64] [0.01174933 0.01809205 0.01634272 0.01136058 0.00404603 0.09268544
 0.         0.00647184 0.00634272 0.00268544 0.         0.01124933
 0.00040661 0.00915728]
	[RESULT 65] [0.01159307 0.01777954 0.01618646 0.01151684 0.00388977 0.09237293
 0.         0.00694061 0.00618646 0.00237293 0.         0.01109307
 0.00040661 0.00931354]
	[RESULT 66] [0.01173977 0.01807293 0.01633316 0.01137015 0.00403646 0.09266632
 0.         0.00650053 0.00633316 0.00266632 0.         0.01123977
 0.00040661 0.00916684]
	[RESULT 67] [0.0118128  0.018219   0.01640619 0.01129711 0.0041095  0.09281238
 0.         0.00628142 0.00640619 0.00281238 0.         0.0113128
 0.00040661 0.00909381]
	[RESULT 68] [0.01174941 0.01809221 0.0163428  0.01136051 0.00404611 0.0926856
 0.         0.0064716  0.0063428  0.0026856  0.         0.01124941
 0.00040661 0.0091572 ]
	[RESULT 69] [0.01177649 0.01814637 0.01636988 0.01133343 0.00407318 0.09273976
 0.         0.00639036 0.00636988 0.00273976 0.         0.01127649
 0.00040661 0.00913012]
	[RESULT 70] [0.01173977 0.01807293 0.01633316 0.01137015 0.00403646 0.09266632
 0.         0.00650053 0.00633316 0.00266632 0.         0.01123977
 0.00040661 0.00916684]
	[RESULT 71] [0.01191658 0.01842655 0.01650997 0.01119334 0.00421328 0.09301994
 0.         0.00597009 0.00650997 0.00301994 0.         0.01141658
 0.00040661 0.00899003]
	[RESULT 72] [0.01185437 0.01830212 0.01644776 0.01125555 0.00415106 0.09289551
 0.         0.00615673 0.00644776 0.00289551 0.         0.01135437
 0.00040661 0.00905224]
	[RESULT 73] [0.01210384 0.01880107 0.01669723 0.01100607 0.00440054 0.09339446
 0.         0.00540831 0.00669723 0.00339446 0.         0.01160384
 0.00040661 0.00880277]
	[RESULT 74] [0.01185589 0.01830518 0.01644928 0.01125402 0.00415259 0.09289857
 0.         0.00615215 0.00644928 0.00289857 0.         0.01135589
 0.00040661 0.00905072]
	[RESULT 75] [0.01226646 0.01912601 0.01685955 0.0108439  0.00456301 0.09371911
 0.         0.00492134 0.00685955 0.00371911 0.         0.01176646
 0.0004069  0.00864045]
	[RESULT 76] [0.01198858 0.01857056 0.01658197 0.01112133 0.00428528 0.09316395
 0.         0.00575408 0.00658197 0.00316395 0.         0.01148858
 0.00040661 0.00891803]
	[RESULT 77] [0.01158744 0.01776826 0.01618082 0.01152248 0.00388413 0.09236165
 0.         0.00695753 0.00618082 0.00236165 0.         0.01108744
 0.00040661 0.00931918]
	[RESULT 78] [0.01185724 0.01830786 0.01645063 0.01125268 0.00415393 0.09290125
 0.         0.00614812 0.00645063 0.00290125 0.         0.01135724
 0.00040661 0.00904937]
	[RESULT 79] [0.01226646 0.01912601 0.01685955 0.0108439  0.00456301 0.09371911
 0.         0.00492134 0.00685955 0.00371911 0.         0.01176646
 0.0004069  0.00864045]
	[RESULT 80] [0.01198844 0.01857026 0.01658182 0.01112148 0.00428513 0.09316365
 0.         0.00575453 0.00658182 0.00316365 0.         0.01148844
 0.00040661 0.00891818]
	[RESULT 81] [0.0118787  0.0183508  0.01647209 0.01123121 0.0041754  0.09294419
 0.         0.00608372 0.00647209 0.00294419 0.         0.0113787
 0.00040661 0.00902791]
	[RESULT 82] [0.01190183 0.018397   0.01649517 0.01120817 0.0041985  0.09299033
 0.         0.0060145  0.00649517 0.00299033 0.         0.01140183
 0.00040667 0.00900483]
	[RESULT 83] [0.01198844 0.01857026 0.01658182 0.01112148 0.00428513 0.09316365
 0.         0.00575453 0.00658182 0.00316365 0.         0.01148844
 0.00040661 0.00891818]
	[RESULT 84] [0.01178156 0.01815651 0.01637495 0.01132836 0.00407825 0.0927499
 0.         0.00637515 0.00637495 0.0027499  0.         0.01128156
 0.00040661 0.00912505]
	[RESULT 85] [0.01180309 0.01819956 0.01639647 0.01130683 0.00409978 0.09279295
 0.         0.00631058 0.00639647 0.00279295 0.         0.01130309
 0.00040661 0.00910353]
	[RESULT 86] [0.01174104 0.01807547 0.01633443 0.01136888 0.00403774 0.09266886
 0.         0.00649671 0.00633443 0.00266886 0.         0.01124104
 0.00040661 0.00916557]
	[RESULT 87] [0.01174933 0.01809205 0.01634272 0.01136058 0.00404603 0.09268544
 0.         0.00647184 0.00634272 0.00268544 0.         0.01124933
 0.00040661 0.00915728]
	[RESULT 88] [0.0115977  0.0177888  0.01619109 0.01151221 0.0038944  0.09238219
 0.         0.00692672 0.00619109 0.00238219 0.         0.0110977
 0.00040661 0.00930891]
	[RESULT 89] [0.0118128  0.018219   0.01640619 0.01129711 0.0041095  0.09281238
 0.         0.00628142 0.00640619 0.00281238 0.         0.0113128
 0.00040661 0.00909381]
	[RESULT 90] [0.01174267 0.01807873 0.01633606 0.01136725 0.00403936 0.09267211
 0.         0.00649183 0.00633606 0.00267211 0.         0.01124267
 0.00040661 0.00916394]
	[RESULT 91] [0.01178088 0.01815515 0.01637427 0.01132904 0.00407758 0.09274854
 0.         0.00637719 0.00637427 0.00274854 0.         0.01128088
 0.00040661 0.00912573]
	[RESULT 92] [0.0117274  0.01804819 0.01632079 0.01138252 0.00402409 0.09264158
 0.         0.00653763 0.00632079 0.00264158 0.         0.0112274
 0.00040661 0.00917921]
	[RESULT 93] [0.01199291 0.0185792  0.01658629 0.01111701 0.0042896  0.09317259
 0.         0.00574112 0.00658629 0.00317259 0.         0.01149291
 0.00040661 0.00891371]
	[RESULT 94] [0.01173937 0.01807214 0.01633276 0.01137054 0.00403607 0.09266553
 0.         0.00650171 0.00633276 0.00266553 0.         0.01123937
 0.00040661 0.00916724]
