[METRICS]
	[DISEQUILIBRIUM COUNT] 658
[VARIABLES]
	[RESULT 1] [0 7.125940509367224 0 1 23 3999.5321183317465 100]
	[RESULT 2] [0 14.880778876783381 0 1 15 1088.2061826464526 44]
	[RESULT 3] [1 43.62087457131794 0 1 11 3999.933073515548 100]
	[RESULT 4] [1 40.58988983844249 0 1 7 3999.814863625692 100]
	[RESULT 5] [0 9.869627655529861 0 1 23 3999.005355163137 100]
	[RESULT 6] [1 49.52447197003985 0 1 11 3999.986533317734 100]
	[RESULT 7] [1 6.3605286573089135 0 1 10 3999.8425652451124 100]
[OBJECTIVES]
	[RESULT 1] [ 0.00885977 -0.01773975  0.01659952  0.01432916  0.02113012  0.09319904
  0.          0.00340048  0.00659952  0.00319904  0.          0.00935977
 -0.02154071  0.00390048]
	[RESULT 2] [0.01602322 0.02148275 0.01545953 0.01482232 0.00574137 0.09091905
 0.         0.00454047 0.00545953 0.00091905 0.         0.01552322
 0.00056369 0.00504047]
	[RESULT 3] [ 0.00894055 -0.01618564  0.0151262   0.01190957  0.02165718  0.09025239
  0.          0.00512141  0.0051262   0.00025239  0.          0.01044055
 -0.02193325  0.0053738 ]
	[RESULT 4] [ 0.00904713 -0.01608952  0.01513665  0.01197854  0.02170524  0.0902733
  0.          0.00509005  0.00513665  0.0002733   0.          0.01054713
 -0.02181622  0.00536335]
	[RESULT 5] [ 0.01010474 -0.0157471   0.01585184  0.01383014  0.02212645  0.09170369
  0.          0.00414816  0.00585184  0.00170369  0.          0.01060474
 -0.02104341  0.00464816]
	[RESULT 6] [ 0.00890363 -0.0162062   0.01510983  0.01186656  0.0216469   0.09021966
  0.          0.00517051  0.00510983  0.00021966  0.          0.01040363
 -0.02198654  0.00539017]
	[RESULT 7] [ 0.00703828 -0.02007989  0.01711817  0.01394639  0.01971006  0.09423634
  0.          0.00288183  0.00711817  0.00423634  0.          0.00853828
 -0.02184355  0.00338183]
