[METRICS]
	[DISEQUILIBRIUM COUNT] 542
[VARIABLES]
	[RESULT 1] [1 49.341977413022185 0 4 22 3999.9356989965386 100]
	[RESULT 2] [0 11.984934481862268 0 1 24 1407.3144881687022 8]
	[RESULT 3] [0 47.41453001293768 0 3 14 3999.995454262996 100]
	[RESULT 4] [1 9.062751689889563 0 1 18 3996.5339722190934 100]
	[RESULT 5] [0 8.304111656896048 1 1 11 1205.0638891756362 20]
[OBJECTIVES]
	[RESULT 1] [ 0.00895386 -0.01615641  0.01511027  0.01189234  0.02167179  0.09022055
  0.          0.00666918  0.00511027  0.00022055  0.          0.01195386
 -0.02193586  0.00688973]
	[RESULT 2] [0.01607999 0.02170617 0.01562618 0.01460073 0.00585309 0.09125236
 0.         0.00437382 0.00562618 0.00125236 0.         0.01557999
 0.00045381 0.00487382]
	[RESULT 3] [ 0.00988938 -0.01522579  0.01511517  0.01261744  0.0223871   0.09023034
  0.          0.00615449  0.00511517  0.00023034  0.          0.01138938
 -0.02199546  0.00638483]
	[RESULT 4] [ 0.0110564  -0.01493121  0.01598761  0.01425961  0.0222844   0.09197521
  0.          0.00401239  0.00598761  0.00197521  0.          0.0125564
 -0.018956    0.00451239]
	[RESULT 5] [0.01163023 0.01779191 0.01616168 0.0115726  0.00389595 0.09232336
 0.         0.00701496 0.00616168 0.00232336 0.         0.01113023
 0.00046855 0.00933832]
