[METRICS]
	[DISEQUILIBRIUM COUNT] 589
[VARIABLES]
	[RESULT 1] [1 39.20422768753744 0 1 19 3999.959910581499 100]
	[RESULT 2] [1 8.964290982117943 0 1 21 3999.9576509136677 100]
	[RESULT 3] [0 16.389638302321906 0 1 23 1068.1588839942683 16]
[OBJECTIVES]
	[RESULT 1] [ 0.008898   -0.01624403  0.01514203  0.01191204  0.02162798  0.09028406
  0.          0.00507391  0.00514203  0.00028406  0.          0.010398
 -0.02195997  0.00535797]
	[RESULT 2] [ 0.00803508 -0.01797211  0.01600719  0.01277833  0.02076395  0.09201439
  0.          0.00399281  0.00600719  0.00201439  0.          0.00953508
 -0.02195772  0.00449281]
	[RESULT 3] [0.01585023 0.02125379 0.01540356 0.01481977 0.0056269  0.09080713
 0.         0.00459644 0.00540356 0.00080713 0.         0.01535023
 0.00044667 0.00509644]
