[METRICS]
	[DISEQUILIBRIUM COUNT] 481
[VARIABLES]
	[RESULT 1] [0 14.890737285574142 0 1 3 2098.9674795720994 7]
	[RESULT 2] [1 38.473234625170576 0 2 4 3999.9946933135793 100]
	[RESULT 3] [1 13.90734667014002 0 2 4 3999.8504198302244 100]
[OBJECTIVES]
	[RESULT 1] [0.01599637 0.02145548 0.01545911 0.01480953 0.00572774 0.09091821
 0.         0.00454089 0.00545911 0.00091821 0.         0.01549637
 0.00053727 0.00504089]
	[RESULT 2] [ 0.00886027 -0.01628477  0.01514504  0.01189769  0.02160761  0.09029008
  0.          0.00556488  0.00514504  0.00029008  0.          0.01086027
 -0.02199469  0.00585496]
	[RESULT 3] [ 0.00864401 -0.01686066  0.01550468  0.01232902  0.02131967  0.09100935
  0.          0.00449532  0.00550468  0.00100935  0.          0.01064401
 -0.02185131  0.00549532]
