[METRICS]
	[DISEQUILIBRIUM COUNT] 46
[VARIABLES]
	[RESULT 1] [0 46.72827300565112 1 3 20 1010.677836173538 5]
	[RESULT 2] [0 8.696223036876166 0 1 10 1031.8789140792546 8]
	[RESULT 3] [0 10.03004564397191 0 1 10 1038.5723907539816 8]
	[RESULT 4] [0 34.06718160741922 0 1 10 1014.3646985946975 7]
[OBJECTIVES]
	[RESULT 1] [0.0105327  0.01564971 0.01511702 0.01259082 0.00282486 0.09023404
 0.         0.00885106 0.00511702 0.00023404 0.         0.0090327
 0.00041568 0.01138298]
	[RESULT 2] [0.01648855 0.02255324 0.01606469 0.01414725 0.00627662 0.09212937
 0.         0.00393531 0.00606469 0.00212937 0.         0.01598855
 0.00042387 0.00443531]
	[RESULT 3] [0.01625352 0.0220827  0.01582918 0.01438299 0.00604135 0.09165836
 0.         0.00417082 0.00582918 0.00165836 0.         0.01575352
 0.00042433 0.00467082]
	[RESULT 4] [0.01558666 0.02075295 0.01516629 0.01504389 0.00537648 0.09033259
 0.         0.00500112 0.00516629 0.00033259 0.         0.01508666
 0.00042036 0.00533371]
