[METRICS]
	[DISEQUILIBRIUM COUNT] 25
[VARIABLES]
	[RESULT 1] [0 46.917026464087364 1 3 17 1061.2137759946556 4]
	[RESULT 2] [0 47.429957099454434 0 1 20 1412.7766582777822 2]
	[RESULT 3] [0 12.288655025010844 0 1 18 1184.002094327628 4]
	[RESULT 4] [0 40.704992652410525 0 1 20 1517.7056547112265 2]
[OBJECTIVES]
	[RESULT 1] [0.01053357 0.01565007 0.0151165  0.01259203 0.00282504 0.09023301
 0.         0.00884951 0.0051165  0.00023301 0.         0.00903357
 0.00041706 0.0113835 ]
	[RESULT 2] [0.01555641 0.02067154 0.01511513 0.01510551 0.00533577 0.09023026
 0.         0.00515462 0.00511513 0.00023026 0.         0.01505641
 0.00044128 0.00538487]
	[RESULT 3] [0.01602941 0.02163265 0.01560323 0.01460986 0.00581632 0.09120647
 0.         0.00439677 0.00560323 0.00120647 0.         0.01552941
 0.00042618 0.00489677]
	[RESULT 4] [0.01558751 0.02072374 0.01513622 0.01508943 0.00536187 0.09027244
 0.         0.00509134 0.00513622 0.00027244 0.         0.01508751
 0.00045129 0.00536378]
