[METRICS]
	[DISEQUILIBRIUM COUNT] 555
[VARIABLES]
	[RESULT 1] [0 13.506149408482699 0 1 3 1292.3981305845602 9]
	[RESULT 2] [1 8.142294175616948 0 1 17 3996.373016612949 100]
	[RESULT 3] [1 43.215489178670836 0 1 9 3999.829620405828 100]
[OBJECTIVES]
	[RESULT 1] [0.01597209 0.02149806 0.01552598 0.01469708 0.00574903 0.09105195
 0.         0.00447402 0.00552598 0.00105195 0.         0.01547209
 0.00044611 0.00497402]
	[RESULT 2] [ 0.01096039 -0.01524667  0.01620706  0.01454079  0.02212667  0.09241412
  0.          0.00379294  0.00620706  0.00241412  0.          0.01246039
 -0.01883255  0.00429294]
	[RESULT 3] [ 0.00904173 -0.01608577  0.0151275   0.01196211  0.02170711  0.090255
  0.          0.0051175   0.0051275   0.000255    0.          0.01054173
 -0.02183077  0.0053725 ]
