[METRICS]
	[DISEQUILIBRIUM COUNT] 664
[VARIABLES]
	[RESULT 1] [1 41.540193854648386 0 1 24 3999.946047762244 100]
	[RESULT 2] [0 7.289978683515445 0 1 6 3999.8899041125524 100]
	[RESULT 3] [0 13.599425247400273 0 1 22 1004.6674541316073 34]
[OBJECTIVES]
	[RESULT 1] [ 0.00892065 -0.01621255  0.01513319  0.01191011  0.02164373  0.09026638
  0.          0.00510043  0.00513319  0.00026638  0.          0.01042065
 -0.02194616  0.00536681]
	[RESULT 2] [ 0.00858985 -0.01792992  0.01651977  0.01407457  0.02103504  0.09303953
  0.          0.00348023  0.00651977  0.00303953  0.          0.00908985
 -0.02189039  0.00398023]
	[RESULT 3] [0.0160263  0.02154717 0.01552086 0.01473185 0.00577358 0.09104173
 0.         0.00447914 0.00552086 0.00104173 0.         0.0155263
 0.00050544 0.00497914]
