[METRICS]
	[DISEQUILIBRIUM COUNT] 774
[VARIABLES]
	[RESULT 1] [1 13.251574992790065 0 1 23 3999.962014544195 100]
	[RESULT 2] [1 11.270267983341993 0 1 19 3999.910899736361 100]
	[RESULT 3] [1 12.157382248904165 0 1 23 3999.9710810700167 100]
	[RESULT 4] [0 13.414926505112327 0 1 22 1114.5121479091317 11]
[OBJECTIVES]
	[RESULT 1] [ 0.00849748 -0.01704297  0.01554045  0.01230941  0.02122852  0.0910809
  0.          0.00445955  0.00554045  0.0010809   0.          0.00999748
 -0.02196207  0.00495955]
	[RESULT 2] [ 0.00840105 -0.01728668  0.01568773  0.01248212  0.02110666  0.09137547
  0.          0.00431227  0.00568773  0.00137547  0.          0.00990105
 -0.02191122  0.00481227]
	[RESULT 3] [ 0.00841594 -0.017197    0.01561294  0.01237738  0.0211515   0.09122588
  0.          0.00438706  0.00561294  0.00122588  0.          0.00991594
 -0.02197111  0.00488706]
	[RESULT 4] [0.01596803 0.02149911 0.01553107 0.01468741 0.00574955 0.09106214
 0.         0.00446893 0.00553107 0.00106214 0.         0.01546803
 0.00043696 0.00496893]
