[METRICS]
	[DISEQUILIBRIUM COUNT] 151
[VARIABLES]
	[RESULT 1] [0 32.51446052930575 0 2 13 3999.7152846593012 100]
	[RESULT 2] [0 29.005939180567637 0 1 9 2010.1084222876661 9]
	[RESULT 3] [0 6.503071049168739 0 4 5 3999.109519192061 100]
[OBJECTIVES]
	[RESULT 1] [ 0.01010616 -0.01506919  0.01517535  0.0128161   0.02246541  0.0903507
  0.          0.00547395  0.00517535  0.0003507   0.          0.01110616
 -0.02171849  0.00582465]
	[RESULT 2] [0.01572753 0.02092749 0.01519995 0.01506384 0.00546374 0.0903999
 0.         0.00490014 0.00519995 0.0003999  0.         0.01522753
 0.00052758 0.00530005]
	[RESULT 3] [ 0.00886231 -0.01813524  0.01699755  0.01492747  0.02093238  0.09399509
  0.          0.00300245  0.00699755  0.00399509  0.          0.01086231
 -0.02114015  0.00500245]
