[METRICS]
	[DISEQUILIBRIUM COUNT] 79
[VARIABLES]
	[RESULT 1] [0 7.309660727546305 0 1 2 1813.5308348318645 1]
	[RESULT 2] [0 41.9209354432767 1 3 16 1070.321905357341 10]
	[RESULT 3] [0 40.69464526143236 0 1 2 1001.0685077291064 2]
[OBJECTIVES]
	[RESULT 1] [0.01699335 0.02350408 0.01651073 0.01373058 0.00675204 0.09302146
 0.         0.00348927 0.00651073 0.00302146 0.         0.01649335
 0.00048262 0.00398927]
	[RESULT 2] [0.01056316 0.01569502 0.01513185 0.0125838  0.00284751 0.09026371
 0.         0.00889556 0.00513185 0.00026371 0.         0.00906316
 0.00043131 0.01136815]
	[RESULT 3] [0.01554496 0.02068122 0.01513626 0.01506809 0.00534061 0.09027252
 0.         0.00509122 0.00513626 0.00027252 0.         0.01504496
 0.0004087  0.00536374]
