[METRICS]
	[DISEQUILIBRIUM COUNT] 776
[VARIABLES]
	[RESULT 1] [1 12.764975585817465 0 1 15 3999.5553265472577 100]
	[RESULT 2] [0 12.61816641489892 0 1 8 1150.182691219168 1]
	[RESULT 3] [1 42.65703004910176 0 4 7 3999.910532994687 100]
[OBJECTIVES]
	[RESULT 1] [ 0.00886645 -0.016704    0.01557045  0.0125389   0.021398    0.0911409
  0.          0.00442955  0.00557045  0.0011409   0.          0.01036645
 -0.0215631   0.00492955]
	[RESULT 2] [0.01599757 0.02157774 0.01558017 0.01462853 0.00578887 0.09116034
 0.         0.00441983 0.00558017 0.00116034 0.         0.01549757
 0.00041741 0.00491983]
	[RESULT 3] [ 0.00895981 -0.01616954  0.01512934  0.01192392  0.02166523  0.09025869
  0.          0.00661197  0.00512934  0.00025869  0.          0.01195981
 -0.02191085  0.00687066]
