[METRICS]
	[DISEQUILIBRIUM COUNT] 111
[VARIABLES]
	[RESULT 1] [0 12.566983120167256 0 2 4 1809.8949272035618 5]
	[RESULT 2] [1 10.409031890177577 0 2 19 3999.648614184879 100]
[OBJECTIVES]
	[RESULT 1] [0.01607412 0.02165776 0.01558364 0.01466161 0.00582888 0.09116727
 0.         0.00441636 0.00558364 0.00116727 0.         0.01507412
 0.00049049 0.00541636]
	[RESULT 2] [ 0.00856637 -0.01721378  0.01578015  0.01270341  0.02114311  0.0915603
  0.          0.00421985  0.00578015  0.0015603   0.          0.01056637
 -0.02165348  0.00521985]
