[METRICS]
	[DISEQUILIBRIUM COUNT] 0
[VARIABLES]
	[RESULT 1] [0 44.3097334215709 0 3 7 1049.178729913989 3]
	[RESULT 2] [0 17.264449847907137 1 1 7 1065.2469346686237 1]
	[RESULT 3] [0 19.346034787920022 0 1 7 1099.3603892393726 3]
	[RESULT 4] [0 6.2165089516593905 1 1 7 1255.2019139405004 15]
	[RESULT 5] [0 15.395734988214361 0 1 3 1098.1817482425292 3]
[OBJECTIVES]
	[RESULT 1] [0.01553815 0.02066219 0.01512404 0.01508301 0.00533109 0.09024808
 0.         0.00612788 0.00512404 0.00024808 0.         0.01403815
 0.00041411 0.00637596]
	[RESULT 2] [0.01078811 0.01616506 0.01537695 0.01232864 0.00308253 0.09075389
 0.         0.00936916 0.00537695 0.00075389 0.         0.01028811
 0.00041117 0.01012305]
	[RESULT 3] [0.01574353 0.02106934 0.01532582 0.01488304 0.00553467 0.09065163
 0.         0.00467418 0.00532582 0.00065163 0.         0.01524353
 0.00041771 0.00517418]
	[RESULT 4] [0.01271401 0.01996981 0.0172558  0.0104733  0.0049849  0.0945116
 0.         0.0037326  0.0072558  0.0045116  0.         0.01221401
 0.00045821 0.0082442 ]
	[RESULT 5] [0.01585638 0.02129515 0.01543876 0.01477005 0.00564757 0.09087752
 0.         0.00456124 0.00543876 0.00087752 0.         0.01535638
 0.00041762 0.00506124]
