[METRICS]
	[DISEQUILIBRIUM COUNT] 214
[VARIABLES]
	[RESULT 1] [0 12.816909566464322 0 1 13 1782.9107854920424 33]
	[RESULT 2] [1 12.452199552290747 0 1 9 3999.9378775502073 100]
	[RESULT 3] [1 7.345234919329808 0 1 8 3999.6793851794546 100]
[OBJECTIVES]
	[RESULT 1] [0.01613997 0.02170706 0.01556709 0.01471935 0.00585353 0.09113418
 0.         0.00443291 0.00556709 0.00113418 0.         0.01563997
 0.00057288 0.00493291]
	[RESULT 2] [ 0.00847041 -0.01712116  0.01559156  0.01237255  0.02118942  0.09118312
  0.          0.00440844  0.00559156  0.00118312  0.          0.00997041
 -0.02193803  0.00490844]
	[RESULT 3] [ 0.00782189 -0.01867277  0.01649466  0.01340294  0.02041361  0.09298933
  0.          0.00350534  0.00649466  0.00298933  0.          0.00932189
 -0.02168344  0.00400534]
