[METRICS]
	[DISEQUILIBRIUM COUNT] 153
[VARIABLES]
	[RESULT 1] [1 49.31094396837211 0 1 21 3999.9732136815273 100]
	[RESULT 2] [0 17.959571123844853 0 1 16 1045.1012640406161 53]
	[RESULT 3] [0 7.224118993234511 0 1 21 3999.850778420477 100]
	[RESULT 4] [1 34.33922803117463 0 1 21 3999.850778420477 100]
[OBJECTIVES]
	[RESULT 1] [ 0.00891641 -0.01619394  0.01511035  0.01187373  0.02165303  0.0902207
  0.          0.00516895  0.00511035  0.0002207   0.          0.01041641
 -0.02197324  0.00538965]
	[RESULT 2] [0.01598458 0.02134276 0.01535818 0.01495503 0.00567138 0.09071635
 0.         0.00464182 0.00535818 0.00071635 0.         0.01548458
 0.00062641 0.00514182]
	[RESULT 3] [ 0.00859752 -0.01795329  0.01655081  0.01412498  0.02102336  0.09310162
  0.          0.00344919  0.00655081  0.00310162  0.          0.00909752
 -0.02185166  0.00394919]
	[RESULT 4] [ 0.00898353 -0.01618127  0.0151648   0.01198897  0.02165936  0.09032961
  0.          0.00500559  0.0051648   0.00032961  0.          0.01048353
 -0.02185166  0.0053352 ]
