[METRICS]
	[DISEQUILIBRIUM COUNT] 147
[VARIABLES]
	[RESULT 1] [0 13.19759930017399 0 1 18 2202.5055483949986 4]
	[RESULT 2] [0 17.79814605690136 0 1 16 3999.8918674393826 100]
[OBJECTIVES]
	[RESULT 1] [0.01609274 0.02163636 0.01554362 0.01473094 0.00581818 0.09108724
 0.         0.00445638 0.00554362 0.00108724 0.         0.01559274
 0.00054912 0.00495638]
	[RESULT 2] [ 0.0097453  -0.01561707  0.01536237  0.0129162   0.02219147  0.09072474
  0.          0.00463763  0.00536237  0.00072474  0.          0.0102453
 -0.02189233  0.00513763]
