[METRICS]
	[DISEQUILIBRIUM COUNT] 603
[VARIABLES]
	[RESULT 1] [1 20.07664927503736 0 1 20 3999.9788465568336 100]
	[RESULT 2] [0 14.143268850708676 0 1 14 1029.83065930999 35]
	[RESULT 3] [1 7.149595049967774 0 2 19 3999.310418999096 100]
	[RESULT 4] [1 16.935858810071082 0 2 9 3999.983490041741 100]
[OBJECTIVES]
	[RESULT 1] [ 0.00871013 -0.01660088  0.01531101  0.01207158  0.02144956  0.09062202
  0.          0.00468899  0.00531101  0.00062202  0.          0.01021013
 -0.02197886  0.00518899]
	[RESULT 2] [0.01600464 0.02149758 0.01549294 0.01476291 0.00574879 0.09098588
 0.         0.00450706 0.00549294 0.00098588 0.         0.01550464
 0.0005117  0.00500706]
	[RESULT 3] [ 0.00808357 -0.01850394  0.01658751  0.01367304  0.02049803  0.09317501
  0.          0.00341249  0.00658751  0.00317501  0.          0.01008357
 -0.02132893  0.00441249]
	[RESULT 4] [ 0.00862998 -0.01675655  0.01538652  0.01214477  0.02137173  0.09077304
  0.          0.00484043  0.00538652  0.00077304  0.          0.01062998
 -0.0219835   0.00561348]
