[METRICS]
	[DISEQUILIBRIUM COUNT] 571
[VARIABLES]
	[RESULT 1] [1 6.58465896884022 0 1 0 3999.73958627905 100]
	[RESULT 2] [1 47.30178367251034 0 1 0 3999.4603865799927 100]
	[RESULT 3] [0 13.875854241278219 0 1 4 1119.861729364549 1]
	[RESULT 4] [1 6.561719460081462 0 1 0 3999.8277997283762 100]
[OBJECTIVES]
	[RESULT 1] [ 0.00732324 -0.01961125  0.01693449  0.01381336  0.01994437  0.09386898
  0.          0.00306551  0.00693449  0.00386898  0.          0.00882324
 -0.02174227  0.00356551]
	[RESULT 2] [ 0.00941274 -0.01570273  0.01511547  0.01212957  0.02189864  0.09023094
  0.          0.00515359  0.00511547  0.00023094  0.          0.01091274
 -0.02147179  0.00538453]
	[RESULT 3] [0.01592142 0.02142771 0.01550629 0.01470128 0.00571385 0.09101257
 0.         0.00449371 0.00550629 0.00101257 0.         0.01542142
 0.00041514 0.00499371]
	[RESULT 4] [ 0.00721921 -0.01973261  0.01695181  0.01378733  0.0198837   0.09390363
  0.          0.00304819  0.00695181  0.00390363  0.          0.00871921
 -0.02182898  0.00354819]
