[METRICS]
	[DISEQUILIBRIUM COUNT] 68
[VARIABLES]
	[RESULT 1] [0 33.12621106952018 0 3 7 3999.090013060463 99]
	[RESULT 2] [0 33.72195073503547 1 2 13 1380.7282274234337 2]
	[RESULT 3] [0 47.133764300986954 0 2 20 1094.6765126836144 10]
	[RESULT 4] [0 8.05000188184809 0 3 6 3996.243740148213 99]
	[RESULT 5] [0 11.750515118667044 0 1 17 1685.5678167663639 1]
[OBJECTIVES]
	[RESULT 1] [ 0.02070636 -0.00446531  0.01517167  0.01811068  0.02223265  0.09034333
  0.          0.005985    0.00517167  0.00034333  0.          0.02220636
 -0.01112197  0.00632833]
	[RESULT 2] [0.01060661 0.01577483 0.01516823 0.01255096 0.00288742 0.09033645
 0.         0.00950468 0.00516823 0.00033645 0.         0.00960661
 0.00043838 0.01083177]
	[RESULT 3] [0.01554899 0.0206649  0.01511592 0.01510062 0.00533245 0.09023184
 0.         0.00565224 0.00511592 0.00023184 0.         0.01454899
 0.00043307 0.00588408]
	[RESULT 4] [ 0.02203103 -0.00420353  0.01623457  0.02036737  0.02210177  0.09246913
  0.          0.00376543  0.00623457  0.00246913  0.          0.02353103
 -0.0087344   0.00526543]
	[RESULT 5] [0.01611228 0.0217574  0.01564512 0.01458846 0.0058787  0.09129024
 0.         0.00435488 0.00564512 0.00129024 0.         0.01561228
 0.00046716 0.00485488]
