[METRICS]
	[DISEQUILIBRIUM COUNT] 94
[VARIABLES]
	[RESULT 1] [0 13.47637526820636 0 2 10 1015.2382374433979 6]
	[RESULT 2] [1 10.471001157634438 0 2 9 3998.425827895858 97]
	[RESULT 3] [0 43.13584577730769 0 2 10 1050.721477366938 6]
	[RESULT 4] [0 45.911935540903784 1 2 10 1095.0585202989623 2]
[OBJECTIVES]
	[RESULT 1] [0.01594581 0.02147344 0.01552763 0.01468146 0.00573672 0.09105526
 0.         0.00447237 0.00552763 0.00105526 0.         0.01494581
 0.00041818 0.00547237]
	[RESULT 2] [ 0.02470825 -0.00106443  0.01577268  0.02076314  0.02078222  0.09154536
  0.          0.00422732  0.00577268  0.00154536  0.          0.02670825
 -0.00551908  0.00522732]
	[RESULT 3] [0.01554842 0.02067618 0.01512776 0.01508257 0.00533809 0.09025552
 0.         0.00561672 0.00512776 0.00025552 0.         0.01454842
 0.00042066 0.00587224]
	[RESULT 4] [0.01053463 0.01565393 0.0151193  0.01258837 0.00282697 0.0902386
 0.         0.00935789 0.0051193  0.0002386  0.         0.00953463
 0.00041534 0.0108807 ]
