[METRICS]
	[DISEQUILIBRIUM COUNT] 745
[VARIABLES]
	[RESULT 1] [0 12.146730054363218 0 1 4 1047.627676395846 21]
	[RESULT 2] [1 32.82804678155347 0 2 8 3999.880412493956 100]
	[RESULT 3] [1 9.62900825210911 0 1 17 3999.64554905 100]
[OBJECTIVES]
	[RESULT 1] [0.01607366 0.0216874  0.01561374 0.01461622 0.0058437  0.09122749
 0.         0.00438626 0.00561374 0.00122749 0.         0.01557366
 0.00045992 0.00488626]
	[RESULT 2] [ 0.00894558 -0.01622787  0.01517344  0.01198295  0.02163607  0.09034688
  0.          0.00547967  0.00517344  0.00034688  0.          0.01094558
 -0.02188098  0.00582656]
	[RESULT 3] [ 0.00846124 -0.01742702  0.01588826  0.012813    0.02103649  0.09177651
  0.          0.00411174  0.00588826  0.00177651  0.          0.00996124
 -0.0216505   0.00461174]
