[METRICS]
	[DISEQUILIBRIUM COUNT] 66
[VARIABLES]
	[RESULT 1] [0 12.56323113910889 0 2 21 3999.8514763625494 100]
	[RESULT 2] [0 13.830733856550443 0 1 8 1010.6325527547318 3]
	[RESULT 3] [0 14.005976014606903 0 1 8 1051.0967411446823 3]
[OBJECTIVES]
	[RESULT 1] [ 0.00956375 -0.01602014  0.01558389  0.01315771  0.02198993  0.09116778
  0.          0.00441611  0.00558389  0.00116778  0.          0.01056375
 -0.02185235  0.00541611]
	[RESULT 2] [0.01592003 0.02142864 0.01550861 0.0146971  0.00571432 0.09101722
 0.         0.00449139 0.00550861 0.00101722 0.         0.01542003
 0.00041142 0.00499139]
	[RESULT 3] [0.01591394 0.02141365 0.0154997  0.01470742 0.00570682 0.0909994
 0.         0.0045003  0.0054997  0.0009994  0.         0.01541394
 0.00041424 0.0050003 ]
