[METRICS]
	[DISEQUILIBRIUM COUNT] 653
[VARIABLES]
	[RESULT 1] [0 14.265773327581142 0 1 18 1082.7944223650281 2]
	[RESULT 2] [0 8.525704537197917 0 1 8 3999.974572828306 100]
	[RESULT 3] [1 44.4015332271606 0 1 9 3999.9865621706017 100]
[OBJECTIVES]
	[RESULT 1] [0.0159015  0.02138856 0.01548706 0.01472017 0.00569428 0.09097411
 0.         0.00451294 0.00548706 0.00097411 0.         0.0154015
 0.00041445 0.00501294]
	[RESULT 2] [ 0.0089206 -0.0171842  0.0161048  0.0136175  0.0214079  0.0922096
  0.         0.0038952  0.0061048  0.0022096  0.         0.0094206
 -0.0219746  0.0043952]
	[RESULT 3] [ 0.00888967 -0.01623408  0.01512376  0.01188047  0.02163296  0.09024752
  0.          0.00512873  0.00512376  0.00024752  0.          0.01038967
 -0.02198657  0.00537624]
