[METRICS]
	[DISEQUILIBRIUM COUNT] 132
[VARIABLES]
	[RESULT 1] [0 16.308874377491914 0 1 9 1415.0767562775395 3]
	[RESULT 2] [1 41.74985868479031 0 1 14 3999.589451206491 100]
[OBJECTIVES]
	[RESULT 1] [0.01584976 0.02125597 0.01540621 0.01481557 0.00562799 0.09081242
 0.         0.00459379 0.00540621 0.00081242 0.         0.01534976
 0.00044355 0.00509379]
	[RESULT 2] [ 0.00927146 -0.01586099  0.01513245  0.01208441  0.02181951  0.0902649
  0.          0.00510265  0.00513245  0.0002649   0.          0.01077146
 -0.02159608  0.00536755]
