[METRICS]
	[DISEQUILIBRIUM COUNT] 342
[VARIABLES]
	[RESULT 1] [0 16.76191619423931 0 1 21 1309.500573019211 11]
	[RESULT 2] [1 16.03164221025762 0 1 2 3999.2639040431195 100]
[OBJECTIVES]
	[RESULT 1] [0.01584417 0.02123596 0.01539179 0.0148344  0.00561798 0.09078358
 0.         0.00460821 0.00539179 0.00078358 0.         0.01534417
 0.00045238 0.00510821]
	[RESULT 2] [ 0.00929947 -0.0161161   0.01541557  0.01252309  0.02169195  0.09083114
  0.          0.00458443  0.00541557  0.00083114  0.          0.01079947
 -0.02128496  0.00508443]
