[METRICS]
	[DISEQUILIBRIUM COUNT] 742
[VARIABLES]
	[RESULT 1] [1 6.7695722288850355 0 4 11 3999.804862811913 100]
	[RESULT 2] [0 14.919343544481125 0 1 8 1097.1416567857282 2]
	[RESULT 3] [1 41.41304394512203 0 2 8 3999.89509810222 100]
	[RESULT 4] [0 17.701820869530835 0 1 24 3999.4227057355843 100]
[OBJECTIVES]
	[RESULT 1] [ 0.00738829 -0.01941704  0.01680533  0.01365215  0.02004148  0.09361067
  0.          0.00319467  0.00680533  0.00361067  0.          0.01038829
 -0.02180637  0.00519467]
	[RESULT 2] [0.01587339 0.02133129 0.0154579  0.01474984 0.00566565 0.09091581
 0.         0.0045421  0.0054579  0.00091581 0.         0.01537339
 0.00041549 0.0050421 ]
	[RESULT 3] [ 0.00897082 -0.01616282  0.01513364  0.01193588  0.02166859  0.09026729
  0.          0.00559907  0.00513364  0.00026729  0.          0.01097082
 -0.02189554  0.00586636]
	[RESULT 4] [ 0.01019935 -0.01516557  0.01536492  0.01314705  0.02241722  0.09072983
  0.          0.00463508  0.00536492  0.00072983  0.          0.01069935
 -0.02143574  0.00513508]
