[METRICS]
	[DISEQUILIBRIUM COUNT] 142
[VARIABLES]
	[RESULT 1] [0 15.18420872395352 0 1 23 2555.649806731913 21]
	[RESULT 2] [1 20.044687283331015 0 1 4 3999.9914597942056 100]
[OBJECTIVES]
	[RESULT 1] [0.01612242 0.02156948 0.01544706 0.01489062 0.00578474 0.09089412
 0.         0.00455294 0.00544706 0.00089412 0.         0.01562242
 0.00067536 0.00505294]
	[RESULT 2] [ 0.00869691 -0.01661472  0.01531163  0.0120659   0.02144264  0.09062326
  0.          0.00468837  0.00531163  0.00062326  0.          0.01019691
 -0.02199146  0.00518837]
