[METRICS]
	[DISEQUILIBRIUM COUNT] 144
[VARIABLES]
	[RESULT 1] [0 13.6579977303825 0 1 24 1009.476563641441 45]
	[RESULT 2] [1 21.402972008715963 0 1 18 3998.9156911092587 100]
[OBJECTIVES]
	[RESULT 1] [0.01608211 0.02159982 0.01551771 0.0147645  0.00579991 0.09103541
 0.         0.00448229 0.00551771 0.00103541 0.         0.01558211
 0.0005644  0.00498229]
	[RESULT 2] [ 0.00975193 -0.01553538  0.01528731  0.01255692  0.02198231  0.09057461
  0.          0.00471269  0.00528731  0.00057461  0.          0.01125193
 -0.02096077  0.00521269]
