[METRICS]
	[DISEQUILIBRIUM COUNT] 57
[VARIABLES]
	[RESULT 1] [0 48.95921886884648 1 2 0 1008.3615544532676 9]
	[RESULT 2] [0 48.691320168147996 0 2 23 1037.9973653103013 9]
	[RESULT 3] [0 8.947478991005415 0 2 22 1087.2643046205005 5]
[OBJECTIVES]
	[RESULT 1] [0.01053579 0.015647   0.01511121 0.01260108 0.0028235  0.09022242
 0.         0.00933364 0.00511121 0.00022242 0.         0.00953579
 0.00042458 0.01088879]
	[RESULT 2] [0.01553851 0.02065039 0.01511188 0.01510144 0.00532519 0.09022376
 0.         0.00566436 0.00511188 0.00022376 0.         0.01453851
 0.00042663 0.00588812]
	[RESULT 3] [0.0164317  0.02244231 0.01601062 0.01419993 0.00622116 0.09202123
 0.         0.00398938 0.00601062 0.00202123 0.         0.0154317
 0.00042108 0.00498938]
