[METRICS]
	[DISEQUILIBRIUM COUNT] 537
[VARIABLES]
	[RESULT 1] [0 14.671810198143909 0 1 13 1281.923017543417 40]
	[RESULT 2] [1 13.914776042681321 0 1 18 3999.6374971420682 100]
	[RESULT 3] [1 7.677011799984029 0 1 7 3999.606823464743 100]
[OBJECTIVES]
	[RESULT 1] [0.01602424 0.02149276 0.01546852 0.01480933 0.00574638 0.09093705
 0.         0.00453148 0.00546852 0.00093705 0.         0.01552424
 0.00055572 0.00503148]
	[RESULT 2] [ 0.00885302 -0.01665127  0.0155043   0.01243296  0.02142436  0.0910086
  0.          0.0044957   0.0055043   0.0010086   0.          0.01035302
 -0.02164268  0.0049957 ]
	[RESULT 3] [ 0.00802729 -0.01833251  0.0163598   0.01330334  0.02058374  0.0927196
  0.          0.0036402   0.0063598   0.0027196   0.          0.00952729
 -0.02161291  0.0041402 ]
