[METRICS]
	[DISEQUILIBRIUM COUNT] 642
[VARIABLES]
	[RESULT 1] [0 13.199844646171252 0 1 3 1157.7329566656144 28]
	[RESULT 2] [1 36.86978727716714 0 1 4 3999.9319785315233 100]
	[RESULT 3] [1 9.168374342337414 0 2 4 3999.8658619777993 100]
	[RESULT 4] [1 9.094812410249514 0 3 2 3999.987693574886 100]
	[RESULT 5] [1 8.92631984591916 0 2 1 3999.82373237859 100]
	[RESULT 6] [1 14.026813384553698 0 3 2 3999.882292162968 100]
	[RESULT 7] [1 7.351032088144993 0 1 6 3999.6468408724595 100]
[OBJECTIVES]
	[RESULT 1] [0.01603544 0.02157893 0.01554349 0.01470249 0.00578946 0.09108697
 0.         0.00445651 0.00554349 0.00108697 0.         0.01553544
 0.00049195 0.00495651]
	[RESULT 2] [ 0.00891572 -0.01623639  0.01515212  0.01193603  0.0216318   0.09030423
  0.          0.00504365  0.00515212  0.00030423  0.          0.01041572
 -0.02193216  0.00534788]
	[RESULT 3] [ 0.008166   -0.01780142  0.01596742  0.01278413  0.02084929  0.09193484
  0.          0.00403258  0.00596742  0.00193484  0.          0.010166
 -0.02186658  0.00503258]
	[RESULT 4] [ 0.00803091 -0.01795048  0.01598139  0.01273754  0.02077476  0.09196278
  0.          0.00401861  0.00598139  0.00196278  0.          0.01053091
 -0.0219877   0.00551861]
	[RESULT 5] [ 0.00816008 -0.01785488  0.01601496  0.01285247  0.02082256  0.09202991
  0.          0.00398504  0.00601496  0.00202991  0.          0.01016008
 -0.02182497  0.00498504]
	[RESULT 6] [ 0.00861849 -0.01688017  0.01549866  0.01230724  0.02130992  0.09099733
  0.          0.00500401  0.00549866  0.00099733  0.          0.01111849
 -0.02188284  0.00600134]
	[RESULT 7] [ 0.00785616 -0.01863592  0.01649208  0.0134162   0.02043204  0.09298416
  0.          0.00350792  0.00649208  0.00298416  0.          0.00935616
 -0.02165176  0.00400792]
