[METRICS]
	[DISEQUILIBRIUM COUNT] 695
[VARIABLES]
	[RESULT 1] [0 14.220056873340448 0 1 11 1021.1065711945539 23]
	[RESULT 2] [1 45.29418086262331 0 3 15 3999.9850554722984 100]
	[RESULT 3] [1 7.402253582268866 0 2 8 3999.7364400261363 100]
[OBJECTIVES]
	[RESULT 1] [0.01595371 0.02144294 0.01548923 0.014743   0.00572147 0.09097847
 0.         0.00451077 0.00548923 0.00097847 0.         0.01545371
 0.00046447 0.00501077]
	[RESULT 2] [ 0.00889385 -0.01622723  0.01512108  0.01187855  0.02163639  0.09024216
  0.          0.00613675  0.00512108  0.00024216  0.          0.01139385
 -0.02198506  0.00637892]
	[RESULT 3] [ 0.0077912  -0.01867842  0.01646961  0.01335002  0.02041079  0.09293923
  0.          0.00353039  0.00646961  0.00293923  0.          0.0097912
 -0.02173919  0.00453039]
