[METRICS]
	[DISEQUILIBRIUM COUNT] 161
[VARIABLES]
	[RESULT 1] [1 21.63813656343809 0 1 13 3999.878164186429 100]
	[RESULT 2] [0 22.10872240758131 0 1 14 1337.3086833769044 13]
	[RESULT 3] [1 19.730502335526513 0 1 13 3999.878164186429 100]
[OBJECTIVES]
	[RESULT 1] [ 0.00883777 -0.01644571  0.01528348  0.0120941   0.02152715  0.09056695
  0.          0.00471652  0.00528348  0.00056695  0.          0.01033777
 -0.02187876  0.00521652]
	[RESULT 2] [0.01573592 0.02101203 0.01527611 0.0149538  0.00550602 0.09055222
 0.         0.00472389 0.00527611 0.00055222 0.         0.01523592
 0.00045981 0.00522389]
	[RESULT 3] [ 0.00880339 -0.01651446  0.01531785  0.01212848  0.02149277  0.09063571
  0.          0.00468215  0.00531785  0.00063571  0.          0.01030339
 -0.02187876  0.00518215]
