[METRICS]
	[DISEQUILIBRIUM COUNT] 529
[VARIABLES]
	[RESULT 1] [1 48.35271931541527 0 1 9 3999.8548995973374 100]
	[RESULT 2] [0 14.688248719683203 0 1 8 1379.4814222126506 1]
	[RESULT 3] [1 15.966031452441449 0 4 21 3999.8140264600797 100]
	[RESULT 4] [1 7.863421461420071 0 1 19 3999.762256553307 100]
[OBJECTIVES]
	[RESULT 1] [ 0.00903153 -0.0160812   0.01511273  0.01193486  0.0217094   0.09022547
  0.          0.0051618   0.00511273  0.00022547  0.          0.01053153
 -0.02185574  0.00538727]
	[RESULT 2] [0.01590405 0.02137186 0.0154678  0.01475032 0.00568593 0.09093561
 0.         0.0045322  0.0054678  0.00093561 0.         0.01540405
 0.00043625 0.0050322 ]
	[RESULT 3] [ 0.00876675 -0.0166511   0.01541785  0.01226015  0.02142445  0.0908357
  0.          0.00574645  0.00541785  0.0008357   0.          0.01176675
 -0.0218154   0.00658215]
	[RESULT 4] [ 0.00794131 -0.01835288  0.01629419  0.01316194  0.02057356  0.09258838
  0.          0.00370581  0.00629419  0.00258838  0.          0.00944131
 -0.0217645   0.00420581]
