[METRICS]
	[DISEQUILIBRIUM COUNT] 162
[VARIABLES]
	[RESULT 1] [1 29.44266832266545 0 2 1 3999.937611714208 100]
	[RESULT 2] [0 13.277582322189286 0 2 18 1394.6342990433684 2]
[OBJECTIVES]
	[RESULT 1] [ 0.00886571 -0.01633081  0.01519652  0.01197764  0.0215846   0.09039304
  0.          0.00541044  0.00519652  0.00039304  0.          0.01086571
 -0.02193777  0.00580348]
	[RESULT 2] [0.01597856 0.0215175  0.01553893 0.01468088 0.00575875 0.09107787
 0.         0.00446107 0.00553893 0.00107787 0.         0.01497856
 0.00043963 0.00546107]
