[METRICS]
	[DISEQUILIBRIUM COUNT] 47
[VARIABLES]
	[RESULT 1] [0 46.1257502835233 0 1 15 1188.091902154689 12]
	[RESULT 2] [0 31.446312506865546 1 3 7 1009.7036220899475 12]
	[RESULT 3] [0 7.080266181607591 0 1 17 1067.821697803366 12]
[OBJECTIVES]
	[RESULT 1] [0.01556372 0.02068241 0.01511869 0.01510382 0.00534121 0.09023738
 0.         0.00514392 0.00511869 0.00023738 0.         0.01506372
 0.00044503 0.00538131]
	[RESULT 2] [0.01061417 0.01579634 0.01518217 0.01253382 0.00289817 0.09036435
 0.         0.00904652 0.00518217 0.00036435 0.         0.00911417
 0.000432   0.01131783]
	[RESULT 3] [0.01705931 0.02368254 0.01662324 0.0135948  0.00684127 0.09324647
 0.         0.00337676 0.00662324 0.00324647 0.         0.01655931
 0.00043607 0.00387676]
