[METRICS]
	[DISEQUILIBRIUM COUNT] 639
[VARIABLES]
	[RESULT 1] [1 34.31131805894599 0 1 16 3999.9384644673896 100]
	[RESULT 2] [0 12.795692263653464 0 1 24 1002.5016548231313 2]
[OBJECTIVES]
	[RESULT 1] [ 0.00889643 -0.01626853  0.01516495  0.01194565  0.02161574  0.09032991
  0.          0.00500514  0.00516495  0.00032991  0.          0.01039643
 -0.02193862  0.00533505]
	[RESULT 2] [0.01597726 0.02154572 0.01556846 0.01463594 0.00577286 0.09113692
 0.         0.00443154 0.00556846 0.00113692 0.         0.01547726
 0.0004088  0.00493154]
