[METRICS]
	[DISEQUILIBRIUM COUNT] 616
[VARIABLES]
	[RESULT 1] [1 43.24238557001961 0 1 21 3999.9846407121167 100]
	[RESULT 2] [1 41.442004198092434 0 1 7 3999.94118894512 100]
	[RESULT 3] [1 7.213633286722694 0 1 12 3999.984902393536 100]
	[RESULT 4] [0 20.856535936084004 0 1 6 2184.8222630837718 3]
[OBJECTIVES]
	[RESULT 1] [ 0.00888794 -0.01623948  0.01512741  0.01188509  0.02163026  0.09025483
  0.          0.00511776  0.00512741  0.00025483  0.          0.01038794
 -0.02198465  0.00537259]
	[RESULT 2] [ 0.00892513 -0.01620841  0.01513354  0.01191288  0.0216458   0.09026708
  0.          0.00509938  0.00513354  0.00026708  0.          0.01042513
 -0.02194133  0.00536646]
	[RESULT 3] [ 0.00745922 -0.01909665  0.01655587  0.01331342  0.02020167  0.09311174
  0.          0.00344413  0.00655587  0.00311174  0.          0.00895922
 -0.02198491  0.00394413]
	[RESULT 4] [0.01584034 0.02113696 0.01529662 0.01497524 0.00556848 0.09059324
 0.         0.00470338 0.00529662 0.00059324 0.         0.01534034
 0.00054372 0.00520338]
