[METRICS]
	[DISEQUILIBRIUM COUNT] 467
[VARIABLES]
	[RESULT 1] [1 6.893723790206165 0 4 4 3999.499301570136 100]
	[RESULT 2] [1 36.01922868259219 0 1 11 3999.958568042858 100]
	[RESULT 3] [1 28.69801695707381 0 1 11 3999.669039666106 100]
	[RESULT 4] [0 14.509614907789123 0 1 14 1363.5112278999675 6]
[OBJECTIVES]
	[RESULT 1] [ 0.00776299 -0.01896489  0.01672788  0.01372331  0.02026756  0.09345575
  0.          0.00327212  0.00672788  0.00345575  0.          0.01076299
 -0.02150913  0.00527212]
	[RESULT 2] [ 0.00888521 -0.01627095  0.01515616  0.01192684  0.02161453  0.09031231
  0.          0.00503153  0.00515616  0.00031231  0.          0.01038521
 -0.02195864  0.00534384]
	[RESULT 3] [ 0.00912419 -0.01607825  0.01520245  0.01211576  0.02171087  0.09040489
  0.          0.00489266  0.00520245  0.00040489  0.          0.01062419
 -0.02167336  0.00529755]
	[RESULT 4] [0.01592111 0.02139687 0.01547575 0.01474692 0.00569843 0.09095151
 0.         0.00452425 0.00547575 0.00095151 0.         0.01542111
 0.00044536 0.00502425]
