[METRICS]
	[DISEQUILIBRIUM COUNT] 26
[VARIABLES]
	[RESULT 1] [100 1079.1170597268476 10 1.952655452174183]
	[RESULT 2] [25 117.0676725367792 10 1.9974581749342704]
	[RESULT 3] [37 10.045980936765181 10 1.8974794121586445]
	[RESULT 4] [71 9007.31446789091 10 1.9926859417545402]
	[RESULT 5] [2 10.000138536615658 10 1.9998259163691199]
	[RESULT 6] [2 9521.471189517513 10 1.9907721661922095]
	[RESULT 7] [41 9824.171074286822 10 1.9970496048932604]
[OBJECTIVES]
	[RESULT 1] [0.0076312  0.01240076 0.00476956 0.005      0.005      0.01      ]
	[RESULT 2] [0.01133589 0.01525487 0.01840924 0.0025     0.         0.0025    ]
	[RESULT 3] [0.01083746 0.00333658 0.01917403 0.0037     0.         0.0037    ]
	[RESULT 4] [0.0090407  0.01335621 0.00431551 0.005      0.0021     0.0071    ]
	[RESULT 5] [1.24835086e-02 3.30173773e-05 1.75165260e-02 2.00000000e-04
 0.00000000e+00 2.00000000e-04]
	[RESULT 6] [0.01249263 0.02024537 0.00775274 0.0002     0.         0.0002    ]
	[RESULT 7] [0.0105363  0.01632477 0.00578847 0.0041     0.         0.0041    ]
