[METRICS]
	[DISEQUILIBRIUM COUNT] 38
[VARIABLES]
	[RESULT 1] [39 10.11329566379447 9 1.625124307771595]
	[RESULT 2] [39 9357.679221970577 10 1.9976248910826946]
	[RESULT 3] [3 7787.076921229638 10 1.8144577103615758]
	[RESULT 4] [10 81.85598495413903 10 1.9986392337103456]
	[RESULT 5] [71 6930.359634490593 10 1.8134223308538124]
	[RESULT 6] [2 10.001377231826206 10 1.9989448470298188]
	[RESULT 7] [31 10.145889564935942 10 1.9950631254540363]
[OBJECTIVES]
	[RESULT 1] [0.01227298 0.00048232 0.01775531 0.0039     0.         0.0039    ]
	[RESULT 2] [0.01063573 0.01653607 0.00590034 0.0039     0.         0.0039    ]
	[RESULT 3] [0.0126231  0.02056357 0.00794047 0.0003     0.         0.0003    ]
	[RESULT 4] [0.0120847  0.01128353 0.02163177 0.001      0.         0.001     ]
	[RESULT 5] [0.00922417 0.01380445 0.00458028 0.005      0.0021     0.0071    ]
	[RESULT 6] [1.24843959e-02 3.15524888e-05 1.75159484e-02 2.00000000e-04
 0.00000000e+00 2.00000000e-04]
	[RESULT 7] [0.01103831 0.00295981 0.01899811 0.0031     0.         0.0031    ]
