[METRICS]
	[DISEQUILIBRIUM COUNT] 46
[VARIABLES]
	[RESULT 1] [1 9816.046516701103 10 1.980316166553546]
	[RESULT 2] [69 8535.430879744326 10 1.9413064653442662]
	[RESULT 3] [37 8484.87309297514 10 1.9744550734883934]
	[RESULT 4] [39 10.825697190100112 10 1.9536474567487854]
	[RESULT 5] [18 157.97032352384642 10 1.878614946407898]
	[RESULT 6] [2 12.754928030974497 10 1.7367131492738648]
[OBJECTIVES]
	[RESULT 1] [1.25531864e-02 2.03587440e-02 7.80555754e-03 1.00000000e-04
 0.00000000e+00 1.00000000e-04]
	[RESULT 2] [0.00919272 0.01367529 0.00448257 0.005      0.0019     0.0069    ]
	[RESULT 3] [0.01075911 0.01680977 0.00605066 0.0037     0.         0.0037    ]
	[RESULT 4] [0.01068019 0.00384436 0.01952455 0.0039     0.         0.0039    ]
	[RESULT 5] [0.01180681 0.01630453 0.01688866 0.0018     0.         0.0018    ]
	[RESULT 6] [0.0127544  0.00016147 0.01791587 0.0002     0.         0.0002    ]
