[METRICS]
	[DISEQUILIBRIUM COUNT] 121
[VARIABLES]
	[RESULT 1] [2 10.50632806156539 10 0.2593673582750518]
	[RESULT 2] [28 10.118993816943686 10 1.989784590335164]
	[RESULT 3] [7 102.74681775758992 10 1.99917328197887]
	[RESULT 4] [2 8803.713131500113 10 1.7330531579457609]
	[RESULT 5] [42 8539.455804594561 10 1.9544758865442569]
	[RESULT 6] [1 10.185746421784293 10 1.9946830934486517]
	[RESULT 7] [34 10.03067081460896 1 0.7297082995883815]
[OBJECTIVES]
	[RESULT 1] [ 0.01453343 -0.00394091  0.01559252  0.0002      0.          0.0002    ]
	[RESULT 2] [0.01119363 0.00264246 0.01883608 0.0028     0.         0.0028    ]
	[RESULT 3] [0.01223417 0.01256129 0.02020455 0.0007     0.         0.0007    ]
	[RESULT 4] [0.01275825 0.0207976  0.00803935 0.0002     0.         0.0002    ]
	[RESULT 5] [0.01052935 0.0163484  0.00581905 0.0042     0.         0.0042    ]
	[RESULT 6] [ 1.25386895e-02 -3.10285611e-05  1.75076610e-02  1.00000000e-04
  0.00000000e+00  1.00000000e-04]
	[RESULT 7] [ 0.01456388 -0.0041201   0.01544378  0.0034      0.          0.0034    ]
