[METRICS]
	[DISEQUILIBRIUM COUNT] 15
[VARIABLES]
	[RESULT 1] [35 9392.629843209354 10 1.9868095765008307]
	[RESULT 2] [70 9843.164499729155 10 1.999989283102591]
	[RESULT 3] [3 9843.164499729155 10 1.5687069684145634]
	[RESULT 4] [1 10.439361404028705 10 1.5553321379980667]
	[RESULT 5] [40 10.617367509157216 10 1.8819574902539502]
	[RESULT 6] [24 10.247490097332335 5 1.7714734085590464]
	[RESULT 7] [8 177.793493338693 10 1.9747402270166485]
[OBJECTIVES]
	[RESULT 1] [0.01084663 0.0169569  0.00611027 0.0035     0.         0.0035    ]
	[RESULT 2] [0.00908334 0.01341837 0.00433503 0.005      0.002      0.007     ]
	[RESULT 3] [0.01288381 0.02101931 0.00813549 0.0003     0.         0.0003    ]
	[RESULT 4] [ 1.29983195e-02 -8.87279204e-04  1.71110403e-02  1.00000000e-04
  0.00000000e+00  1.00000000e-04]
	[RESULT 5] [0.01070338 0.00374664 0.01945002 0.004      0.         0.004     ]
	[RESULT 6] [ 0.01370125 -0.00234078  0.01636047  0.0024      0.          0.0024    ]
	[RESULT 7] [0.01220882 0.0162468  0.01654437 0.0008     0.         0.0008    ]
