[METRICS]
	[DISEQUILIBRIUM COUNT] 13
[VARIABLES]
	[RESULT 1] [36 6367.541942011387 10 1.9624547398843895]
	[RESULT 2] [29 10.796223567519903 10 1.7944819510271006]
	[RESULT 3] [4 140.7822711592444 10 1.9169582803632763]
	[RESULT 4] [4 8121.933562065519 10 1.7871867422394379]
	[RESULT 5] [31 10.726332263043194 1 0.5200713539527712]
	[RESULT 6] [68 9658.46779109259 10 1.9769808130887847]
	[RESULT 7] [4 10.201813264146502 9 1.625634141818163]
[OBJECTIVES]
	[RESULT 1] [0.01082126 0.01702966 0.0062084  0.0036     0.         0.0036    ]
	[RESULT 2] [0.01134388 0.00250971 0.0188536  0.0029     0.         0.0029    ]
	[RESULT 3] [0.01246753 0.01423221 0.01830026 0.0004     0.         0.0004    ]
	[RESULT 4] [0.01260149 0.02050742 0.00790593 0.0004     0.         0.0004    ]
	[RESULT 5] [ 0.01498318 -0.00478608  0.0151971   0.0031      0.          0.0031    ]
	[RESULT 6] [0.00920656 0.01366956 0.00446301 0.005      0.0018     0.0068    ]
	[RESULT 7] [ 0.01402244 -0.00299452  0.01602791  0.0004      0.          0.0004    ]
