[METRICS]
	[DISEQUILIBRIUM COUNT] 0
[VARIABLES]
	[RESULT 1] [2 332.68287476126375 1 0.10122931608206776]
	[RESULT 2] [19 9160.722672806007 10 1.9827921283804621]
	[RESULT 3] [31 9174.439759514653 10 1.9982687949982583]
	[RESULT 4] [64 9837.93290498275 10 1.9988723057599054]
	[RESULT 5] [4 9863.079049290614 10 1.999986301638437]
	[RESULT 6] [5 315.0957570484584 10 1.9576600277401537]
[OBJECTIVES]
	[RESULT 1] [0.01700469 0.01007602 0.01791929 0.0002     0.         0.0002    ]
	[RESULT 2] [0.01165069 0.01857162 0.00692093 0.0019     0.         0.0019    ]
	[RESULT 3] [0.01103508 0.01734    0.00630493 0.0031     0.         0.0031    ]
	[RESULT 4] [0.00938447 0.01402075 0.00463628 0.005      0.0014     0.0064    ]
	[RESULT 5] [0.01238335 0.02001787 0.00763453 0.0004     0.         0.0004    ]
	[RESULT 6] [0.01237612 0.01907638 0.0135475  0.0005     0.         0.0005    ]
