[METRICS]
	[DISEQUILIBRIUM COUNT] 99
[VARIABLES]
	[RESULT 1] [1 9421.447693705322 10 1.9597617354640684]
	[RESULT 2] [1 10.051318736599477 10 0.9726030108504624]
	[RESULT 3] [30 10.181717583165204 10 1.9549875104405656]
	[RESULT 4] [15 153.42399188155468 10 1.9858830698854482]
	[RESULT 5] [71 9989.680198700093 10 1.9199134160854119]
	[RESULT 6] [30 10.403314672439947 1 0.5805078037783861]
	[RESULT 7] [39 7932.063255560168 10 1.9870774137231215]
[OBJECTIVES]
	[RESULT 1] [1.25739874e-02 2.04108159e-02 7.83682852e-03 1.00000000e-04
 0.00000000e+00 1.00000000e-04]
	[RESULT 2] [ 1.36647313e-02 -2.31663941e-03  1.63480918e-02  1.00000000e-04
  0.00000000e+00  1.00000000e-04]
	[RESULT 3] [0.01112883 0.00278769 0.01891652 0.003      0.         0.003     ]
	[RESULT 4] [0.01184757 0.01603472 0.01711771 0.0015     0.         0.0015    ]
	[RESULT 5] [0.00911452 0.01347706 0.00436254 0.005      0.0021     0.0071    ]
	[RESULT 6] [ 0.01495445 -0.00480847  0.01514598  0.003       0.          0.003     ]
	[RESULT 7] [0.01064636 0.01660436 0.005958   0.0039     0.         0.0039    ]
