[METRICS]
	[DISEQUILIBRIUM COUNT] 85
[VARIABLES]
	[RESULT 1] [8 131.85836402213164 10 1.9886549824948792]
	[RESULT 2] [37 3620.6145013367154 10 1.9964772399268624]
	[RESULT 3] [1 10.001878379835532 9 1.8699670577920982]
	[RESULT 4] [31 10.142199790510174 10 1.8895898922497838]
	[RESULT 5] [1 4589.83186499885 10 1.914074634301359]
	[RESULT 6] [44 10.118008902411525 3 0.18045003624863434]
	[RESULT 7] [1 10.035215559099896 10 1.9864836542736641]
	[RESULT 8] [69 3251.070442523454 10 1.9632119746027874]
[OBJECTIVES]
	[RESULT 1] [0.01219477 0.01434201 0.01846322 0.0008     0.         0.0008    ]
	[RESULT 2] [0.01073688 0.01714751 0.00641062 0.0037     0.         0.0037    ]
	[RESULT 3] [ 1.39157037e-02 -2.83093773e-03  1.60847659e-02  1.00000000e-04
  0.00000000e+00  1.00000000e-04]
	[RESULT 4] [0.01114554 0.00274441 0.01888996 0.0031     0.         0.0031    ]
	[RESULT 5] [1.26204794e-02 2.07751660e-02 8.15468663e-03 1.00000000e-04
 0.00000000e+00 1.00000000e-04]
	[RESULT 6] [ 0.01473049 -0.0044315   0.01529898  0.0044      0.          0.0044    ]
	[RESULT 7] [ 1.25469589e-02 -8.51169892e-05  1.74618419e-02  1.00000000e-04
  0.00000000e+00  1.00000000e-04]
	[RESULT 8] [0.00917049 0.01408924 0.00491875 0.005      0.0019     0.0069    ]
