[METRICS]
	[DISEQUILIBRIUM COUNT] 92
[VARIABLES]
	[RESULT 1] [2 10.226117822794365 10 1.0152119082227113]
	[RESULT 2] [35 9396.947550888093 10 1.6188256958607359]
	[RESULT 3] [30 10.280184953137573 10 1.4536353406260019]
	[RESULT 4] [14 15.050595352414547 10 1.59026099186536]
	[RESULT 5] [65 9759.054718004101 10 1.9927300355231587]
	[RESULT 6] [1 9661.756715140093 10 1.7928308358191913]
	[RESULT 7] [32 10.212918620498385 4 1.5430183495895184]
[OBJECTIVES]
	[RESULT 1] [ 0.01356361 -0.00207083  0.01649279  0.0002      0.          0.0002    ]
	[RESULT 2] [0.01122975 0.01772301 0.00649327 0.0035     0.         0.0035    ]
	[RESULT 3] [0.01165974 0.00175038 0.01841011 0.003      0.         0.003     ]
	[RESULT 4] [0.0123105  0.00158094 0.01889144 0.0014     0.         0.0014    ]
	[RESULT 5] [0.00934066 0.01393515 0.00459449 0.005      0.0015     0.0065    ]
	[RESULT 6] [1.27456059e-02 2.07475758e-02 8.00196993e-03 1.00000000e-04
 0.00000000e+00 1.00000000e-04]
	[RESULT 7] [ 0.01360456 -0.00215601  0.01644855  0.0032      0.          0.0032    ]
