[METRICS]
	[DISEQUILIBRIUM COUNT] 64
[VARIABLES]
	[RESULT 1] [3 10.041316716613318 5 1.9976559381715664]
	[RESULT 2] [33 3632.8584779914127 10 1.9993933622600963]
	[RESULT 3] [67 9950.113442161803 10 1.9976754622954849]
	[RESULT 4] [11 123.8149355932257 10 1.9935024264846284]
	[RESULT 5] [30 10.073519864675081 10 1.9822887700744862]
	[RESULT 6] [1 9760.8555087929 10 1.9698037946697662]
[OBJECTIVES]
	[RESULT 1] [ 0.01451903 -0.00402773  0.0154913   0.0003      0.          0.0003    ]
	[RESULT 2] [0.01093394 0.01753942 0.00660547 0.0033     0.         0.0033    ]
	[RESULT 3] [0.00923567 0.01372035 0.00448468 0.005      0.0017     0.0067    ]
	[RESULT 4] [0.01203988 0.01422789 0.01873223 0.0011     0.         0.0011    ]
	[RESULT 5] [0.01110119 0.00281598 0.01891717 0.003      0.         0.003     ]
	[RESULT 6] [1.25638159e-02 2.03814169e-02 7.81760100e-03 1.00000000e-04
 0.00000000e+00 1.00000000e-04]
