[METRICS]
	[DISEQUILIBRIUM COUNT] 1
[VARIABLES]
	[RESULT 1] [35 10.026966146967904 10 1.9987951566397353]
	[RESULT 2] [2 9081.805668821547 10 1.992063898779966]
	[RESULT 3] [67 9130.42651166066 10 1.991753274046622]
	[RESULT 4] [37 9990.587031490464 10 1.9980121349089033]
	[RESULT 5] [4 23.416967545298203 9 1.9975487783349435]
	[RESULT 6] [7 14.54847474174021 10 1.9096035120622503]
[OBJECTIVES]
	[RESULT 1] [0.01083455 0.00333765 0.01917219 0.0035     0.         0.0035    ]
	[RESULT 2] [0.01249133 0.02025523 0.0077639  0.0002     0.         0.0002    ]
	[RESULT 3] [0.00924164 0.01375442 0.00451278 0.005      0.0017     0.0067    ]
	[RESULT 4] [0.01073534 0.01671867 0.00598334 0.0037     0.         0.0037    ]
	[RESULT 5] [0.0136358  0.00068584 0.01932164 0.0004     0.         0.0004    ]
	[RESULT 6] [0.01232505 0.00143755 0.0187626  0.0007     0.         0.0007    ]
