[METRICS]
	[DISEQUILIBRIUM COUNT] 25
[VARIABLES]
	[RESULT 1] [35 5360.2132700563325 10 1.999498230248175]
	[RESULT 2] [1 8588.242863575919 10 1.9873382751932953]
	[RESULT 3] [1 10.104292745117842 10 1.965987168520632]
	[RESULT 4] [36 12.461517402892575 9 0.14196804589318213]
	[RESULT 5] [27 10.247678925722672 10 1.8893124986562453]
	[RESULT 6] [5 10.102769814954447 10 1.977577834628011]
	[RESULT 7] [72 6982.803902688313 10 1.9810641979746157]
	[RESULT 8] [17 112.06175965774639 10 1.9629309495735936]
[OBJECTIVES]
	[RESULT 1] [0.01083384 0.01712637 0.00629254 0.0035     0.         0.0035    ]
	[RESULT 2] [1.25460965e-02 2.03802697e-02 7.83417320e-03 1.00000000e-04
 0.00000000e+00 1.00000000e-04]
	[RESULT 3] [ 1.25676797e-02 -1.09313411e-04  1.74583663e-02  1.00000000e-04
  0.00000000e+00  1.00000000e-04]
	[RESULT 4] [ 0.01424703 -0.00289346  0.01635357  0.0036      0.          0.0036    ]
	[RESULT 5] [0.01134583 0.00237011 0.01871594 0.0027     0.         0.0027    ]
	[RESULT 6] [0.01235595 0.00031376 0.01766971 0.0005     0.         0.0005    ]
	[RESULT 7] [0.00900243 0.01335833 0.0043559  0.005      0.0022     0.0072    ]
	[RESULT 8] [0.01177078 0.01408599 0.01914323 0.0017     0.         0.0017    ]
