[METRICS]
	[DISEQUILIBRIUM COUNT] 45
[VARIABLES]
	[RESULT 1] [76 7677.434746056588 10 1.9446767121444164]
	[RESULT 2] [32 10.1648251997938 10 1.973904245590404]
	[RESULT 3] [3 134.34960184151336 10 1.9826360040997895]
	[RESULT 4] [36 10.282160287101318 3 0.1519734179740202]
	[RESULT 5] [1 6986.197750031952 9 1.397215699347266]
	[RESULT 6] [6 10.13030460090366 10 1.5099642672858307]
	[RESULT 7] [30 7554.70680031363 10 1.9989224685915086]
	[RESULT 8] [1 10.440835797626074 3 1.9901411432859208]
[OBJECTIVES]
	[RESULT 1] [0.0088393  0.01300045 0.00416116 0.005      0.0026     0.0076    ]
	[RESULT 2] [0.01100967 0.0030218  0.01903147 0.0032     0.         0.0032    ]
	[RESULT 3] [0.01245084 0.01395499 0.01859417 0.0003     0.         0.0003    ]
	[RESULT 4] [ 0.01517044 -0.00527053  0.0148999   0.0036      0.          0.0036    ]
	[RESULT 5] [1.44224055e-02 2.08018919e-02 9.77570261e-03 1.00000000e-04
 0.00000000e+00 1.00000000e-04]
	[RESULT 6] [ 0.01279778 -0.00056303  0.01723475  0.0006      0.          0.0006    ]
	[RESULT 7] [0.01108442 0.01749586 0.00641144 0.003      0.         0.003     ]
	[RESULT 8] [ 1.47307688e-02 -4.35181239e-03  1.53789564e-02  1.00000000e-04
  0.00000000e+00  1.00000000e-04]
