[METRICS]
	[DISEQUILIBRIUM COUNT] 60
[VARIABLES]
	[RESULT 1] [1 9312.027329094151 10 1.9471913814543604]
	[RESULT 2] [35 10.027006017323558 10 1.999691590729644]
	[RESULT 3] [13 125.03098718897802 10 1.8409799575063754]
	[RESULT 4] [39 9773.549163599588 10 1.9999183869785495]
	[RESULT 5] [5 10.154194790884 10 1.846511436243176]
	[RESULT 6] [4 10.11921615354121 10 1.7795245133758986]
[OBJECTIVES]
	[RESULT 1] [1.25867437e-02 2.04393875e-02 7.85264382e-03 1.00000000e-04
 0.00000000e+00 1.00000000e-04]
	[RESULT 2] [0.01083364 0.00333946 0.01917311 0.0035     0.         0.0035    ]
	[RESULT 3] [0.01209561 0.01418255 0.01872184 0.0013     0.         0.0013    ]
	[RESULT 4] [0.01063342 0.01652029 0.00588687 0.0039     0.         0.0039    ]
	[RESULT 5] [1.24898903e-02 5.87088196e-05 1.75485991e-02 5.00000000e-04
 0.00000000e+00 5.00000000e-04]
	[RESULT 6] [ 0.0126095  -0.00018922  0.01742027  0.0004      0.          0.0004    ]
