[METRICS]
	[DISEQUILIBRIUM COUNT] 22
[VARIABLES]
	[RESULT 1] [1 7995.372949652712 10 1.996502673755818]
	[RESULT 2] [3 12.018331070370152 10 1.2244804850024882]
	[RESULT 3] [40 10.36408296994452 4 0.3873822107410543]
	[RESULT 4] [32 10.23655000071264 10 1.9484148846932106]
	[RESULT 5] [70 9670.427619465643 10 1.9965335631737073]
	[RESULT 6] [36 9009.916166722323 10 1.9980982662228481]
	[RESULT 7] [12 78.37553677570537 10 1.9854237753455914]
	[RESULT 8] [12 10.893145756427776 10 1.9777438401572247]
[OBJECTIVES]
	[RESULT 1] [1.25368560e-02 2.03829123e-02 7.84605631e-03 1.00000000e-04
 0.00000000e+00 1.00000000e-04]
	[RESULT 2] [ 0.01326819 -0.00104178  0.01722641  0.0003      0.          0.0003    ]
	[RESULT 3] [ 0.0146021  -0.00411351  0.01548859  0.004       0.          0.004     ]
	[RESULT 4] [0.0110355 0.002988  0.0190235 0.0032    0.        0.0032   ]
	[RESULT 5] [0.00908682 0.01342979 0.00434296 0.005      0.002      0.007     ]
	[RESULT 6] [0.01078525 0.01684522 0.00605998 0.0036     0.         0.0036    ]
	[RESULT 7] [0.01199803 0.01115618 0.02184579 0.0012     0.         0.0012    ]
	[RESULT 8] [0.01200579 0.00120974 0.01821552 0.0012     0.         0.0012    ]
