[METRICS]
	[DISEQUILIBRIUM COUNT] 2
[VARIABLES]
	[RESULT 1] [66 9595.815993344837 10 1.9738873327429522]
	[RESULT 2] [35 9925.784220106307 10 1.9994025478787618]
	[RESULT 3] [27 27.137462374180938 10 1.9525293805657196]
	[RESULT 4] [1 9892.704266492156 10 1.999584724885713]
	[RESULT 5] [21 9911.893060793844 10 1.9750456960012186]
	[RESULT 6] [4 30.551162981440292 2 1.9722696490961629]
[OBJECTIVES]
	[RESULT 1] [0.00930968 0.01387748 0.00456779 0.005      0.0016     0.0066    ]
	[RESULT 2] [0.01083393 0.01691748 0.00608354 0.0035     0.         0.0035    ]
	[RESULT 3] [0.01128132 0.00609491 0.02237623 0.0027     0.         0.0027    ]
	[RESULT 4] [1.25337515e-02 2.03179362e-02 7.78418465e-03 1.00000000e-04
 0.00000000e+00 1.00000000e-04]
	[RESULT 5] [0.01155851 0.01836698 0.00680847 0.0021     0.         0.0021    ]
	[RESULT 6] [ 1.46335432e-02 -5.16911144e-06  1.96283740e-02  4.00000000e-04
  0.00000000e+00  4.00000000e-04]
