[METRICS]
	[DISEQUILIBRIUM COUNT] 65
[VARIABLES]
	[RESULT 1] [73 9904.97698916406 10 1.976796332774272]
	[RESULT 2] [35 9828.450173929978 10 1.9918727261751152]
	[RESULT 3] [30 10.032032431055871 10 1.804284543600695]
	[RESULT 4] [5 133.2331772576445 10 1.9835625654789413]
	[RESULT 5] [39 10.03031006494511 8 0.12638323536770446]
	[RESULT 6] [1 10.026272540323584 8 1.854597287054426]
	[RESULT 7] [1 9870.549864021445 10 0.14974409240986886]
[OBJECTIVES]
	[RESULT 1] [0.00895674 0.01316361 0.00420687 0.005      0.0023     0.0073    ]
	[RESULT 2] [0.01084152 0.0169351  0.00609358 0.0035     0.         0.0035    ]
	[RESULT 3] [0.01128368 0.00244065 0.01872433 0.003      0.         0.003     ]
	[RESULT 4] [0.01234991 0.01410113 0.01854896 0.0005     0.         0.0005    ]
	[RESULT 5] [ 0.0145357  -0.00406382  0.01547188  0.0039      0.          0.0039    ]
	[RESULT 6] [ 1.43482083e-02 -3.68985015e-03  1.56583581e-02  1.00000000e-04
  0.00000000e+00  1.00000000e-04]
	[RESULT 7] [1.47360745e-02 2.02768609e-02 9.98706463e-03 1.00000000e-04
 0.00000000e+00 1.00000000e-04]
