[METRICS]
	[DISEQUILIBRIUM COUNT] 8
[VARIABLES]
	[RESULT 1] [33 5742.874440477417 10 1.9823062114763343]
	[RESULT 2] [2 5099.935692884241 10 1.9968363412948587]
	[RESULT 3] [7 180.50262498879312 10 1.9285476287238934]
	[RESULT 4] [60 6953.292327830892 10 1.8877425760388473]
	[RESULT 5] [1 10.34438870472253 10 1.961942605935138]
	[RESULT 6] [27 10.98723869542714 10 1.9279996626545317]
[OBJECTIVES]
	[RESULT 1] [0.01095118 0.01733096 0.00637978 0.0033     0.         0.0033    ]
	[RESULT 2] [0.01248652 0.02045474 0.00796822 0.0002     0.         0.0002    ]
	[RESULT 3] [0.01230571 0.01614652 0.01654777 0.0007     0.         0.0007    ]
	[RESULT 4] [0.00969744 0.01474982 0.00505239 0.005      0.001      0.006     ]
	[RESULT 5] [ 1.25717769e-02 -5.77521887e-05  1.75140247e-02  1.00000000e-04
  0.00000000e+00  1.00000000e-04]
	[RESULT 6] [0.01130627 0.00263185 0.01893813 0.0027     0.         0.0027    ]
