[METRICS]
	[DISEQUILIBRIUM COUNT] 45
[VARIABLES]
	[RESULT 1] [40 5320.72436464768 10 1.9755284141437195]
	[RESULT 2] [2 10.184662406295665 10 1.7470924339965144]
	[RESULT 3] [36 14.35778762474979 10 1.9838570766316466]
	[RESULT 4] [13 102.5689388390941 10 1.9963049544901508]
	[RESULT 5] [3 10.19603398959724 10 1.9968405247538221]
	[RESULT 6] [67 5250.833964050664 10 1.8861494665328187]
	[RESULT 7] [1 9589.287200621131 10 1.9720003917715907]
	[RESULT 8] [23 10.16860154593794 10 1.9502726276999378]
[OBJECTIVES]
	[RESULT 1] [0.01060803 0.0166781  0.00607007 0.004      0.         0.004     ]
	[RESULT 2] [ 0.01274348 -0.00044088  0.0173026   0.0002      0.          0.0002    ]
	[RESULT 3] [0.01079961 0.00444473 0.02024434 0.0036     0.         0.0036    ]
	[RESULT 4] [0.01193706 0.01314353 0.01991942 0.0013     0.         0.0013    ]
	[RESULT 5] [0.01243652 0.00017588 0.0176124  0.0003     0.         0.0003    ]
	[RESULT 6] [0.00934907 0.01416624 0.00481716 0.005      0.0017     0.0067    ]
	[RESULT 7] [1.25615933e-02 2.03814701e-02 7.81987680e-03 1.00000000e-04
 0.00000000e+00 1.00000000e-04]
	[RESULT 8] [0.01148361 0.00207485 0.01855847 0.0023     0.         0.0023    ]
