[METRICS]
	[DISEQUILIBRIUM COUNT] 1136
	[MINIMUM S0 sTrt S1 DISTANCE]0.004022715452994263
	[MINIMUM S0 sTrt S21 DISTANCE]-0.025954626151651713
	[MINIMUM S0 sTrt S22 DISTANCE]0.01510870109051593
	[MINIMUM S7 sTrt S6 DISTANCE]0.0077139058093083634
	[MINIMUM S7 sTrt S8 DISTANCE]0.0028165407136701015
	[MINIMUM S7 sTrt S21 DISTANCE]0.09021740218103183
	[MINIMUM S7 esTrt S22 DISTANCE]0.0
	[MINIMUM S14 sTrt S13 DISTANCE]2.1551949558329397e-08
	[MINIMUM S14 sTrt S15 DISTANCE]0.005108701090515921
	[MINIMUM S14 sTrt S21 DISTANCE]0.00021740218103181996
	[MINIMUM S14 sTrt S22 DISTANCE]0.0
	[MINIMUM S20 sTrt S19 DISTANCE]0.005522715452994098
	[MINIMUM S20 sTrt S21 DISTANCE]-0.026454626151651714
	[MINIMUM S20 sTrt S22 DISTANCE]0.0027561561435421184
	[AVERAGE S0 sTrt S1 DISTANCE]0.020208509970721638
	[AVERAGE S0 sTrt S21 DISTANCE]0.009752721211649622
	[AVERAGE S0 sTrt S22 DISTANCE]0.016609197465794003
	[AVERAGE S7 sTrt S6 DISTANCE]0.017045525788865267
	[AVERAGE S7 sTrt S8 DISTANCE]0.012634095284068609
	[AVERAGE S7 sTrt S21 DISTANCE]0.0932183949315882
	[AVERAGE S7 sTrt S22 DISTANCE]0.0
	[AVERAGE S14 sTrt S13 DISTANCE]0.004747739950251427
	[AVERAGE S14 sTrt S15 DISTANCE]0.00660919746579405
	[AVERAGE S14 sTrt S21 DISTANCE]0.003218394931588092
	[AVERAGE S14 sTrt S22 DISTANCE]0.0
	[AVERAGE S20 sTrt S19 DISTANCE]0.019743857065404602
	[AVERAGE S20 sTrt S21 DISTANCE]-0.0015512867602834595
	[AVERAGE S20 sTrt S22 DISTANCE]0.006824853006873145
[VARIABLES]
	[RESULT 1] [0 47.4018853196923 1 1 5 3906.853296196433 100]
	[RESULT 2] [0 5.483024052595376 0 1 16 3988.7600369122333 100]
	[RESULT 3] [0 7.402548200197323 0 4 15 3998.5501631220777 100]
	[RESULT 4] [0 5.7322346145430565 1 1 16 3983.669466170103 85]
	[RESULT 5] [0 5.159226364551685 1 1 16 3857.3382337757857 86]
	[RESULT 6] [0 8.847432519721686 0 1 15 3981.149021170555 100]
	[RESULT 7] [0 5.0034032902135746 1 4 12 1716.8853782759156 99]
	[RESULT 8] [0 49.92557707721486 1 4 18 1036.746526358162 4]
	[RESULT 9] [1 10.979890368569913 0 4 17 3942.0451810989416 78]
	[RESULT 10] [1 5.775082609674605 0 1 18 3999.995444003473 100]
	[RESULT 11] [0 5.772526095070747 1 1 16 3989.9369532050487 100]
	[RESULT 12] [0 6.221034418444383 1 4 4 3888.1627617033682 99]
	[RESULT 13] [0 7.408224520552001 0 1 18 3993.468017665706 100]
	[RESULT 14] [0 6.606204943359615 0 4 14 3999.9763551737233 99]
	[RESULT 15] [0 9.22465671880323 0 1 15 3997.29336705574 100]
	[RESULT 16] [0 6.05568239872297 0 1 19 3988.073358591898 100]
	[RESULT 17] [0 5.745373013796799 0 1 18 3994.464431139267 100]
	[RESULT 18] [0 7.094014344769707 1 4 15 1104.9639351442972 19]
	[RESULT 19] [1 6.160557252029669 0 1 16 3999.9999429422296 100]
	[RESULT 20] [0 5.368363652514222 1 4 4 3991.7401874444504 99]
	[RESULT 21] [1 5.380950217250023 1 4 13 1380.6681371375744 13]
	[RESULT 22] [0 6.212587280927423 1 4 15 3949.962537347798 100]
	[RESULT 23] [0 7.732159958710501 1 1 19 3903.2491022612767 78]
	[RESULT 24] [0 5.261804665248787 0 1 21 3985.149270538263 91]
	[RESULT 25] [1 44.52121951645805 0 1 23 3968.8591626969364 79]
	[RESULT 26] [1 5.513669420862533 0 1 16 3999.9999429422296 100]
	[RESULT 27] [0 7.969071513209184 1 1 19 3954.55592535056 95]
	[RESULT 28] [0 5.94864544261692 1 1 19 3812.370172555821 100]
	[RESULT 29] [1 5.892013300981119 0 1 20 3999.976363804145 100]
	[RESULT 30] [1 49.76633167467901 0 1 18 3991.2700205458395 100]
	[RESULT 31] [1 7.444840771700868 0 1 19 3999.9449874515244 100]
	[RESULT 32] [0 5.772526095070747 1 1 16 3958.803997911316 100]
	[RESULT 33] [1 45.67223153640664 1 1 20 3999.998865721648 100]
	[RESULT 34] [1 5.863418136098459 0 1 18 3999.9999429422296 100]
	[RESULT 35] [0 49.97030378256527 1 4 11 3999.9997200774615 100]
	[RESULT 36] [1 5.902107400268128 0 1 18 3999.976363804145 100]
	[RESULT 37] [0 5.78206205048556 1 1 16 1037.2404031681801 20]
	[RESULT 38] [0 49.13015364803017 0 4 19 3797.6876504865513 96]
	[RESULT 39] [0 49.99672693158247 0 4 16 3972.9841434054697 100]
	[RESULT 40] [0 9.183908759549254 1 4 19 3992.3172934614286 3]
	[RESULT 41] [0 8.112610167197694 1 4 17 1492.5617580127323 95]
	[RESULT 42] [0 9.36473050643389 1 4 16 1076.104784219237 22]
	[RESULT 43] [1 46.96160423797143 0 4 17 3999.997748936836 92]
	[RESULT 44] [0 5.368363652514222 1 4 4 3600.2212397239864 100]
	[RESULT 45] [0 49.98596005159944 0 4 19 1004.5458364950111 3]
	[RESULT 46] [0 7.094159621078135 1 1 15 3475.8438057978947 19]
	[RESULT 47] [1 5.4646093380099074 0 1 15 3999.997677626341 100]
	[RESULT 48] [0 6.688675924715683 1 1 19 3996.880603321159 75]
	[RESULT 49] [0 9.97109342364175 0 4 15 1225.405353911307 22]
	[RESULT 50] [0 6.153005212345267 1 1 15 1014.9699049334379 19]
	[RESULT 51] [1 10.40682218344831 0 1 18 3992.8380187624207 100]
	[RESULT 52] [1 5.354132981066751 0 1 18 3999.995444003473 100]
	[RESULT 53] [0 8.139362191821272 1 4 19 3949.962537347798 100]
	[RESULT 54] [0 47.63503889249718 0 1 19 3996.6112556476473 100]
	[RESULT 55] [0 12.671458077032238 1 1 15 1286.147040480655 97]
	[RESULT 56] [1 5.228376889678769 0 1 16 3980.548718513756 100]
	[RESULT 57] [1 5.3216468844553955 0 1 16 3895.9381733501223 90]
	[RESULT 58] [0 49.11063378946311 0 1 19 1009.6921460301917 3]
	[RESULT 59] [1 6.0046623107142985 0 1 20 3936.883283036594 96]
	[RESULT 60] [1 5.095463848761485 0 1 13 3992.6237110231696 97]
	[RESULT 61] [0 5.368363652514222 1 4 4 1069.6091207702505 99]
	[RESULT 62] [0 6.935983712051216 0 1 15 3817.6910951353957 100]
	[RESULT 63] [1 6.0052414622098 0 1 20 3999.997204882647 100]
	[RESULT 64] [0 7.079979171810026 1 4 18 3996.978987505633 99]
	[RESULT 65] [0 5.497333500389303 0 1 19 3978.0331990776376 3]
	[RESULT 66] [1 47.99376977307767 0 1 17 3999.5411529879693 99]
	[RESULT 67] [1 6.9444589851707 0 1 19 3999.999961077567 96]
	[RESULT 68] [1 6.3618645474685165 0 1 16 3999.9999429422296 100]
	[RESULT 69] [0 6.15562351858713 1 4 15 1225.405353911307 96]
	[RESULT 70] [0 6.967696003777494 0 1 16 3900.0747829491042 99]
	[RESULT 71] [0 47.990763789410295 1 2 17 3990.199447991874 100]
	[RESULT 72] [1 5.000005344147887 1 1 20 1320.9614739593494 100]
	[RESULT 73] [1 8.749432879483487 0 4 18 3999.9999497160634 100]
	[RESULT 74] [1 6.152175849636169 0 4 17 3999.617848388318 92]
	[RESULT 75] [0 5.000609780928696 1 4 15 1007.0577989658702 21]
	[RESULT 76] [0 49.606750740158134 0 1 19 1852.603064348581 100]
	[RESULT 77] [0 49.66281518900226 1 1 19 3889.3625180153103 5]
	[RESULT 78] [0 5.000629935539614 0 1 19 3999.459330798502 100]
	[RESULT 79] [0 12.06432526871528 0 1 15 1200.3296903732341 97]
	[RESULT 80] [0 6.139406501290252 0 1 18 3772.8136248478017 1]
	[RESULT 81] [1 6.832781481475183 0 1 18 3999.995080636884 100]
	[RESULT 82] [1 5.301847905305199 1 4 4 3998.444642980473 100]
	[RESULT 83] [0 6.631412989406979 1 1 15 1716.8853782759156 99]
	[RESULT 84] [1 7.529061561499214 0 4 12 1050.9920055077207 95]
	[RESULT 85] [1 5.809528073780661 1 1 19 3999.8862791402694 100]
	[RESULT 86] [1 5.464244080899689 0 1 15 3999.9411074670834 100]
	[RESULT 87] [0 5.368363652514222 1 4 16 3994.421284020585 100]
	[RESULT 88] [0 49.91694658439504 1 1 18 3892.057204606157 99]
	[RESULT 89] [1 15.580351551619252 0 1 15 3999.8951424360885 100]
	[RESULT 90] [1 8.216422178816435 1 1 20 1297.6513452372128 100]
	[RESULT 91] [0 5.842344841453116 0 4 19 3998.734995222222 100]
	[RESULT 92] [1 8.808446324080546 0 4 13 3964.0626203353186 100]
	[RESULT 93] [0 7.627993404207624 0 1 16 1037.2404031681801 20]
	[RESULT 94] [0 49.97030378256527 1 4 11 1003.089825440557 100]
	[RESULT 95] [0 6.616862854306988 0 4 11 3999.9763551737233 100]
	[RESULT 96] [0 6.377808587307877 0 4 18 1004.5458364950111 5]
	[RESULT 97] [1 49.785841476011306 0 1 20 3999.997204882647 100]
	[RESULT 98] [0 49.38025912002964 0 4 18 3977.322191927338 79]
	[RESULT 99] [1 5.810489821959853 0 1 16 3999.9999429422296 100]
	[RESULT 100] [1 6.225325026692442 0 4 19 3994.470392805701 100]
	[RESULT 101] [0 5.180251897366883 1 4 4 3907.8157925292617 99]
	[RESULT 102] [1 5.58571200271684 0 1 15 3968.6611295049543 100]
	[RESULT 103] [1 7.742102830282898 0 4 14 3946.305024985928 78]
	[RESULT 104] [1 5.000004310408492 0 1 16 3985.135581731639 100]
	[RESULT 105] [1 5.324781254264574 0 1 20 3950.263210516249 100]
	[RESULT 106] [1 5.068496714662749 0 1 18 3999.995444003473 100]
	[RESULT 107] [0 5.069006972663114 1 4 6 3999.618909908072 98]
	[RESULT 108] [0 5.813675253710612 0 1 16 1200.3296903732341 100]
	[RESULT 109] [0 5.496815012362825 0 1 19 3585.5014636732462 2]
	[RESULT 110] [1 6.9444589851707 0 1 21 3798.7400806822693 96]
	[RESULT 111] [0 9.732047949842624 0 1 15 3751.4681770579396 99]
	[RESULT 112] [0 9.22465671880323 0 1 15 3984.4674910459444 97]
	[RESULT 113] [0 5.839740460350585 1 4 6 3839.702307415857 98]
	[RESULT 114] [1 5.7022498790583755 0 1 16 3999.949329964732 100]
	[RESULT 115] [0 45.637094214590114 1 4 18 3996.978987505633 99]
	[RESULT 116] [0 9.521011483269708 0 1 19 3937.596787712458 100]
	[RESULT 117] [1 5.940697553573981 0 1 14 1451.9517818283882 98]
	[RESULT 118] [0 5.440264025944527 0 1 16 3866.874029347163 100]
	[RESULT 119] [0 10.15669825321948 1 1 19 3979.1990521722055 100]
	[RESULT 120] [1 9.16601124922397 0 1 16 3999.999967714666 100]
[OBJECTIVES]
	[RESULT 1] [ 0.03459476  0.00947956  0.0151152   0.02497019  0.01526022  0.0902304
  0.          0.00984561  0.0051152   0.0002304   0.          0.03490524
 -0.00229003  0.0103848 ]
	[RESULT 2] [ 0.01438236 -0.01398913  0.01837149  0.01974841  0.02300543  0.09674298
  0.          0.00162851  0.00837149  0.00674298  0.          0.01488236
 -0.01548913  0.00337149]
	[RESULT 3] [ 0.00990088 -0.01656861  0.01646949  0.01465467  0.0217157   0.09293897
  0.          0.00353051  0.00646949  0.00293897  0.          0.01190088
 -0.02062964  0.00553051]
	[RESULT 4] [0.02925844 0.01285512 0.01788645 0.01779955 0.01357244 0.09577289
 0.         0.00211355 0.00788645 0.00577289 0.         0.02875844
 0.00662801 0.00761355]
	[RESULT 5] [0.0193743  0.02131248 0.01931322 0.01071732 0.00934376 0.09862644
 0.         0.00068678 0.00931322 0.00862644 0.         0.0188743
 0.00506108 0.00618678]
	[RESULT 6] [ 0.01971571 -0.00631577  0.01603147  0.01890507  0.02315788  0.09206295
  0.          0.00396853  0.00603147  0.00206295  0.          0.02021571
 -0.01125282  0.00446853]
	[RESULT 7] [2.52538250e-02 1.47631337e-02 1.99830413e-02 1.26523506e-02
 1.26184332e-02 9.99660825e-02 0.00000000e+00 1.69587356e-05
 9.98304126e-03 9.96608253e-03 0.00000000e+00 2.32538250e-02
 1.02707838e-02 7.01695874e-03]
	[RESULT 8] [0.01052421 0.01563308 0.01510887 0.0125988  0.00281654 0.09021774
 0.         0.00832662 0.00510887 0.00021774 0.         0.00852421
 0.00041534 0.01189113]
	[RESULT 9] [0.02512013 0.01916353 0.01571634 0.01923555 0.01066824 0.09143269
 0.         0.00485097 0.00571634 0.00143269 0.         0.02212013
 0.00840379 0.00628366]
	[RESULT 10] [ 0.00618778 -0.02162899  0.01781677  0.01456905  0.01893551  0.09563354
  0.          0.00218323  0.00781677  0.00563354  0.          0.00768778
 -0.02212899  0.00281677]
	[RESULT 11] [ 0.01935413 -0.0084667   0.01782083  0.02140832  0.02423335  0.09564167
  0.          0.00217917  0.00782083  0.00564167  0.          0.01985413
 -0.01482503  0.00767917]
	[RESULT 12] [0.02681867 0.01593012 0.0172512  0.01753253 0.01203494 0.09450241
 0.         0.00524639 0.0072512  0.00450241 0.         0.02481867
 0.00843253 0.0097488 ]
	[RESULT 13] [ 0.01371182 -0.01275522  0.01646704  0.01655647  0.02362239  0.09293408
  0.          0.00353296  0.00646704  0.00293408  0.          0.01421182
 -0.01682115  0.00403296]
	[RESULT 14] [ 0.01810512 -0.00881337  0.0169185   0.01943031  0.02440669  0.093837
  0.          0.0030815   0.0069185   0.003837    0.          0.02010512
 -0.01197638  0.0050815 ]
	[RESULT 15] [ 0.01148522 -0.01447178  0.015957    0.01467811  0.02276411  0.091914
  0.          0.004043    0.005957    0.001914    0.          0.01198522
 -0.01955778  0.004543  ]
	[RESULT 16] [ 0.01564227 -0.01179001  0.01743228  0.01896956  0.02410499  0.09486456
  0.          0.00256772  0.00743228  0.00486456  0.          0.01614227
 -0.01392545  0.00306772]
	[RESULT 17] [ 0.01166735 -0.01619737  0.01786472  0.01763075  0.02190132  0.09572943
  0.          0.00213528  0.00786472  0.00572943  0.          0.01216735
 -0.01769737  0.00286472]
	[RESULT 18] [0.01207396 0.01868999 0.01661602 0.01111295 0.00434499 0.09323205
 0.         0.00715193 0.00661602 0.00323205 0.         0.01007396
 0.00045794 0.01038398]
	[RESULT 19] [ 0.00668584 -0.02062838  0.01731422  0.01406425  0.01943581  0.09462844
  0.          0.00268578  0.00731422  0.00462844  0.          0.00818584
 -0.02199994  0.00318578]
	[RESULT 20] [ 0.02755455 -0.00109945  0.018654    0.02324172  0.02054972  0.097308
  0.          0.001346    0.008654    0.007308    0.          0.02955455
 -0.00579145  0.008346  ]
	[RESULT 21] [0.01508432 0.02370502 0.0186207  0.00986112 0.00710251 0.09724139
 0.         0.0013793  0.0086207  0.00724139 0.         0.01208432
 0.00046363 0.0083793 ]
	[RESULT 22] [ 0.02941103  0.00215123  0.0172598   0.02440479  0.01892438  0.0945196
  0.          0.00522061  0.0072598   0.0045196   0.          0.03141103
 -0.00532917  0.0097402 ]
	[RESULT 23] [0.0173427  0.02368241 0.01633971 0.01416179 0.00684121 0.09267941
 0.         0.00648088 0.00633971 0.00267941 0.         0.0168427
 0.006003   0.00916029]
	[RESULT 24] [0.03335389 0.00439132 0.01896258 0.01987919 0.01780434 0.09792516
 0.         0.00103742 0.00896258 0.00792516 0.         0.03385389
 0.00289132 0.00396258]
	[RESULT 25] [0.0281652  0.01671141 0.01512339 0.02164751 0.0118943  0.09024678
 0.         0.00512982 0.00512339 0.00024678 0.         0.0266652
 0.01095819 0.00537661]
	[RESULT 26] [ 0.00569683 -0.02260641  0.01830323  0.01505326  0.0184468   0.09660646
  0.          0.00169677  0.00830323  0.00660646  0.          0.00719683
 -0.02310641  0.00330323]
	[RESULT 27] [0.02346536 0.0202749  0.01625974 0.01734307 0.00986255 0.09251948
 0.         0.00672078 0.00625974 0.00251948 0.         0.02296536
 0.01079438 0.00924026]
	[RESULT 28] [3.44947344e-02 6.92884947e-03 1.75658849e-02 2.14038054e-02
 1.65355753e-02 9.51317699e-02 0.00000000e+00 2.80234517e-03
 7.56588494e-03 5.13176989e-03 0.00000000e+00 3.49947344e-02
 6.06193519e-05 7.93411506e-03]
	[RESULT 29] [ 0.00638093 -0.02126176  0.01764269  0.01440449  0.01911912  0.09528538
  0.          0.00235731  0.00764269  0.00528538  0.          0.00788093
 -0.02197639  0.00285731]
	[RESULT 30] [ 0.01536124 -0.00974801  0.01510925  0.0150945   0.02487599  0.0902185
  0.          0.00517225  0.00510925  0.0002185   0.          0.01686124
 -0.01552951  0.00539075]
	[RESULT 31] [ 0.00760345 -0.018848    0.01645145  0.01322889  0.020326    0.09290289
  0.          0.00354855  0.00645145  0.00290289  0.          0.00910345
 -0.02194511  0.00404855]
	[RESULT 32] [ 2.77375092e-02 -8.33236928e-05  1.78208329e-02  2.43999960e-02
  2.00416618e-02  9.56416659e-02  0.00000000e+00  2.17916706e-03
  7.82083294e-03  5.64166588e-03  0.00000000e+00  2.82375092e-02
 -6.44165781e-03  7.67916706e-03]
	[RESULT 33] [ 0.01388115 -0.01123883  0.01511998  0.01437055  0.02413058  0.09023997
  0.          0.00985995  0.00511998  0.00023997  0.          0.01538115
 -0.02199887  0.01038002]
	[RESULT 34] [ 0.00631682 -0.02136643  0.01768324  0.01443327  0.01906679  0.09536648
  0.          0.00231676  0.00768324  0.00536648  0.          0.00781682
 -0.02199994  0.00281676]
	[RESULT 35] [ 0.01489151 -0.01021725  0.01510877  0.01510891  0.02489137  0.09021753
  0.          0.0083263   0.00510877  0.00021753  0.          0.01689151
 -0.02199972  0.01189123]
	[RESULT 36] [ 0.00639495 -0.02123371  0.01762866  0.01439047  0.01913314  0.09525733
  0.          0.00237134  0.00762866  0.00525733  0.          0.00789495
 -0.02197639  0.00287134]
	[RESULT 37] [0.01326184 0.02106758 0.01780574 0.00992231 0.00553379 0.09561148
 0.         0.00219426 0.00780574 0.00561148 0.         0.01276184
 0.0004561  0.00769426]
	[RESULT 38] [0.02186031 0.0230289  0.01511079 0.01826397 0.00848555 0.09022158
 0.         0.00666763 0.00511079 0.00022158 0.         0.01986031
 0.00674952 0.00688921]
	[RESULT 39] [ 0.02287573 -0.00223297  0.0151087   0.01910092  0.02111649  0.09021741
  0.          0.00667389  0.0051087   0.00021741  0.          0.02487573
 -0.00901557  0.0068913 ]
	[RESULT 40] [0.03029187 0.01374361 0.01596452 0.02119915 0.0131282  0.09192905
 0.         0.00910643 0.00596452 0.00192905 0.         0.02829187
 0.00367266 0.01103548]
	[RESULT 41] [0.0147959  0.02101168 0.01621577 0.01307429 0.00550584 0.09243155
 0.         0.00835268 0.00621577 0.00243155 0.         0.0127959
 0.00358013 0.01078423]
	[RESULT 42] [0.01139712 0.01732913 0.01593201 0.01180054 0.00366457 0.09186403
 0.         0.00920396 0.00593201 0.00186403 0.         0.00939712
 0.00046511 0.01106799]
	[RESULT 43] [ 0.02666365  0.00154726  0.01511638  0.0207564   0.01947637  0.09023277
  0.          0.00665085  0.00511638  0.00023277  0.          0.02966365
 -0.00421997  0.00688362]
	[RESULT 44] [0.03487465 0.00622065 0.018654   0.01958168 0.01688968 0.097308
 0.         0.001346   0.008654   0.007308   0.         0.03312535
 0.00152865 0.008346  ]
	[RESULT 45] [0.01551973 0.02062846 0.01510873 0.01509677 0.00531423 0.09021746
 0.         0.00667381 0.00510873 0.00021746 0.         0.01351973
 0.000411   0.00689127]
	[RESULT 46] [0.01299796 0.01961391 0.01661595 0.01157506 0.00480695 0.0932319
 0.         0.00565216 0.00661595 0.0032319  0.         0.01249796
 0.00138201 0.00888405]
	[RESULT 47] [ 0.00558844 -0.02282544  0.01841388  0.01516504  0.01833728  0.09682776
  0.          0.00158612  0.00841388  0.00682776  0.          0.00708844
 -0.02332544  0.00341388]
	[RESULT 48] [3.48555326e-02 8.28481597e-03 1.68596514e-02 2.21382892e-02
 1.58575920e-02 9.37193028e-02 0.00000000e+00 4.92104574e-03
 6.85965142e-03 3.71930284e-03 0.00000000e+00 3.43555326e-02
 4.11881084e-06 8.64034858e-03]
	[RESULT 49] [0.01631378 0.02215115 0.01583737 0.01440084 0.00607557 0.09167474
 0.         0.0044879  0.00583737 0.00167474 0.         0.01431378
 0.00047641 0.00616263]
	[RESULT 50] [0.01277388 0.02009621 0.01732234 0.01040344 0.00504811 0.09464467
 0.         0.00353299 0.00732234 0.00464467 0.         0.01227388
 0.00045154 0.00817766]
	[RESULT 51] [ 0.0137867  -0.01199372  0.01578042  0.01531398  0.02375314  0.09156084
  0.          0.00421958  0.00578042  0.00156084  0.          0.0152867
 -0.01643288  0.00471958]
	[RESULT 52] [ 0.00531216 -0.02338024  0.0186924   0.01544468  0.01805988  0.0973848
  0.          0.0013076   0.0086924   0.0073848   0.          0.00681216
 -0.02388024  0.0036924 ]
	[RESULT 53] [ 0.03046291  0.004255    0.01620792  0.02454333  0.0178725   0.09241583
  0.          0.00837625  0.00620792  0.00241583  0.          0.03246291
 -0.00532917  0.01079208]
	[RESULT 54] [ 0.01286965 -0.01224494  0.01511459  0.0141067   0.02387753  0.09022917
  0.          0.00515624  0.00511459  0.00022917  0.          0.01336965
 -0.01901577  0.00538541]
	[RESULT 55] [0.0158048  0.02138141 0.0155766  0.01453749 0.0056907  0.09115321
 0.         0.00877019 0.0055766  0.00115321 0.         0.0153048
 0.0052282  0.0099234 ]
	[RESULT 56] [ 0.01586925 -0.01320116  0.01907041  0.02129024  0.02314942  0.09814082
  0.          0.00092959  0.00907041  0.00814082  0.          0.01736925
 -0.01370116  0.00407041]
	[RESULT 57] [0.02644398 0.01477286 0.01878316 0.01529725 0.01286357 0.09756632
 0.         0.00121684 0.00878316 0.00756632 0.         0.02494398
 0.00872714 0.00378316]
	[RESULT 58] [0.0155222  0.02063303 0.01511084 0.01509484 0.00531652 0.09022168
 0.         0.00516748 0.00511084 0.00022168 0.         0.0150222
 0.00041136 0.00538916]
	[RESULT 59] [0.02958705 0.01291876 0.01749419 0.01880225 0.01379062 0.09498837
 0.         0.00250581 0.00749419 0.00498837 0.         0.02808705
 0.01109287 0.00300581]
	[RESULT 60] [ 0.02513147 -0.0044328   0.01956428  0.02333785  0.0224664   0.09912855
  0.          0.00043572  0.00956428  0.00912855  0.          0.02663147
 -0.0049328   0.00456428]
	[RESULT 61] [0.02386548 0.01748052 0.018654   0.01395174 0.01125974 0.097308
 0.         0.001346   0.008654   0.007308   0.         0.02186548
 0.01021148 0.008346  ]
	[RESULT 62] [ 3.02821686e-02  3.57916189e-03  1.67030067e-02  2.48044056e-02
  1.82104191e-02  9.34060134e-02  0.00000000e+00  3.29699328e-03
  6.70300672e-03  3.40601345e-03  0.00000000e+00  3.07821686e-02
 -1.48246666e-05  3.79699328e-03]
	[RESULT 63] [ 0.00650933 -0.02098414  0.01749347  0.01424486  0.01925793  0.09498693
  0.          0.00250653  0.00749347  0.00498693  0.          0.00800933
 -0.02199721  0.00300653]
	[RESULT 64] [ 0.02607192 -0.00055147  0.01662339  0.02297104  0.02027573  0.09324678
  0.          0.00712984  0.00662339  0.00324678  0.          0.02807192
 -0.00930469  0.01037661]
	[RESULT 65] [0.03185062 0.00981011 0.01833927 0.01841641 0.01509495 0.09667854
 0.         0.00166073 0.00833927 0.00667854 0.         0.03135062
 0.00831011 0.00333927]
	[RESULT 66] [ 0.01933692 -0.00577673  0.01511365  0.01708894  0.02313836  0.0902273
  0.          0.00515904  0.00511365  0.0002273   0.          0.02083692
 -0.01154942  0.00538635]
	[RESULT 67] [ 0.02330193 -0.00339617  0.0166981   0.02144812  0.02194809  0.09339621
  0.          0.0033019   0.0066981   0.00339621  0.          0.02480193
 -0.00599996  0.0038019 ]
	[RESULT 68] [ 0.00688309 -0.02023389  0.01711697  0.013867    0.01963306  0.09423394
  0.          0.00288303  0.00711697  0.00423394  0.          0.00838309
 -0.02199994  0.00338303]
	[RESULT 69] [0.01654276 0.02386228 0.01731951 0.01229211 0.00693114 0.09463903
 0.         0.00504146 0.00731951 0.00463903 0.         0.01454276
 0.00422325 0.00968049]
	[RESULT 70] [0.0316878  0.01162739 0.01668481 0.02081669 0.01418631 0.09336962
 0.         0.00331519 0.00668481 0.00336962 0.         0.0311878
 0.00799701 0.00381519]
	[RESULT 71] [ 0.02192685 -0.00318681  0.01511366  0.01863392  0.0215934   0.09022732
  0.          0.00934098  0.00511366  0.00022732  0.          0.02292685
 -0.01495949  0.01088634]
	[RESULT 72] [3.37688910e-02 3.76891768e-03 1.99999733e-02 1.83655946e-02
 1.83655412e-02 9.99999466e-02 0.00000000e+00 2.67205966e-08
 9.99997328e-03 9.99994656e-03 0.00000000e+00 3.47311090e-02
 2.76886424e-03 5.50002672e-03]
	[RESULT 73] [ 0.00794729 -0.01810546  0.01605276  0.01280278  0.02069727  0.09210551
  0.          0.00394724  0.00605276  0.00210551  0.          0.01094729
 -0.02199995  0.00594724]
	[RESULT 74] [ 0.02483095 -0.00249228  0.01732323  0.02315032  0.02149614  0.09464646
  0.          0.00267677  0.00732323  0.00464646  0.          0.02783095
 -0.00384582  0.00467677]
	[RESULT 75] [1.54540477e-02 2.45489993e-02 1.99969530e-02 7.73159442e-03
 7.72550033e-03 9.99939059e-02 0.00000000e+00 3.04704661e-06
 9.99695295e-03 9.99390591e-03 0.00000000e+00 1.34540477e-02
 4.57094755e-04 7.00304705e-03]
	[RESULT 76] [0.03460267 0.00949303 0.01510963 0.02496578 0.01525348 0.09021927
 0.         0.0051711  0.00510963 0.00021927 0.         0.03489733
 0.0027123  0.00539037]
	[RESULT 77] [0.0149257  0.0200352  0.0151095  0.0147986  0.0050176  0.090219
 0.         0.00982849 0.0051095  0.000219   0.         0.0144257
 0.0048162  0.0103905 ]
	[RESULT 78] [ 5.53237150e-03 -2.44644808e-02  1.99968523e-02  1.77614642e-02
  1.77677596e-02  9.99937046e-02  0.00000000e+00  3.14769485e-06
  9.99685231e-03  9.99370461e-03  0.00000000e+00  6.03237150e-03
 -2.59644808e-02  4.99685231e-03]
	[RESULT 79] [0.02084128 0.02353871 0.01562001 0.01699062 0.00823065 0.09124003
 0.         0.00437999 0.00562001 0.00124003 0.         0.02034128
 0.00522126 0.00487999]
	[RESULT 80] [0.02001542 0.02264748 0.0173371  0.01400207 0.00867626 0.09467419
 0.         0.0026629  0.0073371  0.00467419 0.         0.01951542
 0.00267833 0.0031629 ]
	[RESULT 81] [ 0.00723987 -0.01952518  0.01676505  0.01351751  0.01998741  0.0935301
  0.          0.00323495  0.00676505  0.0035301   0.          0.00873987
 -0.02199508  0.00373495]
	[RESULT 82] [ 0.01162356 -0.01721713  0.01884069  0.01882282  0.02114144  0.09768139
  0.          0.00115931  0.00884069  0.00768139  0.          0.01462356
 -0.02053574  0.00815931]
	[RESULT 83] [0.0221709  0.02092898 0.01690012 0.01573527 0.00953551 0.09380024
 0.         0.00479964 0.00690012 0.00380024 0.         0.0216709
 0.01027078 0.00859988]
	[RESULT 84] [0.02096029 0.0226229  0.01641681 0.01610494 0.00893855 0.09283361
 0.         0.00358319 0.00641681 0.00283361 0.         0.01796029
 0.00354349 0.00558319]
	[RESULT 85] [ 0.01135005 -0.0164131   0.01776315  0.01706975  0.02154345  0.0955263
  0.          0.00223685  0.00776315  0.0055263   0.          0.01285005
 -0.02188679  0.00773685]
	[RESULT 86] [ 0.00564402 -0.02277071  0.01841473  0.01519411  0.01836465  0.09682946
  0.          0.00158527  0.00841473  0.00682946  0.          0.00714402
 -0.02327071  0.00341473]
	[RESULT 87] [ 0.01590695 -0.01274705  0.018654    0.02093447  0.02362647  0.097308
  0.          0.001346    0.008654    0.007308    0.          0.01790695
 -0.01743905  0.008346  ]
	[RESULT 88] [0.02481016 0.02008095 0.01510889 0.01974174 0.00995953 0.09021778
 0.         0.00982668 0.00510889 0.00021778 0.         0.02431016
 0.00829873 0.01039111]
	[RESULT 89] [ 0.00867265 -0.01675911  0.01543177  0.01223398  0.02137044  0.09086353
  0.          0.00456823  0.00543177  0.00086353  0.          0.01017265
 -0.02189558  0.00506823]
	[RESULT 90] [0.032415   0.01139916 0.01618584 0.02217874 0.01455042 0.09237168
 0.         0.00694248 0.00618584 0.00237168 0.         0.030915
 0.00277084 0.00931416]
	[RESULT 91] [ 0.00849015 -0.01922379  0.01771393  0.01581597  0.02038811  0.09542787
  0.          0.00228607  0.00771393  0.00542787  0.          0.01049015
 -0.02079592  0.00428607]
	[RESULT 92] [ 0.02270373 -0.0033361   0.01603984  0.02016162  0.02191805  0.09207967
  0.          0.00396016  0.00603984  0.00207967  0.          0.02570373
 -0.00725643  0.00596016]
	[RESULT 93] [0.01683427 0.02321245 0.01637817 0.01384988 0.00660622 0.09275634
 0.         0.00362183 0.00637817 0.00275634 0.         0.01633427
 0.0004561  0.00412183]
	[RESULT 94] [0.03031559 0.01457565 0.01510877 0.02249465 0.01271218 0.09021753
 0.         0.0083263  0.00510877 0.00021753 0.         0.02831559
 0.00279318 0.01189123]
	[RESULT 95] [ 0.00811294 -0.01879775  0.01691068  0.0144225   0.02060113  0.09382137
  0.          0.00308932  0.00691068  0.00382137  0.          0.01011294
 -0.02197638  0.00508932]
	[RESULT 96] [0.01751803 0.02462081 0.01710278 0.01310485 0.0073104  0.09420555
 0.         0.00289722 0.00710278 0.00420555 0.         0.01551803
 0.00041526 0.00489722]
	[RESULT 97] [ 0.00889359 -0.01621561  0.0151092   0.0118606   0.02164219  0.09021841
  0.          0.00517239  0.0051092   0.00021841  0.          0.01039359
 -0.02199721  0.0053908 ]
	[RESULT 98] [0.0291281  0.01576172 0.01511018 0.02189878 0.01211914 0.09022036
 0.         0.00666946 0.00511018 0.00022036 0.         0.0271281
 0.00898208 0.00688982]
	[RESULT 99] [ 0.00623837 -0.02152331  0.01776168  0.01451171  0.01898834  0.09552337
  0.          0.00223832  0.00776168  0.00552337  0.          0.00773837
 -0.02202331  0.00276168]
	[RESULT 100] [ 0.01128121 -0.01596566  0.01724686  0.0162609   0.02176717  0.09449373
  0.          0.00275314  0.00724686  0.00449373  0.          0.01428121
 -0.01747193  0.00475314]
	[RESULT 101] [0.02956987 0.01119375 0.01923638 0.01593036 0.01440313 0.09847277
 0.         0.00076362 0.00923638 0.00847277 0.         0.02756987
 0.00766652 0.00776362]
	[RESULT 102] [ 0.01975326 -0.0083999   0.01815316  0.02185637  0.02444995  0.09630632
  0.          0.00184684  0.00815316  0.00630632  0.          0.02125326
 -0.0088999   0.00315316]
	[RESULT 103] [0.02614777 0.01751608 0.01633615 0.01881966 0.01149196 0.09267229
 0.         0.00366385 0.00633615 0.00267229 0.         0.02314777
 0.00881162 0.00566385]
	[RESULT 104] [ 1.33218798e-02 -1.66780986e-02  1.99999784e-02  2.14109076e-02
  2.14109507e-02  9.99999569e-02  0.00000000e+00  2.15519496e-08
  9.99997845e-03  9.99995690e-03  0.00000000e+00  1.48218798e-02
 -1.71780986e-02  4.99997845e-03]
	[RESULT 105] [ 0.02186311 -0.0069111   0.01877421  0.02384287  0.02370555  0.09754842
  0.          0.00122579  0.00877421  0.00754842  0.          0.02336311
 -0.0074111   0.00377421]
	[RESULT 106] [ 0.00432508 -0.02535439  0.01967947  0.01643175  0.01707281  0.09935894
  0.          0.00032053  0.00967947  0.00935894  0.          0.00582508
 -0.02585439  0.00467947]
	[RESULT 107] [ 0.02403146 -0.00564577  0.01967724  0.02346841  0.02282289  0.09935448
  0.          0.00032276  0.00967724  0.00935448  0.          0.02603146
 -0.0082913   0.00732276]
	[RESULT 108] [0.0320219  0.00426507 0.01775683 0.0223538  0.01786747 0.09551367
 0.         0.00224317 0.00775683 0.00551367 0.         0.0325219
 0.00276507 0.00275683]
	[RESULT 109] [0.01996452 0.02169505 0.01834043 0.01247162 0.00915247 0.09668085
 0.         0.00165957 0.00834043 0.00668085 0.         0.01946452
 0.00280495 0.00334043]
	[RESULT 110] [0.02446041 0.01884148 0.0166981  0.01743305 0.01082926 0.09339621
 0.         0.0033019  0.0066981  0.00339621 0.         0.02296041
 0.00676231 0.0038019 ]
	[RESULT 111] [0.02815721 0.0159705  0.01587229 0.02027017 0.01201475 0.09174458
 0.         0.00412771 0.00587229 0.00174458 0.         0.02765721
 0.01071507 0.00462771]
	[RESULT 112] [0.03362328 0.00766628 0.015957   0.02425286 0.01616686 0.091914
 0.         0.004043   0.005957   0.001914   0.         0.03412328
 0.00258028 0.004543  ]
	[RESULT 113] [0.02275739 0.01952483 0.01771777 0.01480203 0.01023758 0.09543555
 0.         0.00384668 0.00771777 0.00543555 0.         0.02075739
 0.01003962 0.00928223]
	[RESULT 114] [ 0.00611328 -0.02182401  0.01793729  0.01471257  0.01883799  0.09587458
  0.          0.00206271  0.00793729  0.00587458  0.          0.00761328
 -0.02232401  0.00293729]
	[RESULT 115] [ 0.02757522  0.00245514  0.01512009  0.02146774  0.01877243  0.09024017
  0.          0.00836026  0.00512009  0.00024017  0.          0.02957522
 -0.00930469  0.01187991]
	[RESULT 116] [ 0.0269436   0.00103797  0.01590563  0.02233025  0.01948101  0.09181126
  0.          0.00409437  0.00590563  0.00181126  0.          0.0274436
 -0.00415077  0.00459437]
	[RESULT 117] [0.02548596 0.01693764 0.01757639 0.01662839 0.01178118 0.09515279
 0.         0.00242361 0.00757639 0.00515279 0.         0.02398596
 0.00690957 0.00292361]
	[RESULT 118] [ 0.02757587 -0.00089572  0.01847159  0.02350469  0.02044786  0.09694317
  0.          0.00152841  0.00847159  0.00694317  0.          0.02807587
 -0.00239572  0.00347159]
	[RESULT 119] [ 0.02554187 -0.00027025  0.01581212  0.02148912  0.02013513  0.09162425
  0.          0.00806363  0.00581212  0.00162425  0.          0.02604187
 -0.01064601  0.00968788]
	[RESULT 120] [ 0.00803217 -0.0179357   0.01596786  0.01271788  0.02078215  0.09193573
  0.          0.00403214  0.00596786  0.00193573  0.          0.00953217
 -0.02199997  0.00453214]
