[METRICS]
	[DISEQUILIBRIUM COUNT] 604
	[MINIMUM S0 sTrt S1 DISTANCE]0.00400130878206284
	[MINIMUM S0 sTrt S21 DISTANCE]-0.025997930809478417
	[MINIMUM S0 sTrt S22 DISTANCE]0.015108695796845262
	[MINIMUM S7 sTrt S6 DISTANCE]0.00771732755934329
	[MINIMUM S7 sTrt S8 DISTANCE]0.002815094764670345
	[MINIMUM S7 sTrt S21 DISTANCE]0.09021739159369051
	[MINIMUM S7 esTrt S22 DISTANCE]0.0
	[MINIMUM S14 sTrt S13 DISTANCE]3.1892138485645205e-08
	[MINIMUM S14 sTrt S15 DISTANCE]0.005108695796845253
	[MINIMUM S14 sTrt S21 DISTANCE]0.00021739159369049688
	[MINIMUM S14 sTrt S22 DISTANCE]0.0
	[MINIMUM S20 sTrt S19 DISTANCE]0.005501308782062675
	[MINIMUM S20 sTrt S21 DISTANCE]-0.026497930809478425
	[MINIMUM S20 sTrt S22 DISTANCE]0.002753160804182919
	[AVERAGE S0 sTrt S1 DISTANCE]0.020071333767432236
	[AVERAGE S0 sTrt S21 DISTANCE]0.014752007832139069
	[AVERAGE S0 sTrt S22 DISTANCE]0.016517931766753285
	[AVERAGE S7 sTrt S6 DISTANCE]0.016259666505410823
	[AVERAGE S7 sTrt S8 DISTANCE]0.010085879792127226
	[AVERAGE S7 sTrt S21 DISTANCE]0.09303586353350662
	[AVERAGE S7 sTrt S22 DISTANCE]0.0
	[AVERAGE S14 sTrt S13 DISTANCE]0.00510583873033236
	[AVERAGE S14 sTrt S15 DISTANCE]0.006517931766753257
	[AVERAGE S14 sTrt S21 DISTANCE]0.003035863533506469
	[AVERAGE S14 sTrt S22 DISTANCE]0.0
	[AVERAGE S20 sTrt S19 DISTANCE]0.019095222235058516
	[AVERAGE S20 sTrt S21 DISTANCE]0.0015634327041803267
	[AVERAGE S20 sTrt S22 DISTANCE]0.0074238718811523476
[VARIABLES]
	[RESULT 1] [1 5.460319681318415 0 1 12 3989.7742850261034 39]
	[RESULT 2] [1 5.840864402941304 0 1 4 3999.9656342565463 70]
	[RESULT 3] [1 7.818120163982469 1 1 10 3999.8391438766025 32]
	[RESULT 4] [0 12.188007917729436 0 4 14 3999.9019302522374 97]
	[RESULT 5] [0 7.516141318448823 1 4 6 3994.0902887846687 39]
	[RESULT 6] [0 49.97928219306247 0 4 7 3942.895587117957 13]
	[RESULT 7] [0 5.470392130981384 0 3 8 1127.316209504343 7]
	[RESULT 8] [0 5.1710715623087635 0 1 13 3998.332723045006 99]
	[RESULT 9] [1 5.917171092206128 0 3 23 3999.8591256542427 100]
	[RESULT 10] [0 5.292193430710746 1 1 3 1315.5645837889858 98]
	[RESULT 11] [0 5.508370298751507 1 4 10 3963.6846535685577 18]
	[RESULT 12] [0 5.56308290392514 0 1 15 3998.3508337999506 99]
	[RESULT 13] [0 6.756786583119445 0 4 6 1257.210943767784 41]
	[RESULT 14] [1 10.356600738122351 0 3 6 3986.8455159069695 100]
	[RESULT 15] [0 10.812530044540074 0 4 8 1015.1730105154062 3]
	[RESULT 16] [1 6.391708410618486 1 4 5 3815.5694545343076 99]
	[RESULT 17] [1 6.887476209339244 0 4 6 3992.4547552498716 100]
	[RESULT 18] [1 5.756028458749459 0 1 7 3999.981812625865 100]
	[RESULT 19] [0 5.527956878499559 1 1 10 3634.180989091961 14]
	[RESULT 20] [0 5.6827826692022825 1 4 7 1157.0412947440786 3]
	[RESULT 21] [0 49.99335178362135 1 1 15 3876.1562491215404 96]
	[RESULT 22] [0 5.010698285556313 1 4 23 3993.4882233208355 100]
	[RESULT 23] [0 5.000052199732909 1 1 13 1003.6390457036025 13]
	[RESULT 24] [1 5.24271929233741 1 4 7 1013.431365551625 23]
	[RESULT 25] [0 7.069768529330754 1 4 14 1000.7478718648667 5]
	[RESULT 26] [0 5.851961340310926 1 1 3 3359.080950322291 95]
	[RESULT 27] [1 49.018442336590155 1 4 23 3874.577293382441 1]
	[RESULT 28] [0 41.2526353148885 0 1 9 3996.6287371786466 100]
	[RESULT 29] [1 9.45509817427261 1 1 15 1058.2081277583404 45]
	[RESULT 30] [0 49.156576133962325 1 1 24 3999.785221148616 3]
	[RESULT 31] [1 9.328489835924362 0 3 23 3999.8591256542427 100]
	[RESULT 32] [0 49.992453436821506 0 4 3 1077.7529890543622 7]
	[RESULT 33] [0 7.492173252407183 1 1 14 3900.1976743681516 12]
	[RESULT 34] [1 10.904554758435726 0 1 12 1001.5252298723003 42]
	[RESULT 35] [0 6.166401753712073 0 4 14 3930.4550380209967 18]
	[RESULT 36] [0 6.619418578900445 0 1 10 3991.202732277177 29]
	[RESULT 37] [1 5.711749986662485 0 1 10 3999.981812625865 100]
	[RESULT 38] [0 5.9503236062483875 0 4 24 3973.905041097465 100]
	[RESULT 39] [1 5.498942679974144 0 4 10 3995.494916213668 100]
	[RESULT 40] [0 5.338747766159038 1 4 10 3963.6846535685577 97]
	[RESULT 41] [1 49.018442336590155 0 4 23 3974.29559797967 5]
	[RESULT 42] [1 6.887476209339244 1 1 8 3992.490214406566 26]
	[RESULT 43] [0 7.173947505891488 1 1 14 3963.9587222877126 12]
	[RESULT 44] [0 5.00069234909338 0 1 8 3901.8194337613377 96]
	[RESULT 45] [0 6.719593485393983 0 1 3 3970.0330858199295 1]
	[RESULT 46] [1 42.07679475157665 0 1 23 3999.990799347677 100]
	[RESULT 47] [0 10.356684315177363 1 4 6 3978.4646112139203 3]
	[RESULT 48] [0 12.60319869835397 0 4 23 3999.995685966973 100]
	[RESULT 49] [1 37.11964253897694 1 4 14 3986.606580174585 5]
	[RESULT 50] [1 5.389409074791276 1 4 8 3987.3012911059195 100]
	[RESULT 51] [0 48.84091469053578 0 1 23 3992.117326098969 100]
	[RESULT 52] [0 17.28028268960861 1 4 6 3978.4646112139203 100]
	[RESULT 53] [0 49.018442336590155 0 4 23 3987.936869063306 96]
	[RESULT 54] [0 5.834804844341403 1 1 6 3999.9167085167373 4]
	[RESULT 55] [1 8.1684064683099 0 4 8 1015.1730105154062 7]
	[RESULT 56] [1 49.95179476356935 0 4 9 3999.9981850120175 88]
	[RESULT 57] [0 5.18474582390604 0 1 15 3888.5101873269587 98]
	[RESULT 58] [0 5.019045685100676 0 1 11 3987.4352759924923 99]
	[RESULT 59] [0 5.39356264202635 1 4 23 3999.994466981351 100]
	[RESULT 60] [0 5.7540314399096095 0 1 24 3999.971147098263 100]
	[RESULT 61] [0 6.282622435438457 0 3 8 3995.006942495403 100]
	[RESULT 62] [1 5.3315589247754875 0 1 23 3999.9973982359106 73]
	[RESULT 63] [1 5.683403368933707 0 4 24 3999.999451614367 100]
	[RESULT 64] [0 6.166401753712073 1 4 14 3930.836842247403 26]
	[RESULT 65] [1 5.021011840404511 1 3 16 3671.4673645563057 100]
	[RESULT 66] [0 49.80234573474097 1 4 23 1024.158227651081 3]
	[RESULT 67] [0 7.652133014575916 0 1 8 1077.882735214896 97]
	[RESULT 68] [0 49.60005801866611 0 1 13 3992.1093400462933 5]
	[RESULT 69] [1 5.756028458749459 0 2 7 3999.996376969609 100]
	[RESULT 70] [1 7.710979006620016 0 4 8 3990.465419554864 100]
	[RESULT 71] [1 10.904554758435726 0 1 12 1306.4258071549002 98]
	[RESULT 72] [0 8.901939485419076 0 4 10 3975.1930676351913 1]
	[RESULT 73] [0 5.439558398309354 1 4 7 3992.471060666381 34]
	[RESULT 74] [0 49.97928219306247 0 1 7 3971.542905242317 10]
	[RESULT 75] [1 5.350039351948329 0 3 23 3999.8591256542427 100]
	[RESULT 76] [1 5.84201534261506 1 4 8 3984.12476350318 90]
	[RESULT 77] [1 5.973464157345812 0 1 14 1165.6501757524115 39]
	[RESULT 78] [1 6.114323190247974 0 1 7 3999.9950794184815 100]
	[RESULT 79] [0 5.45318133867319 0 1 13 3999.997140195644 100]
	[RESULT 80] [0 5.101442048480814 0 4 8 1182.643556945442 7]
	[RESULT 81] [0 5.834804844341403 1 4 6 3974.9768778102407 6]
	[RESULT 82] [0 5.588649850840709 0 1 24 3999.971147098263 100]
	[RESULT 83] [0 7.072436616545525 1 1 14 1411.4998742371417 5]
	[RESULT 84] [1 5.384719457425849 0 4 8 3999.814886827506 100]
	[RESULT 85] [0 5.39356264202635 1 4 9 3999.996527153023 95]
	[RESULT 86] [0 49.61855980312265 0 3 2 3978.084458434291 100]
	[RESULT 87] [0 9.987634102606068 0 1 3 1318.2488078495594 100]
	[RESULT 88] [0 6.199038861367582 1 4 7 1157.0412947440786 2]
	[RESULT 89] [1 49.51725304513975 1 1 6 1001.1310149805424 42]
	[RESULT 90] [0 5.524687309844822 0 1 8 3901.8194337613377 96]
	[RESULT 91] [1 5.009515601185987 1 3 10 3997.584036810544 100]
	[RESULT 92] [0 42.07679475157665 0 1 23 3958.411944272471 100]
	[RESULT 93] [0 7.099590737291708 0 1 12 3980.000830585898 100]
	[RESULT 94] [1 8.27247708246647 0 3 23 3971.184701728843 100]
	[RESULT 95] [1 5.769108182723096 0 4 8 3991.1888189925344 100]
	[RESULT 96] [1 48.6917818260186 0 4 9 3999.915541470421 100]
	[RESULT 97] [0 8.839129499232158 1 4 14 1000.7478718648667 5]
	[RESULT 98] [1 49.277649190330685 1 1 10 3999.7103787774863 100]
	[RESULT 99] [0 7.364946818918488 0 1 23 3997.7042068592473 4]
	[RESULT 100] [1 5.950699090581624 0 4 24 3999.9961531710956 100]
	[RESULT 101] [1 8.881989292975046 0 1 5 3997.9558269601953 100]
	[RESULT 102] [1 5.617758126173513 1 1 7 3987.3452145486526 100]
	[RESULT 103] [1 6.307185451897154 0 1 10 3814.441523859459 100]
	[RESULT 104] [0 5.006715059693908 1 4 7 3763.883478025389 98]
	[RESULT 105] [1 6.9162472111473505 0 1 7 3999.497019615535 100]
	[RESULT 106] [0 7.288386960326182 0 4 23 3999.911088554951 100]
	[RESULT 107] [1 5.278484518107101 0 1 10 3991.4404806683406 100]
	[RESULT 108] [1 9.622935257968384 0 1 23 3918.755704768462 100]
	[RESULT 109] [0 6.310089501138254 0 4 7 3999.8936378944427 100]
	[RESULT 110] [1 49.60005801866611 0 1 13 3763.63593697668 5]
	[RESULT 111] [0 49.08843488981097 0 1 24 3999.929391702731 99]
	[RESULT 112] [1 12.246381519877374 0 1 10 3999.9970165003497 100]
	[RESULT 113] [1 6.451431443226171 1 3 13 3999.8768291738925 93]
	[RESULT 114] [1 48.63728206876172 0 4 8 3990.465419554864 100]
	[RESULT 115] [0 10.356684315177363 1 4 6 3999.9870146632716 3]
	[RESULT 116] [1 5.000152104824097 0 1 24 3999.999451614367 100]
	[RESULT 117] [0 6.759993720498985 0 1 24 3999.971147098263 96]
	[RESULT 118] [0 14.999540301133141 0 1 5 3998.6883530250407 100]
	[RESULT 119] [1 5.350039351948329 0 1 23 3999.6472064257546 100]
	[RESULT 120] [1 5.390491289049416 0 1 23 3873.3966149340604 32]
[OBJECTIVES]
	[RESULT 1] [0.03251079 0.00408688 0.01842391 0.02135874 0.01820656 0.09684782
 0.         0.00157609 0.00842391 0.00684782 0.         0.03401079
 0.00358688 0.00342391]
	[RESULT 2] [ 0.02567304 -0.00204307  0.01771612  0.02416069  0.02127154  0.09543223
  0.          0.00228388  0.00771612  0.00543223  0.          0.02717304
 -0.00261084  0.00278388]
	[RESULT 3] [ 0.03256043  0.00625088  0.01630954  0.02450547  0.01712456  0.09261909
  0.          0.00657137  0.00630954  0.00261909  0.          0.03406043
 -0.00213003  0.00919046]
	[RESULT 4] [ 0.02448704 -0.00112361  0.01561065  0.02065949  0.02056181  0.0912213
  0.          0.00516805  0.00561065  0.0012213   0.          0.02648704
 -0.00690231  0.00638935]
	[RESULT 5] [0.03196478 0.01161321 0.01642201 0.02134937 0.01419339 0.09284403
 0.         0.00773396 0.00642201 0.00284403 0.         0.02996478
 0.00245724 0.01057799]
	[RESULT 6] [0.02294828 0.02194298 0.01510874 0.01881102 0.00902851 0.09021749
 0.         0.00667377 0.00510874 0.00021749 0.         0.02094828
 0.00783953 0.00689126]
	[RESULT 7] [0.01882891 0.02277064 0.01840045 0.01181377 0.00861468 0.09680091
 0.         0.00159955 0.00840045 0.00680091 0.         0.01732891
 0.00072936 0.00340045]
	[RESULT 8] [ 0.01729344 -0.01197615  0.01926959  0.02255111  0.02401192  0.09853919
  0.          0.00073041  0.00926959  0.00853919  0.          0.01779344
 -0.01347615  0.00426959]
	[RESULT 9] [ 0.00653208 -0.02107593  0.01760801  0.01442805  0.01921203  0.09521602
  0.          0.00239199  0.00760801  0.00521602  0.          0.00903208
 -0.02185992  0.00389199]
	[RESULT 10] [0.02076673 0.02036388 0.01886939 0.01207928 0.00981806 0.09773878
 0.         0.00113061 0.00886939 0.00773878 0.         0.02026673
 0.00689734 0.00663061]
	[RESULT 11] [0.02374901 0.01793616 0.01831484 0.01440225 0.01103192 0.09662967
 0.         0.00205549 0.00831484 0.00662967 0.         0.02174901
 0.01043417 0.00868516]
	[RESULT 12] [ 0.0183483  -0.0098505   0.01819881  0.02147236  0.02492525  0.09639761
  0.          0.00180119  0.00819881  0.00639761  0.          0.0188483
 -0.0113505   0.00319881]
	[RESULT 13] [0.01737285 0.02418656 0.01681371 0.01346587 0.00709328 0.09362741
 0.         0.00318629 0.00681371 0.00362741 0.         0.01537285
 0.00055915 0.00518629]
	[RESULT 14] [ 0.01683264 -0.00895394  0.01578658  0.0168462   0.02472697  0.09157317
  0.          0.00421342  0.00578658  0.00157317  0.          0.01933264
 -0.01338077  0.00571342]
	[RESULT 15] [0.01614568 0.02187962 0.01573394 0.01447193 0.00593981 0.09146788
 0.         0.00479817 0.00573394 0.00146788 0.         0.01414568
 0.00041173 0.00626606]
	[RESULT 16] [0.02607484 0.01683461 0.01709056 0.01765159 0.0118327  0.09418111
 0.         0.00572833 0.00709056 0.00418111 0.         0.02307484
 0.01001572 0.00990944]
	[RESULT 17] [ 0.01306435 -0.01366727  0.01673162  0.0163796   0.02291637  0.09346323
  0.          0.00326838  0.00673162  0.00346323  0.          0.01606435
 -0.01620403  0.00526838]
	[RESULT 18] [ 0.00617084 -0.02167649  0.01784733  0.01460642  0.01891175  0.09569467
  0.          0.00215267  0.00784733  0.00569467  0.          0.00767084
 -0.02217649  0.00284733]
	[RESULT 19] [0.01510143 0.02337378 0.01827234 0.0101422  0.00668689 0.09654469
 0.         0.00172766 0.00827234 0.00654469 0.         0.01460143
 0.00182909 0.00722766]
	[RESULT 20] [0.01339328 0.02136454 0.01797127 0.00973973 0.00568227 0.09594254
 0.         0.00308619 0.00797127 0.00594254 0.         0.01139328
 0.00042201 0.00902873]
	[RESULT 21] [0.01830775 0.02341646 0.01510871 0.01649081 0.00670823 0.09021742
 0.         0.00982613 0.00510871 0.00021742 0.         0.01780775
 0.00819903 0.01039129]
	[RESULT 22] [ 1.52190705e-02 -1.47280043e-02  1.99470748e-02  2.25301474e-02
  2.26359979e-02  9.98941496e-02  0.00000000e+00  5.29252187e-05
  9.94707478e-03  9.89414956e-03  0.00000000e+00  1.72190705e-02
 -1.68338547e-02  7.05292522e-03]
	[RESULT 23] [1.54338722e-02 2.45663888e-02 1.99997390e-02 7.71732756e-03
 7.71680559e-03 9.99994780e-02 0.00000000e+00 2.60985041e-07
 9.99973901e-03 9.99947803e-03 0.00000000e+00 1.49338722e-02
 4.34133149e-04 5.50026099e-03]
	[RESULT 24] [0.01548738 0.02451081 0.01902343 0.00945854 0.00750541 0.09804687
 0.         0.00097657 0.00902343 0.00804687 0.         0.01248738
 0.00046394 0.00797657]
	[RESULT 25] [0.01204378 0.01867257 0.01662879 0.01107871 0.00433629 0.09325757
 0.         0.00711364 0.00662879 0.00325757 0.         0.01004378
 0.000415   0.01037121]
	[RESULT 26] [0.01697173 0.02467157 0.01769984 0.0119361  0.00733578 0.09539968
 0.         0.00240048 0.00769984 0.00539968 0.         0.01647173
 0.00427189 0.00780016]
	[RESULT 27] [0.01546602 0.02057709 0.01511107 0.01531641 0.00553854 0.09022213
 0.         0.0083332  0.00511107 0.00022213 0.         0.01246602
 0.00435496 0.01188893]
	[RESULT 28] [ 0.01283645 -0.01229777  0.01513422  0.01411955  0.02385111  0.09026844
  0.          0.00509734  0.00513422  0.00026844  0.          0.01333645
 -0.01902933  0.00536578]
	[RESULT 29] [0.01248438 0.01840096 0.01591657 0.01261733 0.00445048 0.09183315
 0.         0.00775028 0.00591657 0.00183315 0.         0.01098438
 0.00056781 0.00958343]
	[RESULT 30] [ 0.03489814  0.00978742  0.01511073  0.02488484  0.01510629  0.09022145
  0.          0.00983218  0.00511073  0.00022145  0.          0.03460186
 -0.00199113  0.01038927]
	[RESULT 31] [ 0.00820173 -0.01773662  0.01593835  0.01275839  0.02088169  0.0918767
  0.          0.00406165  0.00593835  0.0018767   0.          0.01070173
 -0.02185992  0.00556165]
	[RESULT 32] [0.01553354 0.02064226 0.01510871 0.0151037  0.00532113 0.09021743
 0.         0.00667386 0.00510871 0.00021743 0.         0.01353354
 0.00042483 0.00689129]
	[RESULT 33] [0.01666441 0.02309618 0.01643177 0.01368455 0.00654809 0.09286355
 0.         0.00620468 0.00643177 0.00286355 0.         0.01616441
 0.00523264 0.00906823]
	[RESULT 34] [0.01726986 0.02299402 0.01572416 0.01529869 0.00674701 0.09144832
 0.         0.00427584 0.00572416 0.00144832 0.         0.01576986
 0.0005457  0.00477584]
	[RESULT 35] [0.02415955 0.01853248 0.01730797 0.01611781 0.01073376 0.09461595
 0.         0.00269203 0.00730797 0.00461595 0.         0.02215955
 0.00685158 0.00469203]
	[RESULT 36] [0.03432078 0.00741196 0.01690882 0.02247638 0.01629402 0.09381764
 0.         0.00309118 0.00690882 0.00381764 0.         0.03482078
 0.0042296  0.00359118]
	[RESULT 37] [ 0.00609719 -0.0218238   0.01792099  0.01468007  0.0188381   0.09584197
  0.          0.00207901  0.00792099  0.00584197  0.          0.00759719
 -0.0223238   0.00292099]
	[RESULT 38] [ 0.0202042  -0.00735948  0.01756368  0.02144761  0.02367974  0.09512735
  0.          0.00243632  0.00756368  0.00512735  0.          0.0222042
 -0.00923213  0.00443632]
	[RESULT 39] [ 0.00948153 -0.01885416  0.01833568  0.01699429  0.02032292  0.09667137
  0.          0.00166432  0.00833568  0.00667137  0.          0.01248153
 -0.01818279  0.00366432]
	[RESULT 40] [0.02892804 0.01233713 0.01873483 0.01636177 0.01383144 0.09746967
 0.         0.00126517 0.00873483 0.00746967 0.         0.02692804
 0.00780679 0.00826517]
	[RESULT 41] [0.02864574 0.01624319 0.01511107 0.02190627 0.01212841 0.09022213
 0.         0.0066668  0.00511107 0.00022213 0.         0.02564574
 0.01046532 0.00688893]
	[RESULT 42] [0.03222326 0.01104512 0.01673162 0.02126421 0.01472744 0.09346323
 0.         0.00530515 0.00673162 0.00346323 0.         0.03072326
 0.00350835 0.00876838]
	[RESULT 43] [0.02203902 0.02138566 0.01657533 0.01615652 0.00930717 0.09315065
 0.         0.00577402 0.00657533 0.00315065 0.         0.02153902
 0.01046369 0.00892467]
	[RESULT 44] [2.90703930e-02 1.09330664e-02 1.99965406e-02 1.45403855e-02
 1.45334668e-02 9.99930813e-02 0.00000000e+00 3.45935039e-06
 9.99654065e-03 9.99308130e-03 0.00000000e+00 2.85703930e-02
 9.43306640e-03 4.99654065e-03]
	[RESULT 45] [0.02840899 0.0147525  0.01683851 0.01894673 0.01262375 0.09367702
 0.         0.00316149 0.00683851 0.00367702 0.         0.02790899
 0.01142952 0.00366149]
	[RESULT 46] [ 0.00887788 -0.01625343  0.01513131  0.01188591  0.02162329  0.09026263
  0.          0.00510606  0.00513131  0.00026263  0.          0.01037788
 -0.0219908   0.00536869]
	[RESULT 47] [0.02442129 0.01979213 0.01578657 0.01853079 0.01010393 0.09157315
 0.         0.00964028 0.00578657 0.00157315 0.         0.02242129
 0.00936528 0.01121343]
	[RESULT 48] [ 0.00942313 -0.01615805  0.01558118  0.01308334  0.02192098  0.09116236
  0.          0.00525646  0.00558118  0.00116236  0.          0.01142313
 -0.02199569  0.00641882]
	[RESULT 49] [0.02763813 0.0172109  0.01515097 0.02134261 0.01164455 0.09030194
 0.         0.0084529  0.00515097 0.00030194 0.         0.02463813
 0.00651284 0.01184903]
	[RESULT 50] [ 0.01882253 -0.00977612  0.01859865  0.02205924  0.02486194  0.0971973
  0.          0.00140135  0.00859865  0.0071973   0.          0.02182253
 -0.01357882  0.00840135]
	[RESULT 51] [ 0.01588152 -0.00922998  0.01511151  0.01560802  0.02461499  0.09022301
  0.          0.00516548  0.00511151  0.00022301  0.          0.01638152
 -0.01600697  0.00538849]
	[RESULT 52] [ 0.02619286  0.00081637  0.0153765   0.02116118  0.01959182  0.090753
  0.          0.00912949  0.0053765   0.000753    0.          0.02819286
 -0.01043064  0.0116235 ]
	[RESULT 53] [0.03402582 0.00891475 0.01511107 0.02467951 0.01554263 0.09022213
 0.         0.0066668  0.00511107 0.00022213 0.         0.03397418
 0.00213688 0.00688893]
	[RESULT 54] [ 0.03215174  0.00442666  0.01772509  0.0223365   0.01778667  0.09545017
  0.          0.00232474  0.00772509  0.00545017  0.          0.03265174
 -0.00212317  0.00777491]
	[RESULT 55] [0.01761992 0.02381942 0.0161995  0.01476071 0.00715971 0.092399
 0.         0.0038005  0.0061995  0.002399   0.         0.01461992
 0.00042042 0.0058005 ]
	[RESULT 56] [ 0.02735454  0.00224573  0.01510881  0.02109049  0.01912713  0.09021762
  0.          0.00667357  0.00510881  0.00021762  0.          0.03035454
 -0.00353665  0.00689119]
	[RESULT 57] [0.03046608 0.01031361 0.01922031 0.01640257 0.0148432  0.09844063
 0.         0.00077969 0.00922031 0.00844063 0.         0.02996608
 0.00881361 0.00422031]
	[RESULT 58] [ 2.34554986e-02 -6.45105274e-03  1.99065514e-02  2.34124236e-02
  2.32255264e-02  9.98131027e-02  0.00000000e+00  9.34486323e-05
  9.90655137e-03  9.81310274e-03  0.00000000e+00  2.39554986e-02
 -7.95105274e-03  4.90655137e-03]
	[RESULT 59] [ 0.01141761 -0.01717032  0.01858793  0.01859069  0.02141484  0.09717585
  0.          0.00141207  0.00858793  0.00717585  0.          0.01341761
 -0.02199447  0.00841207]
	[RESULT 60] [ 0.00717824 -0.02067233  0.01785058  0.01536499  0.01966383  0.09570115
  0.          0.00214942  0.00785058  0.00570115  0.          0.00767824
 -0.02217233  0.00285058]
	[RESULT 61] [ 0.01197138 -0.01521908  0.01719046  0.01677139  0.02239046  0.09438093
  0.          0.00280954  0.00719046  0.00438093  0.          0.01347138
 -0.01783816  0.00430954]
	[RESULT 62] [ 0.02453332 -0.00422168  0.018755    0.02485084  0.02236084  0.09750999
  0.          0.001245    0.008755    0.00750999  0.          0.02603332
 -0.00472168  0.003755  ]
	[RESULT 63] [ 0.00603037 -0.0219398   0.01797017  0.01472045  0.0187801   0.09594035
  0.          0.00202983  0.00797017  0.00594035  0.          0.00903037
 -0.02199945  0.00402983]
	[RESULT 64] [0.01921206 0.02347997 0.01730797 0.01364407 0.00826002 0.09461595
 0.         0.00507608 0.00730797 0.00461595 0.         0.01721206
 0.00690408 0.00969203]
	[RESULT 65] [0.03233503 0.00243792 0.0198971  0.01923683 0.01903104 0.09979421
 0.         0.0001029  0.0098971  0.00979421 0.         0.03483503
 0.00123213 0.0066029 ]
	[RESULT 66] [0.01052152 0.01563069 0.01510916 0.01259701 0.00281534 0.09021833
 0.         0.00832749 0.00510916 0.00021833 0.         0.00852152
 0.00041236 0.01189084]
	[RESULT 67] [0.02158113 0.0220498  0.01636906 0.01623697 0.0089751  0.09273813
 0.         0.00363094 0.00636906 0.00273813 0.         0.02108113
 0.00521207 0.00413094]
	[RESULT 68] [0.03432034 0.01057001 0.01510965 0.0244957  0.01471499 0.0902193
 0.         0.00517105 0.00510965 0.0002193  0.         0.03382034
 0.00378931 0.00539035]
	[RESULT 69] [ 0.00615629 -0.02169105  0.01784733  0.01459915  0.01890448  0.09569467
  0.          0.00215267  0.00784733  0.00569467  0.          0.00815629
 -0.02199638  0.00315267]
	[RESULT 70] [ 0.01455484 -0.01179251  0.01634735  0.01654845  0.02385375  0.09269471
  0.          0.00365265  0.00634735  0.00269471  0.          0.01755484
 -0.0150978   0.00565265]
	[RESULT 71] [0.02362073 0.02065511 0.01572416 0.01847412 0.00992244 0.09144832
 0.         0.00427584 0.00572416 0.00144832 0.         0.02212073
 0.00689657 0.00477584]
	[RESULT 72] [0.02876846 0.01521154 0.01602    0.02035422 0.01239423 0.09204001
 0.         0.00398    0.00602    0.00204001 0.         0.02676846
 0.01025155 0.00598   ]
	[RESULT 73] [0.03298546 0.00854126 0.01847329 0.0187828  0.01572937 0.09694657
 0.         0.00158014 0.00847329 0.00694657 0.         0.03098546
 0.00348783 0.00852671]
	[RESULT 74] [0.02702014 0.01787111 0.01510874 0.02084696 0.01106444 0.09021749
 0.         0.00517377 0.00510874 0.00021749 0.         0.02652014
 0.0110886  0.00539126]
	[RESULT 75] [ 0.00543649 -0.02326711  0.0187036   0.01552364  0.01811645  0.09740719
  0.          0.0012964   0.0087036   0.00740719  0.          0.00793649
 -0.02276711  0.0037036 ]
	[RESULT 76] [0.03082303 0.01146255 0.01771442 0.01908989 0.01451872 0.09542884
 0.         0.00385675 0.00771442 0.00542884 0.         0.02782303
 0.00589139 0.00928558]
	[RESULT 77] [0.01907478 0.02339161 0.01753362 0.01348697 0.0085542  0.09506723
 0.         0.00246638 0.00753362 0.00506723 0.         0.01757478
 0.00054116 0.00296638]
	[RESULT 78] [ 0.0066401  -0.02072473  0.01736482  0.01411728  0.01938764  0.09472965
  0.          0.00263518  0.00736482  0.00472965  0.          0.0081401
 -0.02199508  0.00313518]
	[RESULT 79] [ 0.00656213 -0.02187859  0.01844073  0.01594216  0.0190607   0.09688145
  0.          0.00155927  0.00844073  0.00688145  0.          0.00706213
 -0.02337859  0.00344073]
	[RESULT 80] [0.01997216 0.02048834 0.0195395  0.01067682 0.00975583 0.09907901
 0.         0.0004605  0.0095395  0.00907901 0.         0.01797216
 0.00251166 0.0045395 ]
	[RESULT 81] [0.02542983 0.01684508 0.01772509 0.01612729 0.01157746 0.09545017
 0.         0.00382474 0.00772509 0.00545017 0.         0.02342983
 0.01029525 0.00927491]
	[RESULT 82] [ 0.00688149 -0.02126583  0.01814733  0.01566174  0.01936708  0.09629465
  0.          0.00185267  0.00814733  0.00629465  0.          0.00738149
 -0.02276583  0.00314733]
	[RESULT 83] [0.01207485 0.01870222 0.01662737 0.01109637 0.00435111 0.09325475
 0.         0.00561788 0.00662737 0.00325475 0.         0.01157485
 0.00044748 0.00887263]
	[RESULT 84] [ 0.00557291 -0.02303793  0.01861084  0.01545272  0.01823104  0.09722168
  0.          0.00138916  0.00861084  0.00722168  0.          0.00857291
 -0.02203793  0.00361084]
	[RESULT 85] [ 0.02808221 -0.00050571  0.01858793  0.023077    0.02025286  0.09717585
  0.          0.00141207  0.00858793  0.00717585  0.          0.03008221
 -0.00532986  0.00841207]
	[RESULT 86] [ 0.02156858 -0.00354102  0.0151096   0.0184487   0.02177051  0.09021921
  0.          0.00617119  0.0051096   0.00021921  0.          0.02306858
 -0.01032181  0.0063904 ]
	[RESULT 87] [0.03393404 0.00809899 0.01583505 0.0242804  0.01595051 0.09167011
 0.         0.00416495 0.00583505 0.00167011 0.         0.03443404
 0.0027691  0.00466495]
	[RESULT 88] [0.01269367 0.01996739 0.01727372 0.01043625 0.00498369 0.09454744
 0.         0.00517884 0.00727372 0.00454744 0.         0.01069367
 0.00041995 0.00972628]
	[RESULT 89] [0.01165552 0.01676537 0.01510985 0.01341299 0.00363268 0.0902197
 0.         0.00982955 0.00510985 0.0002197  0.         0.01015552
 0.00054567 0.01039015]
	[RESULT 90] [0.02735321 0.01436743 0.01827936 0.01625757 0.01281629 0.09655872
 0.         0.00172064 0.00827936 0.00655872 0.         0.02685321
 0.01013257 0.00327936]
	[RESULT 91] [ 1.12501920e-02 -1.87026784e-02  1.99528705e-02  2.03044017e-02
  2.03986608e-02  9.99057409e-02  0.00000000e+00  4.71295400e-05
  9.95287046e-03  9.90574092e-03  0.00000000e+00  1.37501920e-02
 -1.97969375e-02  6.54712954e-03]
	[RESULT 92] [ 0.02548262  0.00035131  0.01513131  0.02043828  0.01982435  0.09026263
  0.          0.00510606  0.00513131  0.00026263  0.          0.02598262
 -0.00638607  0.00536869]
	[RESULT 93] [ 0.01949774 -0.00711538  0.01661312  0.01966854  0.02355769  0.09322623
  0.          0.00338688  0.00661312  0.00322623  0.          0.01999774
 -0.01088915  0.00388688]
	[RESULT 94] [ 0.02121592 -0.00495436  0.01617028  0.01961338  0.02272718  0.09234056
  0.          0.00382972  0.00617028  0.00234056  0.          0.02371592
 -0.0086138   0.00532972]
	[RESULT 95] [ 0.01268871 -0.01513758  0.01782628  0.01783378  0.02218121  0.09565257
  0.          0.00217372  0.00782628  0.00565257  0.          0.01568871
 -0.01548501  0.00417372]
	[RESULT 96] [ 0.0089723  -0.01613958  0.01511188  0.01190396  0.02168021  0.09022375
  0.          0.00666437  0.00511188  0.00022375  0.          0.0119723
 -0.02191583  0.00688812]
	[RESULT 97] [0.01144824 0.01748148 0.01603324 0.01167425 0.00374074 0.09206649
 0.         0.00890027 0.00603324 0.00206649 0.         0.00944824
 0.000415   0.01096676]
	[RESULT 98] [ 0.01417587 -0.01093456  0.01511043  0.01450358  0.02428272  0.09022086
  0.          0.00983129  0.00511043  0.00022086  0.          0.01567587
 -0.0217137   0.01038957]
	[RESULT 99] [ 0.03041061  0.0039247   0.01648591  0.02493416  0.01803765  0.09297182
  0.          0.00351409  0.00648591  0.00297182  0.          0.03091061
 -0.00010349  0.00401409]
	[RESULT 100] [ 0.00644066 -0.02112252  0.01756318  0.01431511  0.01918874  0.09512637
  0.          0.00243682  0.00756318  0.00512637  0.          0.00944066
 -0.02199615  0.00443682]
	[RESULT 101] [ 0.00986549 -0.01615868  0.01602417  0.013719    0.02167066  0.09204835
  0.          0.00397583  0.00602417  0.00204835  0.          0.01136549
 -0.02011034  0.00447583]
	[RESULT 102] [ 0.01931115 -0.00877955  0.0180907   0.02154162  0.02463977  0.09618139
  0.          0.0019093   0.0080907   0.00618139  0.          0.02081115
 -0.01359816  0.0074093 ]
	[RESULT 103] [2.88645608e-02 1.69741814e-03 1.71671427e-02 2.49329944e-02
 1.94012909e-02 9.43342853e-02 0.00000000e+00 2.83285735e-03
 7.16714265e-03 4.33428530e-03 0.00000000e+00 3.03645608e-02
 3.17034419e-05 3.33285735e-03]
	[RESULT 104] [2.40268827e-02 1.60064686e-02 1.99666487e-02 1.20634684e-02
 1.19967657e-02 9.99332973e-02 0.00000000e+00 3.33513422e-05
 9.96664866e-03 9.93329732e-03 0.00000000e+00 2.20268827e-02
 9.06023409e-03 7.03335134e-03]
	[RESULT 105] [ 0.00777853 -0.018936    0.01671453  0.01371106  0.020282    0.09342906
  0.          0.00328547  0.00671453  0.00342906  0.          0.00927853
 -0.02150694  0.00378547]
	[RESULT 106] [ 0.00856809 -0.01795241  0.0165205   0.0140648   0.0210238   0.093041
  0.          0.0034795   0.0065205   0.003041    0.          0.01056809
 -0.0219114   0.0054795 ]
	[RESULT 107] [ 0.01146549 -0.01744539  0.01891088  0.01884907  0.02102731  0.09782176
  0.          0.00108912  0.00891088  0.00782176  0.          0.01296549
 -0.01794539  0.00391088]
	[RESULT 108] [ 0.02722812  0.0013389   0.01588922  0.02219788  0.01958055  0.09177843
  0.          0.00411078  0.00588922  0.00177843  0.          0.02872812
 -0.00288267  0.00461078]
	[RESULT 109] [ 0.00794149 -0.01922293  0.01716442  0.01471737  0.02038854  0.09432884
  0.          0.00283558  0.00716442  0.00432884  0.          0.00994149
 -0.02189409  0.00483558]
	[RESULT 110] [0.01870928 0.02381893 0.01510965 0.01694017 0.00715947 0.0902193
 0.         0.00517105 0.00510965 0.0002193  0.         0.01720928
 0.00259963 0.00539035]
	[RESULT 111] [ 0.01995952 -0.00515138  0.01511089  0.0176461   0.02257569  0.09022179
  0.          0.00516732  0.00511089  0.00022179  0.          0.02045952
 -0.01192959  0.00538911]
	[RESULT 112] [ 0.00839666 -0.01720967  0.01560633  0.01235782  0.02114517  0.09121265
  0.          0.00439367  0.00560633  0.00121265  0.          0.00989666
 -0.02199702  0.00489367]
	[RESULT 113] [ 0.02958294  0.00254332  0.01703962  0.02489909  0.01897834  0.09407925
  0.          0.00538113  0.00703962  0.00407925  0.          0.03208294
 -0.00437743  0.00946038]
	[RESULT 114] [ 0.01579018 -0.00932183  0.01511201  0.01531311  0.02491092  0.09022403
  0.          0.00666396  0.00511201  0.00022403  0.          0.01879018
 -0.0150978   0.00688799]
	[RESULT 115] [ 0.03402232  0.00823575  0.01578657  0.02430898  0.01588213  0.09157315
  0.          0.00964028  0.00578657  0.00157315  0.          0.03397768
 -0.0021911   0.01121343]
	[RESULT 116] [ 4.00130878e-03 -2.59979308e-02  1.99992396e-02  1.67495138e-02
  1.67510346e-02  9.99984792e-02  0.00000000e+00  7.60408459e-07
  9.99923959e-03  9.99847918e-03  0.00000000e+00  5.50130878e-03
 -2.64979308e-02  4.99923959e-03]
	[RESULT 117] [ 0.02421722 -0.00259438  0.0168116   0.02232601  0.02129719  0.0936232
  0.          0.0031884   0.0068116   0.0036232   0.          0.02471722
 -0.00597118  0.0036884 ]
	[RESULT 118] [ 0.0107917  -0.01466287  0.01545456  0.01357769  0.02266857  0.09090913
  0.          0.00454544  0.00545456  0.00090913  0.          0.0112917
 -0.02075374  0.00504544]
	[RESULT 119] [ 0.00564429 -0.02305931  0.0187036   0.01562754  0.01822035  0.09740719
  0.          0.0012964   0.0087036   0.00740719  0.          0.00714429
 -0.02355931  0.0037036 ]
	[RESULT 120] [0.02400831 0.01739584 0.01859585 0.01436038 0.01155208 0.0971917
 0.         0.00140415 0.00859585 0.0071917  0.         0.02250831
 0.00610416 0.00359585]
