[METRICS]
	[DISEQUILIBRIUM COUNT] 1198
	[MINIMUM S0 sTrt S1 DISTANCE]0.00403610814549249
	[MINIMUM S0 sTrt S21 DISTANCE]-0.025959891942256785
	[MINIMUM S0 sTrt S22 DISTANCE]0.015108696229462731
	[MINIMUM S7 sTrt S6 DISTANCE]0.0077568285780191815
	[MINIMUM S7 sTrt S8 DISTANCE]0.0028172887582801898
	[MINIMUM S7 sTrt S21 DISTANCE]0.09021739245892542
	[MINIMUM S7 esTrt S22 DISTANCE]0.0
	[MINIMUM S14 sTrt S13 DISTANCE]1.3011929334005856e-07
	[MINIMUM S14 sTrt S15 DISTANCE]0.005108696229462695
	[MINIMUM S14 sTrt S21 DISTANCE]0.00021739245892540837
	[MINIMUM S14 sTrt S22 DISTANCE]0.0
	[MINIMUM S20 sTrt S19 DISTANCE]0.0055361081454923244
	[MINIMUM S20 sTrt S21 DISTANCE]-0.026459891942256786
	[MINIMUM S20 sTrt S22 DISTANCE]0.0027501616012137395
	[AVERAGE S0 sTrt S1 DISTANCE]0.020792059210989557
	[AVERAGE S0 sTrt S21 DISTANCE]0.00894227710547252
	[AVERAGE S0 sTrt S22 DISTANCE]0.01666308511833241
	[AVERAGE S7 sTrt S6 DISTANCE]0.017389147967282397
	[AVERAGE S7 sTrt S8 DISTANCE]0.01320420936250576
	[AVERAGE S7 sTrt S21 DISTANCE]0.09332617023666474
	[AVERAGE S7 sTrt S22 DISTANCE]0.0
	[AVERAGE S14 sTrt S13 DISTANCE]0.0046292629956867825
	[AVERAGE S14 sTrt S15 DISTANCE]0.006663085118332375
	[AVERAGE S14 sTrt S21 DISTANCE]0.00332617023666471
	[AVERAGE S14 sTrt S22 DISTANCE]0.0
	[AVERAGE S20 sTrt S19 DISTANCE]0.020364134162272517
	[AVERAGE S20 sTrt S21 DISTANCE]-0.0014950165421217414
	[AVERAGE S20 sTrt S22 DISTANCE]0.006687510893288001
[VARIABLES]
	[RESULT 1] [0 5.796937856006518 0 1 3 3994.2016775241723 100]
	[RESULT 2] [0 5.970388964104068 0 4 0 3997.669484511381 100]
	[RESULT 3] [0 6.12352823660342 0 1 18 3988.4284350847793 100]
	[RESULT 4] [0 5.886105399661268 1 1 0 3982.8552908159927 8]
	[RESULT 5] [0 5.975436923038103 1 4 23 3961.425561112711 92]
	[RESULT 6] [0 5.327824388316706 1 4 5 3991.087900737429 100]
	[RESULT 7] [0 49.0775127635943 1 1 22 3897.8071343845318 100]
	[RESULT 8] [0 44.04946180677048 0 4 6 3887.0629425976012 99]
	[RESULT 9] [0 5.261118717343323 0 1 23 1458.1475632816116 30]
	[RESULT 10] [0 49.37533657582422 0 1 0 3966.937232433702 100]
	[RESULT 11] [0 6.315376018762627 0 4 0 3998.1266592960133 99]
	[RESULT 12] [0 49.31143916567417 1 4 23 3982.7011010712654 100]
	[RESULT 13] [0 8.660876624091081 1 4 23 1489.0438446736932 100]
	[RESULT 14] [0 49.984998730591315 1 4 15 3860.338851307021 97]
	[RESULT 15] [0 8.299118876592274 1 4 17 3998.411342347434 99]
	[RESULT 16] [1 5.673458418126275 0 1 21 3999.967850476182 100]
	[RESULT 17] [1 49.4468417196645 0 1 0 3999.9451129981676 100]
	[RESULT 18] [0 5.391205996890727 1 4 17 3967.9898331132813 91]
	[RESULT 19] [1 6.961044081066074 0 1 3 3994.6115546959572 100]
	[RESULT 20] [1 6.487523265684985 0 1 12 3999.9931538719225 100]
	[RESULT 21] [1 49.70878137631827 0 4 12 3993.3619933938467 98]
	[RESULT 22] [1 49.956721795870195 0 1 24 3994.3888841498056 100]
	[RESULT 23] [0 6.338479669659366 1 1 16 3875.963169381647 3]
	[RESULT 24] [1 7.170375738931518 1 1 21 3766.4205008475683 100]
	[RESULT 25] [0 5.002661206685415 0 1 17 3958.1344398260962 98]
	[RESULT 26] [1 49.95788334343387 0 4 15 3978.022792036953 100]
	[RESULT 27] [0 6.6334583624748085 0 4 22 3999.0007635214715 100]
	[RESULT 28] [0 5.650475375484701 1 1 0 3999.96542005578 98]
	[RESULT 29] [1 14.982216096213135 0 1 13 3996.1280269745716 100]
	[RESULT 30] [0 5.300051714097543 0 1 24 3988.7606820652272 30]
	[RESULT 31] [1 5.1450046221232 1 4 5 3999.877828912521 100]
	[RESULT 32] [0 10.315302554258391 0 4 12 1451.3131974068021 26]
	[RESULT 33] [0 49.99397288257135 1 1 15 3859.2245724628483 97]
	[RESULT 34] [0 5.327824388316706 1 4 5 3976.09611243091 100]
	[RESULT 35] [1 7.941908359934081 0 3 12 3999.782391251273 100]
	[RESULT 36] [1 44.991491993343715 1 1 21 3902.5458888931043 99]
	[RESULT 37] [0 7.497271930011764 1 1 5 2359.320459162199 24]
	[RESULT 38] [0 44.02776935068527 1 1 0 3999.9532520663715 99]
	[RESULT 39] [0 7.2323268074973575 0 1 4 3999.7720771711997 99]
	[RESULT 40] [1 5.799854254649249 0 1 11 3926.5245112492794 100]
	[RESULT 41] [0 5.316532850521258 0 1 15 3991.087900737429 100]
	[RESULT 42] [0 6.850918522106458 0 1 3 3992.785215001691 85]
	[RESULT 43] [1 5.781284572795091 0 4 23 1426.5733272252346 100]
	[RESULT 44] [0 7.920718540361798 0 1 21 3999.0007635214715 100]
	[RESULT 45] [0 11.69096320190267 1 1 18 3892.4463928535056 21]
	[RESULT 46] [1 6.486623998792255 0 1 24 3928.7870873162924 100]
	[RESULT 47] [0 46.966774576958834 1 4 15 3907.1566783865187 100]
	[RESULT 48] [0 8.502869409940999 0 1 24 3647.4392783542066 52]
	[RESULT 49] [0 49.75844273557033 1 4 1 3999.9626421991975 100]
	[RESULT 50] [0 5.8166684957335235 0 1 23 1159.585101085585 26]
	[RESULT 51] [1 5.752586334942697 0 1 23 3999.967850476182 99]
	[RESULT 52] [0 5.029866114494281 0 1 12 1448.8818276274603 26]
	[RESULT 53] [1 5.782716833033673 0 1 15 3999.963813884678 100]
	[RESULT 54] [0 8.712621908100855 0 1 21 3994.201339165402 100]
	[RESULT 55] [1 5.000949136837766 1 4 4 3999.9975780562063 100]
	[RESULT 56] [0 10.39889551353206 0 1 11 3999.7596771880712 100]
	[RESULT 57] [1 5.000274278281562 0 1 22 3999.94798244986 100]
	[RESULT 58] [1 9.354745861587789 0 4 4 1073.117160951476 97]
	[RESULT 59] [0 10.745550468012196 1 4 23 1524.3181268227386 19]
	[RESULT 60] [0 5.975436923038103 1 4 24 3993.3042688307223 98]
	[RESULT 61] [0 49.99679465102978 1 4 13 1032.2457645314187 5]
	[RESULT 62] [1 6.517760250871034 0 4 4 3743.758656452273 97]
	[RESULT 63] [0 7.8311122917111256 1 1 23 3919.873500381803 30]
	[RESULT 64] [1 5.659775127803872 0 1 15 3999.963813884678 100]
	[RESULT 65] [0 6.28570341494007 1 1 24 2359.320459162199 52]
	[RESULT 66] [0 5.616855939034647 1 1 0 3999.899277025221 100]
	[RESULT 67] [1 7.793823329355103 1 4 22 3993.447893840507 98]
	[RESULT 68] [1 46.73416538863773 1 1 5 3999.989631232269 100]
	[RESULT 69] [0 49.57683835550026 1 1 0 1234.0758554305137 94]
	[RESULT 70] [1 5.343948070654941 0 1 11 3674.402185700112 100]
	[RESULT 71] [1 49.927870942111355 0 4 0 3999.9451129981676 100]
	[RESULT 72] [0 5.213987501294724 1 1 5 2426.508761933658 3]
	[RESULT 73] [1 6.826814232013742 0 4 11 1045.0117308362694 6]
	[RESULT 74] [1 5.87224495098057 0 1 5 3999.877828912521 100]
	[RESULT 75] [1 5.654354853334898 0 1 24 3999.9233331929563 100]
	[RESULT 76] [0 8.299118876592274 0 4 17 3999.967290053495 96]
	[RESULT 77] [1 10.50400023509496 0 1 11 3999.78237957405 99]
	[RESULT 78] [1 5.428871768562508 0 1 15 3999.9955087955486 100]
	[RESULT 79] [1 5.498925260398254 0 1 24 3999.988375211612 100]
	[RESULT 80] [1 5.325843558342168 0 1 15 3999.998901050396 100]
	[RESULT 81] [0 5.573790248883154 1 4 16 1107.26127326455 25]
	[RESULT 82] [0 5.419209589075178 1 4 24 3818.1477255655986 92]
	[RESULT 83] [0 5.674801988648171 1 1 22 3673.491611027254 98]
	[RESULT 84] [1 5.465863174299054 1 1 14 3892.2142301985177 100]
	[RESULT 85] [0 6.9499455514804405 1 4 16 1534.4856752652836 21]
	[RESULT 86] [1 5.799854254649249 0 1 11 3926.5245112492794 97]
	[RESULT 87] [0 10.822625727655959 0 1 21 3993.077278206937 100]
	[RESULT 88] [1 7.556136277446729 0 1 16 3909.357049831804 99]
	[RESULT 89] [1 14.012364533113729 0 4 0 3999.99362265763 100]
	[RESULT 90] [0 46.530233310518696 0 1 15 3859.703848070002 96]
	[RESULT 91] [0 6.338479669659366 1 1 16 3961.9321880840644 7]
	[RESULT 92] [0 5.006630146613184 1 4 24 3959.7845296330697 11]
	[RESULT 93] [1 49.99602662303923 0 4 16 3856.197541953336 96]
	[RESULT 94] [1 47.20609874715441 0 1 14 3994.564475842241 7]
	[RESULT 95] [1 5.1724516995002325 0 1 12 3805.004457353086 97]
	[RESULT 96] [0 9.223647554227213 1 1 21 3977.359555623423 62]
	[RESULT 97] [1 5.857986198486461 0 1 15 3999.8982866675346 100]
	[RESULT 98] [0 8.299118876592274 0 4 17 3999.974972893017 98]
	[RESULT 99] [0 6.689681251630603 0 1 12 1380.2481917902944 26]
	[RESULT 100] [0 5.419254711431886 0 1 11 3585.76438796017 97]
	[RESULT 101] [0 46.65199813015787 0 1 14 3759.2988306049274 6]
	[RESULT 102] [0 48.54644472148462 0 4 13 1067.1705745609188 6]
	[RESULT 103] [1 5.785848442889463 1 1 15 3772.402473652181 4]
	[RESULT 104] [0 7.219357957906042 1 1 15 3970.733881562948 100]
	[RESULT 105] [1 5.418788559909184 0 1 2 3994.2016775241723 100]
	[RESULT 106] [1 11.046740706598632 0 1 15 3915.123296377339 99]
	[RESULT 107] [1 5.413609661133577 0 1 11 3974.6190458399733 100]
	[RESULT 108] [0 5.000274278281562 1 4 22 1629.585018687087 21]
	[RESULT 109] [1 9.193002931191947 0 1 15 2158.687477969942 99]
	[RESULT 110] [0 7.8311122917111256 1 1 23 3919.873500381803 99]
	[RESULT 111] [1 5.449050004677621 0 1 21 3999.967850476182 100]
	[RESULT 112] [0 6.746900085470766 0 1 12 1438.42767173885 98]
	[RESULT 113] [0 45.83780100923176 0 1 1 3999.9984303469714 99]
	[RESULT 114] [1 9.891404457451227 0 1 21 3833.536673193869 100]
	[RESULT 115] [1 5.328862537963262 0 1 11 3999.981755395683 100]
	[RESULT 116] [1 5.000589959947057 1 4 5 3993.5026938788483 98]
	[RESULT 117] [1 6.769697208148472 0 1 15 3999.97958831748 100]
	[RESULT 118] [0 5.653440647159643 1 4 4 3959.7516972133185 99]
	[RESULT 119] [0 5.001655308120397 0 1 17 3999.6291262877194 98]
	[RESULT 120] [1 5.428871768562508 0 1 13 3999.9955087955486 100]
[OBJECTIVES]
	[RESULT 1] [ 0.01192418 -0.01585834  0.01778251  0.01763585  0.02207083  0.09556502
  0.          0.00221749  0.00778251  0.00556502  0.          0.01242418
 -0.01735834  0.00278251]
	[RESULT 2] [ 0.00959422 -0.01794335  0.01753757  0.01610346  0.02102832  0.09507514
  0.          0.00246243  0.00753757  0.00507514  0.          0.01159422
 -0.01986821  0.00446243]
	[RESULT 3] [ 0.01555565 -0.01179892  0.01735457  0.01880968  0.02410054  0.09470914
  0.          0.00264543  0.00735457  0.00470914  0.          0.01605565
 -0.01408978  0.00314543]
	[RESULT 4] [0.02769588 0.01465316 0.01765097 0.01737149 0.01267342 0.09530193
 0.         0.0025471  0.00765097 0.00530193 0.         0.02719588
 0.00795509 0.00784903]
	[RESULT 5] [0.0245843  0.01788461 0.01753109 0.01599552 0.01105769 0.09506217
 0.         0.00440674 0.00753109 0.00506217 0.         0.0225843
 0.01094678 0.00946891]
	[RESULT 6] [ 0.01780444 -0.01096112  0.01876556  0.02205056  0.02451944  0.09753112
  0.          0.00123444  0.00876556  0.00753112  0.          0.01980444
 -0.01543     0.00823444]
	[RESULT 7] [ 0.03497528  0.00986436  0.01511092  0.02484598  0.01506782  0.09022184
  0.          0.00983276  0.00511092  0.00022184  0.          0.03452472
 -0.0019138   0.01038908]
	[RESULT 8] [0.0296559  0.01521926 0.01512485 0.02214068 0.01239037 0.09024969
 0.         0.00662546 0.00512485 0.00024969 0.         0.0276559
 0.00846895 0.00687515]
	[RESULT 9] [0.01948991 0.02154535 0.01896473 0.01129786 0.00922732 0.09792947
 0.         0.00103527 0.00896473 0.00792947 0.         0.01898991
 0.00295465 0.00396473]
	[RESULT 10] [ 0.02412559 -0.0009846   0.01511019  0.01972809  0.0204923   0.09022038
  0.          0.00516942  0.00511019  0.00022038  0.          0.02462559
 -0.00776421  0.00538981]
	[RESULT 11] [ 0.01958327 -0.0075762   0.01715948  0.02053085  0.0237881   0.09431895
  0.          0.00284052  0.00715948  0.00431895  0.          0.02158327
 -0.01025725  0.00484052]
	[RESULT 12] [ 2.51138543e-02  3.50685162e-06  1.51103474e-02  2.02224482e-02
  1.99982466e-02  9.02206948e-02  0.00000000e+00  8.33104223e-03
  5.11034741e-03  2.20694822e-04  0.00000000e+00  2.71138543e-02
 -1.17757983e-02  1.18896526e-02]
	[RESULT 13] [0.03131921 0.01260803 0.01607276 0.02155047 0.01369599 0.09214552
 0.         0.00878172 0.00607276 0.00214552 0.         0.02931921
 0.00275354 0.01092724]
	[RESULT 14] [0.0189044  0.02401314 0.01510873 0.01678911 0.00700657 0.09021746
 0.         0.00832619 0.00510873 0.00021746 0.         0.0169044
 0.00879567 0.01189127]
	[RESULT 15] [ 0.02533071 -0.00083232  0.01616303  0.0219099   0.02041616  0.09232606
  0.          0.00851091  0.00616303  0.00232606  0.          0.02733071
 -0.01050626  0.01083697]
	[RESULT 16] [ 0.00604428 -0.02194354  0.01798782  0.01475388  0.01877823  0.09597565
  0.          0.00201218  0.00798782  0.00597565  0.          0.00754428
 -0.02244354  0.00298782]
	[RESULT 17] [ 0.00894475 -0.01616527  0.01511002  0.0118874   0.02166736  0.09022004
  0.          0.00516994  0.00511002  0.00022004  0.          0.01044475
 -0.02194523  0.00538998]
	[RESULT 18] [0.02655696 0.01484904 0.018594   0.01538747 0.01257548 0.09718801
 0.         0.001406   0.008594   0.00718801 0.         0.02455696
 0.01003704 0.008406  ]
	[RESULT 19] [ 0.01174438 -0.01494421  0.01668859  0.01565508  0.02227789  0.09337719
  0.          0.00331141  0.00668859  0.00337719  0.          0.01324438
 -0.01756703  0.00381141]
	[RESULT 20] [ 0.00699681 -0.02001322  0.01701003  0.01376345  0.01974339  0.09402006
  0.          0.00298997  0.00701003  0.00402006  0.          0.00849681
 -0.02199316  0.00348997]
	[RESULT 21] [ 0.02746922  0.00235984  0.01510939  0.02114869  0.01907008  0.09021878
  0.          0.00667184  0.00510939  0.00021878  0.          0.03046922
 -0.00342139  0.00689061]
	[RESULT 22] [ 0.01347378 -0.01163502  0.0151088   0.01415009  0.02393249  0.0902176
  0.          0.00517361  0.0051088   0.0002176   0.          0.01497378
 -0.01741742  0.0053912 ]
	[RESULT 23] [0.01653582 0.02367396 0.01713814 0.0125607  0.00683698 0.09427628
 0.         0.00408558 0.00713814 0.00427628 0.         0.01603582
 0.00439768 0.00836186]
	[RESULT 24] [0.03499415 0.00842875 0.0165771  0.02288143 0.01603563 0.0931542
 0.         0.0057687  0.0065771  0.0031542  0.         0.03349415
 0.00058295 0.0089229 ]
	[RESULT 25] [3.39994903e-02 4.01276097e-03 1.99867293e-02 1.80201609e-02
 1.79936195e-02 9.99734586e-02 0.00000000e+00 1.32707173e-05
 9.98672928e-03 9.97345857e-03 0.00000000e+00 3.44994903e-02
 2.51276097e-03 4.98672928e-03]
	[RESULT 26] [ 0.02058688 -0.00452191  0.0151088   0.01770663  0.02251096  0.09021759
  0.          0.00667361  0.0051088   0.00021759  0.          0.02358688
 -0.01030432  0.0068912 ]
	[RESULT 27] [ 0.00906219 -0.01783646  0.01689864  0.01487906  0.02108177  0.09379729
  0.          0.00310136  0.00689864  0.00379729  0.          0.01106219
 -0.02103917  0.00510136]
	[RESULT 28] [ 0.02533844 -0.00269099  0.01802943  0.02471336  0.0213455   0.09605886
  0.          0.00197057  0.00802943  0.00605886  0.          0.02583844
 -0.00863213  0.00747057]
	[RESULT 29] [ 0.01189743 -0.01355785  0.01545528  0.01388164  0.02297107  0.09091056
  0.          0.00454472  0.00545528  0.00091056  0.          0.01339743
 -0.01864729  0.00504472]
	[RESULT 30] [0.03362585 0.00477985 0.018846   0.01991807 0.01761008 0.097692
 0.         0.001154   0.008846   0.007692   0.         0.03412585
 0.00327985 0.003846  ]
	[RESULT 31] [ 0.00975478 -0.01961201  0.01936679  0.01867758  0.01994399  0.09873359
  0.          0.00063321  0.00936679  0.00873359  0.          0.01275478
 -0.02187842  0.00763321]
	[RESULT 32] [0.01630124 0.02209296 0.01579173 0.01446303 0.00604648 0.09158346
 0.         0.00462482 0.00579173 0.00158346 0.         0.01430124
 0.00050951 0.00620827]
	[RESULT 33] [0.01887887 0.02398758 0.01510871 0.01677637 0.00699379 0.09021742
 0.         0.00982613 0.00510871 0.00021742 0.         0.01837887
 0.00877016 0.01039129]
	[RESULT 34] [ 0.02345427 -0.00531129  0.01876556  0.02487547  0.02265564  0.09753112
  0.          0.00123444  0.00876556  0.00753112  0.          0.02545427
 -0.00978017  0.00823444]
	[RESULT 35] [ 0.00794731 -0.01832111  0.01626842  0.01312629  0.02058944  0.09253684
  0.          0.00373158  0.00626842  0.00253684  0.          0.01044731
 -0.02178427  0.00523158]
	[RESULT 36] [0.02622593 0.01865209 0.01512198 0.02068    0.01092395 0.09024395
 0.         0.00986593 0.00512198 0.00024395 0.         0.02472593
 0.00789605 0.01037802]
	[RESULT 37] [0.01206465 0.01849433 0.01642969 0.0113878  0.00424717 0.09285937
 0.         0.00621094 0.00642969 0.00285937 0.         0.01156465
 0.00063496 0.00907031]
	[RESULT 38] [ 0.02492175 -0.00020317  0.01512491  0.02014824  0.02010158  0.09024983
  0.          0.00987474  0.00512491  0.00024983  0.          0.02542175
 -0.01195334  0.01037509]
	[RESULT 39] [ 0.01867899 -0.00786788  0.01654687  0.01915981  0.02393394  0.09309375
  0.          0.00345313  0.00654687  0.00309375  0.          0.01917899
 -0.01177414  0.00395313]
	[RESULT 40] [ 0.02487524 -0.00290276  0.017778    0.02385462  0.02170138  0.09555601
  0.          0.002222    0.007778    0.00555601  0.          0.02637524
 -0.00340276  0.002778  ]
	[RESULT 41] [ 0.01277215 -0.01602571  0.01879785  0.01958285  0.02198715  0.09759571
  0.          0.00120215  0.00879785  0.00759571  0.          0.01327215
 -0.01752571  0.00379785]
	[RESULT 42] [0.03259515 0.00584133 0.01675382 0.02357169 0.01707934 0.09350764
 0.         0.00324618 0.00675382 0.00350764 0.         0.03309515
 0.00234897 0.00374618]
	[RESULT 43] [0.03095251 0.00314554 0.01780696 0.0230633  0.01867723 0.09561393
 0.         0.00219304 0.00780696 0.00561393 0.         0.03395251
 0.00275947 0.00419304]
	[RESULT 44] [ 0.00968556 -0.01658972  0.01627528  0.01425569  0.02170514  0.09255055
  0.          0.00372472  0.00627528  0.00255055  0.          0.01018556
 -0.02103917  0.00422472]
	[RESULT 45] [0.01561519 0.0212653  0.01565011 0.01433242 0.00563265 0.09130023
 0.         0.00854966 0.00565011 0.00130023 0.         0.01511519
 0.00496507 0.00984989]
	[RESULT 46] [ 0.02549323 -0.00151753  0.01701076  0.02301275  0.02100876  0.09402152
  0.          0.00298924  0.00701076  0.00402152  0.          0.02699323
 -0.00349601  0.00348924]
	[RESULT 47] [ 0.03457998  0.00946361  0.01511637  0.02496454  0.0152682   0.09023274
  0.          0.00834911  0.00511637  0.00023274  0.          0.03342002
 -0.00230365  0.01188363]
	[RESULT 48] [0.01817393 0.02428433 0.0161104  0.01492136 0.00714217 0.09222081
 0.         0.0038896  0.0061104  0.00222081 0.         0.01767393
 0.00206353 0.0043896 ]
	[RESULT 49] [ 0.01492803 -0.01018124  0.01510927  0.01512792  0.02490938  0.09021854
  0.          0.00832781  0.00510927  0.00021854  0.          0.01692803
 -0.0219627   0.01189073]
	[RESULT 50] [0.01823708 0.02401063 0.01775229 0.0124901  0.00799468 0.09550458
 0.         0.00224771 0.00775229 0.00550458 0.         0.01773708
 0.00048937 0.00275229]
	[RESULT 51] [ 0.01617918 -0.01167374  0.01785293  0.01961898  0.02391313  0.09570585
  0.          0.00214707  0.00785293  0.00570585  0.          0.01767918
 -0.01217374  0.00285293]
	[RESULT 52] [0.02036428 0.01978072 0.019855   0.01039964 0.01010964 0.09971
 0.         0.000145   0.009855   0.00971    0.         0.01986428
 0.00471928 0.004855  ]
	[RESULT 53] [ 0.00623143 -0.02157328  0.01780471  0.01457277  0.01896336  0.09560942
  0.          0.00219529  0.00780471  0.00560942  0.          0.00773143
 -0.02207328  0.00280471]
	[RESULT 54] [ 0.01364593 -0.01241505  0.01606098  0.01591444  0.02379247  0.09212196
  0.          0.00393902  0.00606098  0.00212196  0.          0.01414593
 -0.01729309  0.00443902]
	[RESULT 55] [ 9.00716289e-03 -2.09880959e-02  1.99952588e-02  1.92464697e-02
  1.92559520e-02  9.99905176e-02  0.00000000e+00  4.74118416e-06
  9.99525882e-03  9.99051763e-03  0.00000000e+00  1.20071629e-02
 -2.19975783e-02  7.00474118e-03]
	[RESULT 56] [ 0.00945665 -0.01632474  0.01578138  0.0134004   0.02183763  0.09156277
  0.          0.00421862  0.00578138  0.00156277  0.          0.00995665
 -0.02176197  0.00471862]
	[RESULT 57] [ 4.05328056e-03 -2.59453484e-02  1.99986290e-02  1.67745838e-02
  1.67773258e-02  9.99972580e-02  0.00000000e+00  1.37101537e-06
  9.99862898e-03  9.99725797e-03  0.00000000e+00  5.55328056e-03
 -2.64453484e-02  4.99862898e-03]
	[RESULT 58] [0.02214548 0.02192077 0.01593375 0.01742211 0.00928962 0.0918675
 0.         0.00419875 0.00593375 0.0018675  0.         0.01914548
 0.00521173 0.00606625]
	[RESULT 59] [0.01123506 0.01697629 0.01574123 0.01200569 0.00348815 0.09148246
 0.         0.00977631 0.00574123 0.00148246 0.         0.00923506
 0.00049383 0.01125877]
	[RESULT 60] [ 0.0310835   0.00355242  0.01753109  0.02316162  0.01822379  0.09506217
  0.          0.00440674  0.00753109  0.00506217  0.          0.0330835
 -0.00338541  0.00946891]
	[RESULT 61] [0.01052587 0.01563458 0.0151087  0.01259988 0.00281729 0.09021741
 0.         0.00832611 0.0051087  0.00021741 0.         0.00852587
 0.00041717 0.0118913 ]
	[RESULT 62] [0.02520818 0.01780593 0.01698589 0.01737525 0.01134704 0.09397178
 0.         0.00301411 0.00698589 0.00397178 0.         0.02220818
 0.00722229 0.00501411]
	[RESULT 63] [0.01753201 0.02383712 0.0163051  0.01430835 0.00691856 0.09261021
 0.         0.00658469 0.0063051  0.00261021 0.         0.01703201
 0.00622691 0.0091949 ]
	[RESULT 64] [ 0.00602368 -0.02198878  0.01801246  0.01478052  0.01875561  0.09602491
  0.          0.00198754  0.00801246  0.00602491  0.          0.00752368
 -0.02248878  0.00301246]
	[RESULT 65] [0.0129709  0.02015841 0.01718751 0.01070418 0.0050792  0.09437502
 0.         0.00393747 0.00718751 0.00437502 0.         0.0124709
 0.00078339 0.00831249]
	[RESULT 66] [ 0.0120079  -0.01608452  0.01809242  0.01814258  0.02195774  0.09618484
  0.          0.00190758  0.00809242  0.00618484  0.          0.0125079
 -0.02189968  0.00740758]
	[RESULT 67] [ 0.0312069   0.00488897  0.01631793  0.02483035  0.01780552  0.09263586
  0.          0.0080462   0.00631793  0.00263586  0.          0.0342069
 -0.00347517  0.01068207]
	[RESULT 68] [ 0.01389336 -0.01122364  0.015117    0.01437218  0.02413818  0.090234
  0.          0.00985101  0.005117    0.000234    0.          0.01539336
 -0.02198964  0.010383  ]
	[RESULT 69] [0.01319079 0.01830049 0.0151097  0.01393084 0.00415025 0.09021941
 0.         0.00982911 0.0051097  0.00021941 0.         0.01269079
 0.00308108 0.0103903 ]
	[RESULT 70] [ 0.02849695 -0.00022343  0.01872038  0.02292095  0.02036172  0.09744076
  0.          0.00127962  0.00872038  0.00744076  0.          0.02999695
 -0.00072343  0.00372038]
	[RESULT 71] [ 0.0089459  -0.01616297  0.01510887  0.01188625  0.02166852  0.09021773
  0.          0.0066734   0.00510887  0.00021773  0.          0.0119459
 -0.02194523  0.00689113]
	[RESULT 72] [0.01471373 0.02383239 0.01911866 0.00867888 0.0069162  0.09823732
 0.         0.00088134 0.00911866 0.00823732 0.         0.01421373
 0.00059508 0.00638134]
	[RESULT 73] [0.01818903 0.02495781 0.01676878 0.01419135 0.0077289  0.09353755
 0.         0.00323122 0.00676878 0.00353755 0.         0.01518903
 0.00042026 0.00523122]
	[RESULT 74] [ 0.00645099 -0.0212196   0.01767059  0.01448138  0.0191402   0.09534118
  0.          0.00232941  0.00767059  0.00534118  0.          0.00795099
 -0.02187842  0.00282941]
	[RESULT 75] [ 0.00605411 -0.02196822  0.01802233  0.01481054  0.01876589  0.09604465
  0.          0.00197767  0.00802233  0.00604465  0.          0.00755411
 -0.02246822  0.00302233]
	[RESULT 76] [ 0.02486964 -0.00129339  0.01616303  0.02167936  0.0206467   0.09232606
  0.          0.00383697  0.00616303  0.00232606  0.          0.02686964
 -0.00596733  0.00583697]
	[RESULT 77] [ 0.01844698 -0.00732177  0.01576876  0.01762663  0.02391089  0.09153752
  0.          0.00423124  0.00576876  0.00153752  0.          0.01994698
 -0.01178426  0.00473124]
	[RESULT 78] [ 0.00550523 -0.02299404  0.01849926  0.01525151  0.01825298  0.09699853
  0.          0.00150074  0.00849926  0.00699853  0.          0.00700523
 -0.02349404  0.00349926]
	[RESULT 79] [ 0.0056759  -0.02265983  0.01833572  0.01509153  0.01842009  0.09667145
  0.          0.00166428  0.00833572  0.00667145  0.          0.0071759
 -0.02315983  0.00333572]
	[RESULT 80] [ 0.00522991 -0.02354127  0.01877118  0.01552173  0.01797937  0.09754237
  0.          0.00122882  0.00877118  0.00754237  0.          0.00672991
 -0.02404127  0.00377118]
	[RESULT 81] [0.01365441 0.02183145 0.01817704 0.00956164 0.00591573 0.09635409
 0.         0.00246887 0.00817704 0.00635409 0.         0.01165441
 0.00047736 0.00882296]
	[RESULT 82] [0.01876679 0.02271012 0.01852309 0.01159876 0.00864494 0.09704618
 0.         0.00147691 0.00852309 0.00704618 0.         0.01676679
 0.0052437  0.00847691]
	[RESULT 83] [0.02143015 0.02058443 0.01798543 0.01373693 0.00970779 0.09597086
 0.         0.00201457 0.00798543 0.00597086 0.         0.02093015
 0.00844472 0.00751457]
	[RESULT 84] [ 0.03088221  0.00247125  0.01841096  0.02219246  0.01901437  0.09682192
  0.          0.00158904  0.00841096  0.00682192  0.          0.03238221
 -0.00170683  0.00708904]
	[RESULT 85] [0.0121959  0.01889085 0.01669495 0.01105553 0.00444542 0.09338989
 0.         0.00691516 0.00669495 0.00338989 0.         0.0101959
 0.00050095 0.01030505]
	[RESULT 86] [0.03012476 0.01209724 0.017778   0.01864538 0.01420138 0.09555601
 0.         0.002222   0.007778   0.00555601 0.         0.02862476
 0.01140276 0.002778  ]
	[RESULT 87] [ 0.01468861 -0.01104424  0.01573286  0.01594359  0.02447788  0.09146571
  0.          0.00426714  0.00573286  0.00146571  0.          0.01518861
 -0.01657853  0.00476714]
	[RESULT 88] [0.03281059 0.01078339 0.01640602 0.02204626 0.0148583  0.09281204
 0.         0.00359398 0.00640602 0.00281204 0.         0.03131059
 0.00759543 0.00409398]
	[RESULT 89] [ 0.00850699 -0.01699239  0.01549938  0.01225257  0.02125381  0.09099877
  0.          0.00550185  0.00549938  0.00099877  0.          0.01150699
 -0.02199362  0.00650062]
	[RESULT 90] [0.02289866 0.02198378 0.01511756 0.01877298 0.00900811 0.09023513
 0.         0.00514731 0.00511756 0.00023513 0.         0.02239866
 0.00778109 0.00538244]
	[RESULT 91] [0.02226088 0.02060098 0.01713814 0.01542323 0.00969951 0.09427628
 0.         0.00408558 0.00713814 0.00427628 0.         0.02176088
 0.01012273 0.00836186]
	[RESULT 92] [2.47729054e-02 1.52600269e-02 1.99670676e-02 1.24358513e-02
 1.23699865e-02 9.99341352e-02 0.00000000e+00 3.29323865e-05
 9.96706761e-03 9.93413523e-03 0.00000000e+00 2.27729054e-02
 9.80583783e-03 7.03293239e-03]
	[RESULT 93] [0.02381126 0.02108004 0.01510871 0.01949257 0.00970998 0.09021741
 0.         0.00667388 0.00510871 0.00021741 0.         0.02081126
 0.00770255 0.00689129]
	[RESULT 94] [0.0331363  0.00802057 0.01511572 0.02399173 0.01623971 0.09023145
 0.         0.00515283 0.00511572 0.00023145 0.         0.0346363
 0.00225202 0.00538428]
	[RESULT 95] [0.02810553 0.0126299  0.01926457 0.01540592 0.01393505 0.09852914
 0.         0.00073543 0.00926457 0.00852914 0.         0.02660553
 0.0108701  0.00426457]
	[RESULT 96] [0.02458911 0.0194537  0.01595719 0.01835878 0.01027315 0.09191437
 0.         0.00762844 0.00595719 0.00191437 0.         0.02408911
 0.00936807 0.00954281]
	[RESULT 97] [ 0.00641022 -0.02128087  0.01769109  0.01449174  0.01910956  0.09538217
  0.          0.00230891  0.00769109  0.00538217  0.          0.00791022
 -0.0218987   0.00280891]
	[RESULT 98] [ 0.02219531 -0.00396772  0.01616303  0.0203422   0.02198386  0.09232606
  0.          0.00383697  0.00616303  0.00232606  0.          0.02419531
 -0.00864166  0.00583697]
	[RESULT 99] [0.01736194 0.0242209  0.01685896 0.01339254 0.00711045 0.09371791
 0.         0.00314104 0.00685896 0.00371791 0.         0.01686194
 0.00050298 0.00364104]
	[RESULT 100] [0.0249459  0.01653112 0.01852298 0.01468849 0.01173444 0.09704595
 0.         0.00147702 0.00852298 0.00704595 0.         0.0244459
 0.00796888 0.00352298]
	[RESULT 101] [0.01768002 0.02279725 0.01511723 0.01616417 0.00639862 0.09023446
 0.         0.00514832 0.00511723 0.00023446 0.         0.01718002
 0.00256279 0.00538277]
	[RESULT 102] [0.01553407 0.02064631 0.01511224 0.01509867 0.00532316 0.09022448
 0.         0.00666327 0.00511224 0.00022448 0.         0.01353407
 0.00042183 0.00688776]
	[RESULT 103] [0.01648027 0.02428006 0.01779979 0.01179045 0.00739003 0.09559958
 0.         0.00220021 0.00779979 0.00559958 0.         0.01498027
 0.00268048 0.00770021]
	[RESULT 104] [ 0.02692958  0.00037648  0.0165531   0.02329445  0.01981176  0.09310621
  0.          0.00584069  0.0065531   0.00310621  0.          0.02742958
 -0.00851732  0.0089469 ]
	[RESULT 105] [ 0.01018255 -0.01834158  0.01852413  0.01762748  0.02057921  0.09704827
  0.          0.00147587  0.00852413  0.00704827  0.          0.01168255
 -0.01884158  0.00352413]
	[RESULT 106] [0.03239774 0.01189271 0.01570955 0.02288455 0.01430364 0.0914191
 0.         0.00429045 0.00570955 0.0014191  0.         0.03089774
 0.00731181 0.00479045]
	[RESULT 107] [ 0.01805747 -0.01047957  0.01853704  0.0215843   0.02451021  0.09707409
  0.          0.00146296  0.00853704  0.00707409  0.          0.01955747
 -0.01097957  0.00353704]
	[RESULT 108] [1.55095441e-02 2.44918269e-02 1.99986290e-02 7.75682858e-03
 7.75408655e-03 9.99972580e-02 0.00000000e+00 1.37101537e-06
 9.99862898e-03 9.99725797e-03 0.00000000e+00 1.35095441e-02
 5.10915125e-04 7.00137102e-03]
	[RESULT 109] [0.02729772 0.01673945 0.01596283 0.01995461 0.01188028 0.09192567
 0.         0.00403717 0.00596283 0.00192567 0.         0.02579772
 0.01033488 0.00453717]
	[RESULT 110] [0.02725032 0.01644457 0.0163051  0.01916751 0.01177771 0.09261021
 0.         0.00658469 0.0063051  0.00261021 0.         0.02675032
 0.00705478 0.0091949 ]
	[RESULT 111] [ 0.00558157 -0.02286896  0.01845054  0.01521659  0.01831552  0.09690107
  0.          0.00154946  0.00845054  0.00690107  0.          0.00708157
 -0.02336896  0.00345054]
	[RESULT 112] [0.02372853 0.01945123 0.01682023 0.01663392 0.01027438 0.09364047
 0.         0.00317977 0.00682023 0.00364047 0.         0.02322853
 0.0069083  0.00367977]
	[RESULT 113] [ 0.01988206 -0.00523745  0.01511951  0.01762029  0.02261872  0.09023902
  0.          0.00514147  0.00511951  0.00023902  0.          0.02038206
 -0.01199843  0.00538049]
	[RESULT 114] [ 0.02988697  0.00403828  0.01584869  0.02346653  0.01823086  0.09169739
  0.          0.00415131  0.00584869  0.00169739  0.          0.03138697
 -0.00026433  0.00465131]
	[RESULT 115] [ 0.00525561 -0.023507    0.01876262  0.01552173  0.0179965   0.09752523
  0.          0.00123738  0.00876262  0.00752523  0.          0.00675561
 -0.024007    0.00376262]
	[RESULT 116] [ 2.74933146e-02 -2.50373736e-03  1.99970519e-02  2.15077648e-02
  2.15018687e-02  9.99941039e-02  0.00000000e+00  2.94806050e-06
  9.99705194e-03  9.99410388e-03  0.00000000e+00  3.04933146e-02
 -3.50963348e-03  7.00294806e-03]
	[RESULT 117] [ 0.00721514 -0.01959011  0.01680525  0.01356545  0.01995495  0.0936105
  0.          0.00319475  0.00680525  0.0036105   0.          0.00871514
 -0.0219796   0.00369475]
	[RESULT 118] [0.03260279 0.00937321 0.018024   0.0192654  0.01531339 0.09604799
 0.         0.00292801 0.008024   0.00604799 0.         0.03060279
 0.00342121 0.008976  ]
	[RESULT 119] [ 1.87070484e-02 -1.12846887e-02  1.99917371e-02  2.43411299e-02
  2.43576557e-02  9.99834743e-02  0.00000000e+00  8.26286302e-06
  9.99173714e-03  9.98347427e-03  0.00000000e+00  1.92070484e-02
 -1.27846887e-02  4.99173714e-03]
	[RESULT 120] [ 0.00550523 -0.02299404  0.01849926  0.01525151  0.01825298  0.09699853
  0.          0.00150074  0.00849926  0.00699853  0.          0.00700523
 -0.02349404  0.00349926]
