[METRICS]
	[DISEQUILIBRIUM COUNT] 1261
	[MINIMUM S0 sTrt S1 DISTANCE]0.004017440380313597
	[MINIMUM S0 sTrt S21 DISTANCE]-0.025965421597380925
	[MINIMUM S0 sTrt S22 DISTANCE]0.015108700237937506
	[MINIMUM S7 sTrt S6 DISTANCE]0.007773410571409345
	[MINIMUM S7 sTrt S8 DISTANCE]0.0028121058449992464
	[MINIMUM S7 sTrt S21 DISTANCE]0.09021740047587498
	[MINIMUM S7 esTrt S22 DISTANCE]0.0
	[MINIMUM S14 sTrt S13 DISTANCE]9.187509952823802e-08
	[MINIMUM S14 sTrt S15 DISTANCE]0.005108700237937525
	[MINIMUM S14 sTrt S21 DISTANCE]0.00021740047587497785
	[MINIMUM S14 sTrt S22 DISTANCE]0.0
	[MINIMUM S20 sTrt S19 DISTANCE]0.005517440380313432
	[MINIMUM S20 sTrt S21 DISTANCE]-0.02646542159738092
	[MINIMUM S20 sTrt S22 DISTANCE]0.0027525465028968854
	[AVERAGE S0 sTrt S1 DISTANCE]0.02003180289692119
	[AVERAGE S0 sTrt S21 DISTANCE]0.008750343264072325
	[AVERAGE S0 sTrt S22 DISTANCE]0.01663947057743302
	[AVERAGE S7 sTrt S6 DISTANCE]0.017179617205102853
	[AVERAGE S7 sTrt S8 DISTANCE]0.013038861879171037
	[AVERAGE S7 sTrt S21 DISTANCE]0.0932789411548661
	[AVERAGE S7 sTrt S22 DISTANCE]0.0
	[AVERAGE S14 sTrt S13 DISTANCE]0.004742940320877986
	[AVERAGE S14 sTrt S15 DISTANCE]0.006639470577433081
	[AVERAGE S14 sTrt S21 DISTANCE]0.0032789411548661152
	[AVERAGE S14 sTrt S22 DISTANCE]0.0
	[AVERAGE S20 sTrt S19 DISTANCE]0.019713301253790786
	[AVERAGE S20 sTrt S21 DISTANCE]-0.00206138383146592
	[AVERAGE S20 sTrt S22 DISTANCE]0.006828133474465802
[VARIABLES]
	[RESULT 1] [1 47.39834501026214 1 4 1 1200.576303733822 97]
	[RESULT 2] [0 8.648159486436022 0 1 9 3996.4173886403755 100]
	[RESULT 3] [1 8.36174461286376 0 4 15 1738.1989371588202 97]
	[RESULT 4] [1 5.554092362913727 0 1 15 3999.989195022368 100]
	[RESULT 5] [0 5.021593607663919 1 4 13 1739.232383842816 15]
	[RESULT 6] [0 7.527346375676165 0 1 9 3998.7780543372987 100]
	[RESULT 7] [1 47.32045202503037 0 4 18 3970.0008613399523 97]
	[RESULT 8] [0 6.187210640631289 1 4 3 1514.005110148991 6]
	[RESULT 9] [0 7.731032296081682 1 1 1 3704.736643423309 99]
	[RESULT 10] [0 7.171857448057186 1 1 10 1858.5054890704446 15]
	[RESULT 11] [0 5.001264412563481 0 1 14 3998.9380121202303 98]
	[RESULT 12] [1 5.20799537687617 1 1 10 3999.9013691898845 100]
	[RESULT 13] [0 6.99562422257721 1 1 16 3814.4238781401855 100]
	[RESULT 14] [0 5.829517938336551 1 4 12 3781.1249923683117 100]
	[RESULT 15] [0 5.41139218110351 1 1 14 3999.1229563113825 93]
	[RESULT 16] [0 7.554143694890975 1 4 10 1739.4670300962032 100]
	[RESULT 17] [1 5.257550086679407 0 4 15 1725.039042936938 48]
	[RESULT 18] [0 8.480362533617344 1 4 1 1984.5953247441178 10]
	[RESULT 19] [0 5.298118540915729 1 4 1 1200.576303733822 97]
	[RESULT 20] [0 49.015451319060844 1 1 1 3762.8784895352846 5]
	[RESULT 21] [1 5.109911611022481 0 1 17 3999.991966845604 100]
	[RESULT 22] [1 5.486560499942294 0 1 15 3999.989195022368 100]
	[RESULT 23] [1 5.358522350958545 0 1 16 3999.993949104304 100]
	[RESULT 24] [1 5.875933652686724 0 1 16 3999.9900554849987 99]
	[RESULT 25] [0 5.430688692721968 0 1 18 1257.5852160554173 100]
	[RESULT 26] [1 6.212797836907581 0 1 15 3999.9998672818833 100]
	[RESULT 27] [1 8.34593656629427 0 1 11 3998.672112316295 99]
	[RESULT 28] [0 8.810197875312614 0 1 4 3991.192486170516 100]
	[RESULT 29] [1 5.656226438605297 0 1 17 3999.997859783713 100]
	[RESULT 30] [1 8.978109413025978 0 4 8 3961.1766667472552 100]
	[RESULT 31] [1 49.751153578739135 0 4 1 3999.997155706376 100]
	[RESULT 32] [0 6.392318395762829 1 1 13 3500.774883502247 96]
	[RESULT 33] [1 11.264929328059392 1 4 10 3965.5656760508195 100]
	[RESULT 34] [0 6.7194025371169195 0 1 9 3991.4639050014903 100]
	[RESULT 35] [1 6.2551723620979836 0 4 18 3980.9608530517094 100]
	[RESULT 36] [1 10.061910381533576 0 1 15 3746.0783537950965 34]
	[RESULT 37] [1 5.661039709025403 0 1 16 3999.9969839271207 100]
	[RESULT 38] [1 48.37553228200704 0 1 0 3735.743292147917 99]
	[RESULT 39] [1 45.81080162840309 0 4 0 3963.999890791056 100]
	[RESULT 40] [1 5.399049971887991 0 1 0 3988.605697072004 100]
	[RESULT 41] [1 6.098611639473544 0 1 18 1585.1713894680183 84]
	[RESULT 42] [1 5.7401339478901425 0 1 10 3748.402919586853 98]
	[RESULT 43] [0 14.447313768458844 0 1 15 3939.7951845828848 34]
	[RESULT 44] [1 5.71489455150781 0 1 17 3999.9925299030438 100]
	[RESULT 45] [1 47.476180287173825 0 1 18 3963.1764098649046 100]
	[RESULT 46] [1 6.649165708111944 0 4 16 3964.7825041660717 100]
	[RESULT 47] [1 5.791915337331244 1 1 16 3999.1850686294224 100]
	[RESULT 48] [1 5.307525490704248 1 4 10 3973.6034482510413 100]
	[RESULT 49] [0 5.756604822608962 1 1 17 3951.9155496996477 53]
	[RESULT 50] [1 6.958862768836868 1 1 0 3938.0371226735515 100]
	[RESULT 51] [1 5.00343939334105 0 1 17 3999.999697638335 100]
	[RESULT 52] [0 6.995393958344874 1 1 18 3330.034312320259 97]
	[RESULT 53] [1 6.855595865253322 0 4 16 3999.999903339686 100]
	[RESULT 54] [1 46.18656007185662 0 1 16 3999.414279050819 99]
	[RESULT 55] [1 5.623583358916609 0 1 17 3995.529556370908 100]
	[RESULT 56] [0 7.286174189942479 0 1 2 3920.88664649191 91]
	[RESULT 57] [1 5.66963492482804 0 1 17 3999.991966845604 100]
	[RESULT 58] [0 5.000089568856829 1 1 1 3471.7275382160533 100]
	[RESULT 59] [1 9.053312369986823 1 1 16 1818.5686730297925 96]
	[RESULT 60] [1 48.75200158125041 1 1 15 3999.9900554849987 99]
	[RESULT 61] [0 5.744673490125682 0 1 1 1782.4636243612226 16]
	[RESULT 62] [0 5.000213358958906 1 4 3 3965.691765372108 100]
	[RESULT 63] [1 5.947367871763689 0 1 15 3923.6700759308537 100]
	[RESULT 64] [1 6.061475330614995 0 4 16 3998.601919566215 100]
	[RESULT 65] [1 5.447753021528613 0 1 17 3999.9892612609897 98]
	[RESULT 66] [1 5.396332339387643 0 1 10 3999.6444319582724 86]
	[RESULT 67] [0 7.95048965617536 0 1 0 1004.9152081299176 9]
	[RESULT 68] [1 48.36651665947052 0 1 15 3997.1383745595726 93]
	[RESULT 69] [0 14.160178484897495 0 1 9 3996.4173886403755 100]
	[RESULT 70] [0 10.924074803361428 0 4 2 1138.8513681423728 6]
	[RESULT 71] [0 5.379550026224052 1 4 15 3726.1999965896484 99]
	[RESULT 72] [0 9.43886873893446 0 1 20 3988.408858035605 5]
	[RESULT 73] [1 5.9283644025388424 0 1 13 3993.1693646571716 100]
	[RESULT 74] [0 6.544700776490507 0 4 2 1867.7662325420242 2]
	[RESULT 75] [0 49.989062415809386 1 4 2 1111.0349138106671 5]
	[RESULT 76] [1 6.293151962403149 1 4 15 3976.669480368128 10]
	[RESULT 77] [0 6.544700776490507 0 1 13 2045.0509180527908 98]
	[RESULT 78] [1 6.7191592507914475 0 4 15 3996.1090206405447 100]
	[RESULT 79] [0 12.425506474286356 0 4 12 3833.5322919599175 100]
	[RESULT 80] [1 6.653981703754136 0 1 15 1551.5579738838949 100]
	[RESULT 81] [0 5.763477836736407 1 1 17 3649.94621866022 16]
	[RESULT 82] [1 6.056198699447426 0 4 16 3993.037538098094 100]
	[RESULT 83] [0 5.000039362850353 1 1 1 3609.151539433119 99]
	[RESULT 84] [0 5.549137064020469 1 4 1 1599.6539153139668 10]
	[RESULT 85] [1 47.476180287173825 0 1 18 3992.3669015948235 100]
	[RESULT 86] [0 5.096321606277306 1 1 17 3525.241343545779 96]
	[RESULT 87] [0 5.65368010091282 0 4 17 1162.3076138299205 100]
	[RESULT 88] [0 49.998019029439654 0 1 10 1009.4136439415357 9]
	[RESULT 89] [1 6.819152661702836 0 4 11 3978.2354699390326 84]
	[RESULT 90] [0 8.775885580122925 1 4 12 3984.4103597642843 99]
	[RESULT 91] [1 5.179056392300448 0 1 17 3999.9892612609897 98]
	[RESULT 92] [1 6.6561227464057335 0 1 15 3999.999867805952 100]
	[RESULT 93] [1 5.647948842475869 1 1 15 3985.2066507028485 100]
	[RESULT 94] [0 5.003188259915357 1 1 13 1853.105068815737 13]
	[RESULT 95] [1 7.895827942965306 0 4 0 3909.388799384634 100]
	[RESULT 96] [1 5.64654677146137 0 1 17 3999.9940651580578 100]
	[RESULT 97] [1 8.20980756227472 0 4 16 3998.601919566215 100]
	[RESULT 98] [0 49.613966340778745 0 4 20 1071.008249730637 1]
	[RESULT 99] [1 7.655641523742955 0 1 15 3999.997859783713 100]
	[RESULT 100] [1 11.89103638439042 0 4 12 3892.3140440869106 96]
	[RESULT 101] [1 5.298118540915729 1 4 1 1200.576303733822 100]
	[RESULT 102] [0 6.298138432190265 1 1 17 3951.9155496996477 99]
	[RESULT 103] [1 5.001855641663692 1 4 9 3999.3479543314866 100]
	[RESULT 104] [0 9.617647608642617 0 1 16 3999.98574536836 100]
	[RESULT 105] [1 12.149487142114648 0 1 15 3999.989195022368 100]
	[RESULT 106] [1 5.388712949302528 0 1 14 3927.5197409245025 34]
	[RESULT 107] [0 49.97820978707744 1 1 3 3997.1772027365187 93]
	[RESULT 108] [1 5.6251027137653455 0 1 16 3999.989195022368 100]
	[RESULT 109] [0 5.947367871763689 0 1 15 3967.7133730054147 100]
	[RESULT 110] [1 9.618031608087126 1 4 0 3944.215442572091 97]
	[RESULT 111] [1 47.3859049212564 1 4 1 3986.410025788815 88]
	[RESULT 112] [1 5.375479742308291 0 1 18 3999.9991584224135 100]
	[RESULT 113] [1 8.69663470912014 0 1 17 3937.805303829501 100]
	[RESULT 114] [1 11.753014935084712 0 4 15 3999.9853081384026 100]
	[RESULT 115] [1 5.153475005009018 0 1 12 3929.236277371634 97]
	[RESULT 116] [0 49.32933068219908 0 1 17 3999.908218564696 100]
	[RESULT 117] [1 5.823469461334243 0 1 4 3999.998318607135 100]
	[RESULT 118] [0 5.307889330071314 1 4 3 3997.0921104662734 100]
	[RESULT 119] [1 5.127328143542556 0 4 16 3628.225055882377 100]
	[RESULT 120] [1 5.562675526429303 0 1 16 3999.9900716666693 100]
[OBJECTIVES]
	[RESULT 1] [0.0163365  0.02145171 0.01511521 0.01574543 0.00597585 0.09023042
 0.         0.00834564 0.00511521 0.00023042 0.         0.0133365
 0.00522128 0.01188479]
	[RESULT 2] [ 0.01205786 -0.01401783  0.01607569  0.01514247  0.02299108  0.09215139
  0.          0.00392431  0.00607569  0.00215139  0.          0.01255786
 -0.01886644  0.00442431]
	[RESULT 3] [0.02241964 0.02143403 0.01614633 0.01724032 0.00953298 0.09229266
 0.         0.00385367 0.00614633 0.00229266 0.         0.01941964
 0.00527331 0.00585367]
	[RESULT 4] [ 0.00579349 -0.02242382  0.01821731  0.01497271  0.01853809  0.09643462
  0.          0.00178269  0.00821731  0.00643462  0.          0.00729349
 -0.02292382  0.00321731]
	[RESULT 5] [0.0154003  0.02470538 0.01989431 0.00785868 0.00764731 0.09978863
 0.         0.00010569 0.00989431 0.00978863 0.         0.0134003
 0.00050599 0.00710569]
	[RESULT 6] [ 0.00974751 -0.01666999  0.0164175   0.0145      0.02166501  0.09283499
  0.          0.0035825   0.0064175   0.00283499  0.          0.01024751
 -0.020835    0.0040825 ]
	[RESULT 7] [0.03247923 0.01240535 0.01511542 0.02381649 0.01404733 0.09023084
 0.         0.00665374 0.00511542 0.00023084 0.         0.02947923
 0.00663619 0.00688458]
	[RESULT 8] [0.01274545 0.02003146 0.01728602 0.0104437  0.00501573 0.09457203
 0.         0.00514195 0.00728602 0.00457203 0.         0.01074545
 0.00045943 0.00971398]
	[RESULT 9] [0.02329163 0.02036826 0.01634011 0.01713565 0.00981587 0.09268022
 0.         0.00647966 0.00634011 0.00268022 0.         0.02279163
 0.01104848 0.00915989]
	[RESULT 10] [0.01209741 0.01867377 0.01657636 0.01118416 0.00433688 0.09315273
 0.         0.00577091 0.00657636 0.00315273 0.         0.01159741
 0.00052104 0.00892364]
	[RESULT 11] [ 1.93583608e-02 -1.06353251e-02  1.99936859e-02  2.46697093e-02
  2.46823375e-02  9.99873718e-02  0.00000000e+00  6.31407922e-06
  9.99368592e-03  9.98737184e-03  0.00000000e+00  1.98583608e-02
 -1.21353251e-02  4.99368592e-03]
	[RESULT 12] [ 0.00995915 -0.01917993  0.01913909  0.01843821  0.02016003  0.09827818
  0.          0.00086091  0.00913909  0.00827818  0.          0.01145915
 -0.02190176  0.00636091]
	[RESULT 13] [3.46371490e-02 8.69374977e-03 1.66691012e-02 2.23149227e-02
 1.56531251e-02 9.33382024e-02 0.00000000e+00 5.49269638e-03
 6.66910121e-03 3.33820241e-03 0.00000000e+00 3.41371490e-02
 3.19521773e-05 8.83089879e-03]
	[RESULT 14] [0.03470425 0.00697129 0.01773296 0.02104843 0.01651435 0.09546592
 0.         0.00380112 0.00773296 0.00546592 0.         0.03329575
 0.00043721 0.00926704]
	[RESULT 15] [ 0.02980472  0.00126212  0.0185426   0.02228374  0.01936894  0.0970852
  0.          0.0014574   0.0085426   0.0070852   0.          0.03030472
 -0.00365268  0.0069574 ]
	[RESULT 16] [0.03168027 0.01191292 0.01640681 0.02122992 0.01404354 0.09281362
 0.         0.00777957 0.00640681 0.00281362 0.         0.02968027
 0.00272654 0.01059319]
	[RESULT 17] [0.02062509 0.02039893 0.01897598 0.01209857 0.01005054 0.09795197
 0.         0.00102402 0.00897598 0.00795197 0.         0.01762509
 0.00160107 0.00397598]
	[RESULT 18] [0.01164207 0.01775805 0.01611598 0.01164706 0.00387903 0.09223196
 0.         0.00865206 0.00611598 0.00223196 0.         0.00964207
 0.00052609 0.01088402]
	[RESULT 19] [0.01907301 0.02207526 0.01885173 0.01125891 0.00896237 0.09770346
 0.         0.00114827 0.00885173 0.00770346 0.         0.01707301
 0.00522128 0.00814827]
	[RESULT 20] [0.0127038  0.01781487 0.01511107 0.01368529 0.00390743 0.09022215
 0.         0.00983322 0.00511107 0.00022215 0.         0.0122038
 0.00259272 0.01038893]
	[RESULT 21] [ 0.00450317 -0.0250017   0.01950486  0.01625888  0.01724915  0.09900973
  0.          0.00049514  0.00950486  0.00900973  0.          0.00600317
 -0.0255017   0.00450486]
	[RESULT 22] [ 0.00564733 -0.02271614  0.01836347  0.01511887  0.01839193  0.09672694
  0.          0.00163653  0.00836347  0.00672694  0.          0.00714733
 -0.02321614  0.00336347]
	[RESULT 23] [ 0.00532558 -0.02335489  0.01868047  0.01543349  0.01807256  0.09736094
  0.          0.00131953  0.00868047  0.00736094  0.          0.00682558
 -0.02385489  0.00368047]
	[RESULT 24] [ 0.0163446  -0.01132074  0.01766534  0.01942031  0.02408963  0.09533068
  0.          0.00233466  0.00766534  0.00533068  0.          0.0178446
 -0.01199006  0.00283466]
	[RESULT 25] [0.03127934 0.00278452 0.01849482 0.0216181  0.01860774 0.09698964
 0.         0.00150518 0.00849482 0.00698964 0.         0.03177934
 0.00128452 0.00349482]
	[RESULT 26] [ 0.00674055 -0.02051903  0.01725958  0.01400965  0.01949048  0.09451917
  0.          0.00274042  0.00725958  0.00451917  0.          0.00824055
 -0.02199987  0.00324042]
	[RESULT 27] [ 0.01911041 -0.00704009  0.0161505   0.01853096  0.02377004  0.092301
  0.          0.0038495   0.0061505   0.002301    0.          0.02061041
 -0.01073909  0.0043495 ]
	[RESULT 28] [ 0.01547353 -0.01056593  0.01603946  0.01679595  0.02471703  0.09207892
  0.          0.00396054  0.00603946  0.00207892  0.          0.01597353
 -0.01548701  0.00446054]
	[RESULT 29] [ 0.00598323 -0.02203568  0.01801891  0.01476998  0.01873216  0.09603782
  0.          0.00198109  0.00801891  0.00603782  0.          0.00748323
 -0.02253568  0.00301891]
	[RESULT 30] [ 0.02320295 -0.00280145  0.0160044   0.02035807  0.02165073  0.09200879
  0.          0.0039956   0.0060044   0.00200879  0.          0.02620295
 -0.00679266  0.0059956 ]
	[RESULT 31] [ 0.00889356 -0.01621573  0.01510929  0.01186071  0.02164214  0.09021857
  0.          0.00667214  0.00510929  0.00021857  0.          0.01189356
 -0.02199716  0.00689071]
	[RESULT 32] [0.01728226 0.02437228 0.01709002 0.0130061  0.00718614 0.09418005
 0.         0.00422993 0.00709002 0.00418005 0.         0.01678226
 0.00519224 0.00840998]
	[RESULT 33] [ 0.02779595  0.00210772  0.01568824  0.02218033  0.01919614  0.09137648
  0.          0.00993529  0.00568824  0.00137648  0.          0.03079595
 -0.00751581  0.01131176]
	[RESULT 34] [ 0.01452472 -0.01231391  0.01683864  0.01752032  0.02384304  0.09367728
  0.          0.00316136  0.00683864  0.00367728  0.          0.01502472
 -0.01563664  0.00366136]
	[RESULT 35] [ 0.01759096 -0.00962617  0.01721713  0.01937117  0.02493692  0.09443425
  0.          0.00278287  0.00721713  0.00443425  0.          0.02059096
 -0.01119192  0.00478287]
	[RESULT 36] [0.0193641  0.02481107 0.01582482 0.01619482 0.00784446 0.09164964
 0.         0.00417518 0.00582482 0.00164964 0.         0.0178641
 0.00253928 0.00467518]
	[RESULT 37] [ 0.00599285 -0.02201731  0.01801016  0.01476167  0.01874135  0.09602033
  0.          0.00198984  0.00801016  0.00602033  0.          0.00749285
 -0.02251731  0.00301016]
	[RESULT 38] [0.02827339 0.01661394 0.01511267 0.02171768 0.01194303 0.09022535
 0.         0.00516198 0.00511267 0.00022535 0.         0.02677339
 0.01083929 0.00538733]
	[RESULT 39] [ 0.02363453 -0.00148506  0.01511959  0.01924664  0.02099253  0.09023917
  0.          0.00664124  0.00511959  0.00023917  0.          0.02663453
 -0.00724588  0.00688041]
	[RESULT 40] [ 0.01325313 -0.01532072  0.01857385  0.01923735  0.02208964  0.09714771
  0.          0.00142615  0.00857385  0.00714771  0.          0.01475313
 -0.01582072  0.00357385]
	[RESULT 41] [0.01981516 0.02280231 0.01738253 0.01408379 0.00884885 0.09476506
 0.         0.00261747 0.00738253 0.00476506 0.         0.01831516
 0.00143264 0.00311747]
	[RESULT 42] [0.02779961 0.01432704 0.01787334 0.01733979 0.01308648 0.09574668
 0.         0.00212666 0.00787334 0.00574668 0.         0.02629961
 0.00917296 0.00287334]
	[RESULT 43] [0.02311237 0.02140904 0.01547859 0.01833829 0.00929548 0.09095718
 0.         0.00452141 0.00547859 0.00095718 0.         0.02261237
 0.00763377 0.00502141]
	[RESULT 44] [ 0.00609184 -0.02182379  0.01791563  0.01466937  0.0188381   0.09583126
  0.          0.00208437  0.00791563  0.00583126  0.          0.00759184
 -0.02232379  0.00291563]
	[RESULT 45] [ 0.02377558 -0.00133942  0.01511501  0.0193103   0.02091971  0.09023001
  0.          0.00515498  0.00511501  0.00023001  0.          0.02527558
 -0.00710941  0.00538499]
	[RESULT 46] [ 0.02173357 -0.00515382  0.01688739  0.02094786  0.02282691  0.09377477
  0.          0.00311261  0.00688739  0.00377477  0.          0.02473357
 -0.00737904  0.00511261]
	[RESULT 47] [ 0.0119989  -0.01579142  0.01779031  0.01743491  0.02185429  0.09558062
  0.          0.00220969  0.00779031  0.00558062  0.          0.0134989
 -0.02121079  0.00770969]
	[RESULT 48] [ 0.02301563 -0.00580838  0.01882402  0.02449384  0.02315419  0.09764803
  0.          0.00117598  0.00882402  0.00764803  0.          0.02601563
 -0.00916035  0.00817598]
	[RESULT 49] [0.02181482 0.02033878 0.0178464  0.01413781 0.00983061 0.0956928
 0.         0.0021536  0.0078464  0.0056928  0.         0.02131482
 0.00896842 0.0076536 ]
	[RESULT 50] [ 0.03012319  0.00343335  0.01668984  0.02484635  0.01853333  0.09337968
  0.          0.00543048  0.00668984  0.00337968  0.          0.03162319
 -0.00418697  0.00881016]
	[RESULT 51] [ 4.01744038e-03 -2.59654216e-02  1.99828620e-02  1.67330132e-02
  1.67672892e-02  9.99657240e-02  0.00000000e+00  1.71380223e-05
  9.98286198e-03  9.96572396e-03  0.00000000e+00  5.51744038e-03
 -2.64654216e-02  4.98286198e-03]
	[RESULT 52] [0.01756855 0.02423778 0.01666923 0.01378043 0.00711889 0.09333846
 0.         0.00549231 0.00666923 0.00333846 0.         0.01706855
 0.00589932 0.00883077]
	[RESULT 53] [ 0.00724915 -0.0195018   0.01675095  0.013501    0.0199991   0.0935019
  0.          0.00324905  0.00675095  0.0035019   0.          0.01024915
 -0.0219999   0.00524905]
	[RESULT 54] [ 0.01945379 -0.00566473  0.01511852  0.01715468  0.02308236  0.09023704
  0.          0.00514444  0.00511852  0.00023704  0.          0.02095379
 -0.01142769  0.00538148]
	[RESULT 55] [ 0.0097127  -0.0183669   0.01807961  0.01672576  0.02056655  0.09615922
  0.          0.00192039  0.00807961  0.00615922  0.          0.0112127
 -0.0188669   0.00307961]
	[RESULT 56] [0.0245246  0.01895388 0.01652153 0.01748001 0.01052306 0.09304305
 0.         0.00347847 0.00652153 0.00304305 0.         0.0240246
 0.00800307 0.00397847]
	[RESULT 57] [ 0.00601336 -0.0219813   0.01799467  0.01474868  0.01875935  0.09598933
  0.          0.00200533  0.00799467  0.00598933  0.          0.00751336
 -0.0224813   0.00299467]
	[RESULT 58] [3.38708055e-02 3.87125327e-03 1.99995522e-02 1.80652690e-02
 1.80643734e-02 9.99991044e-02 0.00000000e+00 4.47804175e-07
 9.99955220e-03 9.99910439e-03 0.00000000e+00 3.43708055e-02
 1.87035766e-03 5.50044780e-03]
	[RESULT 59] [0.01627271 0.02226216 0.01598945 0.01440218 0.00638108 0.0919789
 0.         0.00753165 0.00598945 0.0019789  0.         0.01477271
 0.00428326 0.00951055]
	[RESULT 60] [ 0.02389821 -0.00121351  0.01511173  0.0193667   0.02085676  0.09022345
  0.          0.00983518  0.00511173  0.00022345  0.          0.02539821
 -0.01199006  0.01038827]
	[RESULT 61] [0.01837986 0.02375427 0.01786587 0.01239113 0.00812286 0.09573173
 0.         0.00213413 0.00786587 0.00573173 0.         0.01787986
 0.00074573 0.00286587]
	[RESULT 62] [ 2.44629009e-02 -5.53603250e-03  1.99989334e-02  2.27701494e-02
  2.27680163e-02  9.99978669e-02  0.00000000e+00  1.06656723e-06
  9.99893343e-03  9.99786687e-03  0.00000000e+00  2.64629009e-02
 -7.53816563e-03  7.00106657e-03]
	[RESULT 63] [ 0.02526446 -0.00230311  0.01756757  0.02373358  0.02140155  0.09513514
  0.          0.00243243  0.00756757  0.00513514  0.          0.02676446
 -0.00316797  0.00293243]
	[RESULT 64] [ 0.00789859 -0.01952686  0.01742545  0.01483747  0.01998657  0.09485089
  0.          0.00257455  0.00742545  0.00485089  0.          0.01089859
 -0.02067596  0.00457455]
	[RESULT 65] [ 0.01889044 -0.00956319  0.01845363  0.02187566  0.02496841  0.09690726
  0.          0.00154637  0.00845363  0.00690726  0.          0.02039044
 -0.01006319  0.00345363]
	[RESULT 66] [ 0.02443644 -0.00414437  0.01858081  0.02483943  0.02232219  0.09716162
  0.          0.00141919  0.00858081  0.00716162  0.          0.02593644
 -0.00464437  0.00358081]
	[RESULT 67] [0.01669001 0.02295567 0.01626567 0.0139465  0.00647784 0.09253133
 0.         0.00373433 0.00626567 0.00253133 0.         0.01619001
 0.00042434 0.00423433]
	[RESULT 68] [ 0.02895501  0.00384232  0.0151127   0.02189655  0.01832884  0.0902254
  0.          0.00516191  0.0051127   0.0002254   0.          0.03045501
 -0.00193229  0.0053873 ]
	[RESULT 69] [ 0.01264144 -0.01285068  0.01549212  0.0145589   0.02357466  0.09098423
  0.          0.00450788  0.00549212  0.00098423  0.          0.01314144
 -0.01886644  0.00500788]
	[RESULT 70] [0.0161492  0.02187131 0.01572212 0.01449142 0.00593566 0.09144424
 0.         0.00483365 0.00572212 0.00144424 0.         0.0141492
 0.00042708 0.00627788]
	[RESULT 71] [0.02571607 0.01565956 0.01862437 0.01492148 0.01217022 0.09724874
 0.         0.00137563 0.00862437 0.00724874 0.         0.02371607
 0.0109083  0.00837563]
	[RESULT 72] [0.03320828 0.01087241 0.01591931 0.02272518 0.01456379 0.09183862
 0.         0.00408069 0.00591931 0.00183862 0.         0.03270828
 0.00571103 0.00458069]
	[RESULT 73] [ 0.01177196 -0.01582091  0.01759287  0.01702528  0.02183954  0.09518574
  0.          0.00240713  0.00759287  0.00518574  0.          0.01327196
 -0.01663517  0.00290713]
	[RESULT 74] [0.01745661 0.02442148 0.01696487 0.013281   0.00721074 0.09392974
 0.         0.00303513 0.00696487 0.00392974 0.         0.01545661
 0.00049174 0.00503513]
	[RESULT 75] [0.01053154 0.01564026 0.01510872 0.01260269 0.00282013 0.09021744
 0.         0.00832616 0.00510872 0.00021744 0.         0.00853154
 0.00042282 0.01189128]
	[RESULT 76] [0.02633197 0.01648762 0.0171804  0.01764538 0.01200619 0.09436081
 0.         0.00545879 0.0071804  0.00436081 0.         0.02333197
 0.00984843 0.0098196 ]
	[RESULT 77] [0.0239472  0.01908793 0.01696487 0.0165263  0.01045603 0.09392974
 0.         0.00303513 0.00696487 0.00392974 0.         0.0234472
 0.00698233 0.00353513]
	[RESULT 78] [ 0.01052815 -0.01631066  0.0168388   0.01527228  0.02159467  0.09367761
  0.          0.0031612   0.0068388   0.00367761  0.          0.01352815
 -0.01863305  0.0051612 ]
	[RESULT 79] [ 0.03114231  0.00554887  0.01559344  0.02396131  0.01722557  0.09118687
  0.          0.00521969  0.00559344  0.00118687  0.          0.03314231
 -0.00026426  0.00640656]
	[RESULT 80] [0.03186335 0.00497939 0.01688396 0.02399238 0.0177603  0.09376792
 0.         0.00311604 0.00688396 0.00376792 0.         0.03336335
 0.00274732 0.00361604]
	[RESULT 81] [0.01473703 0.02257233 0.01783531 0.01061555 0.00628617 0.09567061
 0.         0.00216469 0.00783531 0.00567061 0.         0.01423703
 0.00190172 0.00766469]
	[RESULT 82] [ 0.01201414 -0.01541753  0.01743167  0.01690458  0.02204123  0.09486334
  0.          0.00256833  0.00743167  0.00486334  0.          0.01501414
 -0.01655419  0.00456833]
	[RESULT 83] [2.65027545e-02 1.34974423e-02 1.99998032e-02 1.32516725e-02
 1.32512789e-02 9.99996064e-02 0.00000000e+00 1.96806505e-07
 9.99980319e-03 9.99960639e-03 0.00000000e+00 2.60027545e-02
 1.14970487e-02 5.50019681e-03]
	[RESULT 84] [0.01370508 0.02193268 0.0182276  0.00951113 0.00596634 0.09645521
 0.         0.00231719 0.0082276  0.00645521 0.         0.01170508
 0.00047748 0.0087724 ]
	[RESULT 85] [ 0.01473266 -0.01038235  0.01511501  0.01478884  0.02455883  0.09023001
  0.          0.00515498  0.00511501  0.00023001  0.          0.01623266
 -0.01615233  0.00538499]
	[RESULT 86] [0.01981131 0.02062799 0.01956071 0.0105646  0.00968601 0.09912141
 0.         0.00043929 0.00956071 0.00912141 0.         0.01931131
 0.0052506  0.00593929]
	[RESULT 87] [0.03175811 0.00373456 0.01802356 0.0220856  0.01813272 0.09604712
 0.         0.00197644 0.00802356 0.00604712 0.         0.03375811
 0.00278167 0.00397644]
	[RESULT 88] [0.01553335 0.02064205 0.0151087  0.01510362 0.00532102 0.0902174
 0.         0.0051739  0.0051087  0.0002174  0.         0.01503335
 0.00042465 0.0053913 ]
	[RESULT 89] [0.03231488 0.01091153 0.01677358 0.02124707 0.01479423 0.09354717
 0.         0.00322642 0.00677358 0.00354717 0.         0.02931488
 0.0084587  0.00522642]
	[RESULT 90] [ 0.03355506  0.00750813  0.01604693  0.02415208  0.01624594  0.09209385
  0.          0.00885922  0.00604693  0.00209385  0.          0.03444494
 -0.00239802  0.01095307]
	[RESULT 91] [ 0.01810339 -0.01113729  0.01924068  0.02266271  0.02418135  0.09848136
  0.          0.00075932  0.00924068  0.00848136  0.          0.01960339
 -0.01163729  0.00424068]
	[RESULT 92] [ 0.00711769 -0.01976475  0.01688244  0.01363251  0.01986762  0.09376489
  0.          0.00311756  0.00688244  0.00376489  0.          0.00861769
 -0.02199987  0.00361756]
	[RESULT 93] [ 0.02025978 -0.00777429  0.01803407  0.021931    0.02413715  0.09606815
  0.          0.00196593  0.00803407  0.00606815  0.          0.02175978
 -0.01270614  0.00746593]
	[RESULT 94] [1.54991492e-02 2.45167414e-02 1.99841094e-02 7.77341057e-03
 7.74162930e-03 9.99682187e-02 0.00000000e+00 1.58906361e-05
 9.98410936e-03 9.96821873e-03 0.00000000e+00 1.49991492e-02
 5.15039871e-04 5.51589064e-03]
	[RESULT 95] [ 0.02731053  0.0010271   0.01628342  0.0228304   0.01973645  0.09256685
  0.          0.00371658  0.00628342  0.00256685  0.          0.03031053
 -0.00240605  0.00571658]
	[RESULT 96] [ 0.00596928 -0.02206738  0.01803666  0.01478963  0.01871631  0.09607332
  0.          0.00196334  0.00803666  0.00607332  0.          0.00746928
 -0.02256738  0.00303666]
	[RESULT 97] [ 0.00913633 -0.01705137  0.0161877   0.01359972  0.02122432  0.09237541
  0.          0.0038123   0.0061877   0.00237541  0.          0.01213633
 -0.02067596  0.0058123 ]
	[RESULT 98] [0.01552119 0.02063081 0.01510962 0.01509617 0.0053154  0.09021923
 0.         0.00667115 0.00510962 0.00021923 0.         0.01352119
 0.00041158 0.00689038]
	[RESULT 99] [ 0.00763439 -0.01873336  0.01636775  0.01311882  0.02038332  0.0927355
  0.          0.00363225  0.00636775  0.0027355   0.          0.00913439
 -0.02199786  0.00413225]
	[RESULT 100] [0.025344   0.01902237 0.01563363 0.01947155 0.01073882 0.09126726
 0.         0.00509911 0.00563363 0.00126726 0.         0.022344
 0.00871037 0.00636637]
	[RESULT 101] [0.03492699 0.00607526 0.01885173 0.01950891 0.01721237 0.09770346
 0.         0.00114827 0.00885173 0.00770346 0.         0.03207301
 0.00277872 0.00814827]
	[RESULT 102] [0.03072742 0.0120969  0.01717567 0.0196002  0.01395155 0.09435135
 0.         0.00397298 0.00717567 0.00435135 0.         0.03022742
 0.00444825 0.00832433]
	[RESULT 103] [ 9.64473244e-03 -2.03460065e-02  1.99907390e-02  1.95584747e-02
  1.95769967e-02  9.99814780e-02  0.00000000e+00  9.26102318e-06
  9.99073898e-03  9.98147795e-03  0.00000000e+00  1.26447324e-02
 -2.13645286e-02  7.00926102e-03]
	[RESULT 104] [ 0.00912419 -0.01676586  0.01589005  0.01339718  0.02161707  0.0917801
  0.          0.00410995  0.00589005  0.0017801   0.          0.00962419
 -0.02198575  0.00460995]
	[RESULT 105] [ 0.00839726 -0.01721627  0.01561354  0.01236894  0.02114186  0.09122707
  0.          0.00438646  0.00561354  0.00122707  0.          0.00989726
 -0.0219892   0.00488646]
	[RESULT 106] [0.02631052 0.01508903 0.01860046 0.01550457 0.01270549 0.09720091
 0.         0.00139954 0.00860046 0.00720091 0.         0.02481052
 0.00841097 0.00360046]
	[RESULT 107] [ 0.03492766  0.00981891  0.01510875  0.02487305  0.01509054  0.09021749
  0.          0.00982624  0.00510875  0.00021749  0.          0.03457234
 -0.00196359  0.01039125]
	[RESULT 108] [ 0.00593407 -0.02214266  0.01807673  0.01483213  0.01867867  0.09615346
  0.          0.00192327  0.00807673  0.00615346  0.          0.00743407
 -0.02264266  0.00307673]
	[RESULT 109] [ 0.02152238 -0.00604519  0.01756757  0.02211254  0.02302259  0.09513514
  0.          0.00243243  0.00756757  0.00513514  0.          0.02202238
 -0.00791005  0.00293243]
	[RESULT 110] [0.02462662 0.01948339 0.01588999 0.01872832 0.01050831 0.09177998
 0.         0.00933003 0.00588999 0.00177998 0.         0.02162662
 0.01026337 0.01111001]
	[RESULT 111] [0.02884962 0.01603513 0.01511524 0.02200194 0.01223243 0.09023049
 0.         0.00834573 0.00511524 0.00023049 0.         0.02584962
 0.00526562 0.01188476]
	[RESULT 112] [ 0.00536575 -0.02326935  0.0186351   0.01538552  0.01811533  0.09727019
  0.          0.0013649   0.0086351   0.00727019  0.          0.00686575
 -0.02376935  0.0036351 ]
	[RESULT 113] [ 0.02576754 -0.00029705  0.01606459  0.02173066  0.02039853  0.09212918
  0.          0.00393541  0.00606459  0.00212918  0.          0.02726754
 -0.00416787  0.00443541]
	[RESULT 114] [ 0.00836977 -0.01727514  0.01564491  0.01240225  0.02111243  0.09128982
  0.          0.00506527  0.00564491  0.00128982  0.          0.01136977
 -0.02198532  0.00635509]
	[RESULT 115] [0.03186121 0.00880406 0.01933473 0.01717851 0.01584797 0.09866946
 0.         0.00066527 0.00933473 0.00866946 0.         0.03036121
 0.00830406 0.00433473]
	[RESULT 116] [ 0.00998114 -0.01512916  0.0151103   0.01265603  0.02243542  0.09022061
  0.          0.00516909  0.0051103   0.00022061  0.          0.01048114
 -0.02190855  0.0053897 ]
	[RESULT 117] [ 0.00625966 -0.02148237  0.01774203  0.01449287  0.01900882  0.09548405
  0.          0.00225797  0.00774203  0.00548405  0.          0.00775966
 -0.02199832  0.00275797]
	[RESULT 118] [ 0.01378195 -0.01504101  0.01882295  0.0201254   0.0224795   0.09764591
  0.          0.00117705  0.00882295  0.00764591  0.          0.01578195
 -0.0193951   0.00817705]
	[RESULT 119] [ 0.02798953 -0.00144573  0.01943527  0.02210233  0.02097287  0.09887053
  0.          0.00056473  0.00943527  0.00887053  0.          0.03098953
 -0.00044573  0.00443527]
	[RESULT 120] [ 0.00581028 -0.02238936  0.01819964  0.0149546   0.01855532  0.09639928
  0.          0.00180036  0.00819964  0.00639928  0.          0.00731028
 -0.02288936  0.00319964]
