[METRICS]
	[DISEQUILIBRIUM COUNT] 1232
	[MINIMUM S0 sTrt S1 DISTANCE]0.004065844239925842
	[MINIMUM S0 sTrt S21 DISTANCE]-0.02588123892757574
	[MINIMUM S0 sTrt S22 DISTANCE]0.015108695718922871
	[MINIMUM S7 sTrt S6 DISTANCE]0.007723543421263579
	[MINIMUM S7 sTrt S8 DISTANCE]0.0028148708809810352
	[MINIMUM S7 sTrt S21 DISTANCE]0.09021739143784571
	[MINIMUM S7 esTrt S22 DISTANCE]0.0
	[MINIMUM S14 sTrt S13 DISTANCE]1.0385008247792982e-07
	[MINIMUM S14 sTrt S15 DISTANCE]0.005108695718922862
	[MINIMUM S14 sTrt S21 DISTANCE]0.00021739143784570147
	[MINIMUM S14 sTrt S22 DISTANCE]0.0
	[MINIMUM S20 sTrt S19 DISTANCE]0.005565844239925677
	[MINIMUM S20 sTrt S21 DISTANCE]-0.026381238927575747
	[MINIMUM S20 sTrt S22 DISTANCE]0.0027598470513516826
	[AVERAGE S0 sTrt S1 DISTANCE]0.0205316816516948
	[AVERAGE S0 sTrt S21 DISTANCE]0.009073510898526947
	[AVERAGE S0 sTrt S22 DISTANCE]0.016680582279225652
	[AVERAGE S7 sTrt S6 DISTANCE]0.01726172378839421
	[AVERAGE S7 sTrt S8 DISTANCE]0.01310951073703018
	[AVERAGE S7 sTrt S21 DISTANCE]0.0933611645584512
	[AVERAGE S7 sTrt S22 DISTANCE]0.0
	[AVERAGE S14 sTrt S13 DISTANCE]0.004580393985767429
	[AVERAGE S14 sTrt S15 DISTANCE]0.006680582279225596
	[AVERAGE S14 sTrt S21 DISTANCE]0.003361164558451181
	[AVERAGE S14 sTrt S22 DISTANCE]0.0
	[AVERAGE S20 sTrt S19 DISTANCE]0.02023951330002298
	[AVERAGE S20 sTrt S21 DISTANCE]-0.0016058556808952072
	[AVERAGE S20 sTrt S22 DISTANCE]0.006711856798484851
[VARIABLES]
	[RESULT 1] [0 5.914684116522044 1 4 3 1062.9396197063295 4]
	[RESULT 2] [0 5.493341121683034 1 3 20 3991.806289650586 100]
	[RESULT 3] [0 7.308079117237705 1 4 20 3973.557055559438 100]
	[RESULT 4] [0 34.1703683828378 1 4 20 3980.8716781128983 100]
	[RESULT 5] [0 12.165488933713245 0 1 20 3977.848168299136 100]
	[RESULT 6] [1 5.888015430254164 0 4 1 3907.5459017528487 96]
	[RESULT 7] [0 8.29022726404871 0 4 21 3908.351579856269 2]
	[RESULT 8] [1 5.724863799525483 0 1 23 3999.9958507190545 100]
	[RESULT 9] [1 5.81169460008705 0 1 0 3816.0415737022995 69]
	[RESULT 10] [1 9.1966896272713 0 4 0 3922.5251613897644 100]
	[RESULT 11] [1 5.28923689641109 0 1 0 3951.4921284705274 69]
	[RESULT 12] [1 45.22421851473858 0 1 23 3999.9868421740507 100]
	[RESULT 13] [0 9.969507979739687 1 4 23 3999.873091906908 98]
	[RESULT 14] [1 45.61489810513895 0 1 23 3989.5265274849503 100]
	[RESULT 15] [0 7.346833673196649 0 4 23 3999.589261887891 100]
	[RESULT 16] [0 5.250525069610332 1 4 3 1010.0309891753757 1]
	[RESULT 17] [1 6.561488910013351 0 2 24 3994.1258786373755 100]
	[RESULT 18] [1 5.22108630591506 1 3 23 3999.9252088352723 12]
	[RESULT 19] [0 6.754977895085903 1 1 0 1055.9163552838527 91]
	[RESULT 20] [1 6.402184770541618 0 4 20 3954.3807201741124 100]
	[RESULT 21] [0 49.99985583116164 0 4 22 3751.8217738484127 95]
	[RESULT 22] [0 47.616104704173054 0 4 23 3752.0842236951776 99]
	[RESULT 23] [1 5.730829196985288 0 1 23 3999.9873205649737 100]
	[RESULT 24] [0 10.378787951275394 1 4 21 1006.5395160874232 4]
	[RESULT 25] [0 5.490123352434018 1 1 20 3971.7271232087555 100]
	[RESULT 26] [0 5.017706804801543 1 4 24 3965.987710122646 5]
	[RESULT 27] [1 5.365475945894469 0 2 22 2119.664177865498 100]
	[RESULT 28] [1 5.93462173289784 0 1 23 3999.984941514061 100]
	[RESULT 29] [0 49.504881877490185 0 1 24 3997.1698332931915 100]
	[RESULT 30] [0 12.165488933713245 0 1 20 3994.8884780614235 100]
	[RESULT 31] [1 7.750690092188184 1 2 23 3896.242417985646 99]
	[RESULT 32] [1 5.676877279455857 0 1 0 3999.9958507190545 100]
	[RESULT 33] [0 43.78144286903098 0 1 18 1583.7951285819108 1]
	[RESULT 34] [1 5.618972721858599 0 1 24 3999.9962005805733 100]
	[RESULT 35] [0 7.447120219571401 1 1 24 1327.3246233251791 3]
	[RESULT 36] [1 5.144578285270038 0 1 24 2066.424224406351 65]
	[RESULT 37] [0 7.800929994952387 1 2 23 1203.714531505203 97]
	[RESULT 38] [1 6.400873279635586 0 1 23 3999.9873205649737 100]
	[RESULT 39] [1 5.001022454050227 0 2 17 3978.2553233531617 3]
	[RESULT 40] [1 6.149947828620777 1 4 0 3890.0591498334043 98]
	[RESULT 41] [1 6.978270615620526 0 4 20 3977.65317631176 100]
	[RESULT 42] [0 49.999755398223606 1 4 20 3658.9635610775626 96]
	[RESULT 43] [1 5.010544386830693 0 4 20 3992.154003201594 100]
	[RESULT 44] [1 5.01069657224402 0 1 23 3999.9870659043995 100]
	[RESULT 45] [1 47.09117867500419 0 2 20 3978.0104652276877 100]
	[RESULT 46] [1 5.7226505421112215 0 1 23 3983.797559106475 100]
	[RESULT 47] [1 5.375609702085773 0 1 23 3999.984941514061 100]
	[RESULT 48] [0 5.4385809754018855 0 1 20 3954.575712161488 100]
	[RESULT 49] [0 5.70662685318564 1 2 20 1983.284934830149 24]
	[RESULT 50] [0 7.363477875456243 0 1 20 3942.7017676073997 100]
	[RESULT 51] [0 49.78456138640861 0 4 3 1110.7601037944733 4]
	[RESULT 52] [0 5.129202504886718 0 4 22 3999.4412232098803 100]
	[RESULT 53] [0 6.27400783312999 0 1 20 3977.848168299136 100]
	[RESULT 54] [0 5.359528142678436 1 4 1 1000.4006995087587 96]
	[RESULT 55] [0 11.008353174339863 1 1 22 3559.6046658402956 92]
	[RESULT 56] [0 49.58977714291111 1 4 23 1024.918628263991 100]
	[RESULT 57] [0 42.13998518418577 1 3 23 3999.9983147421644 100]
	[RESULT 58] [0 11.394349331680404 1 4 20 3992.992781897306 64]
	[RESULT 59] [1 6.950380415764112 0 4 5 3920.290019603467 70]
	[RESULT 60] [0 7.310493305172958 0 2 23 1612.6761313461154 17]
	[RESULT 61] [1 5.001375617321966 1 2 24 3907.7874186484637 100]
	[RESULT 62] [0 49.82512207924241 1 4 22 1012.0692121940915 3]
	[RESULT 63] [1 5.7207738580878935 0 4 23 3997.8082585434554 100]
	[RESULT 64] [0 6.20593516235707 1 1 20 3942.79768150792 100]
	[RESULT 65] [0 11.551007872248036 0 1 19 1000.3792101144169 2]
	[RESULT 66] [0 42.05055024175682 0 3 23 3999.9969353534716 100]
	[RESULT 67] [1 5.7925091774733115 0 1 0 3999.419285219495 69]
	[RESULT 68] [0 5.771931846844222 1 4 0 3906.546316938471 98]
	[RESULT 69] [1 6.73698558188156 0 1 24 1067.7466082685849 5]
	[RESULT 70] [1 10.392271403524253 0 1 20 3998.4096208082788 100]
	[RESULT 71] [1 9.258605398626374 0 4 24 3949.944190368754 96]
	[RESULT 72] [0 8.9305470497294 0 4 22 1175.6988020088647 5]
	[RESULT 73] [1 5.452652945859233 0 1 20 3999.9870659043995 100]
	[RESULT 74] [1 7.944653740206008 0 4 23 3999.5536327741397 98]
	[RESULT 75] [1 5.282711675459074 0 1 0 3999.7278517098543 99]
	[RESULT 76] [1 11.167103759726093 0 3 20 3999.8249028203745 100]
	[RESULT 77] [1 5.561584664464928 0 4 23 3992.2822707164546 100]
	[RESULT 78] [1 5.840018981837471 0 1 24 3978.2553233531617 6]
	[RESULT 79] [0 13.638273733146839 0 1 3 3993.0502535393325 75]
	[RESULT 80] [0 5.469195212207811 0 1 23 3762.0598922438694 95]
	[RESULT 81] [0 41.95639886843746 0 4 23 3999.9832143095837 1]
	[RESULT 82] [0 7.555210322450016 1 4 20 3664.5328535219314 100]
	[RESULT 83] [0 6.802657392868953 0 1 24 3395.1930692082956 100]
	[RESULT 84] [0 5.880094873098943 0 1 20 1039.4600886354408 4]
	[RESULT 85] [0 5.7308589806065005 1 1 3 3999.9873205649737 100]
	[RESULT 86] [1 6.306022601602882 1 1 23 3896.242417985646 99]
	[RESULT 87] [0 5.4082788489231675 0 4 23 1528.0992029533343 17]
	[RESULT 88] [1 41.57898983343444 0 1 23 3982.8600508246896 2]
	[RESULT 89] [1 5.174883379080727 0 1 22 3891.0751236914602 100]
	[RESULT 90] [1 5.45333180778767 0 1 20 3999.9870659043995 100]
	[RESULT 91] [0 5.3532156470354435 1 1 3 3999.9873205649737 100]
	[RESULT 92] [0 11.529936022425563 0 1 22 3930.9861061765037 69]
	[RESULT 93] [1 5.903585708437577 0 1 23 3999.984941514061 100]
	[RESULT 94] [0 5.70662685318564 1 2 20 1964.5689491800022 100]
	[RESULT 95] [1 6.802657392868953 1 1 24 3824.4831539704005 100]
	[RESULT 96] [1 8.034055099477662 0 1 23 3999.208347050504 100]
	[RESULT 97] [1 6.85481506743482 0 1 18 3999.9962152941066 100]
	[RESULT 98] [0 41.945911434921605 0 4 20 3992.2175278233494 3]
	[RESULT 99] [1 5.005479661784091 0 1 23 3999.905962415821 98]
	[RESULT 100] [0 5.151499206030261 1 1 20 3977.9325280693065 100]
	[RESULT 101] [1 5.722610484114684 0 1 21 3999.999138683402 100]
	[RESULT 102] [1 49.994071089500785 1 1 20 3865.8893373573824 100]
	[RESULT 103] [0 5.000833303737649 1 1 23 1361.788953124242 3]
	[RESULT 104] [0 5.308982459323292 1 2 19 1612.800987703587 99]
	[RESULT 105] [1 5.676201514037652 0 1 1 3999.998814258427 100]
	[RESULT 106] [1 11.579704424016509 0 1 23 3983.797559106475 100]
	[RESULT 107] [1 43.21660705109389 0 1 20 3954.575712161488 100]
	[RESULT 108] [1 8.83468694635144 0 4 24 3994.1258786373755 100]
	[RESULT 109] [0 41.03963156116639 1 1 1 1028.3616005451356 91]
	[RESULT 110] [1 49.892132917578216 1 4 20 3395.3813737724013 99]
	[RESULT 111] [0 7.8377793984918185 1 4 22 2850.0701483014004 3]
	[RESULT 112] [1 10.991026191739362 0 1 24 3953.3874572089762 100]
	[RESULT 113] [1 5.657164365154613 0 1 20 3971.0914819618283 100]
	[RESULT 114] [0 5.017706804801543 1 4 2 3752.4881013506247 2]
	[RESULT 115] [1 8.034836230721456 1 2 0 3999.9989127912586 100]
	[RESULT 116] [0 6.27400783312999 0 1 20 3987.689790597895 100]
	[RESULT 117] [1 6.894007117639116 0 1 22 3882.4520684352724 98]
	[RESULT 118] [1 46.445377487250624 0 1 23 3721.5245990968806 89]
	[RESULT 119] [1 5.9610039168608075 0 1 23 3999.99597725077 100]
	[RESULT 120] [1 7.693651215302031 0 2 24 3991.482781258485 100]
[OBJECTIVES]
	[RESULT 1] [0.01302858 0.02063998 0.0176114  0.0100972  0.00531999 0.09522279
 0.         0.00416581 0.0076114  0.00522279 0.         0.01102858
 0.00041719 0.0093886 ]
	[RESULT 2] [ 0.01782293 -0.01052526  0.0183482   0.02143376  0.02473737  0.09669639
  0.          0.0016518   0.0083482   0.00669639  0.          0.01932293
 -0.01582887  0.0081518 ]
	[RESULT 3] [ 0.02633917 -0.00017228  0.01651145  0.02293676  0.02008614  0.0930229
  0.          0.00746565  0.00651145  0.0030229   0.          0.02833917
 -0.00914938  0.01048855]
	[RESULT 4] [ 0.02567103  0.00050531  0.01516573  0.02058411  0.01974735  0.09033145
  0.          0.00849718  0.00516573  0.00033145  0.          0.02767103
 -0.01116324  0.01183427]
	[RESULT 5] [ 0.02113261 -0.00447972  0.01561233  0.01898481  0.02223986  0.09122467
  0.          0.00438767  0.00561233  0.00122467  0.          0.02163261
 -0.01025505  0.00488767]
	[RESULT 6] [0.02796951 0.01438221 0.01764828 0.01776233 0.0130589  0.09529657
 0.         0.00235172 0.00764828 0.00529657 0.         0.02496951
 0.00932123 0.00435172]
	[RESULT 7] [0.02172544 0.02210912 0.01616544 0.01661456 0.00894544 0.09233088
 0.         0.00383456 0.00616544 0.00233088 0.         0.01972544
 0.00556    0.00583456]
	[RESULT 8] [ 0.00610537 -0.02179341  0.01789878  0.01465085  0.01885329  0.09579756
  0.          0.00210122  0.00789878  0.00579756  0.          0.00760537
 -0.02229341  0.00289878]
	[RESULT 9] [0.02237587 0.01986428 0.01775985 0.01479817 0.01031786 0.09551969
 0.         0.00224015 0.00775985 0.00551969 0.         0.02087587
 0.00363572 0.00275985]
	[RESULT 10] [ 0.02693879  0.00097664  0.01596215  0.02216262  0.01976168  0.0919243
  0.          0.00411355  0.00596215  0.0019243   0.          0.02993879
 -0.00309906  0.00603785]
	[RESULT 11] [0.02900575 0.01211598 0.01887826 0.01643548 0.01419201 0.09775653
 0.         0.00112174 0.00887826 0.00775653 0.         0.02750575
 0.01138402 0.00387826]
	[RESULT 12] [ 0.00889186 -0.01622942  0.01512129  0.01187786  0.02163529  0.09024258
  0.          0.00513614  0.00512129  0.00024258  0.          0.01039186
 -0.02198685  0.00537871]
	[RESULT 13] [ 0.02762201  0.00178442  0.01583759  0.02256739  0.01910779  0.09167518
  0.          0.00948723  0.00583759  0.00167518  0.          0.02962201
 -0.0085404   0.01116241]
	[RESULT 14] [ 0.01626105 -0.0088591   0.01512015  0.01556075  0.02467955  0.0902403
  0.          0.00513955  0.00512015  0.0002403   0.          0.01776105
 -0.0146188   0.00537985]
	[RESULT 15] [ 0.00891015 -0.0175838   0.01649395  0.014196    0.0212081   0.0929879
  0.          0.00350605  0.00649395  0.0029879   0.          0.01091015
 -0.0215959   0.00550605]
	[RESULT 16] [0.01440562 0.02340394 0.01899832 0.00870533 0.00670197 0.09799664
 0.         0.00100168 0.00899832 0.00799664 0.         0.01240562
 0.0004073  0.00800168]
	[RESULT 17] [ 0.01180452 -0.01514747  0.01695199  0.01608024  0.02217626  0.09390398
  0.          0.00304801  0.00695199  0.00390398  0.          0.01380452
 -0.01724349  0.00404801]
	[RESULT 18] [ 0.02975513  0.00066042  0.01909471  0.02173036  0.01991979  0.09818943
  0.          0.00090529  0.00909471  0.00818943  0.          0.03225513
 -0.00215015  0.00740529]
	[RESULT 19] [0.0140254  0.0208403  0.0168149  0.01179035 0.00542015 0.09362979
 0.         0.00505531 0.0068149  0.00362979 0.         0.0135254
 0.0022105  0.0086851 ]
	[RESULT 20] [ 0.02306829 -0.00401315  0.01708144  0.0219063   0.02225658  0.09416288
  0.          0.00291856  0.00708144  0.00416288  0.          0.02606829
 -0.00585027  0.00491856]
	[RESULT 21] [0.02072991 0.02416139 0.0151087  0.01770191 0.0079193  0.09021739
 0.         0.00667391 0.0051087  0.00021739 0.         0.01872991
 0.00562122 0.0068913 ]
	[RESULT 22] [0.02740472 0.01748064 0.01511464 0.02103041 0.01125968 0.09022927
 0.         0.00665609 0.00511464 0.00022927 0.         0.02540472
 0.01070992 0.00688536]
	[RESULT 23] [ 0.00612388 -0.0217649   0.01788879  0.01464513  0.01886755  0.09577758
  0.          0.00211121  0.00788879  0.00577758  0.          0.00762388
 -0.0222649   0.00288879]
	[RESULT 24] [0.01119709 0.01698094 0.01578385 0.01192277 0.00349047 0.0915677
 0.         0.00964846 0.00578385 0.0015677  0.         0.00919709
 0.00041324 0.01121615]
	[RESULT 25] [ 0.02491252 -0.0034429   0.01835543  0.0249894   0.02172145  0.09671085
  0.          0.00164457  0.00835543  0.00671085  0.          0.02541252
 -0.00873205  0.00714457]
	[RESULT 26] [2.57123539e-02 1.43746398e-02 1.99130064e-02 1.29866674e-02
 1.28126801e-02 9.98260127e-02 0.00000000e+00 8.69936445e-05
 9.91300636e-03 9.82601271e-03 0.00000000e+00 2.37123539e-02
 1.07993475e-02 7.08699364e-03]
	[RESULT 27] [0.03001025 0.00134852 0.01866173 0.02225229 0.01957574 0.09732345
 0.         0.00133827 0.00866173 0.00732345 0.         0.03201025
 0.00134852 0.00366173]
	[RESULT 28] [ 0.00643056 -0.02115392  0.01758448  0.01434201  0.01917304  0.09516897
  0.          0.00241552  0.00758448  0.00516897  0.          0.00793056
 -0.02198495  0.00291552]
	[RESULT 29] [ 0.01243248 -0.0126774   0.01510988  0.01388106  0.0236613   0.09021976
  0.          0.00517037  0.00510988  0.00021976  0.          0.01293248
 -0.01945764  0.00539012]
	[RESULT 30] [ 0.01363149 -0.01198084  0.01561233  0.01523425  0.02400958  0.09122467
  0.          0.00438767  0.00561233  0.00122467  0.          0.01413149
 -0.01775617  0.00488767]
	[RESULT 31] [0.02718717 0.01647974 0.01633309 0.01934395 0.01201013 0.09266618
 0.         0.00700074 0.00633309 0.00266618 0.         0.02518717
 0.00814592 0.00966691]
	[RESULT 32] [ 0.00602242 -0.02195932  0.01798173  0.01473381  0.01877034  0.09596347
  0.          0.00201827  0.00798173  0.00596347  0.          0.00752242
 -0.02245932  0.00298173]
	[RESULT 33] [0.01558171 0.02070739 0.01512569 0.01510232 0.0053537  0.09025137
 0.         0.00512294 0.00512569 0.00025137 0.         0.01508171
 0.00045602 0.00537431]
	[RESULT 34] [ 0.00591542 -0.02217296  0.01808838  0.01484028  0.01866352  0.09617676
  0.          0.00191162  0.00808838  0.00617676  0.          0.00741542
 -0.02267296  0.00308838]
	[RESULT 35] [0.01188625 0.01833673 0.01645049 0.0112674  0.00416837 0.09290097
 0.         0.00614854 0.00645049 0.00290097 0.         0.01138625
 0.00043576 0.00904951]
	[RESULT 36] [0.02124309 0.01938849 0.01936842 0.01181891 0.01055575 0.09873684
 0.         0.00063158 0.00936842 0.00873684 0.         0.01974309
 0.00411151 0.00436842]
	[RESULT 37] [0.016537   0.02285247 0.01631547 0.0137953  0.00642623 0.09263094
 0.         0.0070536  0.00631547 0.00263094 0.         0.015537
 0.00522153 0.00968453]
	[RESULT 38] [ 0.0069301  -0.02015248  0.01708258  0.01383891  0.01967376  0.09416515
  0.          0.00291742  0.00708258  0.00416515  0.          0.0084301
 -0.02198733  0.00341742]
	[RESULT 39] [3.45694810e-02 5.43562603e-03 1.99948930e-02 1.75424011e-02
 1.75321870e-02 9.99897859e-02 0.00000000e+00 5.10704853e-06
 9.99489295e-03 9.98978590e-03 0.00000000e+00 3.25694810e-02
 5.43562603e-03 4.99489295e-03]
	[RESULT 40] [0.02462396 0.0180504  0.01732564 0.01657352 0.0112248  0.09465128
 0.         0.00502309 0.00732564 0.00465128 0.         0.02162396
 0.01129833 0.00967436]
	[RESULT 41] [ 0.01912071 -0.00755812  0.01667883  0.0193286   0.02402906  0.09335765
  0.          0.00332117  0.00667883  0.00335765  0.          0.02212071
 -0.01020046  0.00532117]
	[RESULT 42] [0.01581618 0.02092487 0.0151087  0.01524504 0.00546244 0.09021739
 0.         0.00832609 0.0051087  0.00021739 0.         0.01381618
 0.00570748 0.0118913 ]
	[RESULT 43] [ 1.00239778e-02 -1.99238504e-02  1.99478282e-02  1.96837312e-02
  1.97880748e-02  9.98956564e-02  0.00000000e+00  5.21718144e-05
  9.94782819e-03  9.89565637e-03  0.00000000e+00  1.30239778e-02
 -1.89238504e-02  4.94782819e-03]
	[RESULT 44] [ 4.06584424e-03 -2.58812389e-02  1.99470832e-02  1.67035469e-02
  1.68093805e-02  9.98941663e-02  0.00000000e+00  5.29168325e-05
  9.94708317e-03  9.89416634e-03  0.00000000e+00  5.56584424e-03
 -2.63812389e-02  4.94708317e-03]
	[RESULT 45] [ 0.02058313 -0.0045329   0.01511603  0.01771562  0.02251645  0.09023207
  0.          0.0056519   0.00511603  0.00023207  0.          0.02258313
 -0.01030083  0.00588397]
	[RESULT 46] [ 0.01592849 -0.01197401  0.0179025   0.019568    0.02376299  0.09580501
  0.          0.0020975   0.0079025   0.00580501  0.          0.01742849
 -0.01247401  0.0029025 ]
	[RESULT 47] [ 0.0053803  -0.02325445  0.01863475  0.01539228  0.01812277  0.0972695
  0.          0.00136525  0.00863475  0.0072695   0.          0.0068803
 -0.02375445  0.00363475]
	[RESULT 48] [ 0.02264957 -0.00582607  0.01847565  0.02403826  0.02291304  0.09695129
  0.          0.00152435  0.00847565  0.00695129  0.          0.02314957
 -0.00732607  0.00347565]
	[RESULT 49] [0.01349561 0.02142537 0.01792976 0.00985317 0.00571268 0.09585951
 0.         0.00221073 0.00792976 0.00585951 0.         0.01249561
 0.00056586 0.00807024]
	[RESULT 50] [ 0.02591911 -0.00056744  0.01648656  0.02268939  0.02028372  0.09297311
  0.          0.00351344  0.00648656  0.00297311  0.          0.02641911
 -0.00459433  0.00401344]
	[RESULT 51] [0.01552986 0.02063906 0.01510921 0.01510112 0.00531953 0.09021841
 0.         0.00667238 0.00510921 0.00021841 0.         0.01352986
 0.00042065 0.00689079]
	[RESULT 52] [ 0.00611866 -0.02330925  0.0194279   0.01720118  0.01834538  0.09885581
  0.          0.0005721   0.0094279   0.00885581  0.          0.00811866
 -0.02330925  0.0044279 ]
	[RESULT 53] [ 0.01954619 -0.00765257  0.01719876  0.02057123  0.02382629  0.09439752
  0.          0.00280124  0.00719876  0.00439752  0.          0.02004619
 -0.01025505  0.00330124]
	[RESULT 54] [0.01788439 0.02343787 0.01867775 0.01092557 0.00828107 0.09735549
 0.         0.00132225 0.00867775 0.00735549 0.         0.01588439
 0.00420664 0.00832225]
	[RESULT 55] [0.0142786  0.01999204 0.01571343 0.01356915 0.00499602 0.09142687
 0.         0.0083597  0.00571343 0.00142687 0.         0.0137786
 0.00356517 0.00978657]
	[RESULT 56] [0.030318   0.01457232 0.01510967 0.02249449 0.01271384 0.09021935
 0.         0.00832902 0.00510967 0.00021935 0.         0.028318
 0.00279167 0.01189033]
	[RESULT 57] [ 0.01487059 -0.01026051  0.0151311   0.01513194  0.02486975  0.09026219
  0.          0.00889329  0.0051311   0.00026219  0.          0.01637059
 -0.02199831  0.0113689 ]
	[RESULT 58] [0.03074358 0.01358023 0.01567619 0.0218575  0.01320988 0.09135238
 0.         0.00997142 0.00567619 0.00135238 0.         0.02874358
 0.00293261 0.01132381]
	[RESULT 59] [0.02430873 0.01899658 0.0166947  0.01736232 0.01075171 0.09338939
 0.         0.0033053  0.0066947  0.00338939 0.         0.02130873
 0.00661403 0.0053053 ]
	[RESULT 60] [0.01700753 0.02351788 0.01651035 0.01373824 0.00675894 0.0930207
 0.         0.00348965 0.00651035 0.0030207  0.         0.01600753
 0.00049718 0.00448965]
	[RESULT 61] [ 2.86746765e-02 -1.31845482e-03  1.99931314e-02  2.09229647e-02
  2.09092274e-02  9.99862627e-02  0.00000000e+00  6.86863799e-06
  9.99313136e-03  9.98626272e-03  0.00000000e+00  3.06746765e-02
 -2.33219210e-03  6.00686864e-03]
	[RESULT 62] [0.01052063 0.01562974 0.01510911 0.01259665 0.00281487 0.09021822
 0.         0.00832733 0.00510911 0.00021822 0.         0.00852063
 0.00041152 0.01189089]
	[RESULT 63] [ 0.00810941 -0.01979626  0.01790567  0.01566321  0.01985187  0.09581134
  0.          0.00209433  0.00790567  0.00581134  0.          0.01110941
 -0.01998492  0.00409433]
	[RESULT 64] [ 0.0301302   0.00286358  0.01726661  0.02403498  0.01856821  0.09453322
  0.          0.00370016  0.00726661  0.00453322  0.          0.0306302
 -0.00460319  0.00823339]
	[RESULT 65] [0.01607082 0.02173298 0.01566216 0.01454217 0.00586649 0.09132433
 0.         0.00433784 0.00566216 0.00132433 0.         0.01557082
 0.00040866 0.00483784]
	[RESULT 66] [ 0.00987166 -0.01525974  0.0151314   0.01263294  0.02237013  0.09026281
  0.          0.00610579  0.0051314   0.00026281  0.          0.01137166
 -0.02199694  0.0063686 ]
	[RESULT 67] [ 0.02615315 -0.00163624  0.01778939  0.02451065  0.02106812  0.09557877
  0.          0.00221061  0.00778939  0.00557877  0.          0.02765315
 -0.00213624  0.00278939]
	[RESULT 68] [0.02476477 0.01741345 0.01782178 0.01564972 0.01129327 0.09564356
 0.         0.00353466 0.00782178 0.00564356 0.         0.02276477
 0.01105701 0.00917822]
	[RESULT 69] [0.01824651 0.02492667 0.01682683 0.01413301 0.00778667 0.09365365
 0.         0.00317317 0.00682683 0.00365365 0.         0.01674651
 0.00041968 0.00367317]
	[RESULT 70] [ 0.00971306 -0.01606913  0.01578219  0.01327982  0.02171543  0.09156439
  0.          0.00421781  0.00578219  0.00156439  0.          0.01121306
 -0.02050474  0.00471781]
	[RESULT 71] [0.02927796 0.01477122 0.01595082 0.02096275 0.01286439 0.09190164
 0.         0.00414753 0.00595082 0.00190164 0.         0.02627796
 0.01067286 0.00604918]
	[RESULT 72] [0.01644177 0.02245586 0.01601409 0.01419976 0.00622793 0.09202817
 0.         0.00398591 0.00601409 0.00202817 0.         0.01444177
 0.00042769 0.00598591]
	[RESULT 73] [ 0.00557095 -0.02287103  0.01844198  0.01519844  0.01831449  0.09688396
  0.          0.00155802  0.00844198  0.00688396  0.          0.00707095
 -0.02337103  0.00344198]
	[RESULT 74] [ 0.02150433 -0.00476321  0.01626754  0.01990347  0.0226316   0.09253508
  0.          0.00373246  0.00626754  0.00253508  0.          0.02450433
 -0.00822813  0.00573246]
	[RESULT 75] [ 0.01537123 -0.01352677  0.01889799  0.0207826   0.02298662  0.09779598
  0.          0.00110201  0.00889799  0.00779598  0.          0.01687123
 -0.01402677  0.00389799]
	[RESULT 76] [ 0.00847625 -0.01722138  0.01569763  0.01253457  0.02113931  0.09139526
  0.          0.0044071   0.00569763  0.00139526  0.          0.01097625
 -0.02182612  0.00580237]
	[RESULT 77] [ 0.01169533 -0.01650654  0.01820188  0.01790048  0.02149673  0.09640375
  0.          0.00179812  0.00820188  0.00640375  0.          0.01469533
 -0.01610279  0.00379812]
	[RESULT 78] [0.0322984  0.00998424 0.01771736 0.01982315 0.01525788 0.09543473
 0.         0.00228264 0.00771736 0.00543473 0.         0.0307984
 0.00941897 0.00278264]
	[RESULT 79] [0.03415003 0.00863127 0.01551877 0.02464684 0.01568437 0.09103753
 0.         0.00448123 0.00551877 0.00103753 0.         0.03465003
 0.0026688  0.00498123]
	[RESULT 80] [0.02411352 0.01748325 0.01840322 0.01445193 0.01125837 0.09680645
 0.         0.00159678 0.00840322 0.00680645 0.         0.02361352
 0.00701675 0.00340322]
	[RESULT 81] [ 0.02968504  0.00455331  0.01513173  0.02254012  0.01772334  0.09026346
  0.          0.00660481  0.00513173  0.00026346  0.          0.03168504
 -0.00218323  0.00686827]
	[RESULT 82] [0.03314025 0.01045337 0.01640639 0.02196054 0.01477332 0.09281277
 0.         0.00778084 0.00640639 0.00281277 0.         0.03114025
 0.00126614 0.01059361]
	[RESULT 83] [0.03222361 0.00543959 0.01678402 0.02371216 0.0172802  0.09356804
 0.         0.00321598 0.00678402 0.00356804 0.         0.03272361
 0.00200763 0.00371598]
	[RESULT 84] [0.01807497 0.02426559 0.01765944 0.01254832 0.0078672  0.09531888
 0.         0.00234056 0.00765944 0.00531888 0.         0.01757497
 0.00041553 0.00284056]
	[RESULT 85] [ 0.01212393 -0.01576481  0.01788874  0.01789508  0.0221176   0.09577748
  0.          0.00211126  0.00788874  0.00577748  0.          0.01262393
 -0.02198733  0.00761126]
	[RESULT 86] [0.02802232 0.01480945 0.01716824 0.01850881 0.01284528 0.09433647
 0.         0.00399529 0.00716824 0.00433647 0.         0.02652232
 0.00814592 0.00833176]
	[RESULT 87] [0.01903884 0.02241073 0.01855043 0.01169377 0.00879464 0.09710087
 0.         0.00144957 0.00855043 0.00710087 0.         0.01703884
 0.00058927 0.00355043]
	[RESULT 88] [0.03116661 0.01370034 0.01513305 0.02313372 0.01339983 0.09026611
 0.         0.00510084 0.00513305 0.00026611 0.         0.02966661
 0.00796645 0.00536695]
	[RESULT 89] [ 0.02507746 -0.00417828  0.01925574  0.02382766  0.02233914  0.09851148
  0.          0.00074426  0.00925574  0.00851148  0.          0.02657746
 -0.00467828  0.00425574]
	[RESULT 90] [ 0.00557256 -0.02286781  0.01844037  0.01519683  0.01831609  0.09688074
  0.          0.00155963  0.00844037  0.00688074  0.          0.00707256
 -0.02336781  0.00344037]
	[RESULT 91] [ 0.01131777 -0.01737713  0.0186949   0.01870124  0.02131143  0.09738981
  0.          0.0013051   0.0086949   0.00738981  0.          0.01181777
 -0.02198733  0.0068051 ]
	[RESULT 92] [0.02293697 0.02139901 0.01566402 0.01797246 0.00930049 0.09132803
 0.         0.00433598 0.00566402 0.00132803 0.         0.02243697
 0.00727295 0.00483598]
	[RESULT 93] [ 0.00638843 -0.02123819  0.01762662  0.01438415  0.0191309   0.09525324
  0.          0.00237338  0.00762662  0.00525324  0.          0.00788843
 -0.02198495  0.00287338]
	[RESULT 94] [0.03323309 0.00883715 0.01792976 0.01972191 0.01558142 0.09585951
 0.         0.00221073 0.00792976 0.00585951 0.         0.03223309
 0.00269667 0.00807024]
	[RESULT 95] [ 0.03409903  0.00731501  0.01678402  0.02302445  0.01659249  0.09356804
  0.          0.00514794  0.00678402  0.00356804  0.          0.03440097
 -0.00011695  0.00871598]
	[RESULT 96] [ 0.00852791 -0.01771154  0.01623945  0.01337312  0.02089423  0.0924789
  0.          0.00376055  0.00623945  0.0024789   0.          0.01002791
 -0.02123265  0.00426055]
	[RESULT 97] [ 0.00725236 -0.01949907  0.01675143  0.01350332  0.02000047  0.09350285
  0.          0.00324857  0.00675143  0.00350285  0.          0.00875236
 -0.02199622  0.00374857]
	[RESULT 98] [0.03440091 0.01046732 0.01513177 0.02450281 0.01476634 0.09026353
 0.         0.0066047  0.00513177 0.00026353 0.         0.03240091
 0.00373085 0.00686823]
	[RESULT 99] [ 1.74542675e-02 -1.25184835e-02  1.99727510e-02  2.34362603e-02
  2.34907583e-02  9.99455020e-02  0.00000000e+00  2.72489937e-05
  9.97275101e-03  9.94550201e-03  0.00000000e+00  1.89542675e-02
 -1.30184835e-02  4.97275101e-03]
	[RESULT 100] [ 0.02237902 -0.00696314  0.01934217  0.02479724  0.02348157  0.09868433
  0.          0.00065783  0.00934217  0.00868433  0.          0.02287902
 -0.01027881  0.00615783]
	[RESULT 101] [ 0.00609829 -0.02180428  0.01790257  0.014653    0.01884786  0.09580514
  0.          0.00209743  0.00790257  0.00580514  0.          0.00759829
 -0.02230428  0.00290257]
	[RESULT 102] [ 0.03496321  0.0098545   0.01510871  0.02489467  0.01532275  0.09021742
  0.          0.00982613  0.00510871  0.00021742  0.          0.03353679
 -0.00092808  0.01039129]
	[RESULT 103] [1.54345977e-02 2.45695654e-02 1.99958370e-02 7.72354342e-03
 7.71521732e-03 9.99916739e-02 0.00000000e+00 4.16304960e-06
 9.99583695e-03 9.99167390e-03 0.00000000e+00 1.49345977e-02
 4.38760743e-04 5.50416305e-03]
	[RESULT 104] [0.02407886 0.01710138 0.01881976 0.01380979 0.01144931 0.09763952
 0.         0.00118024 0.00881976 0.00763952 0.         0.02307886
 0.0102591  0.00718024]
	[RESULT 105] [ 0.00601825 -0.02196468  0.01798293  0.01473353  0.01876766  0.09596587
  0.          0.00201707  0.00798293  0.00596587  0.          0.00751825
 -0.02246468  0.00298293]
	[RESULT 106] [ 0.01817134 -0.00748832  0.01565966  0.01732515  0.02399416  0.09131931
  0.          0.00434034  0.00565966  0.00131931  0.          0.01967134
 -0.012169    0.00484034]
	[RESULT 107] [ 0.02499772 -0.00012977  0.0151275   0.01994011  0.02031489  0.09025499
  0.          0.00511751  0.0051275   0.00025499  0.          0.02649772
 -0.00587478  0.0053725 ]
	[RESULT 108] [ 0.01272232 -0.01331188  0.01603419  0.01516245  0.02309406  0.09206839
  0.          0.00396581  0.00603419  0.00206839  0.          0.01572232
 -0.01724349  0.00596581]
	[RESULT 109] [0.01234356 0.01747855 0.01513499 0.01346929 0.00373927 0.09026998
 0.         0.00990497 0.00513499 0.00026998 0.         0.01184356
 0.00220857 0.01036501]
	[RESULT 110] [0.02210162 0.02278943 0.01510895 0.01863738 0.00885528 0.0902179
 0.         0.00832685 0.00510895 0.0002179  0.         0.01910162
 0.01099266 0.01189105]
	[RESULT 111] [0.01203887 0.0183417  0.01630284 0.01156518 0.00417085 0.09260567
 0.         0.00809149 0.00630284 0.00260567 0.         0.01003887
 0.00073603 0.01069716]
	[RESULT 112] [ 0.02455728 -0.00115793  0.0157152   0.02060144  0.02082896  0.09143041
  0.          0.0042848   0.0057152   0.00143041  0.          0.02605728
 -0.00572752  0.0047848 ]
	[RESULT 113] [ 0.01938908 -0.00862812  0.0180172   0.02147034  0.02456406  0.0960344
  0.          0.0019828   0.0080172   0.0060344   0.          0.02088908
 -0.00912812  0.0030172 ]
	[RESULT 114] [1.74085044e-02 2.26784892e-02 1.99130064e-02 8.83474266e-03
 8.66075538e-03 9.98260127e-02 0.00000000e+00 8.69936445e-05
 9.91300636e-03 9.82601271e-03 0.00000000e+00 1.54085044e-02
 2.49549804e-03 7.08699364e-03]
	[RESULT 115] [ 0.01276188 -0.01347733  0.01623921  0.01548975  0.02301134  0.09247842
  0.          0.00728238  0.00623921  0.00247842  0.          0.01476188
 -0.02199891  0.00976079]
	[RESULT 116] [ 0.01604979 -0.01114897  0.01719876  0.01882304  0.02442552  0.09439752
  0.          0.00280124  0.00719876  0.00439752  0.          0.01654979
 -0.01375145  0.00330124]
	[RESULT 117] [0.02877887 0.01449343 0.01672771 0.01954787 0.01300329 0.09345542
 0.         0.00327229 0.00672771 0.00345542 0.         0.02727887
 0.01105116 0.00377229]
	[RESULT 118] [0.01984394 0.02496174 0.0151178  0.01749527 0.00773087 0.0902356
 0.         0.0051466  0.0051178  0.0002356  0.         0.01834394
 0.00372614 0.0053822 ]
	[RESULT 119] [ 0.00645431 -0.02109541  0.01754971  0.01430173  0.0192023   0.09509943
  0.          0.00245029  0.00754971  0.00509943  0.          0.00795431
 -0.02199598  0.00295029]
	[RESULT 120] [ 0.01399919 -0.01235448  0.01635367  0.01628011  0.02357276  0.09270735
  0.          0.00364633  0.00635367  0.00270735  0.          0.01599919
 -0.01564713  0.00464633]
