[METRICS]
	[DISEQUILIBRIUM COUNT] 1016
	[MINIMUM S0 sTrt S1 DISTANCE]0.00413974415340479
	[MINIMUM S0 sTrt S21 DISTANCE]-0.0258528339971678
	[MINIMUM S0 sTrt S22 DISTANCE]0.01510869614764776
	[MINIMUM S7 sTrt S6 DISTANCE]0.007707524567615753
	[MINIMUM S7 sTrt S8 DISTANCE]0.002812163944045265
	[MINIMUM S7 sTrt S21 DISTANCE]0.09021739229529552
	[MINIMUM S7 esTrt S22 DISTANCE]0.0
	[MINIMUM S14 sTrt S13 DISTANCE]6.7663555314290136e-09
	[MINIMUM S14 sTrt S15 DISTANCE]0.005108696147647751
	[MINIMUM S14 sTrt S21 DISTANCE]0.00021739229529550014
	[MINIMUM S14 sTrt S22 DISTANCE]0.0
	[MINIMUM S20 sTrt S19 DISTANCE]0.005670704716091657
	[MINIMUM S20 sTrt S21 DISTANCE]-0.026167724432026633
	[MINIMUM S20 sTrt S22 DISTANCE]0.002752529198726393
	[AVERAGE S0 sTrt S1 DISTANCE]0.020170804376280993
	[AVERAGE S0 sTrt S21 DISTANCE]0.011168576784577828
	[AVERAGE S0 sTrt S22 DISTANCE]0.0166178978079748
	[AVERAGE S7 sTrt S6 DISTANCE]0.01667969134333959
	[AVERAGE S7 sTrt S8 DISTANCE]0.011975386737233678
	[AVERAGE S7 sTrt S21 DISTANCE]0.09323579561594947
	[AVERAGE S7 sTrt S22 DISTANCE]0.0
	[AVERAGE S14 sTrt S13 DISTANCE]0.004761299544497148
	[AVERAGE S14 sTrt S15 DISTANCE]0.006617897807974789
	[AVERAGE S14 sTrt S21 DISTANCE]0.003235795615949557
	[AVERAGE S14 sTrt S22 DISTANCE]0.0
	[AVERAGE S20 sTrt S19 DISTANCE]0.01962525213735371
	[AVERAGE S20 sTrt S21 DISTANCE]-0.0006353166628047637
	[AVERAGE S20 sTrt S22 DISTANCE]0.00690518661986916
[VARIABLES]
	[RESULT 1] [0 49.928159609550484 1 4 15 1001.1667715220985 1]
	[RESULT 2] [0 7.025559067216533 1 1 16 3964.6509399920446 100]
	[RESULT 3] [1 10.251447745738423 0 4 15 1087.5223935674096 14]
	[RESULT 4] [0 5.002800238189744 1 1 8 3999.8380683212995 99]
	[RESULT 5] [1 6.048325314052741 0 1 15 1028.9841935843697 98]
	[RESULT 6] [0 5.239549289689189 1 4 23 3999.4963361801183 100]
	[RESULT 7] [1 5.727735395513653 1 4 9 1049.6370299511893 4]
	[RESULT 8] [0 10.019456014391704 0 1 17 3993.273490854215 100]
	[RESULT 9] [0 11.521222990408704 0 1 11 3949.165901244306 17]
	[RESULT 10] [0 8.241537100885424 1 4 24 3982.827518058091 96]
	[RESULT 11] [0 8.692861190267685 0 1 11 3997.219754134197 100]
	[RESULT 12] [0 9.472538123119174 0 4 11 3827.810065328433 99]
	[RESULT 13] [1 49.329995190046674 0 4 16 3999.99050279297 93]
	[RESULT 14] [1 5.834469579896547 0 1 5 3999.9798886454596 100]
	[RESULT 15] [0 5.665526412615483 1 1 16 3964.6509399920446 100]
	[RESULT 16] [0 8.485281599971348 0 4 16 3995.1795157884762 99]
	[RESULT 17] [0 5.000011368644161 1 1 5 1001.3273404876828 5]
	[RESULT 18] [0 5.240551138526055 1 4 16 3982.9931354171194 100]
	[RESULT 19] [0 42.98913616104438 0 1 16 3992.1435976566067 100]
	[RESULT 20] [1 5.816511157198089 0 1 1 3999.9902648585307 100]
	[RESULT 21] [0 5.464533750963934 1 1 15 3513.0023155480926 88]
	[RESULT 22] [1 8.654001505392081 0 1 5 3984.339659523021 100]
	[RESULT 23] [0 8.241537100885424 1 1 8 3953.564565852601 96]
	[RESULT 24] [0 5.593960610757701 0 4 16 3994.3349411296413 100]
	[RESULT 25] [0 5.224727024235592 1 4 15 1017.4835175010616 2]
	[RESULT 26] [1 8.763489686698408 0 4 3 3999.502171377463 100]
	[RESULT 27] [0 5.3621658394437155 1 4 17 3824.3078972785156 99]
	[RESULT 28] [1 49.33050499935135 0 1 16 3999.9815888777593 100]
	[RESULT 29] [0 5.784034241583964 1 1 8 1001.6051823810644 17]
	[RESULT 30] [1 7.000286854443706 0 4 16 3999.334243628149 100]
	[RESULT 31] [1 17.1893987960715 0 1 14 3995.114731050523 100]
	[RESULT 32] [1 5.6163860690739735 0 1 14 3999.98095348205 100]
	[RESULT 33] [0 5.545238964015894 0 4 9 3704.490191575936 99]
	[RESULT 34] [0 9.851480749351401 1 4 2 3963.659803853965 100]
	[RESULT 35] [1 5.560476183964963 0 1 1 3999.9997982820987 100]
	[RESULT 36] [1 6.078467893204498 0 1 4 3999.9907876347665 100]
	[RESULT 37] [1 5.67258808265931 0 1 16 3999.9979527804812 100]
	[RESULT 38] [0 7.1191812515499 0 1 16 3921.066886044714 33]
	[RESULT 39] [0 5.239723511728036 0 1 13 3067.9792649819874 23]
	[RESULT 40] [0 6.528181231973587 1 4 17 3981.1544179162615 34]
	[RESULT 41] [1 7.993358542281698 0 1 1 3999.994369110746 100]
	[RESULT 42] [0 9.605293367276392 1 4 8 1221.2460157967396 96]
	[RESULT 43] [1 46.774862889382064 1 1 11 3999.9527643370334 99]
	[RESULT 44] [0 5.702806474823316 1 4 17 3991.7066663071732 16]
	[RESULT 45] [0 5.680124309764547 1 1 16 3994.236707551619 100]
	[RESULT 46] [0 6.334663734403517 1 4 12 3956.9474864438007 9]
	[RESULT 47] [1 5.617551523547159 0 1 1 3999.998726418374 100]
	[RESULT 48] [0 48.44632613699764 1 4 16 3701.0245202827987 100]
	[RESULT 49] [1 5.674444752437345 0 1 16 3784.9902385466 100]
	[RESULT 50] [1 6.736892717525828 0 1 12 3997.749228574135 99]
	[RESULT 51] [1 49.812877486095 0 1 14 3999.8971338311403 99]
	[RESULT 52] [0 6.987586347134711 1 4 15 1840.91048736228 15]
	[RESULT 53] [1 42.94499698113271 0 1 15 3970.034247616782 40]
	[RESULT 54] [1 6.037264147166372 0 1 1 3999.7280461209057 95]
	[RESULT 55] [0 5.582643963320794 1 4 15 3953.882914802151 34]
	[RESULT 56] [1 5.867328547812413 0 1 18 3988.0531594752642 25]
	[RESULT 57] [1 48.51448563370362 1 4 8 3956.023300566241 97]
	[RESULT 58] [0 49.94117431473021 0 4 15 1000.7745673017331 4]
	[RESULT 59] [1 49.83583475533343 0 4 1 3999.99050279297 98]
	[RESULT 60] [0 5.001099068886345 1 4 15 3783.742380689914 100]
	[RESULT 61] [0 6.081089329652704 1 1 15 1028.9841935843697 97]
	[RESULT 62] [1 5.0014865765148935 0 4 3 3999.866973601642 100]
	[RESULT 63] [1 49.87703998330048 0 4 1 3999.9992237013525 100]
	[RESULT 64] [1 5.772466589516088 0 1 1 3997.749228574135 99]
	[RESULT 65] [1 6.1618656055075 0 1 15 3750.045989002592 99]
	[RESULT 66] [0 10.00808946101443 0 4 11 3858.918857540902 36]
	[RESULT 67] [1 5.619464379213769 0 1 0 3999.990114613814 100]
	[RESULT 68] [0 5.590796198924507 0 1 2 3959.0762809018806 100]
	[RESULT 69] [0 6.788612920632716 0 4 18 3981.1544179162615 100]
	[RESULT 70] [1 5.028141891735078 0 1 15 1043.54180190931 76]
	[RESULT 71] [0 43.00624390286663 0 1 16 3926.367904361732 1]
	[RESULT 72] [1 6.746087092354979 0 1 2 3999.9993649190114 100]
	[RESULT 73] [0 6.174278618321193 0 1 5 1401.1059022041543 5]
	[RESULT 74] [0 5.223276206054402 0 4 15 3995.765160336886 100]
	[RESULT 75] [1 49.33586129336118 1 4 0 3999.953216279509 99]
	[RESULT 76] [1 11.02836938792741 0 4 8 3999.9818588267008 96]
	[RESULT 77] [1 49.94340764471819 1 1 0 3999.933878790493 100]
	[RESULT 78] [1 8.687618755953679 1 1 5 1221.2460157967396 96]
	[RESULT 79] [1 5.240757258827125 0 1 6 3999.997329080472 87]
	[RESULT 80] [1 5.187685098818193 0 1 12 3999.997636642073 100]
	[RESULT 81] [0 36.20181083780386 1 1 8 3875.0780187169094 39]
	[RESULT 82] [1 7.133309590899878 0 1 15 1000.0521122703319 10]
	[RESULT 83] [1 5.468039856213724 0 1 2 3999.995071973196 100]
	[RESULT 84] [1 6.434999881991653 0 1 16 3994.12778145138 100]
	[RESULT 85] [0 5.000869033877808 1 4 14 3966.305561130203 11]
	[RESULT 86] [1 6.391833948399615 0 1 4 3999.995071973196 100]
	[RESULT 87] [0 5.4501397184464055 1 4 15 3493.264921332518 100]
	[RESULT 88] [0 48.768157367542855 0 1 16 3216.9085411508586 100]
	[RESULT 89] [0 5.000257055256918 1 4 23 3956.0588108817783 100]
	[RESULT 90] [0 5.596256456247238 0 4 16 1374.2826711973253 33]
	[RESULT 91] [1 5.770201519393538 1 1 11 3999.9527643370334 100]
	[RESULT 92] [1 5.652939443634168 0 1 1 3999.999030320092 100]
	[RESULT 93] [0 8.167311359803708 1 1 1 1001.6051823810644 100]
	[RESULT 94] [0 7.947482497084212 0 4 2 3985.4623367011186 99]
	[RESULT 95] [1 5.772228849028142 0 1 1 3999.997853438919 100]
	[RESULT 96] [0 12.459100575772727 0 1 2 3980.650214217467 100]
	[RESULT 97] [1 6.183142441158623 0 1 3 3992.922934794089 100]
	[RESULT 98] [0 7.344530958630161 0 1 16 3981.0809714523325 8]
	[RESULT 99] [1 49.94340764471819 1 4 0 3999.933878790493 100]
	[RESULT 100] [0 7.567904049056155 0 4 15 1369.2814520778159 15]
	[RESULT 101] [0 6.478777234229498 1 1 5 3795.798546808133 93]
	[RESULT 102] [1 5.193210775845855 0 1 2 1020.2149548130328 100]
	[RESULT 103] [0 6.528181231973587 1 4 17 3999.663119068978 34]
	[RESULT 104] [0 12.30998656191333 0 1 20 3999.999294451444 100]
	[RESULT 105] [0 8.646764894679379 0 1 2 3532.72986071224 100]
	[RESULT 106] [0 5.000869033877808 1 4 14 3997.4032956669867 100]
	[RESULT 107] [1 5.421791977364497 0 1 1 3999.998726418374 100]
	[RESULT 108] [0 6.245716810262212 1 4 15 1258.1778630352799 11]
	[RESULT 109] [0 10.321545924580375 1 4 12 1011.3471059829516 9]
	[RESULT 110] [1 5.313365092651186 0 1 8 3929.5426923582236 42]
	[RESULT 111] [1 49.33585394711733 0 4 0 3916.4048368700287 99]
	[RESULT 112] [0 49.94117431473021 0 1 15 1176.2717584242698 4]
	[RESULT 113] [0 6.4151572690705185 1 1 5 1092.8203880662445 100]
	[RESULT 114] [1 5.597798172616958 0 1 15 3661.3113349195355 76]
	[RESULT 115] [0 47.83245092229118 1 4 8 1213.0038516158427 97]
	[RESULT 116] [0 42.50175902888602 0 1 16 3999.628814327525 95]
	[RESULT 117] [1 49.988737051589986 1 4 8 1049.0788208799615 99]
	[RESULT 118] [0 5.0003839093888205 0 4 13 3966.1975366437537 11]
	[RESULT 119] [0 42.63620702224786 1 1 9 3999.842629375417 39]
	[RESULT 120] [1 6.539618635163882 0 1 5 3999.9798886454596 34]
[OBJECTIVES]
	[RESULT 1] [0.01051556 0.01562442 0.01510887 0.01259448 0.00281221 0.09021773
 0.         0.0083266  0.00510887 0.00021773 0.         0.00851556
 0.00040669 0.01189113]
	[RESULT 2] [ 0.027991    0.00133841  0.01665259  0.02397438  0.0193308   0.09330517
  0.          0.00554224  0.00665259  0.00330517  0.          0.028491
 -0.00735642  0.00884741]
	[RESULT 3] [0.01724247 0.02304228 0.01579981 0.01517151 0.00677114 0.09159963
 0.         0.00460056 0.00579981 0.00159963 0.         0.01424247
 0.00044265 0.00620019]
	[RESULT 4] [ 2.01748516e-02 -9.81118626e-03  1.99860379e-02  2.49335173e-02
  2.49055931e-02  9.99720758e-02  0.00000000e+00  1.39620938e-05
  9.98603791e-03  9.97207581e-03  0.00000000e+00  2.06748516e-02
 -1.18391104e-02  5.51396209e-03]
	[RESULT 5] [0.0253163  0.01724269 0.01744102 0.01674662 0.01162866 0.09488204
 0.         0.00255898 0.00744102 0.00488204 0.         0.0238163
 0.00687528 0.00305898]
	[RESULT 6] [ 0.01145999 -0.01757373  0.01903372  0.01928058  0.02121313  0.09806745
  0.          0.00096628  0.00903372  0.00806745  0.          0.01345999
 -0.02150628  0.00796628]
	[RESULT 7] [0.01431021 0.02220417 0.01789396 0.01056416 0.00635208 0.09578792
 0.         0.00331812 0.00789396 0.00578792 0.         0.01131021
 0.00041624 0.00910604]
	[RESULT 8] [ 0.01446975 -0.01136089  0.01583064  0.01598083  0.02431955  0.09166128
  0.          0.00416936  0.00583064  0.00166128  0.          0.01496975
 -0.01669961  0.00466936]
	[RESULT 9] [0.02414456 0.02019066 0.01566479 0.0185751  0.00990467 0.09132957
 0.         0.00433521 0.00566479 0.00132957 0.         0.02364456
 0.00847977 0.00483521]
	[RESULT 10] [0.02999891 0.01382227 0.01617882 0.02073123 0.01308886 0.09235764
 0.         0.00846355 0.00617882 0.00235764 0.         0.02799891
 0.00417991 0.01082118]
	[RESULT 11] [ 0.01143655 -0.0146289   0.01606545  0.01481645  0.02268555  0.0921309
  0.          0.00393455  0.00606545  0.0021309   0.          0.01193655
 -0.019498    0.00443455]
	[RESULT 12] [0.02908319 0.01500316 0.01591365 0.02067111 0.01249842 0.09182731
 0.         0.00425904 0.00591365 0.00182731 0.         0.02708319
 0.00983047 0.00608635]
	[RESULT 13] [ 0.02639919  0.00128889  0.0151103   0.02061505  0.01960556  0.0902206
  0.          0.00666909  0.0051103   0.0002206   0.          0.02939919
 -0.00449051  0.0068897 ]
	[RESULT 14] [ 0.00629451 -0.02143107  0.01772558  0.01448563  0.01903446  0.09545117
  0.          0.00227442  0.00772558  0.00545117  0.          0.00779451
 -0.0219799   0.00277442]
	[RESULT 15] [ 0.02664153 -0.00136052  0.01800205  0.02467615  0.02068026  0.09600411
  0.          0.00199795  0.00800205  0.00600411  0.          0.02714153
 -0.00735642  0.00749795]
	[RESULT 16] [ 0.0229265  -0.00318826  0.01611476  0.02063538  0.02159413  0.09222951
  0.          0.00388524  0.00611476  0.00222951  0.          0.0249265
 -0.00795875  0.00588524]
	[RESULT 17] [1.54149788e-02 2.45850781e-02 1.99999432e-02 7.70757464e-03
 7.70746096e-03 9.99998863e-02 0.00000000e+00 5.68425746e-08
 9.99994316e-03 9.99988631e-03 0.00000000e+00 1.49149788e-02
 4.15035603e-04 5.50005684e-03]
	[RESULT 18] [ 0.02109101 -0.00793945  0.01903047  0.02409121  0.02396973  0.09806093
  0.          0.00096953  0.00903047  0.00806093  0.          0.02309101
 -0.01187852  0.00796953]
	[RESULT 19] [ 0.01584959 -0.00927865  0.01512824  0.01561716  0.02463932  0.09025648
  0.          0.00511528  0.00512824  0.00025648  0.          0.01634959
 -0.01602217  0.00537176]
	[RESULT 20] [ 0.0062572  -0.02149533  0.01775253  0.01450739  0.01900234  0.09550506
  0.          0.00224747  0.00775253  0.00550506  0.          0.0077572
 -0.02199533  0.00275253]
	[RESULT 21] [0.01617323 0.02458728 0.01841406 0.01046553 0.00729364 0.09682811
 0.         0.00158594 0.00841406 0.00682811 0.         0.01567323
 0.00275917 0.00708594]
	[RESULT 22] [ 0.01755441 -0.00851993  0.01607434  0.01763872  0.02450997  0.09214869
  0.          0.00392566  0.00607434  0.00214869  0.          0.01905441
 -0.01237124  0.00442566]
	[RESULT 23] [0.02392798 0.0198932  0.01617882 0.01769576 0.0100534  0.09235764
 0.         0.00696355 0.00617882 0.00235764 0.         0.02342798
 0.01025084 0.00932118]
	[RESULT 24] [ 0.01148166 -0.01665518  0.01813684  0.01794609  0.02167241  0.09627368
  0.          0.00186316  0.00813684  0.00627368  0.          0.01348166
 -0.0173815   0.00386316]
	[RESULT 25] [0.01449238 0.02357492 0.01908254 0.00862237 0.00678746 0.09816508
 0.         0.00091746 0.00908254 0.00816508 0.         0.01249238
 0.00040983 0.00791746]
	[RESULT 26] [ 0.00843846 -0.01761119  0.01604965  0.01304371  0.0209444   0.0920993
  0.          0.00395035  0.00604965  0.0020993   0.          0.01143846
 -0.02151189  0.00595035]
	[RESULT 27] [0.02678485 0.01454453 0.01867063 0.01538649 0.01272774 0.09734125
 0.         0.00132937 0.00867063 0.00734125 0.         0.02478485
 0.00988578 0.00832937]
	[RESULT 28] [ 0.0089081 -0.0162022  0.0151103  0.0118695  0.0216489  0.0902206
  0.         0.0051691  0.0051103  0.0002206  0.         0.0104081
 -0.0219816  0.0053897]
	[RESULT 29] [0.01324745 0.02105009 0.01780264 0.00991977 0.00552505 0.09560527
 0.         0.00219736 0.00780264 0.00560527 0.         0.01274745
 0.00044482 0.00769736]
	[RESULT 30] [ 0.00798198 -0.01868453  0.01666651  0.01374075  0.02040774  0.09333301
  0.          0.00333349  0.00666651  0.00333301  0.          0.01098198
 -0.02135151  0.00533349]
	[RESULT 31] [ 0.01270759 -0.0126715   0.01537909  0.01417244  0.02341425  0.09075818
  0.          0.00462091  0.00537909  0.00075818  0.          0.01420759
 -0.01791331  0.00512091]
	[RESULT 32] [ 0.00592571 -0.02216761  0.01809332  0.01485284  0.0186662   0.09618664
  0.          0.00190668  0.00809332  0.00618664  0.          0.00742571
 -0.02266761  0.00309332]
	[RESULT 33] [0.03018576 0.01157849 0.01823575 0.01773926 0.01421075 0.09647149
 0.         0.00176425 0.00823575 0.00647149 0.         0.02818576
 0.01104998 0.00376425]
	[RESULT 34] [ 0.02895644  0.00310195  0.01585448  0.02325995  0.01844902  0.09170897
  0.          0.00943655  0.00585448  0.00170897  0.          0.03095644
 -0.00718908  0.01114552]
	[RESULT 35] [ 0.00579605 -0.0224081   0.01820415  0.01495425  0.01854595  0.0964083
  0.          0.00179585  0.00820415  0.0064083   0.          0.00729605
 -0.0229081   0.00320415]
	[RESULT 36] [ 0.00660359 -0.02080203  0.01740562  0.01416022  0.01934899  0.09481124
  0.          0.00259438  0.00740562  0.00481124  0.          0.00810359
 -0.02199079  0.00309438]
	[RESULT 37] [ 0.00601267 -0.02197671  0.01798938  0.0147404   0.01876164  0.09597876
  0.          0.00201062  0.00798938  0.00597876  0.          0.00751267
 -0.02247671  0.00298938]
	[RESULT 38] [0.02291059 0.02048643 0.01660298 0.01655082 0.00975679 0.09320597
 0.         0.00339702 0.00660298 0.00320597 0.         0.02241059
 0.0063076  0.00389702]
	[RESULT 39] [0.01994264 0.02102421 0.01903316 0.01142158 0.0094879  0.09806631
 0.         0.00096684 0.00903316 0.00806631 0.         0.01944264
 0.00347579 0.00403316]
	[RESULT 40] [0.02653079 0.01649151 0.01697771 0.01779883 0.01175425 0.09395541
 0.         0.00606688 0.00697771 0.00395541 0.         0.02453079
 0.00844692 0.01002229]
	[RESULT 41] [ 0.00775355 -0.01849853  0.01625208  0.01300489  0.02050074  0.09250416
  0.          0.00374792  0.00625208  0.00250416  0.          0.00925355
 -0.02199437  0.00424792]
	[RESULT 42] [0.01511493 0.02100694 0.01589201 0.01371944 0.00550347 0.09178403
 0.         0.00932396 0.00589201 0.00178403 0.         0.01311493
 0.00422292 0.01110799]
	[RESULT 43] [ 0.02393026 -0.00118664  0.01511689  0.01939046  0.02084332  0.09023378
  0.          0.00985067  0.00511689  0.00023378  0.          0.02543026
 -0.01195285  0.01038311]
	[RESULT 44] [0.03194415 0.01011952 0.01793633 0.01906758 0.01494024 0.09587266
 0.         0.00319101 0.00793633 0.00587266 0.         0.02994415
 0.00399218 0.00906367]
	[RESULT 45] [ 0.01670761 -0.01126836  0.01797597  0.02031776  0.02436582  0.09595194
  0.          0.00202403  0.00797597  0.00595194  0.          0.01720761
 -0.01731642  0.00752403]
	[RESULT 46] [0.02154311 0.02131525 0.01714164 0.0150591  0.00934237 0.09428327
 0.         0.00557509 0.00714164 0.00428327 0.         0.01954311
 0.00940148 0.00985836]
	[RESULT 47] [ 0.00591018 -0.02218091  0.01809109  0.01484173  0.01865955  0.09618218
  0.          0.00190891  0.00809109  0.00618218  0.          0.00741018
 -0.02268091  0.00309109]
	[RESULT 48] [0.03204165 0.01284585 0.0151125  0.02335208 0.01357707 0.09022499
 0.         0.00833749 0.0051125  0.00022499 0.         0.03004165
 0.00107084 0.0118875 ]
	[RESULT 49] [ 2.84098748e-02  4.23810286e-04  1.79860645e-02  2.40659659e-02
  2.00380949e-02  9.59721290e-02  0.00000000e+00  2.01393552e-03
  7.98606448e-03  5.97212896e-03  0.00000000e+00  2.99098748e-02
 -7.61897136e-05  2.98606448e-03]
	[RESULT 50] [ 0.01923798 -0.00758891  0.01682689  0.01960932  0.02404445  0.09365378
  0.          0.00317311  0.00682689  0.00365378  0.          0.02073798
 -0.00993513  0.00367311]
	[RESULT 51] [ 0.01899331 -0.00611583  0.01510914  0.01691036  0.02330792  0.09021828
  0.          0.00517258  0.00510914  0.00021828  0.          0.02049331
 -0.01189756  0.00539086]
	[RESULT 52] [0.01219231 0.0188659  0.01667359 0.01108577 0.00443295 0.09334718
 0.         0.00697922 0.00667359 0.00334718 0.         0.01019231
 0.00051872 0.01032641]
	[RESULT 53] [0.02782697 0.01704464 0.01512839 0.02147091 0.01172768 0.09025677
 0.         0.00511484 0.00512839 0.00025677 0.         0.02632697
 0.01130141 0.00537161]
	[RESULT 54] [ 0.02348142 -0.00397285  0.01745427  0.02267212  0.02223642  0.09490854
  0.          0.00254573  0.00745427  0.00490854  0.          0.02498142
 -0.00506431  0.00304573]
	[RESULT 55] [0.0222461  0.01959463 0.01815927 0.01388415 0.01020269 0.09631854
 0.         0.00252219 0.00815927 0.00631854 0.         0.0202461
 0.00908683 0.00884073]
	[RESULT 56] [0.03414302 0.0064654  0.01767762 0.02166206 0.0170173  0.09535524
 0.         0.00232238 0.00767762 0.00535524 0.         0.03435698
 0.00582065 0.00282238]
	[RESULT 57] [0.02517335 0.01971432 0.01511232 0.02016819 0.01039284 0.09022465
 0.         0.00833697 0.00511232 0.00022465 0.         0.02217335
 0.00893897 0.01188768]
	[RESULT 58] [0.01552168 0.02063052 0.01510883 0.01509759 0.00531526 0.09021767
 0.         0.0066735  0.00510883 0.00021767 0.         0.01352168
 0.00041285 0.00689117]
	[RESULT 59] [ 0.02223374 -0.00287534  0.01510908  0.0185305   0.02168767  0.09021817
  0.          0.00667275  0.00510908  0.00021817  0.          0.02523374
 -0.00865717  0.00689092]
	[RESULT 60] [3.24148976e-02 2.42038687e-03 1.99945107e-02 1.88007852e-02
 1.87898066e-02 9.99890214e-02 0.00000000e+00 5.48931130e-06
 9.99451069e-03 9.98902138e-03 0.00000000e+00 3.44148976e-02
 4.09408243e-04 7.00548931e-03]
	[RESULT 61] [0.0176112  0.02498621 0.01740259 0.01270172 0.00750689 0.09480518
 0.         0.00329224 0.00740259 0.00480518 0.         0.0171112
 0.00520861 0.00809741]
	[RESULT 62] [ 4.13974415e-03 -2.58528340e-02  1.99925782e-02  1.68087393e-02
  1.68235830e-02  9.99851563e-02  0.00000000e+00  7.42184943e-06
  9.99257815e-03  9.98515630e-03  0.00000000e+00  7.13974415e-03
 -2.48528340e-02  4.99257815e-03]
	[RESULT 63] [ 0.00889179 -0.0162172   0.01510899  0.01185938  0.0216414   0.09021797
  0.          0.00667304  0.00510899  0.00021797  0.          0.01189179
 -0.02199922  0.00689101]
	[RESULT 64] [ 0.01824394 -0.00957699  0.01782093  0.02060336  0.02496151  0.09564186
  0.          0.00217907  0.00782093  0.00564186  0.          0.01974394
 -0.01007699  0.00282093]
	[RESULT 65] [0.03058592 0.01210126 0.01731282 0.01957374 0.01419937 0.09462563
 0.         0.00268718 0.00731282 0.00462563 0.         0.02908592
 0.01072689 0.00318718]
	[RESULT 66] [0.01990312 0.02426466 0.01583221 0.01620325 0.00786767 0.09166442
 0.         0.00450337 0.00583221 0.00166442 0.         0.01790312
 0.00407091 0.00616779]
	[RESULT 67] [ 0.00592244 -0.022165    0.01808744  0.01484238  0.0186675   0.09617488
  0.          0.00191256  0.00808744  0.00617488  0.          0.00742244
 -0.022665    0.00308744]
	[RESULT 68] [ 0.02237627 -0.00576681  0.01814308  0.02340275  0.02288341  0.09628616
  0.          0.00185692  0.00814308  0.00628616  0.          0.02287627
 -0.00726681  0.00314308]
	[RESULT 69] [ 0.01895242 -0.00784058  0.01679301  0.01966572  0.02392029  0.09358601
  0.          0.00320699  0.00679301  0.00358601  0.          0.02095242
 -0.01125457  0.00520699]
	[RESULT 70] [0.02187277 0.01826409 0.01986314 0.01139167 0.01111796 0.09972628
 0.         0.00013686 0.00986314 0.00972628 0.         0.02037277
 0.00523591 0.00486314]
	[RESULT 71] [0.02166486 0.02320695 0.01512818 0.01814016 0.00839652 0.09025637
 0.         0.00511545 0.00512818 0.00025637 0.         0.02116486
 0.00653668 0.00537182]
	[RESULT 72] [ 0.00717986 -0.01964091  0.01682077  0.01357109  0.01992954  0.09364155
  0.          0.00317923  0.00682077  0.00364155  0.          0.00867986
 -0.02199936  0.00367923]
	[RESULT 73] [0.01774614 0.02495424 0.01729961 0.01292365 0.00752288 0.09459923
 0.         0.00270039 0.00729961 0.00459923 0.         0.01724614
 0.00044653 0.00320039]
	[RESULT 74] [ 0.00953401 -0.01955337  0.01908738  0.01839808  0.02022331  0.09817477
  0.          0.00091262  0.00908738  0.00817477  0.          0.01153401
 -0.01955337  0.00408738]
	[RESULT 75] [ 0.02393641 -0.00117388  0.01511029  0.01938364  0.02083694  0.09022058
  0.          0.00833086  0.00511029  0.00022058  0.          0.02693641
 -0.0119533   0.01188971]
	[RESULT 76] [ 0.02430673 -0.00140468  0.0157114   0.02047047  0.02095234  0.09142281
  0.          0.00486579  0.0057114   0.00142281  0.          0.02730673
 -0.00598187  0.0062886 ]
	[RESULT 77] [ 0.01395712 -0.01115171  0.01510883  0.0143918   0.02417414  0.09021766
  0.          0.00982649  0.00510883  0.00021766  0.          0.01545712
 -0.02193405  0.01039117]
	[RESULT 78] [0.01628956 0.02235619 0.01606664 0.01429482 0.0064281  0.09213328
 0.         0.00730008 0.00606664 0.00213328 0.         0.01478956
 0.00422292 0.00943336]
	[RESULT 79] [ 0.0235443  -0.00548549  0.0190298   0.02493315  0.02299275  0.09805959
  0.          0.0009702   0.0090298   0.00805959  0.          0.0250443
 -0.00598549  0.0040298 ]
	[RESULT 80] [ 0.00479249 -0.02441738  0.01920987  0.01596105  0.01754131  0.09841974
  0.          0.00079013  0.00920987  0.00841974  0.          0.00629249
 -0.02491738  0.00420987]
	[RESULT 81] [0.01464669 0.01980196 0.01515527 0.01459044 0.00490098 0.09031054
 0.         0.00996581 0.00515527 0.00031054 0.         0.01414669
 0.00449142 0.01034473]
	[RESULT 82] [0.01802215 0.02461791 0.01659576 0.01436744 0.00755895 0.09319151
 0.         0.00340424 0.00659576 0.00319151 0.         0.01652215
 0.0004264  0.00390424]
	[RESULT 83] [ 0.00559902 -0.02280688  0.0184059   0.01515837  0.01834656  0.0968118
  0.          0.0015941   0.0084059   0.0068118   0.          0.00709902
 -0.02330688  0.0034059 ]
	[RESULT 84] [ 0.01170187 -0.01535152  0.01705339  0.01618102  0.02207424  0.09410678
  0.          0.00294661  0.00705339  0.00410678  0.          0.01320187
 -0.01724474  0.00344661]
	[RESULT 85] [2.58662491e-02 1.41380923e-02 1.99956586e-02 1.29396366e-02
 1.29309538e-02 9.99913172e-02 0.00000000e+00 4.34139657e-06
 9.99565860e-03 9.99131721e-03 0.00000000e+00 2.38662491e-02
 1.08705905e-02 7.00434140e-03]
	[RESULT 86] [ 0.00691448 -0.02017597  0.01709045  0.01384291  0.01966202  0.09418089
  0.          0.00290955  0.00709045  0.00418089  0.          0.00841448
 -0.02199507  0.00340955]
	[RESULT 87] [0.03462334 0.00692872 0.01844794 0.01963976 0.01653564 0.09689589
 0.         0.00165617 0.00844794 0.00689589 0.         0.03262334
 0.0018246  0.00855206]
	[RESULT 88] [0.03411489 0.0090032  0.01511169 0.02472497 0.0154984  0.09022337
 0.         0.00516494 0.00511169 0.00022337 0.         0.03461489
 0.00222657 0.00538831]
	[RESULT 89] [ 2.59355870e-02 -4.06312810e-03  1.99987151e-02  2.20341339e-02
  2.20315641e-02  9.99974301e-02  0.00000000e+00  1.28494598e-06
  9.99871505e-03  9.99743011e-03  0.00000000e+00  2.79355870e-02
 -6.06569800e-03  7.00128495e-03]
	[RESULT 90] [0.01866223 0.02320544 0.01813233 0.01213262 0.00839728 0.09626466
 0.         0.00186767 0.00813233 0.00626466 0.         0.01666223
 0.0005299  0.00386767]
	[RESULT 91] [ 0.01122261 -0.01660193  0.01782454  0.01709811  0.02144904  0.09564907
  0.          0.00217546  0.00782454  0.00564907  0.          0.01272261
 -0.02195285  0.00767546]
	[RESULT 92] [ 0.00597606 -0.02204886  0.01802491  0.0147754   0.01872557  0.09604983
  0.          0.00197509  0.00802491  0.00604983  0.          0.00747606
 -0.02254886  0.00302491]
	[RESULT 93] [0.03140654 0.01239365 0.01619981 0.02140355 0.01380317 0.09239963
 0.         0.00690056 0.00619981 0.00239963 0.         0.03090654
 0.00279328 0.00930019]
	[RESULT 94] [ 0.02792566  0.00165903  0.01626663  0.02336277  0.01917049  0.09253326
  0.          0.00373337  0.00626663  0.00253326  0.          0.02992566
 -0.00280771  0.00573337]
	[RESULT 95] [ 0.00618084 -0.02164047  0.01782131  0.01457238  0.01892977  0.09564261
  0.          0.00217869  0.00782131  0.00564261  0.          0.00768084
 -0.02214047  0.00282131]
	[RESULT 96] [ 0.02031641 -0.00527467  0.01559108  0.01854482  0.02263734  0.09118216
  0.          0.00440892  0.00559108  0.00118216  0.          0.02081641
 -0.01109251  0.00490892]
	[RESULT 97] [ 0.0122254  -0.01506488  0.01729028  0.01679811  0.02221756  0.09458055
  0.          0.00270972  0.00729028  0.00458055  0.          0.0137254
 -0.01648433  0.00320972]
	[RESULT 98] [0.03094077 0.01256426 0.01649498 0.02072792 0.01371787 0.09298996
 0.         0.00350502 0.00649498 0.00298996 0.         0.03044077
 0.00855421 0.00400502]
	[RESULT 99] [ 0.01395712 -0.01115171  0.01510883  0.0143918   0.02417414  0.09021766
  0.          0.00832649  0.00510883  0.00021766  0.          0.01695712
 -0.02193405  0.01189117]
	[RESULT 100] [0.01686928 0.02327067 0.01640138 0.01383257 0.00663533 0.09280277
 0.         0.00359862 0.00640138 0.00280277 0.         0.01486928
 0.0004679  0.00559862]
	[RESULT 101] [0.01724398 0.02426111 0.01701712 0.01309631 0.00713055 0.09403425
 0.         0.00444863 0.00701712 0.00403425 0.         0.01674398
 0.00522686 0.00848288]
	[RESULT 102] [ 2.96016239e-02  4.11249446e-04  1.91903745e-02  2.16636263e-02
  2.00443753e-02  9.83807490e-02  0.00000000e+00  8.09625507e-04
  9.19037449e-03  8.38074899e-03  0.00000000e+00  3.11016239e-02
 -8.87505539e-05  4.19037449e-03]
	[RESULT 103] [ 0.03305619  0.00607848  0.01697771  0.02300535  0.01696076  0.09395541
  0.          0.00606688  0.00697771  0.00395541  0.          0.03494381
 -0.00196611  0.01002229]
	[RESULT 104] [ 0.00939902 -0.01620267  0.01560169  0.01310204  0.02189867  0.09120337
  0.          0.00439831  0.00560169  0.00120337  0.          0.00989902
 -0.02199929  0.00489831]
	[RESULT 105] [0.03265435 0.00657834 0.01607602 0.0245588  0.01671083 0.09215203
 0.         0.00392398 0.00607602 0.00215203 0.         0.03315435
 0.00173037 0.00442398]
	[RESULT 106] [ 1.23567095e-02 -1.76389491e-02  1.99956586e-02  2.11718427e-02
  2.11805255e-02  9.99913172e-02  0.00000000e+00  4.34139657e-06
  9.99565860e-03  9.99131721e-03  0.00000000e+00  1.43567095e-02
 -1.96476318e-02  7.00434140e-03]
	[RESULT 107] [ 0.00548458 -0.0230321   0.01851669  0.01526733  0.01823395  0.09703338
  0.          0.00148331  0.00851669  0.00703338  0.          0.00698458
 -0.0235321   0.00351669]
	[RESULT 108] [0.01267457 0.01990103 0.01722646 0.0104976  0.00495052 0.09445292
 0.         0.00532062 0.00722646 0.00445292 0.         0.01067457
 0.00044811 0.00977354]
	[RESULT 109] [0.01121573 0.01700667 0.01579095 0.01192144 0.00350334 0.09158189
 0.         0.00962716 0.00579095 0.00158189 0.         0.00921573
 0.00042478 0.01120905]
	[RESULT 110] [0.02669343 0.01449956 0.01880701 0.01538619 0.01300022 0.09761403
 0.         0.00119299 0.00880701 0.00761403 0.         0.02519343
 0.00900044 0.00380701]
	[RESULT 111] [0.03186561 0.0130241  0.01511029 0.02351737 0.01373795 0.09022058
 0.         0.00666914 0.00511029 0.00022058 0.         0.02886561
 0.00724468 0.00688971]
	[RESULT 112] [0.01553442 0.02064325 0.01510883 0.01510396 0.00532163 0.09021767
 0.         0.0051735  0.00510883 0.00021767 0.         0.01503442
 0.00042558 0.00539117]
	[RESULT 113] [0.03228341 0.01064633 0.01707026 0.02053632 0.01467683 0.09414052
 0.         0.00428922 0.00707026 0.00414052 0.         0.03178341
 0.00278685 0.00842974]
	[RESULT 114] [0.02164781 0.02022288 0.01812931 0.01387995 0.01013856 0.09625861
 0.         0.00187069 0.00812931 0.00625861 0.         0.02014781
 0.00327712 0.00312931]
	[RESULT 115] [0.01533633 0.0204504  0.01511407 0.01499706 0.0052252  0.09022814
 0.         0.00834221 0.00511407 0.00022814 0.         0.01333633
 0.00522226 0.01188593]
	[RESULT 116] [ 0.02690256  0.00177269  0.01512986  0.02114608  0.01911365  0.09025973
  0.          0.00511041  0.00512986  0.00025973  0.          0.02740256
 -0.00496758  0.00537014]
	[RESULT 117] [0.02131874 0.02357254 0.01510872 0.01824629 0.00846373 0.09021744
 0.         0.00832617 0.00510872 0.00021744 0.         0.01831874
 0.01021002 0.01189128]
	[RESULT 118] [3.08491098e-02 9.15280898e-03 1.99980812e-02 1.54274331e-02
 1.54235955e-02 9.99961624e-02 0.00000000e+00 1.91881029e-06
 9.99808119e-03 9.99616238e-03 0.00000000e+00 2.88491098e-02
 9.15280898e-03 4.99808119e-03]
	[RESULT 119] [ 0.03470439  0.00957498  0.01512941  0.02495368  0.01521251  0.09025882
  0.          0.00988824  0.00512941  0.00025882  0.          0.03479561
 -0.00216619  0.01037059]
	[RESULT 120] [ 0.02675279 -0.00021601  0.0169688   0.02357959  0.02035801  0.0939376
  0.          0.0030312   0.0069688   0.0039376   0.          0.02825279
 -0.00227841  0.0035312 ]
