[METRICS]
	[DISEQUILIBRIUM COUNT] 1305
	[MINIMUM S0 sTrt S1 DISTANCE]0.004013280656733786
	[MINIMUM S0 sTrt S21 DISTANCE]-0.025986202506711367
	[MINIMUM S0 sTrt S22 DISTANCE]0.015108695768139474
	[MINIMUM S7 sTrt S6 DISTANCE]0.007726179328046701
	[MINIMUM S7 sTrt S8 DISTANCE]0.002818695841053931
	[MINIMUM S7 sTrt S21 DISTANCE]0.09021739153627892
	[MINIMUM S7 esTrt S22 DISTANCE]0.0
	[MINIMUM S14 sTrt S13 DISTANCE]5.736211883267117e-08
	[MINIMUM S14 sTrt S15 DISTANCE]0.005108695768139493
	[MINIMUM S14 sTrt S21 DISTANCE]0.0002173915362789075
	[MINIMUM S14 sTrt S22 DISTANCE]0.0
	[MINIMUM S20 sTrt S19 DISTANCE]0.005513280656733621
	[MINIMUM S20 sTrt S21 DISTANCE]-0.02648620250671136
	[MINIMUM S20 sTrt S22 DISTANCE]0.0027535964913429772
	[AVERAGE S0 sTrt S1 DISTANCE]0.02058074135916293
	[AVERAGE S0 sTrt S21 DISTANCE]0.008084826090414372
	[AVERAGE S0 sTrt S22 DISTANCE]0.016676895845468456
	[AVERAGE S7 sTrt S6 DISTANCE]0.017446335910147756
	[AVERAGE S7 sTrt S8 DISTANCE]0.013550641253702025
	[AVERAGE S7 sTrt S21 DISTANCE]0.09335379169093692
	[AVERAGE S7 sTrt S22 DISTANCE]0.0
	[AVERAGE S14 sTrt S13 DISTANCE]0.004484734745067452
	[AVERAGE S14 sTrt S15 DISTANCE]0.006676895845468471
	[AVERAGE S14 sTrt S21 DISTANCE]0.0033537916909369197
	[AVERAGE S14 sTrt S22 DISTANCE]0.0
	[AVERAGE S20 sTrt S19 DISTANCE]0.020411424450871497
	[AVERAGE S20 sTrt S21 DISTANCE]-0.0019483102948945894
	[AVERAGE S20 sTrt S22 DISTANCE]0.006464694083123198
[VARIABLES]
	[RESULT 1] [1 7.608134397874714 1 1 1 3884.6908244491874 99]
	[RESULT 2] [1 6.607139475677874 0 4 1 3995.961688988642 100]
	[RESULT 3] [0 6.33174228747853 1 2 11 3999.211470120349 97]
	[RESULT 4] [0 6.270111468278932 1 1 1 3978.0642997109703 97]
	[RESULT 5] [1 49.96674869442875 0 4 1 3944.8175389793664 100]
	[RESULT 6] [1 11.346037098124388 0 1 11 3993.0803855155664 100]
	[RESULT 7] [0 49.8445943428679 1 2 12 3974.6541597442583 100]
	[RESULT 8] [0 5.217503800946872 1 4 4 3248.385823993959 33]
	[RESULT 9] [0 5.001589117300805 1 1 19 3993.7926177783647 16]
	[RESULT 10] [1 5.6686990293124175 0 4 12 3996.341011125914 100]
	[RESULT 11] [1 5.338168893151304 0 1 13 3865.750851181888 100]
	[RESULT 12] [1 11.346037098124388 0 4 10 3744.5908281682905 96]
	[RESULT 13] [1 7.860190226270383 0 1 11 3993.3882129189387 100]
	[RESULT 14] [1 6.034883567468784 0 1 1 3996.7412059359817 100]
	[RESULT 15] [1 5.000103377996896 0 1 16 3999.9872296598883 100]
	[RESULT 16] [0 6.872992195409184 0 1 15 3950.5222937405388 97]
	[RESULT 17] [1 9.051930055152544 0 1 1 3996.4651486086723 100]
	[RESULT 18] [1 5.3015128622310685 1 1 13 3999.983627956444 100]
	[RESULT 19] [1 5.244761310511567 0 1 12 3999.96647496175 99]
	[RESULT 20] [1 6.595073763137638 0 1 11 3999.979795974534 99]
	[RESULT 21] [1 5.383774052398328 0 1 13 3999.9983310943617 100]
	[RESULT 22] [1 5.873348165456001 0 1 10 3999.9995828089304 100]
	[RESULT 23] [1 7.4166624904871385 0 4 14 3999.8945953366847 100]
	[RESULT 24] [1 8.859625639018134 1 1 1 3858.8493802263793 9]
	[RESULT 25] [1 5.739225174723809 0 1 11 3999.9995828089304 100]
	[RESULT 26] [1 7.67885168518956 0 4 13 3997.0618230000673 100]
	[RESULT 27] [0 49.89948301117563 0 1 12 1200.863699257152 100]
	[RESULT 28] [1 6.826208454194648 0 4 1 3962.7017058174256 100]
	[RESULT 29] [1 5.870529877875644 0 1 10 3926.4602023541424 99]
	[RESULT 30] [1 5.170667141982694 0 1 11 1226.748218267982 22]
	[RESULT 31] [1 5.114849810839647 1 4 12 3930.2318953172044 100]
	[RESULT 32] [0 6.098473070193473 1 4 11 1047.8068266200635 19]
	[RESULT 33] [1 7.263392651372272 1 4 7 2106.499364310565 100]
	[RESULT 34] [0 5.001309607448356 1 1 2 1040.2055328780398 14]
	[RESULT 35] [1 5.447232191842031 0 1 11 3999.999594365133 100]
	[RESULT 36] [0 49.859940770567796 1 4 13 1219.9032135132572 100]
	[RESULT 37] [1 7.67885168518956 0 4 11 3804.8135798948706 96]
	[RESULT 38] [0 49.76867564642403 1 1 1 1044.2595701339017 97]
	[RESULT 39] [1 10.752255693417123 0 3 13 1003.3359557152207 2]
	[RESULT 40] [1 44.418483199172776 0 1 9 3999.993216764673 100]
	[RESULT 41] [0 49.89948301117563 0 1 12 3998.006780368156 100]
	[RESULT 42] [0 49.89901364223266 0 4 19 3943.7830262263697 16]
	[RESULT 43] [0 7.887101517888046 0 1 13 1017.309553808637 7]
	[RESULT 44] [1 7.152084423028194 1 4 8 3897.248150691252 21]
	[RESULT 45] [0 5.862852588354003 0 1 15 3989.3140767199234 100]
	[RESULT 46] [1 5.000103377996896 0 1 11 1080.9905793233374 98]
	[RESULT 47] [1 5.018378675836436 0 1 17 3869.215925511346 100]
	[RESULT 48] [0 11.499635513831803 1 1 8 1015.804242489152 71]
	[RESULT 49] [1 6.318097100856108 0 1 1 3999.999697802355 100]
	[RESULT 50] [0 11.85582916506062 0 1 7 3999.0364539705415 98]
	[RESULT 51] [0 5.576054794602887 1 2 11 3987.641376055629 2]
	[RESULT 52] [0 9.333012057916017 1 4 11 1046.8543797225948 22]
	[RESULT 53] [1 5.948266201969034 1 1 7 3999.8186381163923 16]
	[RESULT 54] [1 19.18786575073417 0 1 11 3984.6409399021604 100]
	[RESULT 55] [1 6.823166837265854 0 1 11 3999.9975472727165 100]
	[RESULT 56] [1 6.911866208593883 0 4 10 1002.032148679743 21]
	[RESULT 57] [0 5.976305356791112 0 4 6 1029.9125355537233 9]
	[RESULT 58] [1 5.60374731609172 0 1 12 3999.9988513945295 100]
	[RESULT 59] [0 49.89409076084887 1 4 13 1003.3359557152207 7]
	[RESULT 60] [1 8.185946105091336 0 2 12 3999.793203189907 99]
	[RESULT 61] [0 5.862852588354003 0 4 15 3989.8439561117316 100]
	[RESULT 62] [1 12.235951998262191 0 1 12 3999.990841158149 100]
	[RESULT 63] [1 9.840656932686025 0 4 13 3999.932804098932 100]
	[RESULT 64] [1 5.700232920193897 0 1 3 3999.997158408749 100]
	[RESULT 65] [1 9.052576120148444 1 2 12 3969.567127682907 100]
	[RESULT 66] [1 49.87044679925786 1 1 17 3859.2641057011256 100]
	[RESULT 67] [1 49.96024237797468 0 4 1 3760.8484514716706 100]
	[RESULT 68] [1 8.297976787102288 0 1 13 3999.9987287355857 100]
	[RESULT 69] [1 9.954578815186611 1 1 11 3972.3028517082926 12]
	[RESULT 70] [1 5.415065237154271 0 1 12 3961.721788121668 100]
	[RESULT 71] [1 5.4369748114210354 1 3 20 3836.002962273458 100]
	[RESULT 72] [1 8.605677012246552 0 4 13 3997.0618230000673 88]
	[RESULT 73] [0 49.89409076084887 0 1 11 1003.3359557152207 7]
	[RESULT 74] [1 5.985702544079956 0 1 11 3836.482434469145 19]
	[RESULT 75] [0 5.576054794602887 1 2 11 3928.3081563389014 2]
	[RESULT 76] [1 5.338168893151304 0 1 14 3862.275404255909 97]
	[RESULT 77] [0 11.4337984720501 0 1 2 3798.9543025277276 71]
	[RESULT 78] [0 5.417900251512771 0 1 16 3996.0587931822524 100]
	[RESULT 79] [0 49.906539264635406 0 4 1 3907.1909425086733 99]
	[RESULT 80] [1 5.674818642411395 0 1 13 3999.9983310943617 100]
	[RESULT 81] [1 6.147362762196554 1 4 7 1905.605618409344 99]
	[RESULT 82] [0 49.916622669996705 1 1 13 1003.3359557152207 7]
	[RESULT 83] [1 46.97106574145052 1 4 13 3984.4442165502587 100]
	[RESULT 84] [1 5.151495204621973 0 1 1 3999.9834397273708 100]
	[RESULT 85] [1 6.838118076467647 0 1 13 3859.57080935062 27]
	[RESULT 86] [1 5.600545802039651 0 1 11 3999.997113140863 100]
	[RESULT 87] [0 6.392303351772378 1 1 17 3722.2386025667447 72]
	[RESULT 88] [0 5.525159668869616 0 1 16 3819.044939236414 22]
	[RESULT 89] [1 6.1660862483222925 0 4 17 2957.871334527939 100]
	[RESULT 90] [0 5.31448807373921 1 2 7 3934.9084368051076 97]
	[RESULT 91] [1 5.676648324606417 0 1 12 3999.9996856907287 100]
	[RESULT 92] [1 5.638139077921849 0 1 11 3999.9995828089304 100]
	[RESULT 93] [0 5.872633673857274 0 1 16 3996.3188467685386 93]
	[RESULT 94] [0 7.093390851019828 0 1 7 3982.6211973262207 95]
	[RESULT 95] [1 9.782594872010005 0 1 15 3836.482434469145 99]
	[RESULT 96] [0 5.679849342045381 1 1 17 3999.211470120349 97]
	[RESULT 97] [1 6.7309051284168 1 1 1 3857.9000760632384 100]
	[RESULT 98] [1 49.89594737344988 0 4 0 3999.999697721847 100]
	[RESULT 99] [1 6.394740799453771 1 1 17 3858.2665545683576 74]
	[RESULT 100] [0 7.04933245947004 1 4 12 1015.1747144233018 16]
	[RESULT 101] [0 49.76867564642403 0 1 1 1116.316769284954 99]
	[RESULT 102] [1 5.87346142354405 0 1 10 3949.710893163226 100]
	[RESULT 103] [1 5.5702991155589885 1 4 12 1902.2390088825466 99]
	[RESULT 104] [1 5.602565909550808 0 1 12 3999.998325978387 100]
	[RESULT 105] [0 5.668280241357139 1 1 12 3997.3243401887544 100]
	[RESULT 106] [0 49.9094897927974 0 4 19 3849.590853583429 16]
	[RESULT 107] [1 7.545961433892593 0 1 13 3999.933529633928 93]
	[RESULT 108] [1 5.200463795596553 0 1 1 3927.492436152801 99]
	[RESULT 109] [0 49.94836870321187 0 4 1 3999.960019612185 99]
	[RESULT 110] [1 7.476515872398561 0 1 12 3998.347317692452 100]
	[RESULT 111] [0 5.853906134162722 0 1 13 3604.3452465985083 25]
	[RESULT 112] [1 49.50126745532587 0 1 11 3999.6517058376858 97]
	[RESULT 113] [1 5.831638655051094 0 1 11 3858.8996295898414 96]
	[RESULT 114] [1 6.141396276110333 0 4 7 2193.0977942582167 99]
	[RESULT 115] [1 5.38495545893924 0 1 13 3999.999830038748 100]
	[RESULT 116] [1 5.260669085501156 1 4 7 3986.408379414232 100]
	[RESULT 117] [1 5.008618586906908 0 1 16 3980.690694039679 100]
	[RESULT 118] [0 5.666250701214911 1 1 8 1039.5420327133702 19]
	[RESULT 119] [1 5.537821693206106 0 1 12 3733.0279347442406 99]
	[RESULT 120] [0 5.005613516720557 0 1 17 1150.4232127150399 91]
[OBJECTIVES]
	[RESULT 1] [0.02684021 0.01677404 0.01638576 0.01909147 0.01186298 0.09277152
 0.         0.00634273 0.00638576 0.00277152 0.         0.02534021
 0.00854555 0.00911424]
	[RESULT 2] [ 0.0105589  -0.01635891  0.01691781  0.01540617  0.02157054  0.09383562
  0.          0.00308219  0.00691781  0.00383562  0.          0.0135589
 -0.01852329  0.00508219]
	[RESULT 3] [ 0.0286201   0.00147578  0.01714432  0.02497347  0.01926211  0.09428864
  0.          0.00456704  0.00714432  0.00428864  0.          0.0296201
 -0.00623558  0.00885568]
	[RESULT 4] [0.03051862 0.01227884 0.01720254 0.01945551 0.01386058 0.09440507
 0.         0.00389239 0.00720254 0.00440507 0.         0.03001862
 0.00468391 0.00829746]
	[RESULT 5] [ 0.0260965   0.00098773  0.01510877  0.02046141  0.01975614  0.09021755
  0.          0.00667368  0.00510877  0.00021755  0.          0.0290965
 -0.00479472  0.00689123]
	[RESULT 6] [ 0.01373892 -0.01194172  0.01568064  0.01514042  0.02377914  0.09136128
  0.          0.00431936  0.00568064  0.00136128  0.          0.01523892
 -0.01658044  0.00481936]
	[RESULT 7] [ 0.0274768   0.00236774  0.01510906  0.021402    0.01881613  0.09021813
  0.          0.00932719  0.00510906  0.00021813  0.          0.0284768
 -0.00941413  0.01089094]
	[RESULT 8] [0.01520566 0.02431242 0.01910676 0.00894268 0.00715621 0.09821353
 0.         0.00089324 0.00910676 0.00821353 0.         0.01320566
 0.00109889 0.00789324]
	[RESULT 9] [3.47453262e-02 4.75325922e-03 1.99920670e-02 1.76392364e-02
 1.76233704e-02 9.99841340e-02 0.00000000e+00 7.93298007e-06
 9.99206702e-03 9.98413404e-03 0.00000000e+00 3.47546738e-02
 2.73739326e-03 5.50793298e-03]
	[RESULT 10] [ 0.00919549 -0.01880086  0.01799635  0.01634226  0.02034957  0.09599269
  0.          0.00200365  0.00799635  0.00599269  0.          0.01219549
 -0.01880817  0.00400365]
	[RESULT 11] [ 0.02633888 -0.00239757  0.01873645  0.02397588  0.02144878  0.0974729
  0.          0.00126355  0.00873645  0.0074729   0.          0.02783888
 -0.00289757  0.00373645]
	[RESULT 12] [0.02290952 0.02140984 0.01568064 0.0181838  0.00954508 0.09136128
 0.         0.00495808 0.00568064 0.00136128 0.         0.01990952
 0.00622889 0.00631936]
	[RESULT 13] [ 0.01293362 -0.01336165  0.01629527  0.01565972  0.02306917  0.09259055
  0.          0.00370473  0.00629527  0.00259055  0.          0.01443362
 -0.01677111  0.00420473]
	[RESULT 14] [ 0.00942585 -0.01803129  0.01745714  0.01564864  0.02073435  0.09491429
  0.          0.00254286  0.00745714  0.00491429  0.          0.01092585
 -0.01911701  0.00304286]
	[RESULT 15] [ 4.01328066e-03 -2.59862025e-02  1.99994832e-02  1.67558651e-02
  1.67568987e-02  9.99989663e-02  0.00000000e+00  5.16836555e-07
  9.99948316e-03  9.99896633e-03  0.00000000e+00  5.51328066e-03
 -2.64862025e-02  4.99948316e-03]
	[RESULT 16] [0.03013212 0.01312754 0.01674035 0.01995554 0.01343623 0.09348069
 0.         0.00325965 0.00674035 0.00348069 0.         0.02963212
 0.00960823 0.00375965]
	[RESULT 17] [ 0.01110724 -0.01488248  0.01598972  0.0142882   0.02230876  0.09197944
  0.          0.00401028  0.00598972  0.00197944  0.          0.01260724
 -0.01890304  0.00451028]
	[RESULT 18] [ 0.01017468 -0.018667    0.01884168  0.01809986  0.0204165   0.09768337
  0.          0.00115832  0.00884168  0.00768337  0.          0.01167468
 -0.02198364  0.00665832]
	[RESULT 19] [ 0.01501665 -0.01400019  0.01901683  0.02078357  0.02274991  0.09803367
  0.          0.00098317  0.00901683  0.00803367  0.          0.01651665
 -0.01450019  0.00401683]
	[RESULT 20] [ 0.01709346 -0.00983327  0.01692673  0.01868682  0.02483337  0.09385346
  0.          0.00307327  0.00692673  0.00385346  0.          0.01859346
 -0.01197981  0.00357327]
	[RESULT 21] [ 0.00538836 -0.02322494  0.01861331  0.01536414  0.01813753  0.09722661
  0.          0.00138669  0.00861331  0.00722661  0.          0.00688836
 -0.02372494  0.00361331]
	[RESULT 22] [ 0.0063314  -0.02133762  0.01766902  0.01441923  0.01908119  0.09533804
  0.          0.00233098  0.00766902  0.00533804  0.          0.0078314
 -0.02199958  0.00283098]
	[RESULT 23] [ 0.00764155 -0.01882187  0.01646342  0.0132659   0.02033906  0.09292683
  0.          0.00353658  0.00646342  0.00292683  0.          0.01064155
 -0.02189504  0.00553658]
	[RESULT 24] [0.01600792 0.02203681 0.01602889 0.01421063 0.00626841 0.09205777
 0.         0.00741334 0.00602889 0.00205777 0.         0.01450792
 0.00397904 0.00947111]
	[RESULT 25] [ 0.00612557 -0.02174927  0.01787484  0.01462505  0.01887537  0.09574969
  0.          0.00212516  0.00787484  0.00574969  0.          0.00762557
 -0.02224927  0.00287484]
	[RESULT 26] [ 0.01027006 -0.01608906  0.01635912  0.01442371  0.02170547  0.09271824
  0.          0.00364088  0.00635912  0.00271824  0.          0.01327006
 -0.01937082  0.00564088]
	[RESULT 27] [0.03466976 0.00956083 0.01510893 0.02499828 0.01521959 0.09021787
 0.         0.0051732  0.00510893 0.00021787 0.         0.03483024
 0.00277869 0.00539107]
	[RESULT 28] [ 0.02219847 -0.00457069  0.01676915  0.02100297  0.02253534  0.09353831
  0.          0.00323085  0.00676915  0.00353831  0.          0.02519847
 -0.00703238  0.00523085]
	[RESULT 29] [0.03498435 0.00731131 0.01767304 0.02124827 0.01659435 0.09534608
 0.         0.00232696 0.00767304 0.00534608 0.         0.03351565
 0.00665738 0.00282696]
	[RESULT 30] [0.02074759 0.01998134 0.01927107 0.01171719 0.01025933 0.09854214
 0.         0.00072893 0.00927107 0.00854214 0.         0.01924759
 0.00351866 0.00427107]
	[RESULT 31] [ 0.02792005 -0.00156486  0.01948491  0.02206261  0.02103243  0.09896982
  0.          0.00051509  0.00948491  0.00896982  0.          0.03092005
 -0.00359505  0.00751509]
	[RESULT 32] [0.01283652 0.0202192  0.01738268 0.01034423 0.0051096  0.09476537
 0.         0.00485195 0.00738268 0.00476537 0.         0.01083652
 0.00045383 0.00961732]
	[RESULT 33] [0.03285792 0.01060993 0.01653215 0.02188074 0.01494504 0.0930643
 0.         0.00740356 0.00653215 0.0030643  0.         0.02985792
 0.00267422 0.01046785]
	[RESULT 34] [1.54327402e-02 2.45737992e-02 1.99934605e-02 7.72617933e-03
 7.71310038e-03 9.99869211e-02 0.00000000e+00 6.53947310e-06
 9.99346053e-03 9.98692105e-03 0.00000000e+00 1.49327402e-02
 4.39279710e-04 5.50653947e-03]
	[RESULT 35] [ 0.00554553 -0.02290934  0.01845487  0.01520507  0.01829533  0.09690974
  0.          0.00154513  0.00845487  0.00690974  0.          0.00704553
 -0.02340934  0.00345487]
	[RESULT 36] [0.03033184 0.01455914 0.01510903 0.02250238 0.01272043 0.09021806
 0.         0.00832708 0.00510903 0.00021806 0.         0.02833184
 0.00277719 0.01189097]
	[RESULT 37] [0.02419762 0.01944326 0.01635912 0.01781013 0.01052837 0.09271824
 0.         0.00364088 0.00635912 0.00271824 0.         0.02119762
 0.0068385  0.00564088]
	[RESULT 38] [0.01531892 0.02042817 0.01510925 0.01499559 0.00521408 0.09021849
 0.         0.00982774 0.00510925 0.00021849 0.         0.01481892
 0.00520968 0.01039075]
	[RESULT 39] [0.01714935 0.02288985 0.01574049 0.01521394 0.00669492 0.09148099
 0.         0.00427852 0.00574049 0.00148099 0.         0.01464935
 0.00040886 0.00575951]
	[RESULT 40] [ 0.00888308 -0.01624063  0.01512371  0.0118771   0.02162968  0.09024741
  0.          0.00512888  0.00512371  0.00024741  0.          0.01038308
 -0.02199322  0.00537629]
	[RESULT 41] [ 0.0117371  -0.01337183  0.01510893  0.01353195  0.02331408  0.09021787
  0.          0.0051732   0.00510893  0.00021787  0.          0.0122371
 -0.02015396  0.00539107]
	[RESULT 42] [0.02303966 0.0218514  0.01510893 0.01885643 0.0090743  0.09021787
 0.         0.0066732  0.00510893 0.00021787 0.         0.02103966
 0.00793073 0.00689107]
	[RESULT 43] [0.01670687 0.02299318 0.01628631 0.01392398 0.00649659 0.09257261
 0.         0.00371369 0.00628631 0.00257261 0.         0.01620687
 0.00042057 0.00421369]
	[RESULT 44] [0.01772855 0.0243148  0.01658625 0.0142349  0.0074074  0.0931725
 0.         0.00724124 0.00658625 0.0031725  0.         0.01472855
 0.0051423  0.01041375]
	[RESULT 45] [ 0.01480204 -0.01288202  0.01768406  0.0189271   0.02355899  0.09536811
  0.          0.00231594  0.00768406  0.00536811  0.          0.01530204
 -0.01451391  0.00281594]
	[RESULT 46] [2.78784453e-02 1.21220715e-02 1.99994832e-02 1.41899979e-02
 1.41889643e-02 9.99989663e-02 0.00000000e+00 5.16836555e-07
 9.99948316e-03 9.99896633e-03 0.00000000e+00 2.63784453e-02
 1.13779285e-02 4.99948316e-03]
	[RESULT 47] [ 2.50782716e-02 -4.83149341e-03  1.99097650e-02  2.28462167e-02
  2.26657467e-02  9.98195300e-02  0.00000000e+00  9.02349797e-05
  9.90976502e-03  9.81953004e-03  0.00000000e+00  2.65782716e-02
 -5.33149341e-03  4.90976502e-03]
	[RESULT 48] [0.01154106 0.01720776 0.0156667  0.01227048 0.00360388 0.0913334
 0.         0.0084999  0.0056667  0.0013334  0.         0.01104106
 0.00087436 0.0098333 ]
	[RESULT 49] [ 0.00684336 -0.02031358  0.01715694  0.01390709  0.01959321  0.09431388
  0.          0.00284306  0.00715694  0.00431388  0.          0.00834336
 -0.0219997   0.00334306]
	[RESULT 50] [ 0.02362465 -0.00201182  0.01563647  0.02026703  0.02100591  0.09127294
  0.          0.00436353  0.00563647  0.00127294  0.          0.02412465
 -0.00773888  0.00486353]
	[RESULT 51] [0.03010424 0.01172328 0.01817248 0.0177934  0.01413836 0.09634496
 0.         0.00182752 0.00817248 0.00634496 0.         0.02910424
 0.00606824 0.00782752]
	[RESULT 52] [0.01140058 0.01733814 0.01593756 0.01179396 0.00366907 0.09187511
 0.         0.00918733 0.00593756 0.00187511 0.         0.00940058
 0.00046303 0.01106244]
	[RESULT 53] [ 0.03137838  0.00381199  0.01756638  0.02321123  0.018344    0.09513277
  0.          0.00280085  0.00756638  0.00513277  0.          0.03287838
 -0.00205524  0.00793362]
	[RESULT 54] [ 0.0181848  -0.00714441  0.01532921  0.01683622  0.02382221  0.09065842
  0.          0.00467079  0.00532921  0.00065842  0.          0.0196848
 -0.01248599  0.00517079]
	[RESULT 55] [ 0.00723139 -0.01953967  0.01677106  0.01352229  0.01998017  0.09354212
  0.          0.00322894  0.00677106  0.00354212  0.          0.00873139
 -0.02199755  0.00372894]
	[RESULT 56] [0.01817386 0.02489097 0.01671711 0.01426126 0.00769549 0.09343422
 0.         0.00328289 0.00671711 0.00343422 0.         0.01517386
 0.00045675 0.00528289]
	[RESULT 57] [0.01795604 0.02451399 0.01752997 0.01268306 0.00774301 0.09505995
 0.         0.00247003 0.00752997 0.00505995 0.         0.01595604
 0.00042607 0.00447003]
	[RESULT 58] [ 0.00588345 -0.02223425  0.0181177   0.01486827  0.01863288  0.0962354
  0.          0.0018823   0.0081177   0.0062354   0.          0.00738345
 -0.02273425  0.0031177 ]
	[RESULT 59] [0.01052855 0.0156375  0.01510895 0.01260086 0.00281875 0.09021789
 0.         0.00832684 0.00510895 0.00021789 0.         0.00852855
 0.00041961 0.01189105]
	[RESULT 60] [ 0.01801063 -0.00818385  0.01619447  0.01804702  0.02434192  0.09238895
  0.          0.00380553  0.00619447  0.00238895  0.          0.02001063
 -0.0117949   0.00480553]
	[RESULT 61] [ 0.01453806 -0.01314599  0.01768406  0.01879511  0.023427    0.09536811
  0.          0.00231594  0.00768406  0.00536811  0.          0.01653806
 -0.01477788  0.00431594]
	[RESULT 62] [ 0.00840206 -0.01720503  0.01560709  0.01236167  0.02114748  0.09121419
  0.          0.00439291  0.00560709  0.00121419  0.          0.00990206
 -0.02199084  0.00489291]
	[RESULT 63] [ 0.00821095 -0.01764512  0.01585607  0.01263958  0.02092744  0.09171214
  0.          0.0044318   0.00585607  0.00171214  0.          0.01121095
 -0.02193298  0.00614393]
	[RESULT 64] [ 0.00606207 -0.02187871  0.01794077  0.01469219  0.01881065  0.09588155
  0.          0.00205923  0.00794077  0.00588155  0.          0.00756207
 -0.02237871  0.00294077]
	[RESULT 65] [ 0.02673551  0.00074591  0.01598959  0.02210215  0.01987704  0.09197919
  0.          0.00803122  0.00598959  0.00197919  0.          0.02873551
 -0.0082749   0.01001041]
	[RESULT 66] [ 0.03488006  0.01001093  0.015109    0.02497347  0.01524453  0.09021801
  0.          0.00982701  0.005109    0.00021801  0.          0.03338006
 -0.00077106  0.010391  ]
	[RESULT 67] [0.03152514 0.00641635 0.01510879 0.02317576 0.01704182 0.09021758
 0.         0.00667363 0.00510879 0.00021758 0.         0.03452514
 0.00063393 0.00689121]
	[RESULT 68] [ 0.00783793 -0.0183254   0.01616334  0.01291397  0.0205873   0.09232668
  0.          0.00383666  0.00616334  0.00232668  0.          0.00933793
 -0.02199873  0.00433666]
	[RESULT 69] [0.02392463 0.02023568 0.01583969 0.01845278 0.01013216 0.09167938
 0.         0.00798093 0.00583969 0.00167938 0.         0.02242463
 0.01091506 0.00966031]
	[RESULT 70] [ 0.02058958 -0.00794383  0.01853341  0.0228449   0.02422191  0.09706681
  0.          0.00146659  0.00853341  0.00706681  0.          0.02208958
 -0.00844383  0.00353341]
	[RESULT 71] [ 0.03221354  0.00373401  0.01847953  0.02142393  0.018383    0.09695906
  0.          0.00152047  0.00847953  0.00695906  0.          0.03471354
 -0.00030693  0.00802047]
	[RESULT 72] [ 0.0290051   0.00291948  0.01608562  0.02338097  0.01879026  0.09217123
  0.          0.00391438  0.00608562  0.00217123  0.          0.0320051
 -0.00090928  0.00591438]
	[RESULT 73] [0.01552855 0.0206375  0.01510895 0.01510086 0.00531875 0.09021789
 0.         0.00517316 0.00510895 0.00021789 0.         0.01502855
 0.00041961 0.00539105]
	[RESULT 74] [0.02207724 0.02040476 0.017518   0.01501162 0.01004762 0.095036
 0.         0.002482   0.007518   0.005036   0.         0.02057724
 0.00355924 0.002982  ]
	[RESULT 75] [0.01983833 0.02198919 0.01817248 0.01266045 0.00900541 0.09634496
 0.         0.00182752 0.00817248 0.00634496 0.         0.01883833
 0.00666585 0.00782752]
	[RESULT 76] [0.02857729 0.01268626 0.01873645 0.01643397 0.01390687 0.0974729
 0.         0.00126355 0.00873645 0.0074729  0.         0.02707729
 0.01081374 0.00373645]
	[RESULT 77] [0.0191042  0.0247768  0.0156726  0.01604319 0.0073884  0.09134521
 0.         0.0043274  0.0056726  0.00134521 0.         0.0186042
 0.00343159 0.0048274 ]
	[RESULT 78] [ 0.00987815 -0.01864819  0.01852634  0.01772859  0.02067591  0.09705268
  0.          0.00147366  0.00852634  0.00705268  0.          0.01037815
 -0.02014819  0.00352634]
	[RESULT 79] [0.03041411 0.01447697 0.01510892 0.02254368 0.01276151 0.09021783
 0.         0.00667325 0.00510892 0.00021783 0.         0.02841411
 0.00769481 0.00689108]
	[RESULT 80] [ 0.00601627 -0.02196913  0.0179854   0.01473623  0.01876544  0.0959708
  0.          0.0020146   0.0079854   0.0059708   0.          0.00751627
 -0.02246913  0.0029854 ]
	[RESULT 81] [0.02362333 0.01904823 0.01732844 0.01606901 0.01072589 0.09465688
 0.         0.00501469 0.00732844 0.00465688 0.         0.02062333
 0.0102949  0.00967156]
	[RESULT 82] [0.0105285  0.01563739 0.01510889 0.01260091 0.0028187  0.09021779
 0.         0.00982668 0.00510889 0.00021779 0.         0.0100285
 0.00041961 0.01039111]
	[RESULT 83] [ 0.02347277 -0.00164359  0.01511636  0.01916092  0.02107179  0.09023271
  0.          0.00834907  0.00511636  0.00023271  0.          0.02647277
 -0.01241087  0.01188364]
	[RESULT 84] [ 0.00467437 -0.02466781  0.01934218  0.01610046  0.01741609  0.09868436
  0.          0.00065782  0.00934218  0.00868436  0.          0.00617437
 -0.02516781  0.00434218]
	[RESULT 85] [0.02181005 0.02142822 0.01676173 0.01601243 0.00953589 0.09352346
 0.         0.00323827 0.00676173 0.00352346 0.         0.02031005
 0.00404832 0.00373827]
	[RESULT 86] [ 0.00587895 -0.02224498  0.01812393  0.01487538  0.01862751  0.09624787
  0.          0.00187607  0.00812393  0.00624787  0.          0.00737895
 -0.02274498  0.00312393]
	[RESULT 87] [0.01484402 0.02193406 0.01709004 0.01178696 0.00596703 0.09418007
 0.         0.00422989 0.00709004 0.00418007 0.         0.01434402
 0.00275399 0.00840996]
	[RESULT 88] [0.02156615 0.0201555  0.01827835 0.01336556 0.00992225 0.09655669
 0.         0.00172165 0.00827835 0.00655669 0.         0.02106615
 0.0043445  0.00327835]
	[RESULT 89] [0.03110601 0.00379769 0.01730831 0.02373453 0.01835115 0.09461662
 0.         0.00269169 0.00730831 0.00461662 0.         0.03410601
 0.00241432 0.00469169]
	[RESULT 90] [0.02574115 0.01545509 0.01880376 0.01466493 0.01227246 0.09760752
 0.         0.00119624 0.00880376 0.00760752 0.         0.02474115
 0.01106261 0.00719624]
	[RESULT 91] [ 0.00601817 -0.02196397  0.01798214  0.0147323   0.01876802  0.09596428
  0.          0.00201786  0.00798214  0.00596428  0.          0.00751817
 -0.02246397  0.00298214]
	[RESULT 92] [ 0.00594817 -0.02210407  0.01805224  0.01480245  0.01869796  0.09610449
  0.          0.00194776  0.00805224  0.00610449  0.          0.00744817
 -0.02260407  0.00305224]
	[RESULT 93] [ 0.02803865  0.00036861  0.01767004  0.02447562  0.01981569  0.09534007
  0.          0.00232996  0.00767004  0.00534007  0.          0.02853865
 -0.00129131  0.00282996]
	[RESULT 94] [0.03469762 0.00868603 0.01661635 0.02242429 0.01565699 0.0932327
 0.         0.00338365 0.00661635 0.0032327  0.         0.03419762
 0.00491873 0.00388365]
	[RESULT 95] [0.03018    0.01395533 0.01586466 0.02154301 0.01327233 0.09172933
 0.         0.00413534 0.00586466 0.00172933 0.         0.02868
 0.00968466 0.00463534]
	[RESULT 96] [ 0.02778796 -0.0001885   0.01797646  0.02414133  0.02009425  0.09595291
  0.          0.00202354  0.00797646  0.00595291  0.          0.02828796
 -0.00623558  0.00752354]
	[RESULT 97] [ 0.03342883  0.00659793  0.01683089  0.02328924  0.01695103  0.09366179
  0.          0.00500732  0.00683089  0.00366179  0.          0.03492883
 -0.00074028  0.00866911]
	[RESULT 98] [ 0.00889136 -0.01621758  0.01510894  0.01185909  0.02164121  0.09021788
  0.          0.00667317  0.00510894  0.00021788  0.          0.01189136
 -0.0219997   0.00689106]
	[RESULT 99] [0.01757715 0.02466506 0.01708791 0.01340671 0.00758253 0.09417582
 0.         0.00423627 0.00708791 0.00417582 0.         0.01607715
 0.00448924 0.00841209]
	[RESULT 100] [0.01208265 0.01872235 0.0166397  0.01108177 0.00436118 0.09327941
 0.         0.00708089 0.0066397  0.00327941 0.         0.01008265
 0.00044295 0.0103603 ]
	[RESULT 101] [0.02532412 0.01956664 0.01510925 0.01999819 0.01021668 0.09021849
 0.         0.00517226 0.00510925 0.00021849 0.         0.02482412
 0.01021487 0.00539075]
	[RESULT 102] [ 0.02302981 -0.00463905  0.01766886  0.02276819  0.02256952  0.09533771
  0.          0.00233114  0.00766886  0.00533771  0.          0.02452981
 -0.00530133  0.00283114]
	[RESULT 103] [0.02447853 0.01733736 0.01818411 0.01521311 0.01158132 0.09636821
 0.         0.00244768 0.00818411 0.00636821 0.         0.02147853
 0.01029443 0.00881589]
	[RESULT 104] [ 0.00588168 -0.02223832  0.01812     0.01487083  0.01863084  0.09623999
  0.          0.00188     0.00812     0.00623999  0.          0.00738168
 -0.02273832  0.00312   ]
	[RESULT 105] [ 0.01441988 -0.01357722  0.0179971   0.01920559  0.02321139  0.0959942
  0.          0.0020029   0.0079971   0.0059942   0.          0.01491988
 -0.01958302  0.0075029 ]
	[RESULT 106] [0.0189073  0.02401621 0.01510891 0.01679029 0.00700811 0.09021782
 0.         0.00667327 0.00510891 0.00021782 0.         0.0169073
 0.00379839 0.00689109]
	[RESULT 107] [ 0.02515624 -0.00125382  0.01641005  0.0219432   0.02087691  0.09282011
  0.          0.00358995  0.00641005  0.00282011  0.          0.02665624
 -0.00443371  0.00408995]
	[RESULT 108] [0.03342518 0.00426013 0.01916506 0.01978982 0.01811994 0.09833011
 0.         0.00083494 0.00916506 0.00833011 0.         0.03492518
 0.00376013 0.00416506]
	[RESULT 109] [ 0.0199311  -0.00517772  0.01510882  0.01762878  0.02258886  0.09021764
  0.          0.00667355  0.00510882  0.00021764  0.          0.0219311
 -0.01196008  0.00689118]
	[RESULT 110] [ 0.00911198 -0.01732624  0.01643822  0.01396332  0.02108688  0.09287644
  0.          0.00356178  0.00643822  0.00287644  0.          0.01061198
 -0.0204498   0.00406178]
	[RESULT 111] [0.01944595 0.02285705 0.01769701 0.01317746 0.00857148 0.09539402
 0.         0.00230299 0.00769701 0.00539402 0.         0.01894595
 0.00174894 0.00280299]
	[RESULT 112] [ 0.02423362 -0.00087627  0.01510989  0.01953164  0.02068813  0.09021977
  0.          0.00517034  0.00510989  0.00021977  0.          0.02573362
 -0.00665649  0.00539011]
	[RESULT 113] [0.02649258 0.01577762 0.0177298  0.0169016  0.01236119 0.09545959
 0.         0.0022702  0.0077298  0.00545959 0.         0.02499258
 0.00776279 0.0027702 ]
	[RESULT 114] [0.0286761  0.01398897 0.01733493 0.01858566 0.01325551 0.09466985
 0.         0.00266507 0.00733493 0.00466985 0.         0.0256761
 0.01034118 0.00466507]
	[RESULT 115] [ 0.00538995 -0.02322028  0.01861022  0.01536031  0.01813986  0.09722045
  0.          0.00138978  0.00861022  0.00722045  0.          0.00688995
 -0.02372028  0.00361022]
	[RESULT 116] [ 0.01883863 -0.01012752  0.01896615  0.02261854  0.02468624  0.0979323
  0.          0.00103385  0.00896615  0.0079323   0.          0.02183863
 -0.01319523  0.00803385]
	[RESULT 117] [ 1.49373356e-02 -1.50199397e-02  1.99572753e-02  2.21545808e-02
  2.22400302e-02  9.99145506e-02  0.00000000e+00  4.27247079e-05
  9.95727529e-03  9.91455058e-03  0.00000000e+00  1.64373356e-02
 -1.55199397e-02  4.95727529e-03]
	[RESULT 118] [0.013454   0.02145475 0.01800075 0.00972588 0.00572737 0.0960015
 0.         0.00199925 0.00800075 0.0060015  0.         0.012954
 0.00045325 0.00749925]
	[RESULT 119] [0.03139197 0.01035668 0.01825135 0.01856896 0.01507166 0.0965027
 0.         0.00174865 0.00825135 0.0065027  0.         0.02989197
 0.00985668 0.00325135]
	[RESULT 120] [2.21895124e-02 1.78383985e-02 1.99720891e-02 1.11366226e-02
 1.10808007e-02 9.99441782e-02 0.00000000e+00 2.79109053e-05
 9.97208909e-03 9.94417819e-03 0.00000000e+00 2.16895124e-02
 6.66160150e-03 4.97208909e-03]
