[METRICS]
	[DISEQUILIBRIUM COUNT] 991
	[MINIMUM S0 sTrt S1 DISTANCE]0.0041107426408137915
	[MINIMUM S0 sTrt S21 DISTANCE]-0.025822595760486358
	[MINIMUM S0 sTrt S22 DISTANCE]0.015108696156684448
	[MINIMUM S7 sTrt S6 DISTANCE]0.00772262401788909
	[MINIMUM S7 sTrt S8 DISTANCE]0.002812425673966834
	[MINIMUM S7 sTrt S21 DISTANCE]0.09021739231336885
	[MINIMUM S7 esTrt S22 DISTANCE]0.0
	[MINIMUM S14 sTrt S13 DISTANCE]3.888950145247705e-08
	[MINIMUM S14 sTrt S15 DISTANCE]0.005108696156684411
	[MINIMUM S14 sTrt S21 DISTANCE]0.00021739231336884157
	[MINIMUM S14 sTrt S22 DISTANCE]0.0
	[MINIMUM S20 sTrt S19 DISTANCE]0.0057179748800779695
	[MINIMUM S20 sTrt S21 DISTANCE]-0.026138207808046147
	[MINIMUM S20 sTrt S22 DISTANCE]0.0027508670097226434
	[AVERAGE S0 sTrt S1 DISTANCE]0.020169511319561777
	[AVERAGE S0 sTrt S21 DISTANCE]0.011158790321844917
	[AVERAGE S0 sTrt S22 DISTANCE]0.016678897150268244
	[AVERAGE S7 sTrt S6 DISTANCE]0.016784772212589665
	[AVERAGE S7 sTrt S8 DISTANCE]0.01202903261945913
	[AVERAGE S7 sTrt S21 DISTANCE]0.0933577943005364
	[AVERAGE S7 sTrt S22 DISTANCE]0.0
	[AVERAGE S14 sTrt S13 DISTANCE]0.004668943919929092
	[AVERAGE S14 sTrt S15 DISTANCE]0.006678897150268219
	[AVERAGE S14 sTrt S21 DISTANCE]0.0033577943005364294
	[AVERAGE S14 sTrt S22 DISTANCE]0.0
	[AVERAGE S20 sTrt S19 DISTANCE]0.01963618043617597
	[AVERAGE S20 sTrt S21 DISTANCE]-0.0005306085533593934
	[AVERAGE S20 sTrt S22 DISTANCE]0.006854858503711967
[VARIABLES]
	[RESULT 1] [1 5.647152308100122 0 1 11 3987.597806753482 100]
	[RESULT 2] [0 6.837571035797467 0 1 7 3997.925228520917 100]
	[RESULT 3] [0 6.462442744831899 0 4 24 1197.4834396903661 31]
	[RESULT 4] [1 6.4648982171472715 1 4 15 3999.8628578622456 96]
	[RESULT 5] [1 12.44340740166673 0 1 7 3996.8326664820897 99]
	[RESULT 6] [1 8.298203644656159 0 4 21 3982.5643936534716 100]
	[RESULT 7] [1 10.923010445493574 1 1 1 3998.8677778510496 99]
	[RESULT 8] [1 5.254846062846077 0 4 19 3989.018555406041 100]
	[RESULT 9] [1 5.662633961560463 1 2 9 3996.535878362836 100]
	[RESULT 10] [1 44.43073984049788 0 1 7 3987.2774988207725 100]
	[RESULT 11] [0 7.132393347305733 0 2 7 3993.59353655131 100]
	[RESULT 12] [1 49.63111840157142 0 4 20 3999.9603962201113 100]
	[RESULT 13] [0 48.646066036317805 1 1 7 3996.433020897163 93]
	[RESULT 14] [1 48.00893940768251 0 4 19 3999.377184303218 22]
	[RESULT 15] [0 5.262117652828402 1 1 7 1663.6115142525366 8]
	[RESULT 16] [0 5.830037071932524 1 1 4 3999.971211064227 100]
	[RESULT 17] [1 6.438070688624135 0 4 22 3996.8606779798233 100]
	[RESULT 18] [1 5.130646109511524 0 1 0 3487.399665691111 100]
	[RESULT 19] [1 5.977155831377017 0 1 1 3907.960800421229 97]
	[RESULT 20] [1 5.289725935422086 1 2 21 3974.334344514008 100]
	[RESULT 21] [1 5.333623776776128 1 1 7 3573.62311947367 97]
	[RESULT 22] [1 12.415725566561267 0 1 8 3999.9613191983076 100]
	[RESULT 23] [0 7.179193979459316 0 1 7 1317.207658353127 95]
	[RESULT 24] [1 6.134116132094437 0 1 22 3993.045715600252 100]
	[RESULT 25] [1 7.988995572922279 0 4 1 3994.9640168548513 100]
	[RESULT 26] [1 5.378785311400057 0 2 17 3999.997702165911 100]
	[RESULT 27] [0 5.000191047279823 1 4 3 1166.1428319620495 12]
	[RESULT 28] [1 5.75826578962235 0 3 14 3999.998185272707 100]
	[RESULT 29] [1 5.1069705966738965 0 2 19 3996.067174852019 100]
	[RESULT 30] [0 7.417326893732611 1 1 20 3978.7402295887146 5]
	[RESULT 31] [1 5.277965564975553 0 4 7 3968.7792089324344 100]
	[RESULT 32] [1 5.489175039638864 0 1 7 3999.9699206128635 100]
	[RESULT 33] [1 5.00143783831756 1 1 1 3991.4167214030094 10]
	[RESULT 34] [0 5.71721466369763 1 4 4 1058.594000153407 21]
	[RESULT 35] [0 6.732024389726497 1 1 5 3269.1173381849603 96]
	[RESULT 36] [0 6.232275014507831 1 4 21 1171.7822248860173 31]
	[RESULT 37] [0 49.88162191454767 1 4 19 1004.2047113460496 1]
	[RESULT 38] [1 48.19394086512024 0 4 20 3965.155631522389 100]
	[RESULT 39] [0 5.404049379532388 1 4 17 3931.497771399929 99]
	[RESULT 40] [1 6.60393733563922 0 1 1 3908.5276069567094 85]
	[RESULT 41] [0 6.356014986092049 1 1 7 3996.433020897163 93]
	[RESULT 42] [1 5.7770564401336735 0 1 11 3999.976610551507 100]
	[RESULT 43] [1 9.339590203055291 1 4 15 3847.616125605511 21]
	[RESULT 44] [1 44.186817236842806 1 4 19 3981.292510184277 1]
	[RESULT 45] [1 5.30481070547041 0 4 0 1426.086125725442 6]
	[RESULT 46] [1 5.000376425558289 0 2 17 3999.825144110782 100]
	[RESULT 47] [0 10.681145918764784 1 4 17 1387.088640578405 100]
	[RESULT 48] [1 5.037407554165213 0 4 7 3739.853495932961 6]
	[RESULT 49] [1 5.305855661472499 0 1 16 3999.9994793689953 100]
	[RESULT 50] [1 6.396883589151203 0 1 16 3978.7402295887146 91]
	[RESULT 51] [1 43.74013130822525 0 1 7 3996.0742997419657 100]
	[RESULT 52] [1 10.041606501814181 0 4 10 3902.0299736497495 100]
	[RESULT 53] [1 5.912594046037724 0 1 24 3999.9980040962964 100]
	[RESULT 54] [0 5.404049379532388 1 4 3 3952.105825706061 100]
	[RESULT 55] [1 6.136603964701154 0 1 7 3999.9302311105116 100]
	[RESULT 56] [0 46.32361624502832 0 1 22 1004.2047113460496 100]
	[RESULT 57] [0 5.4114857817133615 1 2 5 3991.3990928223748 100]
	[RESULT 58] [1 10.41841359997418 0 1 11 3994.9388445419586 100]
	[RESULT 59] [1 5.605654542868412 0 2 17 3999.998614324549 100]
	[RESULT 60] [1 5.9951565458432805 0 4 19 3974.789279710229 100]
	[RESULT 61] [1 5.290918315952089 1 4 20 3551.175178854603 100]
	[RESULT 62] [0 5.429155780950312 0 1 19 1018.4167372960472 98]
	[RESULT 63] [1 49.99669968180288 1 4 17 3999.8239325377035 100]
	[RESULT 64] [0 13.660364171563273 0 1 21 1677.072739172019 3]
	[RESULT 65] [1 5.610831013489382 0 2 16 3999.973461174059 100]
	[RESULT 66] [0 8.280509289426648 1 1 8 3483.5230818555833 96]
	[RESULT 67] [0 5.850598885044851 0 1 13 1014.8577240578044 21]
	[RESULT 68] [0 48.37990390134107 0 1 15 3995.130660938733 98]
	[RESULT 69] [0 5.662633961560463 1 2 9 3996.535878362836 85]
	[RESULT 70] [0 49.95728076603275 1 2 5 3998.4444790610955 100]
	[RESULT 71] [1 5.074170938046452 1 4 17 1266.9566581460651 99]
	[RESULT 72] [1 5.898854626004591 0 2 16 3999.997227459551 100]
	[RESULT 73] [1 7.347689247787336 0 2 16 3999.949853713506 96]
	[RESULT 74] [1 48.83876444812446 0 1 20 3999.96557814647 100]
	[RESULT 75] [1 5.902504505518439 0 1 16 3999.999251184722 100]
	[RESULT 76] [1 5.75826578962235 0 3 14 1018.2365861634448 100]
	[RESULT 77] [0 7.477146921008206 0 1 5 3987.379260605707 100]
	[RESULT 78] [1 6.541906182280774 0 1 22 3999.996011439132 100]
	[RESULT 79] [1 49.33583590002782 0 4 20 3999.9603962201113 99]
	[RESULT 80] [1 5.650029565893664 0 1 7 3607.3405218819776 94]
	[RESULT 81] [1 5.922496835431883 0 4 22 3996.8606779798233 100]
	[RESULT 82] [0 8.271609741317658 1 1 9 3992.7899614479547 96]
	[RESULT 83] [1 48.6401852832448 0 4 20 3944.7328584464203 96]
	[RESULT 84] [1 6.404698610960136 0 1 24 3877.3088965875495 100]
	[RESULT 85] [0 8.147756809433194 0 4 19 1743.595027141177 8]
	[RESULT 86] [1 6.9775775597355905 0 1 20 3999.997771949688 100]
	[RESULT 87] [0 7.344623271359786 1 4 2 3964.7038527836285 98]
	[RESULT 88] [1 49.16152421093797 1 4 20 3999.9912385379366 96]
	[RESULT 89] [1 8.575825878153854 0 1 5 3999.4790278037126 25]
	[RESULT 90] [0 5.429155780950312 0 1 19 3987.010515647781 91]
	[RESULT 91] [0 6.1866901840893 1 1 8 3860.4540733851686 99]
	[RESULT 92] [1 7.120317225736979 0 4 19 3974.789279710229 1]
	[RESULT 93] [0 49.35077956941361 0 4 7 1062.0418971785366 2]
	[RESULT 94] [0 49.77545594983018 0 1 19 3981.6989761515347 1]
	[RESULT 95] [1 5.323636371302503 1 2 8 3999.9025234390815 100]
	[RESULT 96] [1 5.007308251379086 0 4 17 3526.753944586174 98]
	[RESULT 97] [1 6.102377479291744 0 1 13 3999.999251184722 97]
	[RESULT 98] [0 5.533545754926875 1 2 5 3000.5154900732464 96]
	[RESULT 99] [1 6.3075701459606925 0 4 14 3999.998185272707 100]
	[RESULT 100] [1 6.275002931731169 0 4 19 3912.1025951219463 1]
	[RESULT 101] [0 11.07539108877991 0 1 13 3851.5915663399282 90]
	[RESULT 102] [1 7.948564350736699 0 4 16 3999.9994793689953 100]
	[RESULT 103] [1 5.003666920806264 0 1 19 3999.059479092026 98]
	[RESULT 104] [1 6.730808158029487 1 4 4 1034.8805597605906 100]
	[RESULT 105] [1 8.924523742120222 0 1 11 3999.976610551507 100]
	[RESULT 106] [1 5.7579743210055545 0 1 16 3999.9993820574923 100]
	[RESULT 107] [0 6.1866901840893 1 1 8 3860.4540733851686 95]
	[RESULT 108] [1 5.326984565009817 0 2 17 3881.672952809 97]
	[RESULT 109] [1 48.87871290570437 1 4 17 3999.506641754892 99]
	[RESULT 110] [1 5.0010401595257905 0 4 20 3988.2958566852485 100]
	[RESULT 111] [1 9.039608282675086 1 4 7 1121.5194867449495 6]
	[RESULT 112] [1 5.4702525188056885 0 1 2 3975.331249564512 100]
	[RESULT 113] [1 5.635244112891478 1 4 20 3669.7382446965676 99]
	[RESULT 114] [1 42.89501379274352 0 1 8 3761.7237054135962 90]
	[RESULT 115] [0 8.258810524089558 0 1 22 3990.4528558510606 21]
	[RESULT 116] [0 48.646066036317805 1 1 20 3671.0747490952745 93]
	[RESULT 117] [1 5.432130575988353 0 3 14 3901.8206909998457 100]
	[RESULT 118] [0 49.99732719601132 1 4 21 3994.1189465799416 100]
	[RESULT 119] [1 10.41841359997418 0 1 11 3925.8476328001607 94]
	[RESULT 120] [0 6.977989902108293 1 4 3 1103.537963875463 21]
[OBJECTIVES]
	[RESULT 1] [ 0.01425421 -0.01378133  0.01803554  0.01893042  0.02285933  0.09607108
  0.          0.00196446  0.00803554  0.00607108  0.          0.01575421
 -0.01428133  0.00303554]
	[RESULT 2] [ 0.01015371 -0.01660836  0.01676207  0.01521996  0.02169582  0.09352414
  0.          0.00323793  0.00676207  0.00352414  0.          0.01065371
 -0.02008422  0.00373793]
	[RESULT 3] [0.01753726 0.02456776 0.0170305  0.01322287 0.00728388 0.09406101
 0.         0.0029695  0.0070305  0.00406101 0.         0.01553726
 0.00050676 0.0049695 ]
	[RESULT 4] [ 0.02810791  0.00107943  0.01702848  0.02434668  0.01971028  0.09405696
  0.          0.00591456  0.00702848  0.00405696  0.          0.03110791
 -0.00586361  0.00997152]
	[RESULT 5] [ 0.021219   -0.00437318  0.01559218  0.01874777  0.02243659  0.09118436
  0.          0.00440782  0.00559218  0.00118436  0.          0.022719
 -0.00918882  0.00490782]
	[RESULT 6] [ 0.01810853 -0.00805475  0.01616328  0.01804918  0.02427738  0.09232655
  0.          0.00383672  0.00616328  0.00232655  0.          0.02110853
 -0.0117282   0.00583672]
	[RESULT 7] [ 0.02436094 -0.00136129  0.01572223  0.02051381  0.02093065  0.09144446
  0.          0.00833331  0.00572223  0.00144446  0.          0.02586094
 -0.01091683  0.00977777]
	[RESULT 8] [ 0.01264538 -0.01633917  0.01898455  0.01954952  0.02158042  0.0979691
  0.          0.00101545  0.00898455  0.0079691   0.          0.01564538
 -0.01533917  0.00398455]
	[RESULT 9] [ 0.01403526 -0.01397202  0.01800728  0.01877854  0.02276399  0.09601455
  0.          0.00199272  0.00800728  0.00601455  0.          0.01603526
 -0.01895747  0.00799272]
	[RESULT 10] [ 0.01730797 -0.0078157   0.01512367  0.01608949  0.02415785  0.09024734
  0.          0.005129    0.00512367  0.00024734  0.          0.01880797
 -0.01356836  0.00537633]
	[RESULT 11] [ 0.01350341 -0.01309281  0.01659622  0.01664604  0.0234536   0.09319245
  0.          0.00340378  0.00659622  0.00319245  0.          0.01450341
 -0.01690036  0.00440378]
	[RESULT 12] [ 0.00892997 -0.01617961  0.01510957  0.01187934  0.0216602   0.09021915
  0.          0.00667128  0.00510957  0.00021915  0.          0.01192997
 -0.02196046  0.00689043]
	[RESULT 13] [ 0.0344904   0.01039761  0.01511199  0.02457721  0.0148012   0.09022398
  0.          0.00983598  0.00511199  0.00022398  0.          0.0339904
 -0.00137841  0.01038801]
	[RESULT 14] [ 0.0292409   0.00412729  0.01511361  0.02204087  0.01818636  0.09022723
  0.          0.00665916  0.00511361  0.00022723  0.          0.0322409
 -0.00164549  0.00688639]
	[RESULT 15] [0.01444132 0.02340292 0.0189616  0.00877827 0.00670146 0.09792319
 0.         0.0010384  0.0089616  0.00792319 0.         0.01394132
 0.00047973 0.0065384 ]
	[RESULT 16] [ 0.01229657 -0.01543561  0.01773219  0.01774656  0.02228219  0.09546437
  0.          0.00230344  0.00773219  0.00546437  0.          0.01279657
 -0.02197124  0.00776781]
	[RESULT 17] [ 0.00973829 -0.01731252  0.0170508   0.01519535  0.02109374  0.0941016
  0.          0.0029492   0.0070508   0.0041016   0.          0.01273829
 -0.01921091  0.0049492 ]
	[RESULT 18] [ 0.02841518 -0.00100707  0.01942225  0.02190904  0.02075354  0.0988445
  0.          0.00057775  0.00942225  0.0088445   0.          0.02991518
 -0.00150707  0.00442225]
	[RESULT 19] [0.02886898 0.01360214 0.01752889 0.01839116 0.01344893 0.09505777
 0.         0.00247111 0.00752889 0.00505777 0.         0.02736898
 0.01034009 0.00297111]
	[RESULT 20] [ 0.02278743 -0.00608936  0.01887679  0.02445891  0.02329468  0.09775359
  0.          0.00112321  0.00887679  0.00775359  0.          0.02478743
 -0.00933577  0.00712321]
	[RESULT 21] [0.02113384 0.02011698 0.01874918 0.01269314 0.01019151 0.09749837
 0.         0.00125082 0.00874918 0.00749837 0.         0.01963384
 0.00638465 0.00675082]
	[RESULT 22] [ 0.0084445  -0.01714963  0.01559413  0.01236344  0.02117518  0.09118825
  0.          0.00440587  0.00559413  0.00118825  0.          0.0099445
 -0.02196138  0.00490587]
	[RESULT 23] [0.02013687 0.0232904  0.01657273 0.01520935 0.0083548  0.09314545
 0.         0.00342727 0.00657273 0.00314545 0.         0.01963687
 0.00356415 0.00392727]
	[RESULT 24] [ 0.01209792 -0.01524497  0.01734289  0.01681329  0.02212751  0.09468578
  0.          0.00265711  0.00734289  0.00468578  0.          0.01359792
 -0.01655919  0.00315711]
	[RESULT 25] [ 0.01193818 -0.01431527  0.01625345  0.01509926  0.02259236  0.0925069
  0.          0.00374655  0.00625345  0.0025069   0.          0.01493818
 -0.01780837  0.00574655]
	[RESULT 26] [ 0.00537592 -0.02325046  0.01862638  0.01537753  0.01812477  0.09725276
  0.          0.00137362  0.00862638  0.00725276  0.          0.00737592
 -0.02325046  0.00362638]
	[RESULT 27] [1.54423829e-02 2.45585722e-02 1.99990449e-02 7.72262402e-03
 7.72071391e-03 9.99980899e-02 0.00000000e+00 9.55053939e-07
 9.99904495e-03 9.99808989e-03 0.00000000e+00 1.34423829e-02
 4.43337928e-04 7.00095505e-03]
	[RESULT 28] [ 0.0061581  -0.02168561  0.01784371  0.01459462  0.0189072   0.09568742
  0.          0.00215629  0.00784371  0.00568742  0.          0.0086581
 -0.02199819  0.00365629]
	[RESULT 29] [ 0.00788141 -0.02163543  0.01951683  0.01796595  0.01893229  0.09903366
  0.          0.00048317  0.00951683  0.00903366  0.          0.00988141
 -0.02163543  0.00451683]
	[RESULT 30] [0.02518212 0.01835474 0.01646313 0.01789636 0.01082263 0.09292626
 0.         0.0061106  0.00646313 0.00292626 0.         0.02468212
 0.00928101 0.00903687]
	[RESULT 31] [ 0.01897065 -0.00994182  0.01891247  0.02260403  0.02477909  0.09782494
  0.          0.00108753  0.00891247  0.00782494  0.          0.02197065
 -0.00894182  0.00391247]
	[RESULT 32] [ 0.00567248 -0.02268508  0.01835756  0.01512259  0.01840746  0.09671513
  0.          0.00164244  0.00835756  0.00671513  0.          0.00717248
 -0.02318508  0.00335756]
	[RESULT 33] [3.48230535e-02 5.18412535e-03 1.99928211e-02 1.76722951e-02
 1.76579373e-02 9.99856423e-02 0.00000000e+00 7.17886953e-06
 9.99282113e-03 9.98564226e-03 0.00000000e+00 3.33230535e-02
 4.16976761e-03 5.50717887e-03]
	[RESULT 34] [0.01337238 0.02128408 0.01791169 0.00981865 0.00564204 0.09582338
 0.         0.00326492 0.00791169 0.00582338 0.         0.01137238
 0.00046069 0.00908831]
	[RESULT 35] [0.01665699 0.02348714 0.01683014 0.01308328 0.00674357 0.09366029
 0.         0.00500957 0.00683014 0.00366029 0.         0.01615699
 0.00482685 0.00866986]
	[RESULT 36] [0.01274463 0.0199845  0.01723987 0.01051252 0.00499225 0.09447973
 0.         0.0052804  0.00723987 0.00447973 0.         0.01074463
 0.00050477 0.00976013]
	[RESULT 37] [0.01051588 0.01562485 0.01510898 0.01259447 0.00281243 0.09021795
 0.         0.00832693 0.00510898 0.00021795 0.         0.00851588
 0.0004069  0.01189102]
	[RESULT 38] [ 0.02344311 -0.00167003  0.01511314  0.01914126  0.02108502  0.09022628
  0.          0.00666059  0.00511314  0.00022628  0.          0.02644311
 -0.00744376  0.00688686]
	[RESULT 39] [0.03024546 0.01119341 0.01856113 0.01728104 0.01440329 0.09712226
 0.         0.00143887 0.00856113 0.00712226 0.         0.02824546
 0.00631567 0.00843887]
	[RESULT 40] [0.02453625 0.01854358 0.01692017 0.01713787 0.01097821 0.09384034
 0.         0.00307983 0.00692017 0.00384034 0.         0.02303625
 0.00661608 0.00357983]
	[RESULT 41] [ 0.03349937  0.00637714  0.01712223  0.02256698  0.01681143  0.09424446
  0.          0.00413332  0.00712223  0.00424446  0.          0.03399937
 -0.00137841  0.00837777]
	[RESULT 42] [ 0.00620973 -0.02160392  0.01781364  0.01457533  0.01894804  0.09562728
  0.          0.00218636  0.00781364  0.00562728  0.          0.00770973
 -0.02210392  0.00281364]
	[RESULT 43] [0.01570983 0.02164623 0.0159364  0.01420031 0.00607312 0.0918728
 0.         0.0091908  0.0059364  0.0018728  0.         0.01270983
 0.00377343 0.0110636 ]
	[RESULT 44] [0.02562403 0.01925155 0.01512442 0.02037539 0.01062422 0.09024884
 0.         0.00837326 0.00512442 0.00024884 0.         0.02262403
 0.00850039 0.01187558]
	[RESULT 45] [0.02028298 0.02088504 0.01883197 0.01214353 0.00980748 0.09766395
 0.         0.00116803 0.00883197 0.00766395 0.         0.01728298
 0.00111496 0.00383197]
	[RESULT 46] [ 4.17552282e-03 -2.58225958e-02  1.99981186e-02  1.68349393e-02
  1.68387021e-02  9.99962372e-02  0.00000000e+00  1.88141958e-06
  9.99811858e-03  9.99623716e-03  0.00000000e+00  6.17552282e-03
 -2.58225958e-02  4.99811858e-03]
	[RESULT 47] [0.0309853  0.01326632 0.01574837 0.02187009 0.01336684 0.09149675
 0.         0.00975488 0.00574837 0.00149675 0.         0.0289853
 0.00276307 0.01125163]
	[RESULT 48] [0.02322209 0.0169582  0.01981971 0.01213148 0.0117709  0.09963941
 0.         0.00018029 0.00981971 0.00963941 0.         0.02022209
 0.0050418  0.00481971]
	[RESULT 49] [ 0.00517161 -0.02365729  0.01882891  0.01557917  0.01792135  0.09765781
  0.          0.00117109  0.00882891  0.00765781  0.          0.00667161
 -0.02415729  0.00382891]
	[RESULT 50] [0.0335967  0.00931726 0.01708604 0.02141929 0.01559137 0.09417208
 0.         0.00291396 0.00708604 0.00417208 0.         0.0320967
 0.00748934 0.00341396]
	[RESULT 51] [ 0.0122671  -0.01285872  0.01512582  0.01357228  0.02332064  0.09025163
  0.          0.00512255  0.00512582  0.00025163  0.          0.0137671
 -0.01860708  0.00537418]
	[RESULT 52] [ 0.02808987  0.00226227  0.01582759  0.02253632  0.01911886  0.09165519
  0.          0.00451722  0.00582759  0.00165519  0.          0.03108987
 -0.00208254  0.00617241]
	[RESULT 53] [ 0.00638775 -0.02122651  0.01761425  0.01436525  0.01913675  0.0952285
  0.          0.00238575  0.00761425  0.0052285   0.          0.00788775
 -0.021998    0.00288575]
	[RESULT 54] [ 0.0278648  -0.00069633  0.01856113  0.02322591  0.02034817  0.09712226
  0.          0.00143887  0.00856113  0.00712226  0.          0.0298648
 -0.00557407  0.00843887]
	[RESULT 55] [ 0.00672941 -0.02061075  0.01734016  0.01412495  0.01944463  0.09468032
  0.          0.00265984  0.00734016  0.00468032  0.          0.00822941
 -0.02193043  0.00315984]
	[RESULT 56] [0.03467496 0.00955683 0.01511814 0.02498531 0.01522159 0.09023627
 0.         0.00514559 0.00511814 0.00023627 0.         0.03482504
 0.0027931  0.00538186]
	[RESULT 57] [ 0.01785695 -0.01068542  0.01854237  0.02174202  0.02465729  0.09708473
  0.          0.00145763  0.00854237  0.00708473  0.          0.01885695
 -0.01560069  0.00745763]
	[RESULT 58] [ 0.01243004 -0.01334897  0.01577901  0.01463353  0.02307552  0.09155802
  0.          0.00422099  0.00577901  0.00155802  0.          0.01393004
 -0.01779095  0.00472099]
	[RESULT 59] [ 0.00588739 -0.0222266   0.01811399  0.01486469  0.0186367   0.09622799
  0.          0.00188601  0.00811399  0.00622799  0.          0.00788739
 -0.0222266   0.00311399]
	[RESULT 60] [ 0.01904639 -0.00845968  0.01750607  0.0205323   0.02447984  0.09501214
  0.          0.00249393  0.00750607  0.00501214  0.          0.02204639
 -0.00944754  0.00449393]
	[RESULT 61] [0.03380774 0.00493452 0.01887321 0.02003631 0.01778274 0.09774642
 0.         0.00112679 0.00887321 0.00774642 0.         0.03319226
 0.00168095 0.00812679]
	[RESULT 62] [0.02537311 0.01612832 0.01849857 0.0149387  0.01193584 0.09699714
 0.         0.00150143 0.00849857 0.00699714 0.         0.02487311
 0.00837168 0.00349857]
	[RESULT 63] [ 0.01406613 -0.01104257  0.0151087   0.01444612  0.02422871  0.09021741
  0.          0.00832611  0.0051087   0.00021741  0.          0.01706613
 -0.02182516  0.0118913 ]
	[RESULT 64] [0.01598785 0.02150543 0.01551758 0.01471756 0.00575272 0.09103516
 0.         0.00448242 0.00551758 0.00103516 0.         0.01548785
 0.00047027 0.00498242]
	[RESULT 65] [ 0.00592252 -0.02218147  0.01810399  0.01486724  0.01865927  0.09620798
  0.          0.00189601  0.00810399  0.00620798  0.          0.00792252
 -0.02218147  0.00310399]
	[RESULT 66] [0.01632234 0.02249042 0.01616809 0.01390904 0.00624521 0.09233617
 0.         0.00699574 0.00616809 0.00233617 0.         0.01582234
 0.00515425 0.00933191]
	[RESULT 67] [0.01815946 0.02413871 0.01770183 0.01252699 0.00793064 0.09540366
 0.         0.00229817 0.00770183 0.00540366 0.         0.01765946
 0.00045763 0.00279817]
	[RESULT 68] [ 0.0272962   0.00218354  0.01511266  0.0213171   0.01890823  0.09022533
  0.          0.00516201  0.00511266  0.00022533  0.          0.0277962
 -0.00459113  0.00538734]
	[RESULT 69] [ 0.03378526  0.00577798  0.01800728  0.02109646  0.01711101  0.09601455
  0.          0.00199272  0.00800728  0.00601455  0.          0.03478526
 -0.00020747  0.00799272]
	[RESULT 70] [ 0.01635561 -0.00875319  0.0151088   0.015841    0.02437659  0.09021759
  0.          0.00932639  0.0051088   0.00021759  0.          0.01735561
 -0.0205356   0.0108912 ]
	[RESULT 71] [0.02588136 0.01446388 0.01965475 0.01370855 0.01301806 0.09930951
 0.         0.00034525 0.00965475 0.00930951 0.         0.02288136
 0.01022661 0.00734525]
	[RESULT 72] [ 0.00636961 -0.02126356  0.01763317  0.01438455  0.01911822  0.09526633
  0.          0.00236683  0.00763317  0.00526633  0.          0.00836961
 -0.02199723  0.00336683]
	[RESULT 73] [ 0.02355648 -0.00293709  0.01649357  0.02126859  0.02171854  0.09298714
  0.          0.00350643  0.00649357  0.00298714  0.          0.02555648
 -0.00594995  0.00450643]
	[RESULT 74] [ 0.00892286 -0.01618865  0.01511151  0.0118787   0.02165568  0.09022302
  0.          0.00516547  0.00511151  0.00022302  0.          0.01042286
 -0.02196563  0.00538849]
	[RESULT 75] [ 0.00637263 -0.02125548  0.01762811  0.01437849  0.01912226  0.09525623
  0.          0.00237189  0.00762811  0.00525623  0.          0.00787263
 -0.02199925  0.00287189]
	[RESULT 76] [0.03094842 0.00310471 0.01784371 0.02301022 0.01869764 0.09568742
 0.         0.00215629 0.00784371 0.00568742 0.         0.03344842
 0.00279214 0.00365629]
	[RESULT 77] [ 0.01694886 -0.0094891   0.01643796  0.01813137  0.02474455  0.09287592
  0.          0.00356204  0.00643796  0.00287592  0.          0.01744886
 -0.01361318  0.00406204]
	[RESULT 78] [ 0.00703696 -0.01993007  0.01696703  0.01371902  0.01978497  0.09393406
  0.          0.00303297  0.00696703  0.00393406  0.          0.00853696
 -0.02199601  0.00353297]
	[RESULT 79] [ 0.01892925 -0.00618103  0.01511029  0.01688006  0.02334052  0.09022058
  0.          0.00666914  0.00511029  0.00022058  0.          0.02192925
 -0.01196046  0.00688971]
	[RESULT 80] [0.02338383 0.01858593 0.01803025 0.01489654 0.01095704 0.0960605
 0.         0.00196975 0.00803025 0.0060605  0.         0.02188383
 0.00491407 0.00303025]
	[RESULT 81] [ 0.0091883  -0.01841248  0.01760078  0.01574533  0.02054376  0.09520157
  0.          0.00239922  0.00760078  0.00520157  0.          0.0121883
 -0.01921091  0.00439922]
	[RESULT 82] [ 0.03457441  0.00925507  0.01617052  0.02303143  0.01537246  0.09234104
  0.          0.00698844  0.00617052  0.00234104  0.          0.03407441
 -0.00040389  0.00932948]
	[RESULT 83] [0.02789851 0.01698949 0.01511201 0.02153124 0.01175526 0.09022401
 0.         0.00666398 0.00511201 0.00022401 0.         0.02489851
 0.0112135  0.00688799]
	[RESULT 84] [ 0.02768893  0.00060967  0.01707926  0.02421336  0.01994517  0.09415853
  0.          0.00292074  0.00707926  0.00415853  0.          0.02918893
 -0.00123181  0.00342074]
	[RESULT 85] [0.01669448 0.02289995 0.01620547 0.01403903 0.00644997 0.09241094
 0.         0.00379453 0.00620547 0.00241094 0.         0.01469448
 0.00048901 0.00579453]
	[RESULT 86] [ 0.00732301 -0.01935621  0.01667922  0.01343033  0.0200719   0.09335843
  0.          0.00332078  0.00667922  0.00335843  0.          0.00882301
 -0.02199777  0.00382078]
	[RESULT 87] [0.02852711 0.01497796 0.01649494 0.01952115 0.01251102 0.09298987
 0.         0.00751519 0.00649494 0.00298987 0.         0.02652711
 0.00596783 0.01050506]
	[RESULT 88] [ 0.02989804  0.00478733  0.01511071  0.02236509  0.01785633  0.09022143
  0.          0.00833214  0.00511071  0.00022143  0.          0.03289804
 -0.00599124  0.01188929]
	[RESULT 89] [ 0.02815448  0.00206178  0.0160927   0.02296629  0.01921911  0.0921854
  0.          0.0039073   0.0060927   0.0021854   0.          0.02965448
 -0.00175282  0.0044073 ]
	[RESULT 90] [0.03304951 0.00455094 0.01849857 0.02072739 0.01772453 0.09699714
 0.         0.00150143 0.00849857 0.00699714 0.         0.03354951
 0.00305094 0.00349857]
	[RESULT 91] [0.02608489 0.01662855 0.01728656 0.01711261 0.01168573 0.09457312
 0.         0.00364032 0.00728656 0.00457312 0.         0.02558489
 0.00920167 0.00821344]
	[RESULT 92] [0.03024994 0.01314766 0.0166024  0.02047137 0.01367617 0.0932048
 0.         0.0033976  0.0066024  0.0032048  0.         0.02724994
 0.01035246 0.0053976 ]
	[RESULT 93] [0.01552321 0.02063346 0.01511025 0.01509623 0.00531673 0.0902205
 0.         0.00666924 0.00511025 0.0002205  0.         0.01352321
 0.00041296 0.00688975]
	[RESULT 94] [0.02974307 0.0151477  0.01510923 0.02220769 0.01242615 0.09021846
 0.         0.00517231 0.00510923 0.00021846 0.         0.02924307
 0.00836616 0.00539077]
	[RESULT 95] [ 0.01031963 -0.01845785  0.01877747  0.01807602  0.02052108  0.09755495
  0.          0.00122253  0.00877747  0.00755495  0.          0.01231963
 -0.0219029   0.00722253]
	[RESULT 96] [2.88847908e-02 1.11514853e-02 1.99637239e-02 1.47468096e-02
 1.46742573e-02 9.99274477e-02 0.00000000e+00 3.62761417e-05
 9.96372386e-03 9.92744772e-03 0.00000000e+00 2.58847908e-02
 1.08485147e-02 4.96372386e-03]
	[RESULT 97] [ 0.02162249 -0.00575577  0.01737826  0.02162863  0.02312789  0.09475652
  0.          0.00262174  0.00737826  0.00475652  0.          0.02312249
 -0.00699925  0.00312174]
	[RESULT 98] [0.01787048 0.0238691  0.01826042 0.01154461 0.00806545 0.09652084
 0.         0.00173958 0.00826042 0.00652084 0.         0.01687048
 0.00461006 0.00773958]
	[RESULT 99] [ 0.00683503 -0.02033175  0.01716678  0.01391769  0.01958413  0.09433356
  0.          0.00283322  0.00716678  0.00433356  0.          0.00983503
 -0.02199819  0.00483322]
	[RESULT 100] [0.0239338 0.0188684 0.0171978 0.0164202 0.0108158 0.0943956 0.
 0.0028022 0.0071978 0.0043956 0.        0.0209338 0.005736  0.0048022]
	[RESULT 101] [0.02112906 0.02316426 0.01570667 0.01700452 0.00841787 0.09141335
 0.         0.00429333 0.00570667 0.00141335 0.         0.02062906
 0.00542239 0.00479333]
	[RESULT 102] [ 0.00773424 -0.01853205  0.01626628  0.01301654  0.02048398  0.09253257
  0.          0.00373372  0.00626628  0.00253257  0.          0.01073424
 -0.02199948  0.00573372]
	[RESULT 103] [ 1.82580216e-02 -1.17237108e-02  1.99817324e-02  2.38516094e-02
  2.38881446e-02  9.99634648e-02  0.00000000e+00  1.82676181e-05
  9.98173238e-03  9.96346476e-03  0.00000000e+00  1.97580216e-02
 -1.22237108e-02  4.98173238e-03]
	[RESULT 104] [0.03303998 0.01012906 0.01683096 0.02152355 0.01518547 0.09366192
 0.         0.00650712 0.00683096 0.00366192 0.         0.03003998
 0.00279098 0.01016904]
	[RESULT 105] [ 0.00800804 -0.01800729  0.01601533  0.01277701  0.02074636  0.09203065
  0.          0.00398467  0.00601533  0.00203065  0.          0.00950804
 -0.02197663  0.00448467]
	[RESULT 106] [ 0.00615644 -0.02168775  0.01784418  0.01459449  0.01890613  0.09568837
  0.          0.00215582  0.00784418  0.00568837  0.          0.00765644
 -0.02218775  0.00284418]
	[RESULT 107] [0.01941823 0.02329521 0.01728656 0.01377927 0.00835239 0.09457312
 0.         0.00364032 0.00728656 0.00457312 0.         0.01891823
 0.00713166 0.00821344]
	[RESULT 108] [0.0291286  0.01210346 0.01876794 0.01666239 0.01419827 0.09753588
 0.         0.00123206 0.00876794 0.00753588 0.         0.0271286
 0.01089654 0.00376794]
	[RESULT 109] [ 0.0243724  -0.00073901  0.01511141  0.01960332  0.02061951  0.09022282
  0.          0.00833423  0.00511141  0.00022282  0.          0.0273724
 -0.01151619  0.01188859]
	[RESULT 110] [ 1.19771451e-02 -1.80176596e-02  1.99948046e-02  2.07307794e-02
  2.07411702e-02  9.99896092e-02  0.00000000e+00  5.19539359e-06
  9.99480461e-03  9.98960921e-03  0.00000000e+00  1.49771451e-02
 -1.70176596e-02  4.99480461e-03]
	[RESULT 111] [0.01241793 0.01841007 0.01599214 0.01247075 0.00445503 0.09198428
 0.         0.00902358 0.00599214 0.00198428 0.         0.00941793
 0.00042579 0.01100786]
	[RESULT 112] [ 0.01801586 -0.01038492  0.01840078  0.02135909  0.02455754  0.09680155
  0.          0.00159922  0.00840078  0.00680155  0.          0.01951586
 -0.01088492  0.00340078]
	[RESULT 113] [0.02581691 0.01612544 0.01805765 0.01607199 0.01218728 0.09611529
 0.         0.00282706 0.00805765 0.00611529 0.         0.02281691
 0.01124073 0.00894235]
	[RESULT 114] [0.02032066 0.02455078 0.01512855 0.01771751 0.00797461 0.0902571
 0.         0.00511435 0.00512855 0.0002571  0.         0.01882066
 0.00419211 0.00537145]
	[RESULT 115] [0.03451526 0.00931071 0.01617404 0.02299657 0.01534465 0.09234807
 0.         0.00382596 0.00617404 0.00234807 0.         0.03401526
 0.00465878 0.00432596]
	[RESULT 116] [0.0143779  0.01948989 0.01511199 0.01452096 0.00474495 0.09022398
 0.         0.00983598 0.00511199 0.00022398 0.         0.0138779
 0.00426591 0.01038801]
	[RESULT 117] [ 0.02543479 -0.00305651  0.0184913   0.02479565  0.02177825  0.0969826
  0.          0.0015087   0.0084913   0.0069826   0.          0.02793479
 -0.00255651  0.0034913 ]
	[RESULT 118] [ 0.01965235 -0.00545635  0.0151087   0.01748923  0.02272818  0.0902174
  0.          0.00832611  0.0051087   0.0002174   0.          0.02165235
 -0.01723895  0.0118913 ]
	[RESULT 119] [0.02593958 0.01828141 0.01577901 0.01955128 0.0111093  0.09155802
 0.         0.00422099 0.00577901 0.00155802 0.         0.02443958
 0.00916057 0.00472099]
	[RESULT 120] [0.01214292 0.0188219  0.01667898 0.01105298 0.00441095 0.09335797
 0.         0.00696305 0.00667898 0.00335797 0.         0.01014292
 0.00046393 0.01032102]
