[METRICS]
	[DISEQUILIBRIUM COUNT] 1258
	[MINIMUM S0 sTrt S1 DISTANCE]0.004016210111769114
	[MINIMUM S0 sTrt S21 DISTANCE]-0.025970556064871197
	[MINIMUM S0 sTrt S22 DISTANCE]0.015108698090399747
	[MINIMUM S7 sTrt S6 DISTANCE]0.007706968091842903
	[MINIMUM S7 sTrt S8 DISTANCE]0.002815576369827877
	[MINIMUM S7 sTrt S21 DISTANCE]0.09021739618079948
	[MINIMUM S7 esTrt S22 DISTANCE]0.0
	[MINIMUM S14 sTrt S13 DISTANCE]4.755273474987831e-08
	[MINIMUM S14 sTrt S15 DISTANCE]0.005108698090399766
	[MINIMUM S14 sTrt S21 DISTANCE]0.00021739618079946732
	[MINIMUM S14 sTrt S22 DISTANCE]0.0
	[MINIMUM S20 sTrt S19 DISTANCE]0.005524106407398088
	[MINIMUM S20 sTrt S21 DISTANCE]-0.026454763473612912
	[MINIMUM S20 sTrt S22 DISTANCE]0.002750066383149015
	[AVERAGE S0 sTrt S1 DISTANCE]0.0207781767562214
	[AVERAGE S0 sTrt S21 DISTANCE]0.008464304002765462
	[AVERAGE S0 sTrt S22 DISTANCE]0.016674526759701026
	[AVERAGE S7 sTrt S6 DISTANCE]0.01743857481433041
	[AVERAGE S7 sTrt S8 DISTANCE]0.013471987007671632
	[AVERAGE S7 sTrt S21 DISTANCE]0.09334905351940179
	[AVERAGE S7 sTrt S22 DISTANCE]0.0
	[AVERAGE S14 sTrt S13 DISTANCE]0.004710509457962727
	[AVERAGE S14 sTrt S15 DISTANCE]0.006674526759700967
	[AVERAGE S14 sTrt S21 DISTANCE]0.0033490535194019193
	[AVERAGE S14 sTrt S22 DISTANCE]0.0
	[AVERAGE S20 sTrt S19 DISTANCE]0.020428748684129718
	[AVERAGE S20 sTrt S21 DISTANCE]-0.0016495043614632298
	[AVERAGE S20 sTrt S22 DISTANCE]0.006826271194639904
[VARIABLES]
	[RESULT 1] [0 6.38182186846746 1 4 18 3997.492975682952 98]
	[RESULT 2] [1 5.284005190177563 1 2 23 3984.4503321529824 100]
	[RESULT 3] [1 48.84998811611126 1 1 8 3863.2168291819794 100]
	[RESULT 4] [1 11.130550221739284 1 1 10 3969.6037641932053 95]
	[RESULT 5] [1 8.506424155475605 0 4 16 3999.9068078808314 100]
	[RESULT 6] [1 5.228837908976114 1 1 23 3999.990946686223 100]
	[RESULT 7] [1 5.547178266885291 0 1 24 3999.997434901502 100]
	[RESULT 8] [1 6.056719071081012 1 4 23 3640.987271722986 100]
	[RESULT 9] [1 48.350291898547745 1 4 24 3960.405591806968 100]
	[RESULT 10] [1 6.38215472413537 1 4 24 3158.085064755812 99]
	[RESULT 11] [0 9.698292929332563 1 1 23 3999.990946686223 99]
	[RESULT 12] [1 5.985243221026943 1 1 16 1135.4674973908868 99]
	[RESULT 13] [1 6.081695974798971 0 4 23 1330.2856051375759 94]
	[RESULT 14] [1 48.80324629196295 0 1 23 3967.429714201357 100]
	[RESULT 15] [0 5.00091880123874 1 1 18 1031.518329964904 100]
	[RESULT 16] [1 5.666782527756438 1 1 23 3994.8794926351425 100]
	[RESULT 17] [1 5.166516486962433 0 4 16 3999.988558930326 100]
	[RESULT 18] [1 9.71591182271399 0 1 24 1133.5319876615406 100]
	[RESULT 19] [1 5.452788239217951 0 1 16 3999.993610609946 100]
	[RESULT 20] [1 7.317189797594835 0 4 1 3321.8689931813738 96]
	[RESULT 21] [1 5.547178266885291 0 1 24 3972.6360727800457 98]
	[RESULT 22] [0 6.901610110595605 0 4 10 3999.984805810601 100]
	[RESULT 23] [1 48.72754505107363 1 1 9 3974.895164054557 100]
	[RESULT 24] [1 6.078540549677323 0 1 21 3997.604221570304 98]
	[RESULT 25] [0 6.0969975673716785 1 4 0 3984.8040845717246 85]
	[RESULT 26] [1 8.766677725215416 0 4 14 3999.9900456087003 99]
	[RESULT 27] [0 16.12190939947979 0 1 24 3939.02434844887 19]
	[RESULT 28] [1 5.7134319173765435 1 1 21 3771.632477905806 100]
	[RESULT 29] [0 49.98505656034752 1 4 0 3959.213368219548 14]
	[RESULT 30] [1 46.05694568233708 1 4 1 3986.7765362965188 100]
	[RESULT 31] [1 5.1782309835707885 1 4 23 1867.4770454876443 98]
	[RESULT 32] [1 5.742851245822709 0 1 14 3999.9970233572167 100]
	[RESULT 33] [1 6.010327629625112 0 1 14 3999.856820966738 99]
	[RESULT 34] [1 5.358495958711929 0 1 24 3984.8676737159635 100]
	[RESULT 35] [0 6.32032059703356 1 1 22 3853.3228656780225 13]
	[RESULT 36] [1 5.284005190177563 1 4 23 3992.2548508245322 15]
	[RESULT 37] [1 7.744853201991216 1 1 23 3632.9540075705513 100]
	[RESULT 38] [1 5.453709195366804 0 1 24 3999.9986074565836 100]
	[RESULT 39] [1 5.676162449606375 0 2 23 3918.8725679839945 13]
	[RESULT 40] [0 10.183780009028975 1 1 11 3999.1286160315885 97]
	[RESULT 41] [1 5.244798260233709 1 1 21 1004.2933456756901 12]
	[RESULT 42] [1 11.219562967536497 0 4 1 1017.9866512762869 81]
	[RESULT 43] [1 5.004243958868943 0 1 14 3999.9970233572167 100]
	[RESULT 44] [1 5.209413461972781 1 4 8 3999.0596966548164 97]
	[RESULT 45] [1 5.798102451792475 1 1 24 3981.347302022327 100]
	[RESULT 46] [1 5.0000284494524845 0 1 14 3993.267700402609 100]
	[RESULT 47] [0 5.584851509462042 1 4 14 1026.008436200352 7]
	[RESULT 48] [0 49.159970162260024 0 4 3 1149.9305959909618 99]
	[RESULT 49] [0 6.305466779904815 0 1 21 3759.930333426022 97]
	[RESULT 50] [1 5.39597357105346 0 1 14 3992.681901981844 100]
	[RESULT 51] [0 48.9446274214718 0 4 0 1090.82144044658 13]
	[RESULT 52] [1 5.940694766900366 0 1 24 3999.9998491605716 100]
	[RESULT 53] [1 6.981529007651879 0 4 11 3986.208108899041 100]
	[RESULT 54] [0 5.842386057402823 0 1 24 1007.7686100142814 89]
	[RESULT 55] [1 6.193618693810997 0 1 14 3981.252748851025 91]
	[RESULT 56] [0 5.003462601898861 0 1 21 3998.939983551446 99]
	[RESULT 57] [0 8.004304839909594 0 1 14 3999.9970233572167 100]
	[RESULT 58] [1 49.54357008704292 0 1 24 3984.8676737159635 100]
	[RESULT 59] [1 5.405414808201329 1 4 23 1763.6329293919182 99]
	[RESULT 60] [1 5.588125622029942 1 1 21 3999.920533171447 96]
	[RESULT 61] [1 10.913018949374521 0 1 24 3995.5395806593265 100]
	[RESULT 62] [1 7.944910974080134 0 4 24 1111.4966588705013 12]
	[RESULT 63] [1 15.52775486622372 0 1 23 3990.921225358595 100]
	[RESULT 64] [1 9.681132987391349 0 1 16 3999.9068078808314 100]
	[RESULT 65] [0 8.021186695886255 0 1 14 3982.486216111673 100]
	[RESULT 66] [1 11.130822765237726 1 1 22 3999.999856804203 100]
	[RESULT 67] [0 49.831564595234724 1 4 0 1002.4191597678608 4]
	[RESULT 68] [1 10.256957150854033 0 1 24 1129.473413419514 96]
	[RESULT 69] [0 5.089610519509311 0 4 24 1017.1303716143052 15]
	[RESULT 70] [1 16.087366098333113 0 1 21 3999.998776344786 100]
	[RESULT 71] [1 5.738212305764374 0 1 24 3999.998234285339 100]
	[RESULT 72] [1 5.656940226276255 0 1 21 3999.9970233572167 100]
	[RESULT 73] [0 16.586780388664597 0 1 24 3977.4782895679027 16]
	[RESULT 74] [0 6.539628540373673 0 1 23 3997.9599797092383 99]
	[RESULT 75] [1 48.28063939875882 1 4 23 1809.0816074883426 100]
	[RESULT 76] [1 5.404924803013066 1 1 21 3999.854494782414 100]
	[RESULT 77] [1 5.5505257722192365 0 1 24 3999.997434901502 100]
	[RESULT 78] [1 5.940694766900366 0 1 24 3957.7589965966754 85]
	[RESULT 79] [1 6.2690731128741035 0 1 14 3993.267700402609 100]
	[RESULT 80] [0 7.742176097335715 1 1 11 3984.26347226864 16]
	[RESULT 81] [0 48.15509223682684 1 4 0 3982.4706036153584 14]
	[RESULT 82] [1 49.69457578579295 0 1 22 1131.0175541942037 12]
	[RESULT 83] [0 7.742176097335715 1 1 11 3688.7639955429313 16]
	[RESULT 84] [1 6.981529007651879 0 1 11 3958.138703330626 100]
	[RESULT 85] [1 5.424764541308849 0 1 23 1763.6329293919182 99]
	[RESULT 86] [0 8.064858352032893 0 1 14 3970.5037043421453 15]
	[RESULT 87] [1 10.939287563972439 1 1 12 3591.2690340463564 20]
	[RESULT 88] [1 5.082555084940343 0 1 6 3775.8254929252844 100]
	[RESULT 89] [0 7.933191165529772 0 1 24 3991.6594397740055 98]
	[RESULT 90] [1 7.83158403978357 0 4 15 3995.406538247763 100]
	[RESULT 91] [0 5.349246745746795 0 1 24 1068.2489775082056 89]
	[RESULT 92] [1 5.733194257679747 0 1 22 3999.9951814414353 100]
	[RESULT 93] [1 6.131517454719923 1 1 21 3999.999939639226 100]
	[RESULT 94] [1 5.454157096844789 0 1 23 3990.7224006873807 99]
	[RESULT 95] [0 5.000664183228536 1 4 21 1010.0277907881949 1]
	[RESULT 96] [0 7.9339120338663305 0 1 24 3995.8983978020074 100]
	[RESULT 97] [0 15.52775486622372 0 1 23 3994.870321610379 97]
	[RESULT 98] [1 5.696718430284897 0 1 21 3999.999426669166 100]
	[RESULT 99] [1 5.36175823694226 0 1 24 3999.9047876465866 100]
	[RESULT 100] [0 48.911000584788596 0 4 2 3944.7220268419483 100]
	[RESULT 101] [1 6.465138233983287 0 1 14 3999.9944650242473 13]
	[RESULT 102] [1 11.032746573698457 1 1 21 3992.7577746640927 15]
	[RESULT 103] [0 49.73583114146452 1 1 24 2074.148142045682 4]
	[RESULT 104] [0 5.000009510637396 0 1 17 3932.461645880939 19]
	[RESULT 105] [1 46.025677787440564 0 4 21 3999.998776344786 100]
	[RESULT 106] [1 49.57580193080806 0 1 24 3255.923407687077 100]
	[RESULT 107] [1 49.26075401470413 0 1 24 3999.980632974798 100]
	[RESULT 108] [0 6.248309535178185 1 4 24 1214.1303342852543 4]
	[RESULT 109] [1 6.4466655152952885 0 1 21 3999.998660770304 100]
	[RESULT 110] [1 8.729869147924807 0 1 21 3999.9977642594245 96]
	[RESULT 111] [1 5.74993374124541 1 4 15 2118.7257116550545 98]
	[RESULT 112] [0 7.772088355112908 1 4 14 1026.008436200352 7]
	[RESULT 113] [1 5.698240531574906 0 1 13 3999.999245876044 100]
	[RESULT 114] [1 5.14186645199838 0 1 24 3963.8604220943917 100]
	[RESULT 115] [0 6.522099685814554 0 4 23 1571.9835890110605 13]
	[RESULT 116] [1 7.3185312939540745 0 4 14 3981.3051711491557 97]
	[RESULT 117] [1 48.70991442036426 1 1 15 3999.999856804203 100]
	[RESULT 118] [1 5.490897017220379 0 1 24 3775.482312237937 100]
	[RESULT 119] [1 48.28063939875882 1 4 23 1809.0816074883426 96]
	[RESULT 120] [1 6.730044365603752 0 1 14 3999.9970233572167 100]
[OBJECTIVES]
	[RESULT 1] [ 0.02851263  0.0014134   0.01709923  0.02490517  0.0192933   0.09419847
  0.          0.0057023   0.00709923  0.00419847  0.          0.03051263
 -0.00638814  0.00990077]
	[RESULT 2] [ 0.01969274 -0.00920133  0.01889407  0.02293747  0.02485066  0.09778813
  0.          0.00110593  0.00889407  0.00778813  0.          0.02169274
 -0.0124132   0.00710593]
	[RESULT 3] [ 0.03497468  0.00991384  0.01511148  0.02492989  0.01529308  0.09022297
  0.          0.00983445  0.00511148  0.00022297  0.          0.03347468
 -0.0008632   0.01038852]
	[RESULT 4] [0.0263169  0.0179819  0.01570121 0.01985664 0.01125905 0.09140242
 0.         0.00839638 0.00570121 0.00140242 0.         0.0248169
 0.00838431 0.00979879]
	[RESULT 5] [ 0.00798332 -0.01812621  0.01610953  0.01290595  0.0206869   0.09221905
  0.          0.00389047  0.00610953  0.00221905  0.          0.01098332
 -0.02190715  0.00589047]
	[RESULT 6] [ 0.00994017 -0.01912872  0.01906888  0.01832341  0.02018564  0.09813777
  0.          0.00093112  0.00906888  0.00813777  0.          0.01144017
 -0.02199095  0.00643112]
	[RESULT 7] [ 0.00577088 -0.02246081  0.01823169  0.01498297  0.01851959  0.09646338
  0.          0.00176831  0.00823169  0.00646338  0.          0.00727088
 -0.02296081  0.00323169]
	[RESULT 8] [0.03494139 0.00751034 0.01743106 0.02163272 0.01649483 0.09486211
 0.         0.00470683 0.00743106 0.00486211 0.         0.03205861
 0.00137245 0.00956894]
	[RESULT 9] [ 0.0292115   0.00409876  0.01511274  0.02202486  0.01820062  0.09022548
  0.          0.00833822  0.00511274  0.00022548  0.          0.0322115
 -0.00667576  0.01188726]
	[RESULT 10] [0.02381989 0.01908117 0.01709894 0.01651153 0.01070941 0.09419788
 0.         0.00570318 0.00709894 0.00419788 0.         0.02081989
 0.01072095 0.00990106]
	[RESULT 11] [ 0.02413159 -0.00174586  0.01587746  0.02088198  0.02087293  0.09175491
  0.          0.00786763  0.00587746  0.00175491  0.          0.02463159
 -0.01199095  0.00962254]
	[RESULT 12] [0.02373488 0.01874654 0.01751858 0.01583957 0.01087673 0.09503717
 0.         0.00294425 0.00751858 0.00503717 0.         0.02223488
 0.0102163  0.00798142]
	[RESULT 13] [0.02149097 0.02110715 0.01740189 0.01489265 0.00969643 0.09480378
 0.         0.00259811 0.00740189 0.00480378 0.         0.01849097
 0.00308908 0.00459811]
	[RESULT 14] [ 0.02303211 -0.00207949  0.0151116   0.01893345  0.02128975  0.0902232
  0.          0.0051652   0.0051116   0.0002232   0.          0.02453211
 -0.00785629  0.0053884 ]
	[RESULT 15] [3.47958028e-02 4.80039260e-03 1.99954102e-02 1.76089833e-02
 1.75998037e-02 9.99908204e-02 0.00000000e+00 4.58978909e-06
 9.99541021e-03 9.99082042e-03 0.00000000e+00 3.47041972e-02
 2.79121302e-03 5.50458979e-03]
	[RESULT 16] [ 0.01525023 -0.01274957  0.01799979  0.0193748   0.02337522  0.09599958
  0.          0.00200021  0.00799979  0.00599958  0.          0.01675023
 -0.01774998  0.00750021]
	[RESULT 17] [ 0.00472517 -0.0245611   0.01928627  0.01604198  0.01746945  0.09857253
  0.          0.00071373  0.00928627  0.00857253  0.          0.00772517
 -0.0235611   0.00428627]
	[RESULT 18] [0.0329091  0.00703434 0.01587475 0.02498333 0.01673283 0.0917495
 0.         0.00412525 0.00587475 0.0017495  0.         0.0344091
 0.00278385 0.00462525]
	[RESULT 19] [ 0.00556473 -0.02287693  0.01844166  0.01519485  0.01831154  0.09688332
  0.          0.00155834  0.00844166  0.00688332  0.          0.00706473
 -0.02337693  0.00344166]
	[RESULT 20] [0.02239618 0.02109652 0.0165073  0.01668714 0.00970174 0.0930146
 0.         0.0034927  0.0065073  0.0030146  0.         0.01939618
 0.00488888 0.0054927 ]
	[RESULT 21] [0.03216595 0.00393426 0.01823169 0.02181949 0.01828287 0.09646338
 0.         0.00176831 0.00823169 0.00646338 0.         0.03366595
 0.00343426 0.00323169]
	[RESULT 22] [ 0.008292   -0.01843118  0.01672318  0.01423077  0.02078441  0.09344636
  0.          0.00327682  0.00672318  0.00344636  0.          0.010292
 -0.02198482  0.00527682]
	[RESULT 23] [ 0.02641437  0.00130258  0.01511179  0.02062487  0.01959871  0.09022358
  0.          0.00983536  0.00511179  0.00022358  0.          0.02791437
 -0.00947385  0.01038821]
	[RESULT 24] [ 0.02211407 -0.00529147  0.01740553  0.02191533  0.02289573  0.09481107
  0.          0.00259447  0.00740553  0.00481107  0.          0.02361407
 -0.0064804   0.00309447]
	[RESULT 25] [0.0291832  0.01343243 0.01738436 0.01851506 0.01328378 0.09476872
 0.         0.00484692 0.00738436 0.00476872 0.         0.0271832
 0.00620116 0.00961564]
	[RESULT 26] [ 0.017961   -0.00808795  0.01604895  0.01780392  0.02429397  0.0920979
  0.          0.00395105  0.00604895  0.0020979   0.          0.020961
 -0.01199005  0.00595105]
	[RESULT 27] [0.02292588 0.02166165 0.01541248 0.01834422 0.00916918 0.09082495
 0.         0.00458752 0.00541248 0.00082495 0.         0.02242588
 0.0075134  0.00508752]
	[RESULT 28] [0.03361511 0.00569699 0.01791812 0.02156527 0.01740151 0.09583624
 0.         0.00208188 0.00791812 0.00583624 0.         0.03488489
 0.00053323 0.00758188]
	[RESULT 29] [0.01983903 0.02494776 0.01510873 0.01725642 0.00747388 0.09021746
 0.         0.00832619 0.00510873 0.00021746 0.         0.01783903
 0.0097303  0.01189127]
	[RESULT 30] [ 0.0225299  -0.00258899  0.01511889  0.01869328  0.02154449  0.09023777
  0.          0.00835666  0.00511889  0.00023777  0.          0.0255299
 -0.01335121  0.01188111]
	[RESULT 31] [0.0222     0.01855635 0.01924365 0.01248453 0.01097183 0.0984873
 0.         0.00075635 0.00924365 0.0084873  0.         0.0192
 0.00695635 0.00775635]
	[RESULT 32] [ 0.00613411 -0.02173475  0.01786886  0.01462035  0.01888263  0.09573772
  0.          0.00213114  0.00786886  0.00573772  0.          0.00763411
 -0.02223475  0.00286886]
	[RESULT 33] [ 0.01665521 -0.01083195  0.01748716  0.01930834  0.02433403  0.09497431
  0.          0.00251284  0.00748716  0.00497431  0.          0.01815521
 -0.01185764  0.00301284]
	[RESULT 34] [ 0.01474598 -0.01393456  0.01868054  0.0201438   0.02278272  0.09736108
  0.          0.00131946  0.00868054  0.00736108  0.          0.01624598
 -0.01443456  0.00368054]
	[RESULT 35] [0.0160227  0.02317758 0.01715487 0.01227904 0.00658879 0.09430975
 0.         0.00403538 0.00715487 0.00430975 0.         0.0155227
 0.00386783 0.00834513]
	[RESULT 36] [0.03421342 0.00689251 0.01889407 0.01901561 0.01680374 0.09778813
 0.         0.00110593 0.00889407 0.00778813 0.         0.03121342
 0.00368065 0.00810593]
	[RESULT 37] [0.03392937 0.00973547 0.01633517 0.02271193 0.01538227 0.09267033
 0.         0.0064945  0.00633517 0.00267033 0.         0.03242937
 0.0014058  0.00916483]
	[RESULT 38] [ 0.00556192 -0.02287756  0.01843948  0.01519017  0.01831122  0.09687895
  0.          0.00156052  0.00843948  0.00687895  0.          0.00706192
 -0.02337756  0.00343948]
	[RESULT 39] [0.02509942 0.01691757 0.017983   0.01582521 0.01179121 0.09596601
 0.         0.002017   0.007983   0.00596601 0.         0.02309942
 0.00611642 0.003017  ]
	[RESULT 40] [ 0.03003347  0.0042249   0.01580857  0.02372958  0.01788755  0.09161713
  0.          0.0080743   0.00580857  0.00161713  0.          0.03053347
 -0.00615797  0.00969143]
	[RESULT 41] [0.01544834 0.02446505 0.01901672 0.0094491  0.00748253 0.09803343
 0.         0.00098328 0.00901672 0.00803343 0.         0.01394834
 0.00043162 0.00648328]
	[RESULT 42] [0.01790041 0.02359297 0.01569256 0.01566136 0.00704649 0.09138513
 0.         0.00492231 0.00569256 0.00138513 0.         0.01490041
 0.00120785 0.00630744]
	[RESULT 43] [ 4.02410641e-03 -2.59547635e-02  1.99788699e-02  1.67303580e-02
  1.67726183e-02  9.99577398e-02  0.00000000e+00  2.11301190e-05
  9.97886988e-03  9.95773976e-03  0.00000000e+00  5.52410641e-03
 -2.64547635e-02  4.97886988e-03]
	[RESULT 44] [ 0.02577198 -0.00336225  0.01913424  0.02366266  0.02193113  0.09826847
  0.          0.00086576  0.00913424  0.00826847  0.          0.02877198
 -0.00609378  0.00786576]
	[RESULT 45] [ 0.02190173 -0.00587898  0.01778071  0.02237193  0.02318949  0.09556142
  0.          0.00221929  0.00778071  0.00556142  0.          0.02340173
 -0.01131756  0.00771929]
	[RESULT 46] [ 9.30412248e-03 -2.06957353e-02  1.99998578e-02  1.94018479e-02
  1.94021324e-02  9.99997155e-02  0.00000000e+00  1.42243216e-07
  9.99985776e-03  9.99971551e-03  0.00000000e+00  1.08041225e-02
 -2.11957353e-02  4.99985776e-03]
	[RESULT 47] [0.01357604 0.02173091 0.01815487 0.00955571 0.00586545 0.09630974
 0.         0.00253539 0.00815487 0.00630974 0.         0.01157604
 0.00042117 0.00884513]
	[RESULT 48] [0.0253281  0.01956118 0.01511072 0.01999798 0.01021941 0.09022144
 0.         0.00666785 0.00511072 0.00022144 0.         0.0233281
 0.01021739 0.00688928]
	[RESULT 49] [0.02452663 0.01830461 0.01716876 0.01651018 0.01084769 0.09433752
 0.         0.00283124 0.00716876 0.00433752 0.         0.02402663
 0.00735787 0.00333124]
	[RESULT 50] [ 0.01107926 -0.01750247  0.01858173  0.01816223  0.02099877  0.09716346
  0.          0.00141827  0.00858173  0.00716346  0.          0.01257926
 -0.01800247  0.00358173]
	[RESULT 51] [0.01555153 0.02066278 0.01511125 0.01510889 0.00533139 0.0902225
 0.         0.00666626 0.00511125 0.0002225  0.         0.01355153
 0.00044028 0.00688875]
	[RESULT 52] [ 0.00642375 -0.02115264  0.0175764   0.01432647  0.01917368  0.09515279
  0.          0.0024236   0.0075764   0.00515279  0.          0.00792375
 -0.02199985  0.0029236 ]
	[RESULT 53] [ 0.01621139 -0.0104656   0.01667699  0.01787118  0.0245172   0.09335398
  0.          0.00332301  0.00667699  0.00335398  0.          0.01921139
 -0.01311161  0.00532301]
	[RESULT 54] [0.01958768 0.02269845 0.01771387 0.01322303 0.00865078 0.09542774
 0.         0.00228613 0.00771387 0.00542774 0.         0.01908768
 0.00187381 0.00278613]
	[RESULT 55] [0.03456595 0.00815471 0.01727934 0.02161397 0.01617264 0.09455868
 0.         0.00272066 0.00727934 0.00455868 0.         0.03306595
 0.00671339 0.00322066]
	[RESULT 56] [ 1.60341525e-02 -1.39485942e-02  1.99827467e-02  2.29911964e-02
  2.30257029e-02  9.99654935e-02  0.00000000e+00  1.72532683e-05
  9.98274673e-03  9.96549346e-03  0.00000000e+00  1.65341525e-02
 -1.54485942e-02  4.98274673e-03]
	[RESULT 57] [ 0.00875432 -0.01749434  0.01624866  0.01375014  0.02125283  0.09249731
  0.          0.00375134  0.00624866  0.00249731  0.          0.00925432
 -0.02199702  0.00425134]
	[RESULT 58] [ 0.01831673 -0.00679305  0.01510978  0.01657304  0.02364653  0.09021957
  0.          0.00517065  0.00510978  0.00021957  0.          0.01981673
 -0.01257348  0.00539022]
	[RESULT 59] [0.02483405 0.01660828 0.01855767 0.01483052 0.01194586 0.09711534
 0.         0.00144233 0.00855767 0.00711534 0.         0.02183405
 0.01027638 0.00844233]
	[RESULT 60] [ 0.02693085 -0.00121752  0.01814837  0.02456203  0.02085876  0.09629673
  0.          0.00185163  0.00814837  0.00629673  0.          0.02843085
 -0.00592078  0.00735163]
	[RESULT 61] [ 0.01206182 -0.01366145  0.01572327  0.01436582  0.02291927  0.09144655
  0.          0.00427673  0.00572327  0.00144655  0.          0.01356182
 -0.01821491  0.00477673]
	[RESULT 62] [0.01770669 0.02397415 0.01626746 0.01470216 0.00723707 0.09253491
 0.         0.00373254 0.00626746 0.00253491 0.         0.01470669
 0.00043924 0.00573254]
	[RESULT 63] [ 0.0152264  -0.01020733  0.01543374  0.01551381  0.02464633  0.09086747
  0.          0.00456626  0.00543374  0.00086747  0.          0.0167264
 -0.01533986  0.00506626]
	[RESULT 64] [ 0.00821274 -0.01766737  0.01588011  0.01267653  0.02091632  0.09176021
  0.          0.00411989  0.00588011  0.00176021  0.          0.00971274
 -0.02190715  0.00461989]
	[RESULT 65] [ 0.01905547 -0.00718794  0.01624341  0.01889286  0.02359397  0.09248683
  0.          0.00375659  0.00624341  0.00248683  0.          0.01955547
 -0.01170111  0.00425659]
	[RESULT 66] [ 0.01329896 -0.01240222  0.01570118  0.01495125  0.02354889  0.09140236
  0.          0.00839646  0.00570118  0.00140236  0.          0.01479896
 -0.02199986  0.00979882]
	[RESULT 67] [0.01052206 0.01563115 0.0151091  0.01259739 0.00281558 0.09021819
 0.         0.00832729 0.0051091  0.00021819 0.         0.00852206
 0.00041296 0.0118909 ]
	[RESULT 68] [0.02101496 0.02318593 0.01579911 0.01705881 0.00865704 0.09159822
 0.         0.00420089 0.00579911 0.00159822 0.         0.01951496
 0.00421585 0.00470089]
	[RESULT 69] [0.02002914 0.02038206 0.0195888  0.01063138 0.00980897 0.09917759
 0.         0.0004112  0.0095888  0.00917759 0.         0.01802914
 0.00261794 0.0045888 ]
	[RESULT 70] [ 0.00858757 -0.01682609  0.01541366  0.01216427  0.02133696  0.09082731
  0.          0.00458634  0.00541366  0.00082731  0.          0.01008757
 -0.02199878  0.00508634]
	[RESULT 71] [ 0.00612525 -0.02175127  0.01787652  0.0146274   0.01887436  0.09575304
  0.          0.00212348  0.00787652  0.00575304  0.          0.00762525
 -0.02225127  0.00287652]
	[RESULT 72] [ 0.00598537 -0.02203224  0.01801761  0.0147691   0.01873388  0.09603522
  0.          0.00198239  0.00801761  0.00603522  0.          0.00748537
 -0.02253224  0.00301761]
	[RESULT 73] [0.02878442 0.01581834 0.01539724 0.02129635 0.01209083 0.09079448
 0.         0.00460276 0.00539724 0.00079448 0.         0.02828442
 0.00961282 0.00510276]
	[RESULT 74] [ 0.01991732 -0.00705147  0.01696879  0.02041185  0.02352574  0.09393758
  0.          0.00303121  0.00696879  0.00393758  0.          0.02041732
 -0.01011389  0.00353121]
	[RESULT 75] [0.03139497 0.01349212 0.01511292 0.02327811 0.01350394 0.09022583
 0.         0.00833875 0.00511292 0.00022583 0.         0.02839497
 0.00271795 0.01188708]
	[RESULT 76] [ 0.01058575 -0.01797316  0.01855891  0.01788124  0.02076342  0.09711782
  0.          0.00144109  0.00855891  0.00711782  0.          0.01208575
 -0.02185534  0.00694109]
	[RESULT 77] [ 0.00577785 -0.02244686  0.01822471  0.014976    0.01852657  0.09644943
  0.          0.00177529  0.00822471  0.00644943  0.          0.00727785
 -0.02294686  0.00322471]
	[RESULT 78] [0.02912132 0.01330228 0.0175764  0.01844606 0.01359886 0.09515279
 0.         0.0024236  0.0075764  0.00515279 0.         0.02762132
 0.01054492 0.0029236 ]
	[RESULT 79] [ 0.01210044 -0.01510311  0.01720354  0.01660553  0.02219845  0.09440709
  0.          0.00279646  0.00720354  0.00440709  0.          0.01360044
 -0.01669602  0.00329646]
	[RESULT 80] [0.02691391 0.01674997 0.01633612 0.01895277 0.01162502 0.09267224
 0.         0.00649164 0.00633612 0.00267224 0.         0.02641391
 0.00742221 0.00916388]
	[RESULT 81] [0.02503884 0.01984792 0.01511324 0.01984956 0.01007604 0.09022647
 0.         0.00833971 0.00511324 0.00022647 0.         0.02303884
 0.0080744  0.01188676]
	[RESULT 82] [0.01655011 0.02165953 0.01510942 0.01586092 0.00607976 0.09021884
 0.         0.00517173 0.00510942 0.00021884 0.         0.01505011
 0.00044068 0.00539058]
	[RESULT 83] [0.01343023 0.01976635 0.01633612 0.01221093 0.00488317 0.09267224
 0.         0.00649164 0.00633612 0.00267224 0.         0.01293023
 0.00209411 0.00916388]
	[RESULT 84] [ 0.0229753  -0.00370169  0.01667699  0.02125314  0.02210085  0.09335398
  0.          0.00332301  0.00667699  0.00335398  0.          0.0244753
 -0.00634771  0.00382301]
	[RESULT 85] [0.02978573 0.01170491 0.01850935 0.01737884 0.01439754 0.0970187
 0.         0.00149065 0.00850935 0.0070187  0.         0.02828573
 0.01120491 0.00350935]
	[RESULT 86] [0.02793128 0.01583866 0.01623006 0.01962056 0.01208067 0.09246011
 0.         0.00376994 0.00623006 0.00246011 0.         0.02743128
 0.01129877 0.00426994]
	[RESULT 87] [0.01340843 0.01912897 0.01572054 0.01337341 0.00481448 0.09144107
 0.         0.00833839 0.00572054 0.00144107 0.         0.01190843
 0.0016879  0.00977946]
	[RESULT 88] [ 0.02687302 -0.00274569  0.0196187   0.02238544  0.02162284  0.09923741
  0.          0.0003813   0.0096187   0.00923741  0.          0.02837302
 -0.00324569  0.0046187 ]
	[RESULT 89] [ 0.02831617  0.00204493  0.01627123  0.02356493  0.01897753  0.09254246
  0.          0.00372877  0.00627123  0.00254246  0.          0.02881617
 -0.0024126   0.00422877]
	[RESULT 90] [ 0.01157553 -0.01472942  0.01630494  0.01499518  0.02238529  0.09260989
  0.          0.00369506  0.00630494  0.00260989  0.          0.01457553
 -0.01811953  0.00569506]
	[RESULT 91] [0.02058382 0.02071041 0.01870577 0.01223325 0.0096448  0.09741154
 0.         0.00129423 0.00870577 0.00741154 0.         0.02008382
 0.00378959 0.00370577]
	[RESULT 92] [ 0.00611997 -0.02176488  0.01788485  0.01463726  0.01886756  0.09576969
  0.          0.00211515  0.00788485  0.00576969  0.          0.00761997
 -0.02226488  0.00288485]
	[RESULT 93] [ 0.01165431 -0.01569143  0.01734575  0.01659578  0.02190428  0.09469149
  0.          0.00346276  0.00734575  0.00469149  0.          0.01315431
 -0.02199994  0.00815425]
	[RESULT 94] [ 0.0223281  -0.00611032  0.01843842  0.02357168  0.02330516  0.09687684
  0.          0.00156158  0.00843842  0.00687684  0.          0.0238281
 -0.00661032  0.00343842]
	[RESULT 95] [1.54039800e-02 2.45993387e-02 1.99966813e-02 7.70696809e-03
 7.70033067e-03 9.99933626e-02 0.00000000e+00 3.31871191e-06
 9.99668129e-03 9.99336258e-03 0.00000000e+00 1.34039800e-02
 4.07298760e-04 7.00331871e-03]
	[RESULT 96] [ 0.01225252 -0.01401848  0.016271    0.01553276  0.02299076  0.092542
  0.          0.003729    0.006271    0.002542    0.          0.01275252
 -0.01847648  0.004229  ]
	[RESULT 97] [ 0.0288226   0.00338886  0.01543374  0.0225619   0.01830557  0.09086747
  0.          0.00456626  0.00543374  0.00086747  0.          0.0293226
 -0.00274367  0.00506626]
	[RESULT 98] [ 0.00605371 -0.02189316  0.01794686  0.01469715  0.01880342  0.09589373
  0.          0.00205314  0.00794686  0.00589373  0.          0.00755371
 -0.02239316  0.00294686]
	[RESULT 99] [ 0.00542313 -0.0232486   0.01867172  0.01546915  0.0181257   0.09734345
  0.          0.00132828  0.00867172  0.00734345  0.          0.00692313
 -0.0237486   0.00367172]
	[RESULT 100] [ 0.02710322  0.00199189  0.01511133  0.02121861  0.01900406  0.09022266
  0.          0.00666601  0.00511133  0.00022266  0.          0.02910322
 -0.00478545  0.00688867]
	[RESULT 101] [ 0.02674998 -0.00027831  0.01702828  0.02366741  0.02038915  0.09405657
  0.          0.00297172  0.00702828  0.00405657  0.          0.02824998
 -0.00222174  0.00347172]
	[RESULT 102] [0.03132804 0.012961   0.01571096 0.02234758 0.0137695  0.09142192
 0.         0.00836712 0.00571096 0.00142192 0.         0.02982804
 0.00338292 0.00978904]
	[RESULT 103] [0.01063588 0.01574521 0.01510932 0.01265396 0.0028726  0.09021865
 0.         0.00982797 0.00510932 0.00021865 0.         0.01013588
 0.00052656 0.01039068]
	[RESULT 104] [2.69978112e-02 1.30022364e-02 1.99999524e-02 1.34989769e-02
 1.34988818e-02 9.99999049e-02 0.00000000e+00 4.75527347e-08
 9.99995245e-03 9.99990489e-03 0.00000000e+00 2.64978112e-02
 1.14977636e-02 4.99995245e-03]
	[RESULT 105] [ 0.00888225 -0.01623673  0.01511897  0.01186959  0.02163164  0.09023795
  0.          0.00664308  0.00511897  0.00023795  0.          0.01188225
 -0.02199878  0.00688103]
	[RESULT 106] [0.03307763 0.00796792 0.01510971 0.02395338 0.01626604 0.09021941
 0.         0.00517088 0.00510971 0.00021941 0.         0.03457763
 0.00218734 0.00539029]
	[RESULT 107] [ 0.00890888 -0.01620159  0.01511047  0.01187015  0.02164921  0.09022094
  0.          0.00516859  0.00511047  0.00022094  0.          0.01040888
 -0.02198065  0.00538953]
	[RESULT 108] [0.01265243 0.01987632 0.01722389 0.01049038 0.00493816 0.09444779
 0.         0.00532832 0.00722389 0.00444779 0.         0.01065243
 0.00042854 0.00977611]
	[RESULT 109] [ 0.00695774 -0.02008586  0.0170436   0.01379427  0.01970707  0.0940872
  0.          0.0029564   0.0070436   0.0040872   0.          0.00845774
 -0.02199866  0.0034564 ]
	[RESULT 110] [ 0.02394512 -0.00211199  0.01605711  0.02080823  0.02130599  0.09211422
  0.          0.00394289  0.00605711  0.00211422  0.          0.02544512
 -0.00599776  0.00444289]
	[RESULT 111] [0.02085178 0.02129097 0.01785725 0.01389001 0.00960452 0.0957145
 0.         0.00342825 0.00785725 0.0057145  0.         0.01785178
 0.00699453 0.00914275]
	[RESULT 112] [0.0117467  0.01807222 0.01632553 0.01138506 0.00403611 0.09265105
 0.         0.00802342 0.00632553 0.00265105 0.         0.0097467
 0.00042117 0.01067447]
	[RESULT 113] [ 0.00605653 -0.02188769  0.01794422  0.0146946   0.01880615  0.09588845
  0.          0.00205578  0.00794422  0.00588845  0.          0.00755653
 -0.02238769  0.00294422]
	[RESULT 114] [ 0.01939869 -0.0099801   0.0193788   0.02351754  0.02475995  0.09875759
  0.          0.0006212   0.0093788   0.00875759  0.          0.02089869
 -0.0104801   0.0043788 ]
	[RESULT 115] [0.01746454 0.02444701 0.01698248 0.01325856 0.00722351 0.09396495
 0.         0.00301752 0.00698248 0.00396495 0.         0.01546454
 0.00048206 0.00501752]
	[RESULT 116] [0.03318956 0.00668287 0.01650669 0.02389519 0.01690857 0.09301338
 0.         0.00349331 0.00650669 0.00301338 0.         0.03381044
 0.00369625 0.00549331]
	[RESULT 117] [ 0.01388831 -0.01122352  0.01511183  0.0143619   0.02413824  0.09022366
  0.          0.0098355   0.00511183  0.00022366  0.          0.01538831
 -0.02199986  0.01038817]
	[RESULT 118] [ 0.02814148 -0.0002122   0.01835369  0.02364873  0.0203561   0.09670737
  0.          0.00164631  0.00835369  0.00670737  0.          0.02964148
 -0.0007122   0.00335369]
	[RESULT 119] [0.01539497 0.02050788 0.01511292 0.01527811 0.00550394 0.09022583
 0.         0.00833875 0.00511292 0.00022583 0.         0.01239497
 0.00428205 0.01188708]
	[RESULT 120] [ 0.0071715  -0.01965997  0.01683147  0.01358296  0.01992002  0.09366294
  0.          0.00316853  0.00683147  0.00366294  0.          0.0086715
 -0.02199702  0.00366853]
