[METRICS]
	[DISEQUILIBRIUM COUNT] 640
	[MINIMUM S0 sTrt S1 DISTANCE]0.0041747159177891735
	[MINIMUM S0 sTrt S21 DISTANCE]-0.025799850521986675
	[MINIMUM S0 sTrt S22 DISTANCE]0.015108695881772105
	[MINIMUM S7 sTrt S6 DISTANCE]0.007724888513866657
	[MINIMUM S7 sTrt S8 DISTANCE]0.0028127215532265937
	[MINIMUM S7 sTrt S21 DISTANCE]0.09021739176354417
	[MINIMUM S7 esTrt S22 DISTANCE]0.0
	[MINIMUM S14 sTrt S13 DISTANCE]1.2561560802648586e-07
	[MINIMUM S14 sTrt S15 DISTANCE]0.005108695881772096
	[MINIMUM S14 sTrt S21 DISTANCE]0.0002173917635441558
	[MINIMUM S14 sTrt S22 DISTANCE]0.0
	[MINIMUM S20 sTrt S19 DISTANCE]0.005503422960384308
	[MINIMUM S20 sTrt S21 DISTANCE]-0.026493391286524975
	[MINIMUM S20 sTrt S22 DISTANCE]0.0027552810819461496
	[AVERAGE S0 sTrt S1 DISTANCE]0.020074123610889543
	[AVERAGE S0 sTrt S21 DISTANCE]0.014574770080816802
	[AVERAGE S0 sTrt S22 DISTANCE]0.016586509379782642
	[AVERAGE S7 sTrt S6 DISTANCE]0.016235461304279934
	[AVERAGE S7 sTrt S8 DISTANCE]0.010215769103750789
	[AVERAGE S7 sTrt S21 DISTANCE]0.09317301875956556
	[AVERAGE S7 sTrt S22 DISTANCE]0.0
	[AVERAGE S14 sTrt S13 DISTANCE]0.005048276708641839
	[AVERAGE S14 sTrt S15 DISTANCE]0.006586509379782651
	[AVERAGE S14 sTrt S21 DISTANCE]0.0031730187595652754
	[AVERAGE S14 sTrt S22 DISTANCE]0.0
	[AVERAGE S20 sTrt S19 DISTANCE]0.01907560930909255
	[AVERAGE S20 sTrt S21 DISTANCE]0.0013277924251720535
	[AVERAGE S20 sTrt S22 DISTANCE]0.007373946523716769
[VARIABLES]
	[RESULT 1] [1 5.3969763796169286 1 4 20 3999.500903286608 55]
	[RESULT 2] [0 49.4133121213643 1 3 15 3978.9120993190227 70]
	[RESULT 3] [0 6.084148621802376 0 4 4 3962.094271044733 96]
	[RESULT 4] [0 5.00013138090671 1 1 17 1422.2437877420812 5]
	[RESULT 5] [1 6.170390773329391 0 4 17 3881.362005572888 68]
	[RESULT 6] [0 7.504337785828016 0 1 14 3941.0892864241987 5]
	[RESULT 7] [0 11.135804525280301 0 1 5 3999.7278835850752 99]
	[RESULT 8] [0 5.708384621265051 1 4 14 1055.7332099859811 2]
	[RESULT 9] [0 7.167209503461105 1 1 4 3988.2527492350823 97]
	[RESULT 10] [1 5.00119821005068 1 4 4 3883.3593687352886 98]
	[RESULT 11] [0 5.288910595880612 1 4 10 3979.6311626029305 44]
	[RESULT 12] [0 5.021798616929938 0 1 4 3999.9979693918895 99]
	[RESULT 13] [1 5.465220318589464 1 1 2 3953.6035281061763 99]
	[RESULT 14] [0 5.963699600569115 1 1 3 3919.813711366212 64]
	[RESULT 15] [0 5.0010869602352495 0 4 5 3839.4852045054495 42]
	[RESULT 16] [0 7.702577394301076 1 1 4 1005.7758621440314 5]
	[RESULT 17] [0 49.99912415655536 1 4 4 1020.8806970070959 1]
	[RESULT 18] [0 7.676118618437436 0 1 4 3850.849492559955 100]
	[RESULT 19] [1 5.2790266885322765 0 1 1 3999.7871727806887 100]
	[RESULT 20] [1 10.653106611233524 0 1 19 1715.9198247100387 54]
	[RESULT 21] [1 5.683476101609739 0 4 24 3994.9235521003425 100]
	[RESULT 22] [1 6.318676464896354 0 4 4 3878.471848070336 100]
	[RESULT 23] [0 9.08768211120816 1 4 19 1000.0505269465776 6]
	[RESULT 24] [0 5.4056441336269465 1 2 5 3970.4134638675287 100]
	[RESULT 25] [1 42.7788511518072 0 4 15 3990.6047999168113 99]
	[RESULT 26] [1 8.28156312637534 1 2 16 3971.0516902587983 6]
	[RESULT 27] [0 5.008293950085358 0 1 4 3966.7286862563824 94]
	[RESULT 28] [1 10.334160256299345 0 1 24 3997.3242037573473 100]
	[RESULT 29] [0 6.802667910984058 1 2 15 3882.9239096086126 6]
	[RESULT 30] [0 5.259708274145847 0 1 23 3962.1368631737855 38]
	[RESULT 31] [1 12.11781465310262 0 1 7 3991.7311692064723 100]
	[RESULT 32] [0 43.283684723698 0 4 4 3984.0758917811163 34]
	[RESULT 33] [1 6.692795797917016 1 1 5 3985.9399108402745 13]
	[RESULT 34] [0 8.059242531428701 1 2 5 3999.997805271893 100]
	[RESULT 35] [0 8.582019662043052 0 4 15 3839.4852045054495 71]
	[RESULT 36] [0 10.131483932333062 1 4 20 3999.467250718108 98]
	[RESULT 37] [0 39.88930601485791 0 1 4 3649.192671865632 6]
	[RESULT 38] [0 46.5834137082594 1 1 14 3999.85640056987 5]
	[RESULT 39] [0 5.3969763796169286 1 4 19 1125.078601933813 55]
	[RESULT 40] [0 43.33488077867405 1 4 4 3993.593440901926 34]
	[RESULT 41] [0 5.159457366297755 0 1 4 3993.409122884718 94]
	[RESULT 42] [1 5.7960294292117345 0 1 0 3999.788469358617 100]
	[RESULT 43] [0 5.5584662510654885 1 1 6 3999.2545291085844 100]
	[RESULT 44] [1 8.790657134838376 0 4 10 3798.0285824328876 99]
	[RESULT 45] [1 5.3214732941732725 0 4 4 3999.8498208787037 100]
	[RESULT 46] [0 6.226714730172429 1 1 7 1235.6568020327145 5]
	[RESULT 47] [0 7.163163733931644 1 4 20 3999.6258616676896 98]
	[RESULT 48] [1 5.104623491540923 1 4 16 3999.846548584065 100]
	[RESULT 49] [0 16.139345166143205 1 1 8 1003.915445216358 2]
	[RESULT 50] [1 14.071697946628614 0 1 2 3928.059994940906 100]
	[RESULT 51] [0 47.08633027089624 0 1 4 3999.7522812890656 98]
	[RESULT 52] [0 6.645175933407404 1 1 16 3961.282833924087 5]
	[RESULT 53] [1 5.200212305817491 0 1 0 3999.7871727806887 100]
	[RESULT 54] [0 6.70025125228518 0 4 19 1787.1965337443376 93]
	[RESULT 55] [0 7.504337785828016 0 1 19 1633.8300257949754 4]
	[RESULT 56] [1 5.869171117376814 1 2 16 3988.0664606014507 5]
	[RESULT 57] [0 7.179139723001021 0 4 21 3999.8940350056923 99]
	[RESULT 58] [1 6.795574217762979 0 1 15 3966.8143334501497 14]
	[RESULT 59] [0 5.538572567114195 0 1 0 3988.8369286188004 100]
	[RESULT 60] [0 9.46551212134987 0 4 2 1048.7640693639523 12]
	[RESULT 61] [1 5.451552287713189 1 4 9 3999.8419893363975 100]
	[RESULT 62] [1 5.2790266885322765 0 1 3 3999.7871727806887 100]
	[RESULT 63] [1 7.628078792278645 0 1 1 3999.977197358622 100]
	[RESULT 64] [0 5.373187411502724 1 4 3 1081.939679311575 97]
	[RESULT 65] [1 14.623578103526636 1 2 17 3999.9336975288297 100]
	[RESULT 66] [1 6.105509069511436 1 4 4 3993.4176205821714 97]
	[RESULT 67] [0 48.59664759602345 1 1 4 1203.0419091396152 95]
	[RESULT 68] [0 49.38059332239599 0 1 8 3998.0396245348065 100]
	[RESULT 69] [0 7.006672504285561 0 3 7 3998.7660363795903 100]
	[RESULT 70] [0 49.95940036048537 0 1 4 3695.372184359268 98]
	[RESULT 71] [0 9.320043387217734 1 4 10 3995.540818707023 38]
	[RESULT 72] [0 5.591460635136933 1 2 4 3970.371047351289 14]
	[RESULT 73] [1 6.654712227668475 0 1 1 3999.7871727806887 100]
	[RESULT 74] [0 9.52483692074599 0 1 4 3995.0959461012194 99]
	[RESULT 75] [1 40.744391357736205 0 4 5 3999.1698628051145 100]
	[RESULT 76] [0 6.854863554858205 0 1 4 3931.134847432642 100]
	[RESULT 77] [1 9.943038513527284 1 1 5 3985.9399108402745 8]
	[RESULT 78] [1 6.213904624372269 0 4 24 3994.8772370452148 100]
	[RESULT 79] [1 6.489263677200845 0 1 1 3999.8730447227676 100]
	[RESULT 80] [0 9.756572139702666 1 2 15 3873.6980467906037 4]
	[RESULT 81] [1 7.806916727365026 0 1 4 3997.317961586984 100]
	[RESULT 82] [0 5.677132676349132 0 1 4 3790.5720279430875 98]
	[RESULT 83] [0 6.249951705265495 1 1 16 3961.282833924087 100]
	[RESULT 84] [1 6.656773127909434 0 4 1 3999.9896637822058 100]
	[RESULT 85] [1 9.689977015650323 0 4 5 3999.1675071771047 100]
	[RESULT 86] [0 5.2783052235573 0 4 3 3694.7827226212685 6]
	[RESULT 87] [1 6.795574217762979 0 1 15 3969.847321066939 98]
	[RESULT 88] [1 17.166141617295636 0 1 8 3991.760870561442 100]
	[RESULT 89] [0 5.821680160803225 0 1 15 3309.022741388572 8]
	[RESULT 90] [1 40.816249220506826 1 1 4 3999.8863963510926 99]
	[RESULT 91] [0 49.279526629743685 0 1 4 3999.619329124025 99]
	[RESULT 92] [0 6.866707648438938 0 4 19 3999.765146773617 97]
	[RESULT 93] [1 5.360736086511702 0 1 18 3968.1066080569854 100]
	[RESULT 94] [0 10.801848724544996 0 1 4 3691.2650885881176 99]
	[RESULT 95] [0 49.99990283426089 0 4 9 1024.7016638490861 1]
	[RESULT 96] [1 6.660483562995728 0 1 1 3999.7871727806887 100]
	[RESULT 97] [1 5.652325566078849 0 1 1 3999.788469358617 100]
	[RESULT 98] [1 18.115176022520878 0 1 1 3999.8730447227676 100]
	[RESULT 99] [0 7.1762091530734775 1 4 21 3946.925845148968 99]
	[RESULT 100] [0 5.56263492951938 0 1 16 3998.9034139886653 95]
	[RESULT 101] [1 5.004686617255153 1 4 4 3999.8190895760363 98]
	[RESULT 102] [0 5.130974257887154 0 1 4 3998.7185519272966 98]
	[RESULT 103] [0 6.864646748197978 0 1 19 3998.8169234627517 99]
	[RESULT 104] [0 12.2054293462395 1 2 5 3999.9924609155214 100]
	[RESULT 105] [0 5.953051480138047 0 1 4 3999.9979693918895 99]
	[RESULT 106] [1 5.3146492311811 0 4 6 3999.880436774555 100]
	[RESULT 107] [1 41.83363773950781 0 4 4 3829.195348827092 100]
	[RESULT 108] [0 6.656845974909284 0 1 7 3994.176317183759 100]
	[RESULT 109] [1 9.140573687789837 0 1 22 3999.938310821967 100]
	[RESULT 110] [0 5.971203492029027 1 2 15 3972.4938210848277 6]
	[RESULT 111] [1 5.31777046123181 0 1 0 3999.788469358617 100]
	[RESULT 112] [0 5.284655508065861 0 1 19 3968.397947742616 97]
	[RESULT 113] [1 6.1233536717782675 0 4 6 3999.9330028803383 100]
	[RESULT 114] [1 10.46817599286516 0 1 20 1723.2523866394881 100]
	[RESULT 115] [0 5.166615878464965 1 1 4 1009.9341119843984 5]
	[RESULT 116] [1 10.607085103079932 0 4 14 3905.3967160740904 55]
	[RESULT 117] [0 6.238071911463818 0 1 0 3988.9001526380744 100]
	[RESULT 118] [1 5.015189817159038 0 1 3 3999.7803895276807 100]
	[RESULT 119] [1 48.21467696164888 0 4 17 3907.164277504554 68]
	[RESULT 120] [0 5.663039891801235 0 1 21 3915.529539540907 99]
[OBJECTIVES]
	[RESULT 1] [ 0.03047539  0.00189623  0.01857916  0.02214357  0.01930189  0.09715832
  0.          0.00142084  0.00857916  0.00715832  0.          0.03347539
 -0.00194545  0.00842084]
	[RESULT 2] [0.0243163 0.0205736 0.0151101 0.019493  0.0097132 0.0902202 0.
 0.0088303 0.0051101 0.0002202 0.        0.0228163 0.0087938 0.0113899]
	[RESULT 3] [0.03133456 0.01126638 0.01739906 0.01956869 0.01436681 0.09479812
 0.         0.00260094 0.00739906 0.00479812 0.         0.02933456
 0.0090645  0.00460094]
	[RESULT 4] [1.54478066e-02 2.45528502e-02 1.99993432e-02 7.72488851e-03
 7.72357488e-03 9.99986864e-02 0.00000000e+00 6.56818240e-07
 9.99934318e-03 9.99868636e-03 0.00000000e+00 1.49478066e-02
 4.48463391e-04 5.50065682e-03]
	[RESULT 5] [0.02326101 0.01943526 0.01730373 0.01592491 0.01053237 0.09460747
 0.         0.00269627 0.00730373 0.00460747 0.         0.02026101
 0.00495728 0.00469627]
	[RESULT 6] [0.02408353 0.01948967 0.0164268  0.01740156 0.01025517 0.09285361
 0.         0.0035732  0.0064268  0.00285361 0.         0.02358353
 0.00765673 0.0040732 ]
	[RESULT 7] [ 0.01956849 -0.0061322   0.01570069  0.01833529  0.0230661   0.09140138
  0.          0.00429931  0.00570069  0.00140138  0.          0.02006849
 -0.01173081  0.00479931]
	[RESULT 8] [0.01333925 0.02126599 0.01792674 0.00977951 0.005633   0.09585348
 0.         0.00321978 0.00792674 0.00585348 0.         0.01133925
 0.00041251 0.00907326]
	[RESULT 9] [0.03358675 0.00983457 0.01657868 0.02192536 0.01508271 0.09315735
 0.         0.00576397 0.00657868 0.00315735 0.         0.03308675
 0.00099192 0.00892132]
	[RESULT 10] [2.70732584e-02 1.29327254e-02 1.99940161e-02 1.37956050e-02
 1.37836373e-02 9.99880322e-02 0.00000000e+00 5.98388031e-06
 9.99401612e-03 9.98803224e-03 0.00000000e+00 2.40732584e-02
 1.10792423e-02 7.00598388e-03]
	[RESULT 11] [0.0280061  0.01311466 0.01887925 0.01568418 0.01344267 0.09775849
 0.         0.00112075 0.00887925 0.00775849 0.         0.0260061
 0.00887315 0.00812075]
	[RESULT 12] [ 0.0151087  -0.01478463  0.01989333  0.02239435  0.02260768  0.09978666
  0.          0.00010667  0.00989333  0.00978666  0.          0.0156087
 -0.01628463  0.00489333]
	[RESULT 13] [0.03316639 0.00842115 0.01841246 0.01921451 0.01603942 0.09682491
 0.         0.00158754 0.00841246 0.00682491 0.         0.03166639
 0.00424607 0.00708754]
	[RESULT 14] [0.01902859 0.02342519 0.01754621 0.01319498 0.0082874  0.09509243
 0.         0.00286136 0.00754621 0.00509243 0.         0.01852859
 0.00648238 0.00795379]
	[RESULT 15] [2.37025577e-02 1.63028712e-02 1.99945711e-02 1.18594222e-02
 1.18485644e-02 9.99891422e-02 0.00000000e+00 5.42890018e-06
 9.99457110e-03 9.98914220e-03 0.00000000e+00 2.17025577e-02
 6.69712878e-03 4.99457110e-03]
	[RESULT 16] [0.01176575 0.01811616 0.01635041 0.01135726 0.00405808 0.09270082
 0.         0.00644877 0.00635041 0.00270082 0.         0.01126575
 0.00041534 0.00914959]
	[RESULT 17] [0.01051675 0.01562544 0.0151087  0.01259533 0.00281272 0.0902174
 0.         0.00832609 0.0051087  0.0002174  0.         0.00851675
 0.00040805 0.0118913 ]
	[RESULT 18] [ 0.03005102  0.00369089  0.01636013  0.02456571  0.01815456  0.09272026
  0.          0.00363987  0.00636013  0.00272026  0.          0.03055102
 -0.00058885  0.00413987]
	[RESULT 19] [ 0.00530181 -0.02360741  0.01890922  0.01576474  0.01794629  0.09781845
  0.          0.00109078  0.00890922  0.00781845  0.          0.00680181
 -0.02410741  0.00390922]
	[RESULT 20] [0.01744773 0.02319926 0.01575153 0.01534657 0.00684963 0.09150306
 0.         0.00424847 0.00575153 0.00150306 0.         0.01594773
 0.0006962  0.00474847]
	[RESULT 21] [ 0.01024958 -0.01772047  0.01797005  0.01682986  0.02088977  0.09594009
  0.          0.00202995  0.00797005  0.00594009  0.          0.01324958
 -0.01778038  0.00402995]
	[RESULT 22] [ 0.02757821  0.0004218   0.0171564   0.02427371  0.0200391   0.09431281
  0.          0.0028436   0.0071564   0.00431281  0.          0.03057821
 -0.00126539  0.0048436 ]
	[RESULT 23] [0.01139991 0.01738267 0.01598277 0.0117258  0.00369134 0.09196553
 0.         0.0090517  0.00598277 0.00196553 0.         0.00939991
 0.00041714 0.01101723]
	[RESULT 24] [ 0.0249932  -0.00356389  0.01855709  0.02466777  0.02178194  0.09711418
  0.          0.00144291  0.00855709  0.00711418  0.          0.0259932
 -0.00844971  0.00744291]
	[RESULT 25] [ 0.02569992  0.00057099  0.01512894  0.02029337  0.01996451  0.09025787
  0.          0.00661319  0.00512894  0.00025787  0.          0.02869992
 -0.00517114  0.00687106]
	[RESULT 26] [0.02396349 0.01986871 0.0161678  0.01798005 0.01031564 0.0923356
 0.         0.00749661 0.0061678  0.0023356  0.         0.02196349
 0.01120431 0.0098322 ]
	[RESULT 27] [3.35417034e-02 6.49942521e-03 1.99588714e-02 1.68325447e-02
 1.67502874e-02 9.99177427e-02 0.00000000e+00 4.11286316e-05
 9.95887137e-03 9.91774274e-03 0.00000000e+00 3.30417034e-02
 4.99942521e-03 4.95887137e-03]
	[RESULT 28] [ 0.01062772 -0.01516165  0.01578937  0.01374792  0.02216917  0.09157874
  0.          0.00421063  0.00578937  0.00157874  0.          0.01212772
 -0.01958291  0.00471063]
	[RESULT 29] [0.01639359 0.02317761 0.01678401 0.01302077 0.0065888  0.09356803
 0.         0.00564796 0.00678401 0.00356803 0.         0.01539359
 0.00460958 0.00921599]
	[RESULT 30] [0.02922887 0.01180196 0.01896917 0.01616067 0.01409902 0.09793835
 0.         0.00103083 0.00896917 0.00793835 0.         0.02872887
 0.01030196 0.00396917]
	[RESULT 31] [ 0.01459772 -0.01101821  0.01561593  0.01547275  0.02424089  0.09123186
  0.          0.00438407  0.00561593  0.00123186  0.          0.01609772
 -0.01578635  0.00488407]
	[RESULT 32] [0.03069796 0.01417476 0.01512728 0.02265806 0.01291262 0.09025456
 0.         0.00661816 0.00512728 0.00025456 0.         0.02869796
 0.00742932 0.00687272]
	[RESULT 33] [0.02908507 0.01405813 0.01685681 0.01950732 0.01322094 0.09371361
 0.         0.00492958 0.00685681 0.00371361 0.         0.02758507
 0.00677174 0.00864319]
	[RESULT 34] [ 0.01377044 -0.01246132  0.01623176  0.01623285  0.02376934  0.09246351
  0.          0.00730473  0.00623176  0.00246351  0.          0.01477044
 -0.02199781  0.00976824]
	[RESULT 35] [0.02012689 0.02378189 0.01609122 0.01592661 0.00810906 0.09218244
 0.         0.00390878 0.00609122 0.00218244 0.         0.01812689
 0.00403567 0.00590878]
	[RESULT 36] [ 0.0280395   0.00222404  0.01581546  0.02274295  0.01888798  0.09163093
  0.          0.00955361  0.00581546  0.00163093  0.          0.0300395
 -0.00814503  0.01118454]
	[RESULT 37] [0.01701293 0.02215225 0.01513932 0.01579749 0.00607612 0.09027863
 0.         0.00508205 0.00513932 0.00027863 0.         0.01651293
 0.00187361 0.00536068]
	[RESULT 38] [ 0.03481703  0.00969961  0.01511742  0.02491536  0.01515019  0.09023483
  0.          0.00985225  0.00511742  0.00023483  0.          0.03468297
 -0.00206555  0.01038258]
	[RESULT 39] [0.01422946 0.02280862 0.01857916 0.00924599 0.00640431 0.09715832
 0.         0.00142084 0.00857916 0.00715832 0.         0.01222946
 0.00065031 0.00842084]
	[RESULT 40] [0.03032592 0.01454696 0.01512711 0.02247229 0.01272652 0.09025423
 0.         0.00838134 0.00512711 0.00025423 0.         0.02832592
 0.00280119 0.01187289]
	[RESULT 41] [ 0.0280463  -0.00126606  0.01931236  0.02200831  0.02063303  0.09862472
  0.          0.00068764  0.00931236  0.00862472  0.          0.0285463
 -0.00276606  0.00431236]
	[RESULT 42] [ 0.00642584 -0.02135808  0.01778392  0.0146388   0.01907096  0.09556784
  0.          0.00221608  0.00778392  0.00556784  0.          0.00792584
 -0.02185808  0.00278392]
	[RESULT 43] [ 0.0125156  -0.01569268  0.01820828  0.01857023  0.02215366  0.09641656
  0.          0.00179172  0.00820828  0.00641656  0.          0.0130156
 -0.02127611  0.00729172]
	[RESULT 44] [0.02979735 0.01415895 0.0160437  0.02108313 0.01317052 0.0920874
 0.         0.0039563  0.0060437  0.0020874  0.         0.02679735
 0.01024635 0.0059563 ]
	[RESULT 45] [ 0.00536563 -0.02341803  0.01878366  0.0156083   0.01804099  0.09756731
  0.          0.00121634  0.00878366  0.00756731  0.          0.00836563
 -0.02241803  0.00378366]
	[RESULT 46] [0.01267786 0.01992332 0.01724546 0.01047074 0.00496166 0.09449092
 0.         0.00376362 0.00724546 0.00449092 0.         0.01217786
 0.0004324  0.00825454]
	[RESULT 47] [ 0.02712126  0.00054056  0.0165807   0.02343167  0.01972972  0.09316139
  0.          0.00725791  0.0065807   0.00316139  0.          0.02912126
 -0.00829804  0.0104193 ]
	[RESULT 48] [ 0.00962609 -0.01990034  0.01952643  0.01885269  0.01979983  0.09905286
  0.          0.00047357  0.00952643  0.00905286  0.          0.01262609
 -0.02184748  0.00747357]
	[RESULT 49] [0.01082078 0.01623267 0.01541188 0.01229257 0.00311633 0.09082377
 0.         0.00926435 0.00541188 0.00082377 0.         0.01032078
 0.0004089  0.01008812]
	[RESULT 50] [ 0.02705627  0.00155983  0.01549644  0.0215228   0.01947008  0.09099288
  0.          0.00450356  0.00549644  0.00099288  0.          0.02855627
 -0.00344729  0.00500356]
	[RESULT 51] [ 0.02346258 -0.00165347  0.01511605  0.01940536  0.02082674  0.09023209
  0.          0.00515186  0.00511605  0.00023209  0.          0.02396258
 -0.00842138  0.00538395]
	[RESULT 52] [0.02190754 0.02120223 0.01689023 0.01561842 0.00939889 0.09378047
 0.         0.0048293  0.00689023 0.00378047 0.         0.02140754
 0.01001731 0.00860977]
	[RESULT 53] [ 0.0050451  -0.02412083  0.01916593  0.01602144  0.01768959  0.09833186
  0.          0.00083407  0.00916593  0.00833186  0.          0.0065451
 -0.02462083  0.00416593]
	[RESULT 54] [0.01963097 0.02351735 0.01685168 0.01453797 0.00824133 0.09370336
 0.         0.00314832 0.00685168 0.00370336 0.         0.01763097
 0.00277929 0.00514832]
	[RESULT 55] [0.01689437 0.02332117 0.0164268  0.01380698 0.00666059 0.09285361
 0.         0.0035732  0.0064268  0.00285361 0.         0.01639437
 0.00046756 0.0040732 ]
	[RESULT 56] [0.0308056  0.01151941 0.01767498 0.01914033 0.01449029 0.09534996
 0.         0.00297505 0.00767498 0.00534996 0.         0.0288056
 0.00586938 0.00832502]
	[RESULT 57] [ 0.01853277 -0.00803999  0.01657275  0.01912551  0.02401999  0.09314551
  0.          0.00342725  0.00657275  0.00314551  0.          0.02053277
 -0.01189448  0.00542725]
	[RESULT 58] [0.0287599  0.01445156 0.01678854 0.01944714 0.01302422 0.09357708
 0.         0.00321146 0.00678854 0.00357708 0.         0.0272599
 0.01097136 0.00371146]
	[RESULT 59] [ 0.01446741 -0.01378235  0.01824977  0.01960835  0.02310882  0.09649953
  0.          0.00175023  0.00824977  0.00649953  0.          0.01496741
 -0.01528235  0.00324977]
	[RESULT 60] [0.01634954 0.02226437 0.01591483 0.01430253 0.00613219 0.09182965
 0.         0.00425552 0.00591483 0.00182965 0.         0.01434954
 0.00043472 0.00608517]
	[RESULT 61] [ 0.01071243 -0.01773216  0.01844459  0.0177731   0.02088392  0.09688918
  0.          0.00166624  0.00844459  0.00688918  0.          0.01371243
 -0.02184298  0.00855541]
	[RESULT 62] [ 0.00530181 -0.02360741  0.01890922  0.01576474  0.01794629  0.09781845
  0.          0.00109078  0.00890922  0.00781845  0.          0.00680181
 -0.02410741  0.00390922]
	[RESULT 63] [ 0.00764464 -0.0187335   0.01637814  0.01313953  0.02038325  0.09275628
  0.          0.00362186  0.00637814  0.00275628  0.          0.00914464
 -0.02197722  0.00412186]
	[RESULT 64] [0.01885353 0.02250531 0.01864116 0.01146502 0.00874735 0.09728233
 0.         0.00135884 0.00864116 0.00728233 0.         0.01685353
 0.00521236 0.00835884]
	[RESULT 65] [ 0.01359548 -0.01187518  0.01547065  0.01475371  0.02381241  0.0909413
  0.          0.00958805  0.00547065  0.0009413   0.          0.01559548
 -0.02193387  0.01052935]
	[RESULT 66] [ 0.03183576  0.00446104  0.01737472  0.02327004  0.01801948  0.09474945
  0.          0.00487583  0.00737472  0.00474945  0.          0.03483576
 -0.00178952  0.00962528]
	[RESULT 67] [0.01366693 0.01877904 0.01511212 0.01416529 0.00438952 0.09022423
 0.         0.00983635 0.00511212 0.00022423 0.         0.01316693
 0.00355481 0.01038788]
	[RESULT 68] [ 0.01170765 -0.01340253  0.01511018  0.01351909  0.02329874  0.09022036
  0.          0.00516946  0.00511018  0.00022036  0.          0.01220765
 -0.02018217  0.00538982]
	[RESULT 69] [ 0.00951295 -0.01715001  0.01666297  0.01475093  0.02142499  0.09332594
  0.          0.00333703  0.00666297  0.00332594  0.          0.01101295
 -0.02082408  0.00483703]
	[RESULT 70] [0.02367154 0.02121967 0.01510879 0.01917258 0.00939016 0.09021758
 0.         0.00517362 0.00510879 0.00021758 0.         0.02317154
 0.00856274 0.00539121]
	[RESULT 71] [0.0324731  0.01158706 0.01593984 0.02232679 0.01420647 0.09187968
 0.         0.00918047 0.00593984 0.00187968 0.         0.0304731
 0.00146674 0.01106016]
	[RESULT 72] [0.02481247 0.01704576 0.01814177 0.01519358 0.01147712 0.09628354
 0.         0.00185823 0.00814177 0.00628354 0.         0.02381247
 0.0113293  0.00785823]
	[RESULT 73] [ 0.00732759 -0.01955586  0.01688344  0.01373896  0.01997207  0.09376689
  0.          0.00311656  0.00688344  0.00376689  0.          0.00882759
 -0.02178897  0.00361656]
	[RESULT 74] [ 0.02319482 -0.00271018  0.015905    0.02045492  0.02135509  0.09181001
  0.          0.004095    0.005905    0.00181001  0.          0.02369482
 -0.00790018  0.004595  ]
	[RESULT 75] [ 0.00966738 -0.01546869  0.01513608  0.0122878   0.02201565  0.09027215
  0.          0.00659177  0.00513608  0.00027215  0.          0.01266738
 -0.02119654  0.00686392]
	[RESULT 76] [ 0.02659011 -0.00016128  0.0167514   0.02342215  0.02008064  0.09350279
  0.          0.0032486   0.0067514   0.00350279  0.          0.02709011
 -0.00365849  0.0037486 ]
	[RESULT 77] [0.02805736 0.01610132 0.01584132 0.0205167  0.01219934 0.09168264
 0.         0.00797604 0.00584132 0.00168264 0.         0.02655736
 0.00678396 0.00965868]
	[RESULT 78] [ 0.01099312 -0.01626534  0.01725845  0.01613424  0.02161733  0.09451691
  0.          0.00274155  0.00725845  0.00451691  0.          0.01399312
 -0.01774843  0.00474155]
	[RESULT 79] [ 0.00711769 -0.01989094  0.01700863  0.01382178  0.01980453  0.09401725
  0.          0.00299137  0.00700863  0.00401725  0.          0.00861769
 -0.02187369  0.00349137]
	[RESULT 80] [0.01520557 0.02107414 0.01586857 0.01379993 0.00553707 0.09173714
 0.         0.00839428 0.00586857 0.00173714 0.         0.01420557
 0.004337   0.01013143]
	[RESULT 81] [ 0.01010878 -0.01620461  0.0163134   0.01427449  0.02164769  0.0926268
  0.          0.0036866   0.0063134   0.0026268   0.          0.01160878
 -0.01957782  0.0041866 ]
	[RESULT 82] [0.02731401 0.01470471 0.01798128 0.01668509 0.01264764 0.09596256
 0.         0.00201872 0.00798128 0.00596256 0.         0.02681401
 0.00979529 0.00298128]
	[RESULT 83] [ 0.02796876  0.00074649  0.01722227  0.02481778  0.01962676  0.09444454
  0.          0.00383319  0.00722227  0.00444454  0.          0.02846876
 -0.00680897  0.00827773]
	[RESULT 84] [ 0.00712835 -0.01975363  0.01688198  0.01363715  0.01987318  0.09376396
  0.          0.00311802  0.00688198  0.00376396  0.          0.01012835
 -0.02198967  0.00511802]
	[RESULT 85] [ 0.00892693 -0.01695181  0.01587874  0.01303157  0.02127409  0.09175748
  0.          0.00436379  0.00587874  0.00175748  0.          0.01192693
 -0.02119434  0.00612126]
	[RESULT 86] [0.02101465 0.02007392 0.01891143 0.01214018 0.00996304 0.09782286
 0.         0.00108857 0.00891143 0.00782286 0.         0.01901465
 0.00292608 0.00391143]
	[RESULT 87] [0.03421261 0.00742407 0.01678854 0.02296088 0.01653796 0.09357708
 0.         0.00321146 0.00678854 0.00357708 0.         0.03428739
 0.00500115 0.00371146]
	[RESULT 88] [ 0.0148171  -0.01056266  0.01537976  0.01522819  0.02446867  0.09075952
  0.          0.00462024  0.00537976  0.00075952  0.          0.0163171
 -0.01580314  0.00512024]
	[RESULT 89] [0.01883271 0.02342258 0.01774472 0.01279927 0.00828871 0.09548944
 0.         0.00225528 0.00774472 0.00548944 0.         0.01833271
 0.00108799 0.00275528]
	[RESULT 90] [ 0.02397728 -0.00115853  0.01513581  0.01944235  0.02082926  0.09027162
  0.          0.00990743  0.00513581  0.00027162  0.          0.02547728
 -0.01188691  0.01036419]
	[RESULT 91] [ 0.02026454 -0.00484589  0.01511043  0.01779791  0.02242294  0.09022085
  0.          0.00516872  0.00511043  0.00022085  0.          0.02076454
 -0.01162504  0.00538957]
	[RESULT 92] [ 0.02348851 -0.00325565  0.01674416  0.02186049  0.02162783  0.09348832
  0.          0.00325584  0.00674416  0.00348832  0.          0.02548851
 -0.00676733  0.00525584]
	[RESULT 93] [ 0.01934006 -0.00933442  0.01867448  0.02243175  0.02491721  0.09734896
  0.          0.00132552  0.00867448  0.00734896  0.          0.02084006
 -0.00983442  0.00367448]
	[RESULT 94] [0.02760784 0.01665707 0.01573509 0.02020128 0.01167147 0.09147019
 0.         0.00426491 0.00573509 0.00147019 0.         0.02710784
 0.01112726 0.00476491]
	[RESULT 95] [0.01551701 0.0206257  0.0151087  0.01509546 0.00531285 0.09021739
 0.         0.00667391 0.0051087  0.00021739 0.         0.01351701
 0.00040831 0.0068913 ]
	[RESULT 96] [ 0.00733167 -0.01954768  0.01687936  0.01373487  0.01997616  0.09375872
  0.          0.00312064  0.00687936  0.00375872  0.          0.00883167
 -0.02178897  0.00362064]
	[RESULT 97] [ 0.00618372 -0.02184232  0.01802604  0.01488092  0.01882884  0.09605208
  0.          0.00197396  0.00802604  0.00605208  0.          0.00768372
 -0.02234232  0.00302604]
	[RESULT 98] [ 0.00877209 -0.01658214  0.01535423  0.01216739  0.02145893  0.09070846
  0.          0.00464577  0.00535423  0.00070846  0.          0.01027209
 -0.02187369  0.00514577]
	[RESULT 99] [0.02957941 0.01384638 0.0165742  0.0199284  0.01307681 0.09314841
 0.         0.00727739 0.0065742  0.00314841 0.         0.02757941
 0.00499479 0.0104258 ]
	[RESULT 100] [ 0.02451745 -0.00368227  0.01819972  0.02455831  0.02184114  0.09639945
  0.          0.00180028  0.00819972  0.00639945  0.          0.02501745
 -0.00518227  0.00319972]
	[RESULT 101] [ 2.25362678e-02 -7.44040843e-03  1.99766762e-02  2.40168518e-02
  2.39702042e-02  9.99533524e-02  0.00000000e+00  2.33237767e-05
  9.97667622e-03  9.95335245e-03  0.00000000e+00  2.55362678e-02
 -8.48705598e-03  7.02332378e-03]
	[RESULT 102] [ 0.02013133 -0.00928963  0.01942097  0.02419712  0.02464482  0.09884193
  0.          0.00057903  0.00942097  0.00884193  0.          0.02063133
 -0.01078963  0.00442097]
	[RESULT 103] [ 0.0193842  -0.00736121  0.01674542  0.01981023  0.02368061  0.09349083
  0.          0.00325458  0.00674542  0.00349083  0.          0.0198842
 -0.01087038  0.00375458]
	[RESULT 104] [ 0.01439818 -0.01121117  0.01560935  0.01561312  0.02439442  0.09121871
  0.          0.00917194  0.00560935  0.00121871  0.          0.01539818
 -0.02199246  0.01039065]
	[RESULT 105] [ 0.01744193 -0.01011816  0.0175601   0.02006111  0.02494092  0.09512019
  0.          0.0024399   0.0075601   0.00512019  0.          0.01794193
 -0.01199797  0.0029399 ]
	[RESULT 106] [ 0.0053157  -0.0234876   0.0188033   0.01561279  0.0180062   0.09760659
  0.          0.0011967   0.0088033   0.00760659  0.          0.0083157
 -0.0224876   0.0038033 ]
	[RESULT 107] [ 0.03067589  0.00554373  0.01513216  0.02278618  0.01747814  0.09026432
  0.          0.00660353  0.00513216  0.00026432  0.          0.03367589
 -0.00019196  0.00686784]
	[RESULT 108] [ 0.01284145 -0.01404048  0.01688193  0.01674362  0.02297976  0.09376386
  0.          0.00311807  0.00688193  0.00376386  0.          0.01334145
 -0.01727662  0.00361807]
	[RESULT 109] [ 0.00808888 -0.01788377  0.01597265  0.01275342  0.02080811  0.09194531
  0.          0.00402735  0.00597265  0.00194531  0.          0.00958888
 -0.02193846  0.00452735]
	[RESULT 110] [0.02465041 0.01781307 0.01753652 0.01602042 0.01109347 0.09507304
 0.         0.00339044 0.00753652 0.00507304 0.         0.02365041
 0.01088611 0.00846348]
	[RESULT 111] [ 0.00541547 -0.02337882  0.01879429  0.01564917  0.01806059  0.09758858
  0.          0.00120571  0.00879429  0.00758858  0.          0.00691547
 -0.02387882  0.00379429]
	[RESULT 112] [0.0349341  0.00617381 0.01889209 0.01912891 0.0169131  0.09778419
 0.         0.00110791 0.00889209 0.00778419 0.         0.0344341
 0.00467381 0.00389209]
	[RESULT 113] [ 0.00671205 -0.02064271  0.01735477  0.01413817  0.01942864  0.09470953
  0.          0.00264523  0.00735477  0.00470953  0.          0.00971205
 -0.02193318  0.00464523]
	[RESULT 114] [0.03295545 0.00718244 0.01577302 0.02488725 0.01665878 0.09154603
 0.         0.00422698 0.00577302 0.00154603 0.         0.03445545
 0.00272847 0.00472698]
	[RESULT 115] [0.01470153 0.02398743 0.0192859  0.00842191 0.00699371 0.0985718
 0.         0.0007141  0.0092859  0.0085718  0.         0.01420153
 0.00041563 0.0062141 ]
	[RESULT 116] [0.02241716 0.02182608 0.01575676 0.01782343 0.00933696 0.09151353
 0.         0.00472971 0.00575676 0.00151353 0.         0.01941716
 0.00566039 0.00624324]
	[RESULT 117] [ 0.01545284 -0.01178122  0.01723407  0.01857752  0.02410939  0.09446813
  0.          0.00276593  0.00723407  0.00446813  0.          0.01595284
 -0.01431309  0.00326593]
	[RESULT 118] [ 4.29251082e-03 -2.56326765e-02  1.99251873e-02  1.67840364e-02
  1.69336618e-02  9.98503746e-02  0.00000000e+00  7.48126946e-05
  9.92518731e-03  9.85037461e-03  0.00000000e+00  5.79251082e-03
 -2.61326765e-02  4.92518731e-03]
	[RESULT 119] [0.02202314 0.02286378 0.01511308 0.01859194 0.00881811 0.09022617
 0.         0.00666075 0.00511308 0.00022617 0.         0.01902314
 0.00591005 0.00688692]
	[RESULT 120] [0.03371585 0.00827761 0.01800654 0.01984811 0.01586119 0.09601308
 0.         0.00199346 0.00800654 0.00601308 0.         0.03321585
 0.00677761 0.00300654]
