[METRICS]
	[DISEQUILIBRIUM COUNT] 1177
	[MINIMUM S0 sTrt S1 DISTANCE]0.004049146025543959
	[MINIMUM S0 sTrt S21 DISTANCE]-0.025942707039347798
	[MINIMUM S0 sTrt S22 DISTANCE]0.015108699326406544
	[MINIMUM S7 sTrt S6 DISTANCE]0.00770598337804812
	[MINIMUM S7 sTrt S8 DISTANCE]0.002813937660980259
	[MINIMUM S7 sTrt S21 DISTANCE]0.09021739865281304
	[MINIMUM S7 esTrt S22 DISTANCE]0.0
	[MINIMUM S14 sTrt S13 DISTANCE]2.638640250740565e-09
	[MINIMUM S14 sTrt S15 DISTANCE]0.005108699326406507
	[MINIMUM S14 sTrt S21 DISTANCE]0.00021739865281304033
	[MINIMUM S14 sTrt S22 DISTANCE]0.0
	[MINIMUM S20 sTrt S19 DISTANCE]0.005549146025543794
	[MINIMUM S20 sTrt S21 DISTANCE]-0.026442707039347806
	[MINIMUM S20 sTrt S22 DISTANCE]0.0027519526577521602
	[AVERAGE S0 sTrt S1 DISTANCE]0.020529409579168476
	[AVERAGE S0 sTrt S21 DISTANCE]0.009353434677056998
	[AVERAGE S0 sTrt S22 DISTANCE]0.016809956968017223
	[AVERAGE S7 sTrt S6 DISTANCE]0.017156006361428142
	[AVERAGE S7 sTrt S8 DISTANCE]0.013048464999049797
	[AVERAGE S7 sTrt S21 DISTANCE]0.09361991393603447
	[AVERAGE S7 sTrt S22 DISTANCE]0.0
	[AVERAGE S14 sTrt S13 DISTANCE]0.004412802030413116
	[AVERAGE S14 sTrt S15 DISTANCE]0.006809956968017233
	[AVERAGE S14 sTrt S21 DISTANCE]0.0036199139360344667
	[AVERAGE S14 sTrt S22 DISTANCE]0.0
	[AVERAGE S20 sTrt S19 DISTANCE]0.020118642792655683
	[AVERAGE S20 sTrt S21 DISTANCE]-0.0013245837859649477
	[AVERAGE S20 sTrt S22 DISTANCE]0.006727604402071301
[VARIABLES]
	[RESULT 1] [1 5.485287725155514 1 1 21 3991.1717151036914 100]
	[RESULT 2] [0 5.0001094214785855 1 1 12 3974.6102430600768 98]
	[RESULT 3] [0 5.129504787914109 1 4 11 3991.3847407623803 99]
	[RESULT 4] [1 6.080215637406787 0 1 14 3995.919711653127 100]
	[RESULT 5] [1 8.831294639770913 1 4 12 3938.062243101312 100]
	[RESULT 6] [0 5.67712385859917 1 1 5 3999.218171881599 100]
	[RESULT 7] [1 7.45072278508461 0 4 4 3999.77715807228 100]
	[RESULT 8] [0 5.129504787914109 1 4 11 3906.4476453193693 99]
	[RESULT 9] [1 7.376086794700224 1 1 4 3959.4109621286516 100]
	[RESULT 10] [1 49.96733546941706 0 1 5 3999.996227544337 100]
	[RESULT 11] [0 9.034690420805745 0 4 12 3982.1839106103503 100]
	[RESULT 12] [0 6.463924928760234 0 1 11 3996.0862826606563 99]
	[RESULT 13] [1 5.961117592816845 0 4 0 1019.9990563157997 11]
	[RESULT 14] [0 6.613876690386645 1 1 12 3974.6102430600768 98]
	[RESULT 15] [1 5.001960863377775 0 1 12 3765.6281696676856 100]
	[RESULT 16] [1 5.769216673468442 1 1 6 3948.1671299691166 97]
	[RESULT 17] [1 6.546449620861011 0 1 5 3993.607016712869 100]
	[RESULT 18] [0 8.482699057722469 0 4 12 1030.4672113341621 12]
	[RESULT 19] [1 46.39041652064208 1 4 2 3990.8362704139968 95]
	[RESULT 20] [0 47.21553171998464 1 3 12 3965.934090029677 100]
	[RESULT 21] [0 49.3662413928018 1 1 24 3999.6471610426656 19]
	[RESULT 22] [1 7.131663668964189 0 4 16 1743.4813245355715 97]
	[RESULT 23] [0 49.99536350713303 1 4 13 1026.562571499815 2]
	[RESULT 24] [1 10.089307947164716 0 1 5 3999.999305318654 100]
	[RESULT 25] [1 5.952258598566925 0 1 5 3999.9988705050005 100]
	[RESULT 26] [1 5.465185030012933 0 1 13 3999.99937334623 100]
	[RESULT 27] [1 5.6269392743907485 0 1 13 3999.99937334623 100]
	[RESULT 28] [0 5.783513697475542 1 1 8 1136.6898167125453 2]
	[RESULT 29] [0 45.794941137748836 1 1 6 3445.6331760198136 85]
	[RESULT 30] [1 5.632224974666768 0 1 21 3999.998482915884 100]
	[RESULT 31] [1 5.658283179280611 0 1 5 3999.976881110726 100]
	[RESULT 32] [0 6.941930692619379 1 1 7 3905.3703564528987 35]
	[RESULT 33] [1 6.692753765649215 0 4 4 3999.9854466834963 100]
	[RESULT 34] [1 5.300100375066101 0 1 0 1019.9990563157997 11]
	[RESULT 35] [0 5.1222814043735125 1 4 4 3994.2371815981537 100]
	[RESULT 36] [1 6.732144788216859 0 1 4 3936.645423388187 23]
	[RESULT 37] [0 5.620448647717311 1 4 23 3951.6762314468656 19]
	[RESULT 38] [0 6.755205579978434 0 1 12 1650.747883625165 15]
	[RESULT 39] [1 5.3530509686916385 0 1 21 3999.9973923167095 100]
	[RESULT 40] [0 5.460181418960848 0 1 6 3992.7986862990133 100]
	[RESULT 41] [1 7.473663237814007 0 1 13 3999.99937334623 100]
	[RESULT 42] [0 5.000005597325119 1 1 8 1047.2579945666437 2]
	[RESULT 43] [1 48.69176606634778 0 1 5 3996.278504728195 100]
	[RESULT 44] [0 6.2988392973173895 1 4 7 1001.2932283928875 20]
	[RESULT 45] [0 49.0901328961345 1 1 13 3884.917552948379 99]
	[RESULT 46] [1 6.152451798043579 0 1 14 3950.4085312391067 94]
	[RESULT 47] [1 5.629843079920208 0 1 13 3999.99937334623 100]
	[RESULT 48] [1 43.87865413995998 0 1 11 3998.427507518476 98]
	[RESULT 49] [1 5.3530509686916385 0 1 20 3999.9973923167095 100]
	[RESULT 50] [1 11.650912067527939 0 1 4 3950.316916912168 100]
	[RESULT 51] [1 5.7552235233788345 1 4 23 3787.085470953868 100]
	[RESULT 52] [1 16.691779820845326 0 1 5 3999.725873753112 100]
	[RESULT 53] [0 46.21012704497824 0 1 0 1018.0321018526489 15]
	[RESULT 54] [1 5.631546777243846 0 1 4 3999.9965713707056 100]
	[RESULT 55] [1 6.543901428114908 0 1 13 3999.99937334623 100]
	[RESULT 56] [1 46.347085456596666 0 4 0 3967.4682741359998 13]
	[RESULT 57] [1 5.427567167390136 1 1 14 3999.0124654572637 94]
	[RESULT 58] [1 10.574954763275121 0 4 16 1743.4813245355715 98]
	[RESULT 59] [0 7.264548965630535 0 4 12 3991.396206455841 100]
	[RESULT 60] [1 6.942228246468414 0 1 20 3982.010259522944 100]
	[RESULT 61] [0 6.2933203243806375 1 4 11 3855.3604397983154 99]
	[RESULT 62] [1 5.770282578945817 0 1 5 3960.263881363762 100]
	[RESULT 63] [0 5.849628590186506 1 1 12 3999.9998626808147 98]
	[RESULT 64] [0 7.648731409060058 1 4 5 3779.1884505844346 99]
	[RESULT 65] [1 5.381179430103535 1 1 17 3999.976881110726 100]
	[RESULT 66] [1 8.776416944803987 0 4 5 3999.805692005864 100]
	[RESULT 67] [0 46.382798581130274 1 3 12 3989.384423624252 100]
	[RESULT 68] [1 5.6762137605560525 1 1 4 3999.996111898088 99]
	[RESULT 69] [0 5.349220216105447 1 1 6 1859.1346450491253 100]
	[RESULT 70] [1 6.392828039976431 0 1 5 3999.9994069727545 100]
	[RESULT 71] [1 46.347085456596666 0 4 0 3990.5820968260177 13]
	[RESULT 72] [0 5.7719168866277775 0 1 24 3989.3531977862876 29]
	[RESULT 73] [1 17.20921327248216 0 1 7 3994.3530119050074 100]
	[RESULT 74] [0 12.646003461513303 0 1 6 3866.171042194092 100]
	[RESULT 75] [0 5.55763315104829 0 1 4 3999.587156273284 99]
	[RESULT 76] [0 10.328502105799089 1 4 1 1021.3192636556395 15]
	[RESULT 77] [1 5.955880903855329 1 4 23 3900.122587156129 99]
	[RESULT 78] [0 5.363992265313479 1 1 8 1043.5522464552853 12]
	[RESULT 79] [1 5.00163204625665 0 1 14 3999.9589335621004 100]
	[RESULT 80] [0 12.226133677042787 0 1 24 3769.083959478799 28]
	[RESULT 81] [1 48.029734501449134 0 1 0 3967.149845489947 13]
	[RESULT 82] [1 7.619514596196685 0 4 21 3967.4630561438403 100]
	[RESULT 83] [1 5.029557194336086 0 1 0 3988.3572382583425 100]
	[RESULT 84] [1 5.826078406768499 0 4 22 3783.3393457827274 100]
	[RESULT 85] [0 7.664159944576883 1 1 7 1050.7734687312518 100]
	[RESULT 86] [1 48.41406932988577 0 4 21 3904.0447433626528 100]
	[RESULT 87] [0 7.432383332796835 1 1 16 1291.8046029069042 36]
	[RESULT 88] [1 46.316046254276145 0 1 13 3999.700623780015 99]
	[RESULT 89] [0 5.000005597325119 1 1 9 1059.3775116893282 98]
	[RESULT 90] [0 5.5321705421691725 0 1 13 1688.6346522488707 14]
	[RESULT 91] [1 5.178563602126544 0 1 21 3999.9450010578607 98]
	[RESULT 92] [1 5.65250925939256 0 1 13 3999.999828652379 100]
	[RESULT 93] [0 5.892074292438062 0 2 12 3989.1953274803623 100]
	[RESULT 94] [1 5.116386911935087 0 1 13 3999.999954659328 100]
	[RESULT 95] [0 5.189077593222541 1 4 7 3924.3276870527384 15]
	[RESULT 96] [0 5.16049641628761 1 1 24 3999.9969294974026 100]
	[RESULT 97] [1 6.40911967975526 0 1 5 3999.9988151700913 86]
	[RESULT 98] [0 11.225390919485918 1 4 12 3982.1839106103503 100]
	[RESULT 99] [1 49.87407138016094 0 4 13 1113.2856668998802 6]
	[RESULT 100] [0 6.050800621745443 1 1 13 3528.192272004269 97]
	[RESULT 101] [1 5.385893861920573 0 4 13 3999.5246504045617 19]
	[RESULT 102] [1 5.386663434854589 1 4 12 3995.872888783382 100]
	[RESULT 103] [0 7.390954286265357 0 1 7 3994.175053099104 100]
	[RESULT 104] [0 8.858749114092474 1 1 12 3868.247379295518 19]
	[RESULT 105] [0 49.6407892132952 0 1 13 3899.6964442390654 18]
	[RESULT 106] [1 8.792337855201001 0 1 14 3950.4085312391067 95]
	[RESULT 107] [0 8.22669666189788 0 1 12 3974.6102430600768 98]
	[RESULT 108] [0 5.363992265313479 1 1 9 1043.5522464552853 99]
	[RESULT 109] [0 6.480071730111452 0 1 7 1035.4188572415915 100]
	[RESULT 110] [1 5.702665969741652 0 1 1 3999.9995775389093 100]
	[RESULT 111] [1 8.776416944803987 0 4 5 3893.7016189744736 100]
	[RESULT 112] [1 5.536743864216654 0 1 13 3999.99937334623 100]
	[RESULT 113] [1 7.507588776187887 0 1 20 3999.997510758175 92]
	[RESULT 114] [0 5.4806038473292435 1 4 11 3793.383155276839 2]
	[RESULT 115] [0 5.235128772934901 0 1 6 3947.435650948997 18]
	[RESULT 116] [1 8.469963395967024 0 1 5 3997.2016166178378 100]
	[RESULT 117] [1 5.6370959862730325 0 1 21 3994.409578891428 100]
	[RESULT 118] [1 6.1993088621301755 1 1 23 3931.2609589279286 100]
	[RESULT 119] [1 5.230473487970732 0 1 13 1219.672143493649 100]
	[RESULT 120] [1 6.039842928239275 0 1 16 3849.130413600267 36]
[OBJECTIVES]
	[RESULT 1] [ 0.01715799 -0.01120837  0.01836635  0.02087852  0.02414582  0.0967327
  0.          0.00163365  0.00836635  0.0067327   0.          0.01865799
 -0.01547566  0.00713365]
	[RESULT 2] [3.40694341e-02 5.93111299e-03 1.99994530e-02 1.70355376e-02
 1.70344435e-02 9.99989059e-02 0.00000000e+00 5.47047534e-07
 9.99945295e-03 9.99890590e-03 0.00000000e+00 3.35694341e-02
 3.93001889e-03 5.50054705e-03]
	[RESULT 3] [ 0.02698053 -0.00244618  0.01942672  0.02236965  0.02122309  0.09885344
  0.          0.00057328  0.00942672  0.00885344  0.          0.02898053
 -0.00559275  0.00757328]
	[RESULT 4] [ 0.01010418 -0.01729942  0.0174036   0.01590749  0.02110029  0.09480719
  0.          0.0025964   0.0074036   0.00480719  0.          0.01160418
 -0.01849222  0.0030964 ]
	[RESULT 5] [ 0.03077603  0.00474111  0.01603492  0.02419039  0.01787944  0.09206984
  0.          0.00889524  0.00603492  0.00206984  0.          0.03377603
 -0.00418905  0.01096508]
	[RESULT 6] [ 0.01277682 -0.01520447  0.01798129  0.01836035  0.02239777  0.09596259
  0.          0.00201871  0.00798129  0.00596259  0.          0.01327682
 -0.02124188  0.00751871]
	[RESULT 7] [ 0.0077719  -0.01867707  0.01644897  0.01330941  0.02041146  0.09289794
  0.          0.00355103  0.00644897  0.00289794  0.          0.0107719
 -0.02177913  0.00555103]
	[RESULT 8] [0.02969865 0.01087463 0.01942672 0.01570925 0.01456268 0.09885344
 0.         0.00057328 0.00942672 0.00885344 0.         0.02769865
 0.00772807 0.00757328]
	[RESULT 9] [ 0.02798996  0.00150896  0.016481    0.02346649  0.01949552  0.09296201
  0.          0.00605699  0.006481    0.00296201  0.          0.02948996
 -0.00652903  0.009019  ]
	[RESULT 10] [ 0.008895   -0.01621377  0.01510877  0.01186066  0.02164311  0.09021755
  0.          0.00517368  0.00510877  0.00021755  0.          0.010395
 -0.02199623  0.00539123]
	[RESULT 11] [ 0.01940957 -0.00658354  0.01599311  0.01869445  0.02329177  0.09198622
  0.          0.00402067  0.00599311  0.00198622  0.          0.02140957
 -0.01159732  0.00600689]
	[RESULT 12] [ 0.02135468 -0.0056746   0.01702928  0.02122126  0.0228373   0.09405857
  0.          0.00297072  0.00702928  0.00405857  0.          0.02185468
 -0.00861604  0.00347072]
	[RESULT 13] [0.01897978 0.02347066 0.01754957 0.01341554 0.00851467 0.09509913
 0.         0.00245043 0.00754957 0.00509913 0.         0.01597978
 0.00043021 0.00445043]
	[RESULT 14] [0.03098285 0.01210428 0.01691287 0.02012212 0.01394786 0.09382574
 0.         0.0047614  0.00691287 0.00382574 0.         0.03048285
 0.00393002 0.00858713]
	[RESULT 15] [ 2.66001171e-02 -3.39009774e-03  1.99902149e-02  2.19646191e-02
  2.19450489e-02  9.99804297e-02  0.00000000e+00  9.78512959e-06
  9.99021487e-03  9.98042974e-03  0.00000000e+00  2.81001171e-02
 -3.89009774e-03  4.99021487e-03]
	[RESULT 16] [0.02696065 0.01521324 0.01782611 0.01699116 0.01264338 0.09565222
 0.         0.00217389 0.00782611 0.00565222 0.         0.02546065
 0.00986546 0.00767389]
	[RESULT 17] [ 0.01212757 -0.01483594  0.01696352  0.01625906  0.02233203  0.09392704
  0.          0.00303648  0.00696352  0.00392704  0.          0.01362757
 -0.01690891  0.00353648]
	[RESULT 18] [0.01654883 0.02266423 0.0161154  0.01410132 0.00633212 0.0922308
 0.         0.0038846  0.0061154  0.0022308  0.         0.01454883
 0.00043343 0.0058846 ]
	[RESULT 19] [0.03274554 0.01213651 0.01511795 0.02394584 0.01418175 0.0902359
 0.         0.00835385 0.00511795 0.0002359  0.         0.02974554
 0.00137241 0.01188205]
	[RESULT 20] [ 0.0293029  0.0041872  0.0151157  0.022325   0.0179064  0.0902314
  0.         0.0088471  0.0051157  0.0002314  0.         0.0308029
 -0.0075814  0.0113843]
	[RESULT 21] [ 0.03499381  0.0098836   0.01511021  0.02483777  0.0150582   0.09022043
  0.          0.00983064  0.00511021  0.00022043  0.          0.03450619
 -0.00189597  0.01038979]
	[RESULT 22] [0.02287054 0.02053287 0.0165966  0.01679037 0.00998357 0.09319319
 0.         0.0034034  0.0065966  0.00319319 0.         0.01987054
 0.00527394 0.0054034 ]
	[RESULT 23] [0.01051917 0.01562788 0.01510871 0.01259652 0.00281394 0.09021741
 0.         0.00832612 0.00510871 0.00021741 0.         0.00851917
 0.00041046 0.01189129]
	[RESULT 24] [ 0.00817958 -0.01764153  0.01582111  0.01257146  0.02092924  0.09164222
  0.          0.00417889  0.00582111  0.00164222  0.          0.00967958
 -0.02199931  0.00467889]
	[RESULT 25] [ 0.00643999 -0.02112114  0.01756114  0.0143117   0.01918943  0.09512227
  0.          0.00243886  0.00756114  0.00512227  0.          0.00793999
 -0.02199887  0.00293886]
	[RESULT 26] [ 0.00558809 -0.02282445  0.01841254  0.01516285  0.01833778  0.09682508
  0.          0.00158746  0.00841254  0.00682508  0.          0.00708809
 -0.02332445  0.00341254]
	[RESULT 27] [ 0.00592737 -0.02214588  0.01807326  0.01482357  0.01867706  0.09614651
  0.          0.00192674  0.00807326  0.00614651  0.          0.00742737
 -0.02264588  0.00307326]
	[RESULT 28] [0.01322186 0.02102532 0.01780345 0.00990575 0.00551266 0.09560691
 0.         0.00219655 0.00780345 0.00560691 0.         0.01272186
 0.00041841 0.00769655]
	[RESULT 29] [0.0124484  0.01756803 0.01511963 0.01354475 0.00378401 0.09023926
 0.         0.0098589  0.00511963 0.00023926 0.         0.0119484
 0.00232876 0.01038037]
	[RESULT 30] [ 0.00593821 -0.02212509  0.0180633   0.01481406  0.01868746  0.09612661
  0.          0.0019367   0.0080633   0.00612661  0.          0.00743821
 -0.02262509  0.0030633 ]
	[RESULT 31] [ 0.00600793 -0.02200724  0.01801517  0.01477672  0.01874638  0.09603033
  0.          0.00198483  0.00801517  0.00603033  0.          0.00750793
 -0.02250724  0.00301517]
	[RESULT 32] [0.01722705 0.02392662 0.01669956 0.01356418 0.00696331 0.09339913
 0.         0.00540131 0.00669956 0.00339913 0.         0.01672705
 0.00552749 0.00880044]
	[RESULT 33] [ 0.00715771 -0.01969913  0.01685684  0.01361411  0.01990044  0.09371367
  0.          0.00314316  0.00685684  0.00371367  0.          0.01015771
 -0.02198546  0.00514316]
	[RESULT 34] [0.02027607 0.02087808 0.01884586 0.01211925 0.00981096 0.09769171
 0.         0.00115414 0.00884586 0.00769171 0.         0.01877607
 0.00262192 0.00384586]
	[RESULT 35] [ 0.01522806 -0.01422716  0.01945521  0.02179684  0.02288642  0.09891042
  0.          0.00054479  0.00945521  0.00891042  0.          0.01722806
 -0.01731673  0.00754479]
	[RESULT 36] [0.02516024 0.01800969 0.01683006 0.01758503 0.01124515 0.09366013
 0.         0.00316994 0.00683006 0.00366013 0.         0.02366024
 0.00733018 0.00366994]
	[RESULT 37] [0.02185331 0.02006113 0.01808557 0.01379831 0.00996944 0.09617113
 0.         0.0027433  0.00808557 0.00617113 0.         0.01985331
 0.00876774 0.00891443]
	[RESULT 38] [0.01731055 0.02412529 0.01681475 0.01343315 0.00706265 0.09362949
 0.         0.00318525 0.00681475 0.00362949 0.         0.01681055
 0.0004958  0.00368525]
	[RESULT 39] [ 0.00530726 -0.0233881   0.01869535  0.01544666  0.01805595  0.0973907
  0.          0.00130465  0.00869535  0.0073907   0.          0.00680726
 -0.0238881   0.00369535]
	[RESULT 40] [ 0.01216662 -0.01625761  0.01842423  0.01871966  0.02187119  0.09684846
  0.          0.00157577  0.00842423  0.00684846  0.          0.01266662
 -0.01775761  0.00342423]
	[RESULT 41] [ 0.00756122 -0.01887818  0.0164394   0.01318972  0.02031091  0.09287881
  0.          0.0035606   0.0064394   0.00287881  0.          0.00906122
 -0.02199937  0.0040606 ]
	[RESULT 42] [1.54118828e-02 2.45881452e-02 1.99999720e-02 7.70598338e-03
 7.70592741e-03 9.99999440e-02 0.00000000e+00 2.79864689e-08
 9.99997201e-03 9.99994403e-03 0.00000000e+00 1.49118828e-02
 4.11910783e-04 5.50002799e-03]
	[RESULT 43] [ 0.01212742 -0.01298446  0.01511188  0.01348152  0.02325777  0.09022375
  0.          0.00516437  0.00511188  0.00022375  0.          0.01362742
 -0.01876071  0.00538812]
	[RESULT 44] [0.01262862 0.01980363 0.01717501 0.0105518  0.00490182 0.09435002
 0.         0.00547497 0.00717501 0.00435002 0.         0.01062862
 0.00045361 0.00982499]
	[RESULT 45] [0.02457255 0.02031656 0.01511089 0.01961994 0.00984172 0.09022178
 0.         0.00983267 0.00511089 0.00022178 0.         0.02407255
 0.00853834 0.01038911]
	[RESULT 46] [0.02955905 0.01311802 0.01732293 0.01904513 0.01369099 0.09464586
 0.         0.00267707 0.00732293 0.00464586 0.         0.02805905
 0.01123612 0.00317707]
	[RESULT 47] [ 0.00593285 -0.02213493  0.01806778  0.01481809  0.01868253  0.09613556
  0.          0.00193222  0.00806778  0.00613556  0.          0.00743285
 -0.02263493  0.00306778]
	[RESULT 48] [ 0.02368739 -0.00143799  0.01512538  0.01928177  0.020969    0.09025076
  0.          0.00512386  0.00512538  0.00025076  0.          0.02518739
 -0.00718723  0.00537462]
	[RESULT 49] [ 0.00530726 -0.0233881   0.01869535  0.01544666  0.01805595  0.0973907
  0.          0.00130465  0.00869535  0.0073907   0.          0.00680726
 -0.0238881   0.00369535]
	[RESULT 50] [ 0.02497779 -0.00067573  0.01565352  0.02071917  0.02058786  0.09130703
  0.          0.00434648  0.00565352  0.00130703  0.          0.02647779
 -0.0053687   0.00484648]
	[RESULT 51] [0.03352437 0.00567573 0.01784864 0.02171486 0.01741214 0.09569728
 0.         0.00345408 0.00784864 0.00569728 0.         0.03347563
 0.00037301 0.00915136]
	[RESULT 52] [ 0.0088772  -0.01651676  0.01539396  0.01227953  0.02149162  0.09078791
  0.          0.00460604  0.00539396  0.00078791  0.          0.0103772
 -0.02172885  0.00510604]
	[RESULT 53] [0.01555886 0.02067732 0.01511845 0.01510175 0.00533866 0.09023691
 0.         0.00514464 0.00511845 0.00023691 0.         0.01505886
 0.00044041 0.00538155]
	[RESULT 54] [ 0.00593885 -0.02212572  0.01806458  0.01481629  0.01868714  0.09612915
  0.          0.00193542  0.00806458  0.00612915  0.          0.00743885
 -0.02262572  0.00306458]
	[RESULT 55] [ 0.00703514 -0.01993034  0.01696548  0.0137158   0.01978483  0.09393097
  0.          0.00303452  0.00696548  0.00393097  0.          0.00853514
 -0.02199937  0.00353452]
	[RESULT 56] [0.02720892 0.01767301 0.01511807 0.02117735 0.01141349 0.09023614
 0.         0.00664578 0.00511807 0.00023614 0.         0.02420892
 0.01109084 0.00688193]
	[RESULT 57] [ 2.85904029e-02  8.79407187e-05  1.85024622e-02  2.32011053e-02
  2.02060296e-02  9.70049243e-02  0.00000000e+00  1.49753783e-03
  8.50246217e-03  7.00492434e-03  0.00000000e+00  3.00904029e-02
 -3.90713494e-03  6.99753783e-03]
	[RESULT 58] [0.02370107 0.02053847 0.01576046 0.01845984 0.00998077 0.09152092
 0.         0.00471862 0.00576046 0.00152092 0.         0.02070107
 0.00694061 0.00623954]
	[RESULT 59] [ 0.0148693  -0.0116623   0.01653161  0.01723206  0.02416885  0.09306321
  0.          0.00346839  0.00653161  0.00306321  0.          0.0168693
 -0.01559909  0.00546839]
	[RESULT 60] [ 0.01776226 -0.00893714  0.01669939  0.01868022  0.02471857  0.09339878
  0.          0.00330061  0.00669939  0.00339878  0.          0.01926226
 -0.01153835  0.00380061]
	[RESULT 61] [0.02586453 0.01695523 0.01718024 0.0171619  0.01152239 0.09436049
 0.         0.00545927 0.00718024 0.00436049 0.         0.02386453
 0.00931572 0.00981976]
	[RESULT 62] [ 0.02152101 -0.0063034   0.01782441  0.02224712  0.0234017   0.09564882
  0.          0.00217559  0.00782441  0.00564882  0.          0.02302101
 -0.0068034   0.00282441]
	[RESULT 63] [ 0.02563023 -0.00207302  0.01770325  0.02436998  0.02103651  0.09540649
  0.          0.00239026  0.00770325  0.00540649  0.          0.02613023
 -0.00866653  0.00779675]
	[RESULT 64] [0.02391294 0.01971672 0.01637034 0.01740096 0.01014164 0.09274068
 0.         0.00788898 0.00637034 0.00274068 0.         0.02191294
 0.0104574  0.01062966]
	[RESULT 65] [ 0.010403   -0.01821709  0.01862009  0.01788164  0.02064145  0.09724019
  0.          0.00137991  0.00862009  0.00724019  0.          0.011903
 -0.0219769   0.00687991]
	[RESULT 66] [ 0.008146   -0.01790081  0.01604681  0.01289321  0.02079959  0.09209362
  0.          0.00395319  0.00604681  0.00209362  0.          0.011146
 -0.02180719  0.00595319]
	[RESULT 67] [ 0.02233353 -0.00278445  0.01511797  0.01884372  0.02139222  0.09023594
  0.          0.00885392  0.00511797  0.00023594  0.          0.02383353
 -0.0145485   0.01138203]
	[RESULT 68] [ 0.02102097 -0.00696194  0.01798291  0.02223486  0.02373097  0.09596583
  0.          0.00201709  0.00798291  0.00596583  0.          0.02252097
 -0.01199611  0.00751709]
	[RESULT 69] [0.03399441 0.00729974 0.01870584 0.01893844 0.01635013 0.09741169
 0.         0.00129416 0.00870584 0.00741169 0.         0.03349441
 0.00271143 0.00679416]
	[RESULT 70] [ 0.00691102 -0.02017856  0.01708958  0.01383987  0.01966072  0.09417916
  0.          0.00291042  0.00708958  0.00417916  0.          0.00841102
 -0.02199941  0.00341042]
	[RESULT 71] [0.0345045  0.01037743 0.01511807 0.02482514 0.01506129 0.09023614
 0.         0.00664578 0.00511807 0.00023614 0.         0.0315045
 0.00461357 0.00688193]
	[RESULT 72] [0.03436729 0.00654549 0.0178218  0.02108365 0.01672726 0.09564361
 0.         0.0021782  0.0078218  0.00564361 0.         0.03486729
 0.00504549 0.0028218 ]
	[RESULT 73] [ 0.01322796 -0.01215057  0.01537852  0.01443176  0.02367472  0.09075705
  0.          0.00462148  0.00537852  0.00075705  0.          0.01472796
 -0.01739352  0.00512148]
	[RESULT 74] [ 0.03048665  0.00490835  0.0155783   0.02361078  0.01754583  0.0911566
  0.          0.0044217   0.0055783   0.0011566   0.          0.03098665
 -0.00093505  0.0049217 ]
	[RESULT 75] [ 0.01719614 -0.01101386  0.01821     0.02091307  0.02449307  0.09642
  0.          0.00179     0.00821     0.00642     0.          0.01769614
 -0.01251386  0.00321   ]
	[RESULT 76] [0.01123071 0.01702079 0.01579008 0.01193024 0.00351039 0.09158015
 0.         0.00962977 0.00579008 0.00158015 0.         0.00923071
 0.00044064 0.01120992]
	[RESULT 77] [0.0285613  0.01388231 0.01755639 0.01819606 0.01330885 0.09511279
 0.         0.00433082 0.00755639 0.00511279 0.         0.0255613
 0.00799509 0.00944361]
	[RESULT 78] [0.01410006 0.02276577 0.01866571 0.00905146 0.00638288 0.09733142
 0.         0.00133429 0.00866571 0.00733142 0.         0.01360006
 0.00043435 0.00683429]
	[RESULT 79] [ 4.04914603e-03 -2.59427070e-02  1.99918531e-02  1.67623526e-02
  1.67786465e-02  9.99837061e-02  0.00000000e+00  8.14693511e-06
  9.99185306e-03  9.98370613e-03  0.00000000e+00  5.54914603e-03
 -2.64427070e-02  4.99185306e-03]
	[RESULT 80] [0.018324   0.02393182 0.01560782 0.01575027 0.00696591 0.09121564
 0.         0.00439218 0.00560782 0.00121564 0.         0.017824
 0.00271618 0.00489218]
	[RESULT 81] [0.02714461 0.01774183 0.01511356 0.02115196 0.01137908 0.09022712
 0.         0.00515932 0.00511356 0.00022712 0.         0.02564461
 0.01103105 0.00538644]
	[RESULT 82] [ 0.02175601 -0.00462539  0.0163814   0.02020011  0.02256269  0.0927628
  0.          0.0036186   0.0063814   0.0027628   0.          0.02475601
 -0.00786259  0.0056186 ]
	[RESULT 83] [ 0.01208697 -0.01776949  0.01985646  0.02057817  0.02086526  0.09971291
  0.          0.00014354  0.00985646  0.00971291  0.          0.01358697
 -0.01826949  0.00485646]
	[RESULT 84] [0.02867562 0.00093751 0.01773811 0.02430503 0.01978124 0.09547622
 0.         0.00226189 0.00773811 0.00547622 0.         0.03167562
 0.00041373 0.00426189]
	[RESULT 85] [0.03157471 0.01206072 0.01636457 0.0212405  0.01396964 0.09272914
 0.         0.00640629 0.00636457 0.00272914 0.         0.03107471
 0.00278986 0.00913543]
	[RESULT 86] [ 0.02872022  0.00360765  0.01511258  0.02177898  0.01844618  0.09022515
  0.          0.00666227  0.00511258  0.00022515  0.          0.03172022
 -0.0021672   0.00688742]
	[RESULT 87] [0.01199308 0.01844979 0.01645671 0.01131147 0.00422489 0.09291343
 0.         0.00612986 0.00645671 0.00291343 0.         0.01149308
 0.00053636 0.00904329]
	[RESULT 88] [ 0.01917768 -0.00594048  0.01511816  0.01701608  0.02322024  0.09023632
  0.          0.00514552  0.00511816  0.00023632  0.          0.02067768
 -0.01170417  0.00538184]
	[RESULT 89] [2.18773870e-02 1.81226410e-02 1.99999720e-02 1.09387355e-02
 1.09386795e-02 9.99999440e-02 0.00000000e+00 2.79864689e-08
 9.99997201e-03 9.99994403e-03 0.00000000e+00 2.13773870e-02
 6.87741500e-03 5.50002799e-03]
	[RESULT 90] [0.01876074 0.02297592 0.01826334 0.01198535 0.00851204 0.09652669
 0.         0.00173666 0.00826334 0.00652669 0.         0.01826074
 0.00152408 0.00326334]
	[RESULT 91] [ 0.01814576 -0.01109669  0.01924245  0.02268656  0.02420165  0.0984849
  0.          0.00075755  0.00924245  0.0084849   0.          0.01964576
 -0.01159669  0.00424245]
	[RESULT 92] [ 0.00597447 -0.02205123  0.0180257   0.01477579  0.01872438  0.0960514
  0.          0.0019743   0.0080257   0.0060514   0.          0.00747447
 -0.02255123  0.0030257 ]
	[RESULT 93] [ 0.01490158 -0.01274103  0.0176426   0.01891469  0.02362949  0.0952852
  0.          0.0023574   0.0076426   0.0052852   0.          0.01590158
 -0.01445582  0.0033574 ]
	[RESULT 94] [ 0.00452131 -0.02495742  0.01947873  0.01622876  0.01727129  0.09895747
  0.          0.00052127  0.00947873  0.00895747  0.          0.00602131
 -0.02545742  0.00447873]
	[RESULT 95] [0.02064576 0.0201493  0.01920494 0.01151547 0.00992535 0.09840988
 0.         0.00079506 0.00920494 0.00840988 0.         0.01864576
 0.00644082 0.00779506]
	[RESULT 96] [ 0.01069457 -0.01861393  0.0193085   0.01931004  0.02069303  0.098617
  0.          0.0006915   0.0093085   0.008617    0.          0.01119457
 -0.02199693  0.0061915 ]
	[RESULT 97] [ 0.0255924  -0.00148304  0.01707545  0.02315937  0.02099152  0.09415089
  0.          0.00292455  0.00707545  0.00415089  0.          0.0270924
 -0.00333215  0.00342455]
	[RESULT 98] [ 0.02471068 -0.00098132  0.015692    0.02089335  0.02049066  0.09138401
  0.          0.00992399  0.005692    0.00138401  0.          0.02671068
 -0.01159732  0.011308  ]
	[RESULT 99] [0.01653417 0.02164316 0.01510899 0.01585359 0.00607158 0.09021799
 0.         0.00667302 0.00510899 0.00021799 0.         0.01353417
 0.00042518 0.00689101]
	[RESULT 100] [0.0186961  0.02386582 0.01743807 0.01319094 0.00806709 0.09487614
 0.         0.00318578 0.00743807 0.00487614 0.         0.0181961
 0.00625803 0.00806193]
	[RESULT 101] [ 0.0256148  -0.00299298  0.01860778  0.02453093  0.02174649  0.09721556
  0.          0.00139222  0.00860778  0.00721556  0.          0.0286148
 -0.00199298  0.00360778]
	[RESULT 102] [ 0.01393655 -0.01466923  0.01860578  0.01962694  0.02241539  0.09721156
  0.          0.00139422  0.00860578  0.00721156  0.          0.01693655
 -0.01845767  0.00839422]
	[RESULT 103] [ 0.0132497  -0.01322481  0.01647451  0.01633662  0.0233876   0.09294902
  0.          0.00352549  0.00647451  0.00294902  0.          0.0137497
 -0.01727579  0.00402549]
	[RESULT 104] [0.01526015 0.02128922 0.01602907 0.01358647 0.00564461 0.09205814
 0.         0.00741279 0.00602907 0.00205814 0.         0.01476015
 0.00423108 0.00947093]
	[RESULT 105] [0.0203384  0.02455205 0.01510955 0.01750487 0.00772398 0.0902191
 0.         0.00517135 0.00510955 0.0002191  0.         0.0198384
 0.00522885 0.00539045]
	[RESULT 106] [0.02875564 0.01520103 0.01604333 0.02056282 0.01264949 0.09208666
 0.         0.00395667 0.00604333 0.00208666 0.         0.02725564
 0.01128769 0.00445667]
	[RESULT 107] [0.03474706 0.00856411 0.01618296 0.02335203 0.01571795 0.09236591
 0.         0.00381704 0.00618296 0.00236591 0.         0.03475294
 0.00393002 0.00431704]
	[RESULT 108] [0.02387534 0.01745895 0.01866571 0.0139391  0.01127052 0.09733142
 0.         0.00133429 0.00866571 0.00733142 0.         0.02337534
 0.01020963 0.00683429]
	[RESULT 109] [0.03277487 0.0057588  0.01701607 0.02308846 0.0171206  0.09403214
 0.         0.00298393 0.00701607 0.00403214 0.         0.03327487
 0.00279094 0.00348393]
	[RESULT 110] [ 0.00606385 -0.02187272  0.01793657  0.01468678  0.01881364  0.09587314
  0.          0.00206343  0.00793657  0.00587314  0.          0.00756385
 -0.02237272  0.00293657]
	[RESULT 111] [ 0.02819304  0.00214623  0.01604681  0.02291673  0.01917688  0.09209362
  0.          0.00395319  0.00604681  0.00209362  0.          0.03119304
 -0.00176015  0.00595319]
	[RESULT 112] [ 0.00574699 -0.02250664  0.01825363  0.01500395  0.01849668  0.09650727
  0.          0.00174637  0.00825363  0.00650727  0.          0.00724699
 -0.02300664  0.00325363]
	[RESULT 113] [ 0.02535479 -0.00107069  0.01642548  0.02206561  0.02078535  0.09285096
  0.          0.00357452  0.00642548  0.00285096  0.          0.02685479
 -0.00421973  0.00407452]
	[RESULT 114] [0.01627744 0.02465444 0.018377   0.01057322 0.00732722 0.096754
 0.         0.001869   0.008377   0.006754   0.         0.01427744
 0.00290044 0.008623  ]
	[RESULT 115] [0.02734695 0.01360489 0.01904816 0.01510123 0.01319756 0.09809632
 0.         0.00095184 0.00904816 0.00809632 0.         0.02684695
 0.01089511 0.00404816]
	[RESULT 116] [ 0.0103981  -0.01572048  0.01611858  0.01412692  0.02188976  0.09223715
  0.          0.00388142  0.00611858  0.00223715  0.          0.0118981
 -0.01948332  0.00438142]
	[RESULT 117] [ 0.01051458 -0.01753961  0.01805419  0.01708857  0.0209802   0.09610838
  0.          0.00194581  0.00805419  0.00610838  0.          0.01201458
 -0.01803961  0.00305419]
	[RESULT 118] [ 0.03005911  0.00278567  0.01727344  0.02431028  0.01885716  0.09454688
  0.          0.00367968  0.00727344  0.00454688  0.          0.03155911
 -0.00366745  0.00822656]
	[RESULT 119] [0.02971373 0.00065026 0.01906348 0.02179792 0.01992487 0.09812695
 0.         0.00093652 0.00906348 0.00812695 0.         0.03121373
 0.00015026 0.00406348]
	[RESULT 120] [0.02231263 0.0202362  0.01745117 0.01522956 0.0101319  0.09490234
 0.         0.00254883 0.00745117 0.00490234 0.         0.02081263
 0.00386146 0.00304883]
