[METRICS]
	[DISEQUILIBRIUM COUNT] 935
	[MINIMUM S0 sTrt S1 DISTANCE]0.004105872098996488
	[MINIMUM S0 sTrt S21 DISTANCE]-0.02579300384976886
	[MINIMUM S0 sTrt S22 DISTANCE]0.015108698883972677
	[MINIMUM S7 sTrt S6 DISTANCE]0.007705969137756952
	[MINIMUM S7 sTrt S8 DISTANCE]0.002813464433272461
	[MINIMUM S7 sTrt S21 DISTANCE]0.09021739776794531
	[MINIMUM S7 esTrt S22 DISTANCE]0.0
	[MINIMUM S14 sTrt S13 DISTANCE]2.427128181770044e-07
	[MINIMUM S14 sTrt S15 DISTANCE]0.00510869888397264
	[MINIMUM S14 sTrt S21 DISTANCE]0.00021739776794529875
	[MINIMUM S14 sTrt S22 DISTANCE]0.0
	[MINIMUM S20 sTrt S19 DISTANCE]0.005513976502975471
	[MINIMUM S20 sTrt S21 DISTANCE]-0.026472762866559037
	[MINIMUM S20 sTrt S22 DISTANCE]0.00275572265248078
	[AVERAGE S0 sTrt S1 DISTANCE]0.020334684409775056
	[AVERAGE S0 sTrt S21 DISTANCE]0.011446876671629044
	[AVERAGE S0 sTrt S22 DISTANCE]0.016529660852499867
	[AVERAGE S7 sTrt S6 DISTANCE]0.016803725061507683
	[AVERAGE S7 sTrt S8 DISTANCE]0.011848959522856854
	[AVERAGE S7 sTrt S21 DISTANCE]0.09305932170499973
	[AVERAGE S7 sTrt S22 DISTANCE]0.0
	[AVERAGE S14 sTrt S13 DISTANCE]0.004937609345085476
	[AVERAGE S14 sTrt S15 DISTANCE]0.006529660852499871
	[AVERAGE S14 sTrt S21 DISTANCE]0.0030593217049997234
	[AVERAGE S14 sTrt S22 DISTANCE]0.0
	[AVERAGE S20 sTrt S19 DISTANCE]0.019765991620645938
	[AVERAGE S20 sTrt S21 DISTANCE]-0.00045553730223472265
	[AVERAGE S20 sTrt S22 DISTANCE]0.007043934052612232
[VARIABLES]
	[RESULT 1] [1 5.976938121519154 1 1 6 3984.509904942329 57]
	[RESULT 2] [0 6.667760114116807 1 1 3 3984.509904942329 56]
	[RESULT 3] [1 8.655013724478932 1 1 5 3962.272746835562 92]
	[RESULT 4] [1 8.90673358109013 1 4 2 3936.6498349785657 99]
	[RESULT 5] [0 6.6065699297886535 0 4 14 1033.4048488394615 8]
	[RESULT 6] [0 5.929141592269071 1 4 14 1092.9442465694985 29]
	[RESULT 7] [1 5.37853599749992 1 4 10 3778.393723042603 57]
	[RESULT 8] [1 48.73422588263002 1 4 23 3986.753837820191 100]
	[RESULT 9] [0 15.341330357795174 0 1 13 3998.081534156909 100]
	[RESULT 10] [0 49.985164437249175 1 4 5 1012.1855534507929 2]
	[RESULT 11] [1 7.111977479764445 0 3 5 1016.698089526867 97]
	[RESULT 12] [0 5.000053884352272 0 1 24 3957.353540389877 35]
	[RESULT 13] [1 45.756610533097614 1 4 21 1574.3053743272733 97]
	[RESULT 14] [1 5.9409465114363265 1 3 20 3966.31096352675 57]
	[RESULT 15] [0 49.99755514316538 1 1 19 1032.3086757137717 5]
	[RESULT 16] [1 5.372218966795203 1 4 22 1159.2360010050006 99]
	[RESULT 17] [0 8.050237922853315 0 4 22 3989.2593132388506 100]
	[RESULT 18] [1 5.378096683844548 1 4 21 3999.942845553821 100]
	[RESULT 19] [1 5.936736482248814 1 1 21 3897.078857024361 62]
	[RESULT 20] [1 49.71980366108737 0 4 22 3951.3157366870305 100]
	[RESULT 21] [1 6.08875235810387 0 1 22 3999.994084343471 100]
	[RESULT 22] [0 7.292095916589567 1 1 15 1509.4601219624199 97]
	[RESULT 23] [0 5.380624919693497 1 4 22 3918.814945546434 100]
	[RESULT 24] [1 5.473155939672919 0 1 22 3999.99928410699 100]
	[RESULT 25] [0 48.30196484481468 1 1 24 3956.6355319306804 97]
	[RESULT 26] [0 5.000502743338906 1 3 24 1004.4121813223501 1]
	[RESULT 27] [1 5.196361541202312 1 4 21 3962.2148750687384 98]
	[RESULT 28] [0 46.369629950702034 1 4 22 3997.454488035666 99]
	[RESULT 29] [0 7.391565060999888 0 1 13 3999.989433318314 100]
	[RESULT 30] [0 7.181785498024388 1 3 6 1006.7463942431147 2]
	[RESULT 31] [1 8.598571817192148 0 1 23 3996.527008486375 100]
	[RESULT 32] [1 5.000348360065368 1 4 21 3999.307695533715 100]
	[RESULT 33] [1 49.61697425900039 1 4 21 3828.658120497506 99]
	[RESULT 34] [0 49.92879177914034 0 1 19 1012.212248496025 5]
	[RESULT 35] [1 5.398320315560427 0 1 22 3922.210075779857 100]
	[RESULT 36] [1 6.52056312378628 1 4 21 3955.2422828253566 100]
	[RESULT 37] [0 5.089559585644708 1 4 22 3939.5527230095204 4]
	[RESULT 38] [1 5.364174585750727 0 1 20 3999.9996717895947 100]
	[RESULT 39] [1 48.247749692609666 0 1 18 3999.99913393085 100]
	[RESULT 40] [1 5.49992471124757 0 1 18 3999.9944028926066 100]
	[RESULT 41] [1 6.695664420082406 0 1 22 3992.536042855591 100]
	[RESULT 42] [0 5.624480213008172 1 3 24 1009.0821906447042 1]
	[RESULT 43] [0 5.370381103282613 0 1 5 1143.2481744048146 98]
	[RESULT 44] [0 6.540499940110209 1 1 21 3855.989770733892 100]
	[RESULT 45] [1 6.897540158167655 0 1 22 3888.786002864244 100]
	[RESULT 46] [1 5.905597192225178 0 1 18 3999.9965659133404 100]
	[RESULT 47] [0 7.939159240912247 0 3 5 3889.6323363063498 98]
	[RESULT 48] [0 49.315311132700195 0 1 23 3999.8870241541767 98]
	[RESULT 49] [1 8.665053277315426 0 4 22 3999.999686169311 100]
	[RESULT 50] [1 5.41371253228379 0 1 22 3999.9997708712785 100]
	[RESULT 51] [1 5.269093878385517 1 1 21 3999.9767357748415 100]
	[RESULT 52] [1 9.788640575576197 1 1 23 3980.189602037019 100]
	[RESULT 53] [1 5.249463874972104 0 2 21 1003.7602422535485 17]
	[RESULT 54] [1 49.724829833405636 0 4 14 3850.0667410616256 100]
	[RESULT 55] [0 10.227888502176242 0 1 24 1001.9729896068238 31]
	[RESULT 56] [0 8.558850524160977 1 1 16 3979.900620601283 97]
	[RESULT 57] [1 5.906455653998269 0 1 3 3999.958878539518 99]
	[RESULT 58] [1 44.64406717921238 0 1 21 3952.5197681418617 99]
	[RESULT 59] [0 6.562080836847128 1 1 24 3735.1939922274637 82]
	[RESULT 60] [1 6.3792517071731725 0 3 21 3999.8156767551404 98]
	[RESULT 61] [1 8.522235159773624 0 4 21 3999.307695533715 98]
	[RESULT 62] [1 6.123422952939898 0 1 22 1101.5258606923044 100]
	[RESULT 63] [1 5.274928472811136 1 4 21 3970.7929928146846 100]
	[RESULT 64] [1 5.372509830888998 1 4 22 3995.1723218538077 100]
	[RESULT 65] [1 7.1503889801652525 0 4 18 3685.77174908358 100]
	[RESULT 66] [1 6.661770308775454 0 2 9 3902.0979244472755 99]
	[RESULT 67] [1 44.14416760447752 1 4 21 1574.3053743272733 100]
	[RESULT 68] [1 5.652635907201409 0 1 22 3999.9995067153855 100]
	[RESULT 69] [1 5.786847147053519 0 1 21 3999.997994303065 100]
	[RESULT 70] [0 10.506487511636763 1 1 24 1037.5104839369246 4]
	[RESULT 71] [1 8.598571817192148 0 1 23 3996.5972140851454 97]
	[RESULT 72] [0 11.210469956528613 0 4 20 3991.893851184792 98]
	[RESULT 73] [0 5.26565590424929 1 1 24 1003.6274345798475 1]
	[RESULT 74] [1 5.941844021122499 0 4 23 3994.039539576484 100]
	[RESULT 75] [1 49.26572067224493 0 1 20 3999.1225650250217 99]
	[RESULT 76] [0 49.7664532139395 1 1 7 3898.430664731933 100]
	[RESULT 77] [0 5.000053884352272 0 1 24 3990.310324137077 99]
	[RESULT 78] [1 8.523587107440463 0 1 23 3980.9715448252846 100]
	[RESULT 79] [1 8.522235159773624 0 4 21 3857.7293747472036 92]
	[RESULT 80] [0 12.20591330388608 0 4 14 1112.1958457489955 9]
	[RESULT 81] [1 6.121730552115389 0 1 22 1085.47812704608 95]
	[RESULT 82] [1 6.299348248853305 0 4 22 3987.1729397555005 100]
	[RESULT 83] [1 7.59834246501173 0 1 21 1004.8009880573853 17]
	[RESULT 84] [1 8.782090680447139 0 1 21 3952.26614010517 98]
	[RESULT 85] [1 9.832143108467204 0 1 24 1582.446848597388 100]
	[RESULT 86] [1 49.7664532139395 1 1 7 3999.712191579673 100]
	[RESULT 87] [1 16.722825123009805 0 1 22 3994.3920335431467 100]
	[RESULT 88] [1 5.364519885656976 0 4 21 3987.319984329053 100]
	[RESULT 89] [1 5.029634337830124 1 4 21 3698.800178488701 100]
	[RESULT 90] [1 6.745339287365046 0 1 22 3999.999823050517 100]
	[RESULT 91] [1 49.359252955929016 0 4 23 3999.9540175008133 100]
	[RESULT 92] [0 5.000053884352272 0 1 24 1198.4326407763142 35]
	[RESULT 93] [1 6.335272122275051 0 1 22 3999.9995067153855 100]
	[RESULT 94] [0 9.545898780757614 0 1 21 3999.997994303065 100]
	[RESULT 95] [1 5.737808552315858 0 1 11 3999.944944353496 100]
	[RESULT 96] [1 5.142806499069671 0 4 22 3850.051235352915 100]
	[RESULT 97] [1 49.99311671898206 0 4 22 1062.6738940863343 2]
	[RESULT 98] [0 6.389569172594745 1 4 15 3885.9104360414794 98]
	[RESULT 99] [0 5.7458622953680925 0 4 14 1092.9442465694985 29]
	[RESULT 100] [1 5.7369544507379695 0 1 21 3999.9993187544633 100]
	[RESULT 101] [0 5.002659178569942 0 1 24 3999.99928410699 100]
	[RESULT 102] [1 5.129777363958736 0 2 9 3975.501477993741 100]
	[RESULT 103] [0 6.032626070169657 0 3 21 3786.742951903872 98]
	[RESULT 104] [1 5.817509375144557 0 4 18 3937.460811649112 100]
	[RESULT 105] [1 49.95676154268536 0 1 21 3834.214222401917 93]
	[RESULT 106] [1 5.690534362282148 0 1 24 3994.6772040119827 100]
	[RESULT 107] [1 7.118886131562804 0 1 22 3980.9715448252846 100]
	[RESULT 108] [1 7.555672904719083 0 4 23 3994.039539576484 100]
	[RESULT 109] [1 5.861490400775452 0 1 24 1001.9729896068238 31]
	[RESULT 110] [1 7.784878324485468 1 4 21 3999.9997608076474 91]
	[RESULT 111] [1 5.382114976805383 0 1 5 3856.7165884152114 99]
	[RESULT 112] [0 11.210469956528613 0 4 20 3796.433625634258 98]
	[RESULT 113] [1 5.674353288569707 1 4 24 1208.1895101905907 100]
	[RESULT 114] [1 49.99195976820019 0 4 22 3598.6754952027914 99]
	[RESULT 115] [0 10.670784399183818 1 2 21 1814.1985826347495 97]
	[RESULT 116] [1 7.391565060999888 0 4 13 3999.989433318314 100]
	[RESULT 117] [1 5.860179009050629 0 1 18 3999.9965659133404 100]
	[RESULT 118] [0 47.185630676764035 1 1 21 1574.3053743272733 97]
	[RESULT 119] [1 11.5603134674989 0 4 18 3999.9997608076474 100]
	[RESULT 120] [1 5.273447813696371 0 1 21 3999.9997531761346 100]
[OBJECTIVES]
	[RESULT 1] [0.02941958 0.01305125 0.01752916 0.01866605 0.01372437 0.09505833
 0.         0.00291251 0.00752916 0.00505833 0.         0.02791958
 0.00710958 0.00797084]
	[RESULT 2] [0.02775455 0.01537122 0.01687423 0.01856593 0.01231439 0.09374846
 0.         0.00487731 0.00687423 0.00374846 0.         0.02725455
 0.00711968 0.00862577]
	[RESULT 3] [0.0242601  0.01966579 0.01607411 0.01826889 0.01041711 0.09214822
 0.         0.00727767 0.00607411 0.00214822 0.         0.0227601
 0.01081401 0.00942589]
	[RESULT 4] [0.02909313 0.01488786 0.01601901 0.02076805 0.01280607 0.09203802
 0.         0.00894298 0.00601901 0.00203802 0.         0.02609313
 0.00592588 0.01098099]
	[RESULT 5] [0.0173422  0.02426043 0.01691823 0.01329376 0.00713022 0.09383646
 0.         0.00308177 0.00691823 0.00383646 0.         0.0153422
 0.00042397 0.00508177]
	[RESULT 6] [0.01308277 0.02067459 0.01759183 0.01015364 0.0053373  0.09518365
 0.         0.00422452 0.00759183 0.00518365 0.         0.01108277
 0.00049094 0.00940817]
	[RESULT 7] [0.01761599 0.02375698 0.01862704 0.01111744 0.00837151 0.09725407
 0.         0.00137296 0.00862704 0.00725407 0.         0.01461599
 0.00298895 0.00837296]
	[RESULT 8] [ 0.02254672 -0.00256505  0.01511177  0.01869102  0.02153253  0.09022354
  0.          0.00833531  0.00511177  0.00022354  0.          0.02554672
 -0.01334151  0.01188823]
	[RESULT 9] [ 0.01134087 -0.01409999  0.01544087  0.01383173  0.02295     0.09088173
  0.          0.00455913  0.00544087  0.00088173  0.          0.01184087
 -0.02021826  0.00505913]
	[RESULT 10] [0.0105182  0.01562693 0.01510873 0.012596   0.00281346 0.09021746
 0.         0.00832619 0.00510873 0.00021746 0.         0.0085182
 0.00040947 0.01189127]
	[RESULT 11] [0.02281445 0.02057885 0.0166067  0.01674718 0.00996057 0.09321339
 0.         0.0033933  0.0066067  0.00321339 0.         0.02031445
 0.00520776 0.0048933 ]
	[RESULT 12] [2.95419732e-02 1.04582962e-02 1.99997306e-02 1.47713907e-02
 1.47708519e-02 9.99994612e-02 0.00000000e+00 2.69407245e-07
 9.99973059e-03 9.99946119e-03 0.00000000e+00 2.90419732e-02
 8.95829624e-03 4.99973059e-03]
	[RESULT 13] [0.01637477 0.02149451 0.01511974 0.01575777 0.00599726 0.09023948
 0.         0.00835922 0.00511974 0.00023948 0.         0.01337477
 0.00525503 0.01188026]
	[RESULT 14] [0.02467996 0.01774398 0.01757606 0.01622588 0.01137801 0.09515213
 0.         0.00377181 0.00757606 0.00515213 0.         0.02217996
 0.01110389 0.00892394]
	[RESULT 15] [0.01052588 0.01563458 0.0151087  0.01259989 0.00281729 0.0902174
 0.         0.0098261  0.0051087  0.0002174  0.         0.01002588
 0.00041718 0.0103913 ]
	[RESULT 16] [0.02486183 0.01649444 0.01864373 0.01471531 0.01200278 0.09728747
 0.         0.00135627 0.00864373 0.00728747 0.         0.02186183
 0.01021809 0.00835627]
	[RESULT 17] [ 0.01627843 -0.00995606  0.0162345   0.01749096  0.02497803  0.09246899
  0.          0.0037655   0.0062345   0.00246899  0.          0.01827843
 -0.01448707  0.0057655 ]
	[RESULT 18] [ 0.01042883 -0.01819936  0.01862819  0.0179067   0.02065032  0.09725638
  0.          0.00137181  0.00862819  0.00725638  0.          0.01342883
 -0.02194298  0.00837181]
	[RESULT 19] [0.01898031 0.02343803 0.01758166 0.01336766 0.00853098 0.09516333
 0.         0.00275501 0.00758166 0.00516333 0.         0.01748031
 0.00539864 0.00791834]
	[RESULT 20] [ 0.0254085   0.00029914  0.01510936  0.02011829  0.02010043  0.09021872
  0.          0.00667191  0.00510936  0.00021872  0.          0.0284085
 -0.00548214  0.00689064]
	[RESULT 21] [ 0.00661214 -0.02078163  0.01739377  0.01414673  0.01935918  0.09478755
  0.          0.00260623  0.00739377  0.00478755  0.          0.00811214
 -0.02199409  0.00310623]
	[RESULT 22] [0.01676724 0.02328603 0.01651879 0.01360544 0.00664302 0.09303758
 0.         0.00594363 0.00651879 0.00303758 0.         0.01626724
 0.00524846 0.00898121]
	[RESULT 23] [ 0.0304925   0.00187095  0.01862155  0.02182143  0.01906452  0.0972431
  0.          0.00137845  0.00862155  0.0072431   0.          0.0324925
 -0.00288595  0.00837845]
	[RESULT 24] [ 0.00560664 -0.02278743  0.01839407  0.01514443  0.01835628  0.09678815
  0.          0.00160593  0.00839407  0.00678815  0.          0.00710664
 -0.02328743  0.00339407]
	[RESULT 25] [0.02425504 0.0206321  0.01511286 0.01945823 0.00968395 0.09022572
 0.         0.00983859 0.00511286 0.00022572 0.         0.02375504
 0.00885782 0.01038714]
	[RESULT 26] [1.54044009e-02 2.45981115e-02 1.99974875e-02 7.70596914e-03
 7.70094423e-03 9.99949751e-02 0.00000000e+00 2.51245358e-06
 9.99748755e-03 9.99497509e-03 0.00000000e+00 1.39044009e-02
 4.06913368e-04 6.50251245e-03]
	[RESULT 27] [0.03180059 0.00902007 0.01917934 0.01738129 0.01573997 0.09835868
 0.         0.00082066 0.00917934 0.00835868 0.         0.02880059
 0.00637875 0.00782066]
	[RESULT 28] [ 0.02719227  0.00207426  0.01511801  0.02127315  0.01896287  0.09023602
  0.          0.00835403  0.00511801  0.00023602  0.          0.02919227
 -0.00968972  0.01188199]
	[RESULT 29] [ 0.00853632 -0.01793793  0.01647425  0.01397953  0.02103104  0.09294849
  0.          0.00352575  0.00647425  0.00294849  0.          0.00903632
 -0.02198944  0.00402575]
	[RESULT 30] [0.01198054 0.01855198 0.01657144 0.0111331  0.00427599 0.09314289
 0.         0.00678567 0.00657144 0.00314289 0.         0.01048054
 0.00040909 0.00992856]
	[RESULT 31] [ 0.01096208 -0.01512521  0.01608729  0.01436198  0.02218739  0.09217459
  0.          0.00391271  0.00608729  0.00217459  0.          0.01246208
 -0.01895063  0.00441271]
	[RESULT 32] [ 9.67539083e-03 -2.03228680e-02  1.99982588e-02  1.95850836e-02
  1.95885660e-02  9.99965176e-02  0.00000000e+00  1.74119376e-06
  9.99825881e-03  9.99651761e-03  0.00000000e+00  1.26753908e-02
 -2.13263504e-02  7.00174119e-03]
	[RESULT 33] [0.02429283 0.02059756 0.01510961 0.019732   0.00995122 0.09021922
 0.         0.00832882 0.00510961 0.00021922 0.         0.02129283
 0.00981678 0.01189039]
	[RESULT 34] [0.01552465 0.02063351 0.01510886 0.01509903 0.00531676 0.09021773
 0.         0.00517341 0.00510886 0.00021773 0.         0.01502465
 0.00041578 0.00539114]
	[RESULT 35] [ 0.02434392 -0.0042318   0.01857572  0.02478554  0.0223659   0.09715144
  0.          0.00142428  0.00857572  0.00715144  0.          0.02584392
 -0.0047318   0.00357572]
	[RESULT 36] [ 0.02805673  0.00107305  0.01698368  0.02425389  0.01971347  0.09396737
  0.          0.00604895  0.00698368  0.00396737  0.          0.03105673
 -0.00595958  0.01001632]
	[RESULT 37] [0.02210965 0.01830134 0.01958901 0.01167131 0.01084933 0.09917802
 0.         0.00041099 0.00958901 0.00917802 0.         0.02010965
 0.00752064 0.00741099]
	[RESULT 38] [ 0.00533511 -0.02333011  0.01866522  0.01541538  0.01808494  0.09733044
  0.          0.00133478  0.00866522  0.00733044  0.          0.00683511
 -0.02383011  0.00366522]
	[RESULT 39] [ 0.00888787 -0.01622513  0.015113    0.01186343  0.02163743  0.090226
  0.          0.005161    0.005113    0.000226    0.          0.01038787
 -0.02199913  0.005387  ]
	[RESULT 40] [ 0.0056721  -0.02266141  0.0183335   0.0150863   0.0184193   0.096667
  0.          0.0016665   0.0083335   0.006667    0.          0.0071721
 -0.02316141  0.0033335 ]
	[RESULT 41] [ 0.01289305 -0.01396178  0.01685483  0.01647877  0.02276911  0.09370966
  0.          0.00314517  0.00685483  0.00370966  0.          0.01439305
 -0.01625212  0.00364517]
	[RESULT 42] [0.01348514 0.02156305 0.01807791 0.00962571 0.00578152 0.09615582
 0.         0.00226628 0.00807791 0.00615582 0.         0.01198514
 0.00040723 0.00842209]
	[RESULT 43] [0.02553217 0.01581921 0.01864862 0.01479315 0.01209039 0.09729724
 0.         0.00135138 0.00864862 0.00729724 0.         0.02503217
 0.00868079 0.00364862]
	[RESULT 44] [ 0.03433388  0.00736577  0.01696812  0.02238088  0.01631712  0.09393623
  0.          0.00459565  0.00696812  0.00393623  0.          0.03483388
 -0.000698    0.00853188]
	[RESULT 45] [ 0.02768603  0.00096043  0.0167256   0.02368142  0.01976979  0.0934512
  0.          0.0032744   0.0067256   0.0034512   0.          0.02918603
 -0.00158837  0.0037744 ]
	[RESULT 46] [ 0.00637958 -0.02124427  0.01762385  0.01437557  0.01912787  0.0952477
  0.          0.00237615  0.00762385  0.0052477   0.          0.00787958
 -0.02199657  0.00287615]
	[RESULT 47] [0.02755303 0.01617767 0.01626931 0.01937255 0.01191117 0.09253861
 0.         0.00373069 0.00626931 0.00253861 0.         0.02605303
 0.01128372 0.00523069]
	[RESULT 48] [ 0.02333546 -0.00177488  0.01511034  0.01933324  0.02088744  0.09022068
  0.          0.00516899  0.00511034  0.00022068  0.          0.02383546
 -0.0085542   0.00538966]
	[RESULT 49] [ 0.00792851 -0.01814328  0.0160718   0.01282196  0.02067836  0.0921436
  0.          0.0039282   0.0060718   0.0021436   0.          0.01092851
 -0.02199969  0.0059282 ]
	[RESULT 50] [ 0.00546344 -0.02307334  0.01853679  0.0152869   0.01821333  0.09707357
  0.          0.00146321  0.00853679  0.00707357  0.          0.00696344
 -0.02357334  0.00353679]
	[RESULT 51] [ 0.01008342 -0.0188564   0.01893982  0.01820144  0.0203218   0.09787964
  0.          0.00106018  0.00893982  0.00787964  0.          0.01158342
 -0.02197676  0.00656018]
	[RESULT 52] [ 0.02418858 -0.00167518  0.01586376  0.02063993  0.02108759  0.09172752
  0.          0.00790872  0.00586376  0.00172752  0.          0.02568858
 -0.01094766  0.00963624]
	[RESULT 53] [0.02044668 0.0205516  0.01900172 0.01197077 0.0099742  0.09800343
 0.         0.00099828 0.00900172 0.00800343 0.         0.01844668
 0.0024484  0.00400172]
	[RESULT 54] [ 0.03031786  0.00520851  0.01510935  0.02257295  0.01764575  0.0902187
  0.          0.00667195  0.00510935  0.0002187   0.          0.03331786
 -0.00057279  0.00689065]
	[RESULT 55] [0.0162953  0.02209814 0.01580284 0.01444339 0.00604907 0.09160568
 0.         0.00419716 0.00580284 0.00160568 0.         0.0157953
 0.00049246 0.00469716]
	[RESULT 56] [0.02995505 0.01394818 0.01609677 0.02083237 0.01302591 0.09219354
 0.         0.0072097  0.00609677 0.00219354 0.         0.02945505
 0.00414172 0.00940323]
	[RESULT 57] [ 0.01641839 -0.01120428  0.01762267  0.01939319  0.02414786  0.09524534
  0.          0.00237733  0.00762267  0.00524534  0.          0.01791839
 -0.01195895  0.00287733]
	[RESULT 58] [0.03474606 0.01013092 0.01512302 0.0249385  0.01518454 0.09024604
 0.         0.00513094 0.00512302 0.00024604 0.         0.03324606
 0.00437696 0.00537698]
	[RESULT 59] [0.01516079 0.02211232 0.01695154 0.01215308 0.00605616 0.09390308
 0.         0.00464538 0.00695154 0.00390308 0.         0.01466079
 0.00320925 0.00854846]
	[RESULT 60] [ 0.02041481 -0.00668669  0.0171015   0.02060965  0.02359335  0.094203
  0.          0.0028985   0.0071015   0.004203    0.          0.02291481
 -0.00848369  0.0043985 ]
	[RESULT 61] [ 0.02190134 -0.00420431  0.01610565  0.01985914  0.02235216  0.0922113
  0.          0.00389435  0.00610565  0.0022113   0.          0.02490134
 -0.00799302  0.00589435]
	[RESULT 62] [0.03143152 0.00407684 0.01735469 0.0235022  0.01821158 0.09470938
 0.         0.00264531 0.00735469 0.00470938 0.         0.03293152
 0.00278621 0.00314531]
	[RESULT 63] [ 0.02354834 -0.00537345  0.01892179  0.02490685  0.02293673  0.09784358
  0.          0.00107821  0.00892179  0.00784358  0.          0.02654834
 -0.00852987  0.00807821]
	[RESULT 64] [ 0.01440335 -0.01423961  0.01864296  0.01991611  0.02263019  0.09728592
  0.          0.00135704  0.00864296  0.00728592  0.          0.01740335
 -0.01795369  0.00835704]
	[RESULT 65] [0.03057048 0.00398337 0.01658711 0.0249159  0.01825831 0.09317421
 0.         0.00341289 0.00658711 0.00317421 0.         0.03357048
 0.00115758 0.00541289]
	[RESULT 66] [0.0329638  0.01015775 0.01687845 0.02141423 0.01517112 0.0937569
 0.         0.00312155 0.00687845 0.0037569  0.         0.0309638
 0.00791465 0.00412155]
	[RESULT 67] [0.03137958 0.01349587 0.01512455 0.02325296 0.01350207 0.0902491
 0.         0.00837365 0.00512455 0.0002491  0.         0.02837958
 0.00274497 0.01187545]
	[RESULT 68] [ 0.00597502 -0.02205045  0.01802547  0.01477572  0.01872478  0.09605094
  0.          0.00197453  0.00802547  0.00605094  0.          0.00747502
 -0.02255045  0.00302547]
	[RESULT 69] [ 0.00620378 -0.02159444  0.01779822  0.01454923  0.01895278  0.09559645
  0.          0.00220178  0.00779822  0.00559645  0.          0.00770378
 -0.02209444  0.00279822]
	[RESULT 70] [0.01118386 0.01695232 0.01576846 0.01193923 0.00347616 0.09153693
 0.         0.00819461 0.00576846 0.00153693 0.         0.01068386
 0.00041539 0.00973154]
	[RESULT 71] [ 0.02590782 -0.00017947  0.01608729  0.02183485  0.02033974  0.09217459
  0.          0.00391271  0.00608729  0.00217459  0.          0.02740782
 -0.00400488  0.00441271]
	[RESULT 72] [ 0.02876123  0.00306779  0.01569344  0.02292077  0.0184661   0.09138687
  0.          0.00491969  0.00569344  0.00138687  0.          0.03076123
 -0.00254533  0.00630656]
	[RESULT 73] [0.01435738 0.0233079  0.01895052 0.00875291 0.00665395 0.09790104
 0.         0.00104948 0.00895052 0.00790104 0.         0.01385738
 0.00040686 0.00654948]
	[RESULT 74] [ 0.01123809 -0.01633678  0.01757487  0.01673135  0.02158161  0.09514974
  0.          0.00242513  0.00757487  0.00514974  0.          0.01423809
 -0.01718704  0.00442513]
	[RESULT 75] [ 0.01973722 -0.00537323  0.01511046  0.0172843   0.02293662  0.09022092
  0.          0.00516862  0.00511046  0.00022092  0.          0.02123722
 -0.01115232  0.00538954]
	[RESULT 76] [ 0.03495274  0.00984349  0.01510925  0.02485975  0.01507825  0.0902185
  0.          0.00982775  0.00510925  0.0002185   0.          0.03454726
 -0.001938    0.01039075]
	[RESULT 77] [ 2.19833815e-02 -8.01634905e-03  1.99997306e-02  2.40087133e-02
  2.40081745e-02  9.99994612e-02  0.00000000e+00  2.69407245e-07
  9.99973059e-03  9.99946119e-03  0.00000000e+00  2.24833815e-02
 -9.51634905e-03  4.99973059e-03]
	[RESULT 78] [ 0.01869932 -0.007406    0.01610532  0.01825763  0.023953    0.09221064
  0.          0.00389468  0.00610532  0.00221064  0.          0.02019932
 -0.01119537  0.00439468]
	[RESULT 79] [0.02306433 0.02083002 0.01610565 0.01762369 0.00983499 0.0922113
 0.         0.00389435 0.00610565 0.0022113  0.         0.02006433
 0.00595868 0.00589435]
	[RESULT 80] [0.01604128 0.02165059 0.01560932 0.01460666 0.0058253  0.09121863
 0.         0.00517205 0.00560932 0.00121863 0.         0.01404128
 0.00043196 0.00639068]
	[RESULT 81] [0.02190252 0.02074091 0.01735657 0.01516641 0.00987954 0.09471313
 0.         0.00264343 0.00735657 0.00471313 0.         0.02040252
 0.00354595 0.00314343]
	[RESULT 82] [ 0.01530291 -0.01187162  0.01717453  0.01816325  0.02381419  0.09434906
  0.          0.00282547  0.00717453  0.00434906  0.          0.01830291
 -0.01352256  0.00482547]
	[RESULT 83] [0.01783456 0.02422409 0.01638953 0.01458299 0.00736205 0.09277906
 0.         0.00361047 0.00638953 0.00277906 0.         0.01633456
 0.00044504 0.00411047]
	[RESULT 84] [0.03230521 0.01164923 0.01604557 0.02233425 0.01442539 0.09209114
 0.         0.00395443 0.00604557 0.00209114 0.         0.03080521
 0.00774036 0.00445443]
	[RESULT 85] [0.0328868  0.00702948 0.01585732 0.02497938 0.01673526 0.09171464
 0.         0.00414268 0.00585732 0.00171464 0.         0.0343868
 0.00274412 0.00464268]
	[RESULT 86] [ 0.01417528 -0.01093397  0.01510925  0.01450152  0.02428302  0.0902185
  0.          0.00982775  0.00510925  0.0002185   0.          0.01567528
 -0.02171547  0.01039075]
	[RESULT 87] [ 0.01318748 -0.01220551  0.01539299  0.01443323  0.02364725  0.09078599
  0.          0.00460701  0.00539299  0.00078599  0.          0.01468748
 -0.01741952  0.00510701]
	[RESULT 88] [ 0.01374867 -0.01491563  0.01866429  0.01962077  0.02229219  0.09732859
  0.          0.00133571  0.00866429  0.00732859  0.          0.01674867
 -0.01391563  0.00366429]
	[RESULT 89] [0.0322279  0.00237181 0.01985609 0.01935191 0.01906409 0.09971219
 0.         0.00014391 0.00985609 0.00971219 0.         0.0347721
 0.001084   0.00714391]
	[RESULT 90] [ 0.00717891 -0.01964236  0.01682127  0.01357136  0.01992882  0.09364254
  0.          0.00317873  0.00682127  0.00364254  0.          0.00867891
 -0.02199982  0.00367873]
	[RESULT 91] [ 0.00893567 -0.01617456  0.01511023  0.01188318  0.02166272  0.09022046
  0.          0.00666931  0.00511023  0.00022046  0.          0.01193567
 -0.0219541   0.00688977]
	[RESULT 92] [2.05238772e-02 1.94763923e-02 1.99997306e-02 1.02623427e-02
 1.02618039e-02 9.99994612e-02 0.00000000e+00 2.69407245e-07
 9.99973059e-03 9.99946119e-03 0.00000000e+00 2.00238772e-02
 5.02360775e-03 4.99973059e-03]
	[RESULT 93] [ 0.00685942 -0.02028166  0.01714108  0.01389132  0.01960917  0.09428216
  0.          0.00285892  0.00714108  0.00428216  0.          0.00835942
 -0.02199951  0.00335892]
	[RESULT 94] [ 0.00910044 -0.01680113  0.01590157  0.01340257  0.02159944  0.09180313
  0.          0.00409843  0.00590157  0.00180313  0.          0.00960044
 -0.02199799  0.00459843]
	[RESULT 95] [ 0.00617775 -0.02169944  0.01787719  0.01465465  0.01890028  0.09575437
  0.          0.00212281  0.00787719  0.00575437  0.          0.00767775
 -0.02219944  0.00287719]
	[RESULT 96] [ 0.02605233 -0.00332286  0.01937519  0.02316104  0.02191143  0.09875039
  0.          0.00062481  0.00937519  0.00875039  0.          0.02905233
 -0.00232286  0.00437519]
	[RESULT 97] [0.01652171 0.02163043 0.01510871 0.01584779 0.00606521 0.09021742
 0.         0.00667386 0.00510871 0.00021742 0.         0.01352171
 0.000413   0.00689129]
	[RESULT 98] [0.0232526  0.01965497 0.01709243 0.01598766 0.01017251 0.09418485
 0.         0.00572272 0.00709243 0.00418485 0.         0.0212526
 0.01116017 0.00990757]
	[RESULT 99] [0.01835485 0.02378123 0.01786391 0.01238156 0.00810938 0.09572783
 0.         0.00213609 0.00786391 0.00572783 0.         0.01635485
 0.00049094 0.00413609]
	[RESULT 100] [ 0.00612208 -0.02175652  0.0178786   0.01462894  0.01887174  0.0957572
  0.          0.0021214   0.0078786   0.0057572   0.          0.00762208
 -0.02225652  0.0028786 ]
	[RESULT 101] [ 5.01397650e-03 -2.49727629e-02  1.99867394e-02  1.74870973e-02
  1.75136186e-02  9.99734787e-02  0.00000000e+00  1.32606305e-05
  9.98673937e-03  9.97347874e-03  0.00000000e+00  5.51397650e-03
 -2.64727629e-02  4.98673937e-03]
	[RESULT 102] [ 0.01694771 -0.01247794  0.01942565  0.02236233  0.02351103  0.0988513
  0.          0.00057435  0.00942565  0.0088513   0.          0.01894771
 -0.01247794  0.00442565]
	[RESULT 103] [0.02674976 0.01579037 0.01745987 0.01718507 0.01210481 0.09491974
 0.         0.00254013 0.00745987 0.00491974 0.         0.02524976
 0.00928988 0.00404013]
	[RESULT 104] [ 0.02410932 -0.00364169  0.01775102  0.02343119  0.02207085  0.09550203
  0.          0.00224898  0.00775102  0.00550203  0.          0.02710932
 -0.00413966  0.00424898]
	[RESULT 105] [0.02188472 0.02300648 0.0151088  0.01852916 0.00874676 0.0902176
 0.         0.00517361 0.0051088  0.0002176  0.         0.02038472
 0.00577593 0.0053912 ]
	[RESULT 106] [ 0.0104308  -0.01752685  0.01795764  0.01690187  0.02098658  0.09591529
  0.          0.00204236  0.00795764  0.00591529  0.          0.0119308
 -0.01802685  0.00295764]
	[RESULT 107] [ 0.0182015  -0.00840164  0.01660314  0.01875545  0.02445082  0.09320627
  0.          0.00339686  0.00660314  0.00320627  0.          0.0197015
 -0.01119537  0.00389686]
	[RESULT 108] [ 0.01240676 -0.01399945  0.0164062   0.01556268  0.02275028  0.09281241
  0.          0.0035938   0.0064062   0.00281241  0.          0.01540676
 -0.01718704  0.0055938 ]
	[RESULT 109] [0.01917848 0.0231355  0.01768602 0.01331021 0.00868225 0.09537204
 0.         0.00231398 0.00768602 0.00537204 0.         0.01767848
 0.00049246 0.00281398]
	[RESULT 110] [ 0.03067919  0.00435815  0.01632105  0.02457117  0.01807093  0.09264209
  0.          0.00803686  0.00632105  0.00264209  0.          0.03367919
 -0.00399976  0.01067895]
	[RESULT 111] [0.03333162 0.00805074 0.01861764 0.01898934 0.01622463 0.09723529
 0.         0.00138236 0.00861764 0.00723529 0.         0.03183162
 0.00755074 0.00361764]
	[RESULT 112] [0.02509454 0.01921203 0.01569344 0.01900711 0.01039399 0.09138687
 0.         0.00491969 0.00569344 0.00138687 0.         0.02309454
 0.0094011  0.00630656]
	[RESULT 113] [0.03420811 0.00780566 0.01798623 0.02037471 0.01634717 0.09597246
 0.         0.00304132 0.00798623 0.00597246 0.         0.03120811
 0.00277812 0.00901377]
	[RESULT 114] [0.02757473 0.01731655 0.01510871 0.0213743  0.01159172 0.09021743
 0.         0.00667386 0.00510871 0.00021743 0.         0.02457473
 0.01146602 0.00689129]
	[RESULT 115] [0.01603224 0.02178178 0.01574954 0.01439181 0.00589089 0.09149907
 0.         0.00875139 0.00574954 0.00149907 0.         0.01503224
 0.0052827  0.01025046]
	[RESULT 116] [ 0.00753632 -0.01893793  0.01647425  0.01322953  0.02028104  0.09294849
  0.          0.00352575  0.00647425  0.00294849  0.          0.01053632
 -0.02198944  0.00552575]
	[RESULT 117] [ 0.00631552 -0.02137239  0.01768791  0.01443963  0.0190638   0.09537583
  0.          0.00231209  0.00768791  0.00537583  0.          0.00781552
 -0.02199657  0.00281209]
	[RESULT 118] [0.01537081 0.02048659 0.01511578 0.01501174 0.00524329 0.09023156
 0.         0.00984734 0.00511578 0.00023156 0.         0.01487081
 0.00525503 0.01038422]
	[RESULT 119] [ 0.00833889 -0.01732246  0.01566135  0.01241147  0.02108877  0.0913227
  0.          0.00501596  0.00566135  0.0013227   0.          0.01133889
 -0.02199976  0.00633865]
	[RESULT 120] [ 0.0050739  -0.02385245  0.01892635  0.01567647  0.01782377  0.0978527
  0.          0.00107365  0.00892635  0.0078527   0.          0.0065739
 -0.02435245  0.00392635]
