[METRICS]
	[DISEQUILIBRIUM COUNT] 1411
	[MINIMUM S0 sTrt S1 DISTANCE]0.004002033308707631
	[MINIMUM S0 sTrt S21 DISTANCE]-0.025997197589878104
	[MINIMUM S0 sTrt S22 DISTANCE]0.015108699030283723
	[MINIMUM S7 sTrt S6 DISTANCE]0.007741165765246583
	[MINIMUM S7 sTrt S8 DISTANCE]0.0028163205913633305
	[MINIMUM S7 sTrt S21 DISTANCE]0.09021739806056744
	[MINIMUM S7 esTrt S22 DISTANCE]0.0
	[MINIMUM S14 sTrt S13 DISTANCE]4.446604945362864e-08
	[MINIMUM S14 sTrt S15 DISTANCE]0.005108699030283714
	[MINIMUM S14 sTrt S21 DISTANCE]0.00021739806056742667
	[MINIMUM S14 sTrt S22 DISTANCE]0.0
	[MINIMUM S20 sTrt S19 DISTANCE]0.005502033308707466
	[MINIMUM S20 sTrt S21 DISTANCE]-0.026497197589878105
	[MINIMUM S20 sTrt S22 DISTANCE]0.002754502868303234
	[AVERAGE S0 sTrt S1 DISTANCE]0.020474095609716702
	[AVERAGE S0 sTrt S21 DISTANCE]0.007253979086651421
	[AVERAGE S0 sTrt S22 DISTANCE]0.016711219932993106
	[AVERAGE S7 sTrt S6 DISTANCE]0.01741413997746565
	[AVERAGE S7 sTrt S8 DISTANCE]0.013967551050054403
	[AVERAGE S7 sTrt S21 DISTANCE]0.09342243986598621
	[AVERAGE S7 sTrt S22 DISTANCE]0.0
	[AVERAGE S14 sTrt S13 DISTANCE]0.004503511360649058
	[AVERAGE S14 sTrt S15 DISTANCE]0.006711219932993125
	[AVERAGE S14 sTrt S21 DISTANCE]0.0034224398659862326
	[AVERAGE S14 sTrt S22 DISTANCE]0.0
	[AVERAGE S20 sTrt S19 DISTANCE]0.020354115596422973
	[AVERAGE S20 sTrt S21 DISTANCE]-0.002700398179444328
	[AVERAGE S20 sTrt S22 DISTANCE]0.0066293535904760085
[VARIABLES]
	[RESULT 1] [0 47.89726207486123 0 4 9 3926.0456906717013 99]
	[RESULT 2] [0 10.490632854389993 0 4 5 1396.6993719947575 28]
	[RESULT 3] [1 6.469977367515245 0 4 10 3993.254317489401 100]
	[RESULT 4] [0 6.690619877295468 1 1 10 3993.775090072906 99]
	[RESULT 5] [0 5.32343671667837 1 1 24 1525.6517894689862 9]
	[RESULT 6] [0 5.281984916441422 1 4 5 3974.118507107563 100]
	[RESULT 7] [1 5.237300132594333 1 4 5 3999.9467340315755 100]
	[RESULT 8] [0 48.77616593443631 1 1 17 3896.0590003828806 100]
	[RESULT 9] [0 5.894355720598664 0 1 16 1148.2351814594792 7]
	[RESULT 10] [0 9.097416939144113 1 1 10 3764.841225238488 99]
	[RESULT 11] [1 6.031453544544178 0 1 11 3999.9987922087316 100]
	[RESULT 12] [0 15.790066851262889 0 1 24 3997.737558354248 100]
	[RESULT 13] [1 5.718148324352898 1 1 19 3905.925404267538 99]
	[RESULT 14] [1 5.489001216015318 0 1 14 3999.9822881335317 100]
	[RESULT 15] [1 5.540994460534375 0 1 15 3988.638836362634 9]
	[RESULT 16] [0 49.94346329074285 1 4 3 3987.3604475815882 100]
	[RESULT 17] [1 6.329056898244805 0 1 18 3999.993498315925 100]
	[RESULT 18] [1 6.038115753073323 1 1 18 3805.459125110454 17]
	[RESULT 19] [1 9.622185517320135 1 1 17 3999.9991591799644 100]
	[RESULT 20] [1 7.744285506863404 0 1 11 3993.307101738935 100]
	[RESULT 21] [0 5.665280352860641 1 1 3 3999.9913140395306 100]
	[RESULT 22] [0 6.5197388204281355 1 1 10 3903.0461596983537 99]
	[RESULT 23] [1 48.89603442023238 1 1 10 3998.9749594635723 98]
	[RESULT 24] [0 5.2052744762979835 1 4 17 3942.0026423038867 98]
	[RESULT 25] [0 6.069023126061498 1 3 22 1703.9436858948445 4]
	[RESULT 26] [0 6.726904829771175 0 4 5 1715.957222198132 20]
	[RESULT 27] [1 49.946498739145625 0 1 12 3999.998030699703 100]
	[RESULT 28] [1 5.65416967211811 0 1 18 3999.994626378905 100]
	[RESULT 29] [1 49.95329057298616 1 1 10 3999.997043170184 100]
	[RESULT 30] [1 6.747050855042053 0 1 24 3999.6630510118575 99]
	[RESULT 31] [0 49.90578191020987 0 1 10 3673.737178475004 99]
	[RESULT 32] [1 6.5085044696128325 0 1 11 3996.298519321985 100]
	[RESULT 33] [0 14.157867642009771 1 1 10 3805.224350043934 75]
	[RESULT 34] [1 12.592978631107309 0 4 5 3999.9438510726077 100]
	[RESULT 35] [1 5.740080062512291 0 1 9 3999.9929078564114 100]
	[RESULT 36] [1 8.59394609495613 0 1 17 3997.4917817496107 100]
	[RESULT 37] [1 6.875612760314459 0 1 17 3999.998209694882 100]
	[RESULT 38] [1 5.972711673856695 1 4 8 3974.4396092255115 6]
	[RESULT 39] [1 5.001644309215952 1 1 24 3997.2262582462263 100]
	[RESULT 40] [0 6.1189962193970135 0 1 7 3969.7153785449236 100]
	[RESULT 41] [0 49.66294694362361 1 4 9 1042.61197713116 3]
	[RESULT 42] [1 49.99560024105537 1 4 8 3697.141903417094 93]
	[RESULT 43] [1 5.343730581927668 0 1 7 1255.3883160724456 98]
	[RESULT 44] [0 5.548334301613124 1 4 11 3994.1851542403115 5]
	[RESULT 45] [0 5.572762865143572 0 4 5 1590.5303258039596 8]
	[RESULT 46] [0 5.6090015560296145 1 1 22 1870.4066735846695 99]
	[RESULT 47] [1 5.370855415743289 0 1 9 3994.652091161878 100]
	[RESULT 48] [1 5.7913822661884975 1 1 18 3992.798289849327 100]
	[RESULT 49] [0 49.99229476839223 1 4 9 3971.155743417923 5]
	[RESULT 50] [0 5.00228234817932 1 4 5 3833.061176179204 93]
	[RESULT 51] [0 5.251926355211999 1 4 15 1890.2423763704212 97]
	[RESULT 52] [0 13.303074724310695 1 3 24 1033.0686342644515 29]
	[RESULT 53] [1 7.031356184287681 0 1 16 3942.4876432935375 100]
	[RESULT 54] [1 10.216620037235627 0 1 24 3883.994026201991 99]
	[RESULT 55] [1 8.549301400767758 0 4 7 1150.8067960709152 99]
	[RESULT 56] [1 49.4431499662959 1 1 11 3986.8689185773087 100]
	[RESULT 57] [0 5.281984916441422 1 4 6 3994.8094740766487 93]
	[RESULT 58] [1 5.497135718809844 0 1 16 3999.999515524111 100]
	[RESULT 59] [1 5.987855708821654 0 1 17 3893.357859798607 97]
	[RESULT 60] [1 8.344725910468776 0 4 9 3951.630406907515 100]
	[RESULT 61] [0 48.77616593443631 0 1 17 3627.3045603903734 100]
	[RESULT 62] [1 5.776098876416146 0 1 9 3990.879337787715 100]
	[RESULT 63] [0 5.000131878928716 1 1 22 1708.8987885944086 16]
	[RESULT 64] [1 5.541843848938391 0 1 17 3948.810841533815 100]
	[RESULT 65] [1 5.972711673856695 1 4 8 3982.692722632989 96]
	[RESULT 66] [0 17.353470809327543 0 1 7 3645.0608106325535 97]
	[RESULT 67] [1 5.384535580233769 0 1 15 3999.9969866069355 100]
	[RESULT 68] [1 5.246998148198165 0 1 5 3893.357859798607 98]
	[RESULT 69] [1 7.896360772485285 0 1 18 3999.994626378905 100]
	[RESULT 70] [1 9.785841594216734 0 1 17 3999.99129088688 100]
	[RESULT 71] [0 42.790410154685695 0 4 8 3958.234664414883 100]
	[RESULT 72] [0 49.96997241563005 0 4 9 1167.8076635948564 5]
	[RESULT 73] [1 9.16184501138768 1 4 17 3969.131950698698 100]
	[RESULT 74] [0 6.328491234573999 0 1 12 3954.299096075933 99]
	[RESULT 75] [1 5.9048971799372 0 1 17 3999.9979277402404 100]
	[RESULT 76] [1 6.8997258963579 0 1 11 3564.1244181636193 96]
	[RESULT 77] [1 7.103481933394521 0 1 11 3755.6042861573233 99]
	[RESULT 78] [0 9.628843078972888 1 1 22 1861.4541182937444 100]
	[RESULT 79] [0 11.099399872975237 0 1 7 3980.294713528368 100]
	[RESULT 80] [1 49.99560024105537 0 4 8 3690.9938409200145 93]
	[RESULT 81] [1 6.032460304800356 0 1 22 3847.444338886382 7]
	[RESULT 82] [0 7.1951189405299685 1 1 17 1859.10570937633 20]
	[RESULT 83] [1 6.818137864598763 1 4 17 3806.9660954310125 100]
	[RESULT 84] [1 42.4570049396719 0 1 20 3993.771998004182 100]
	[RESULT 85] [0 5.001572426997319 0 1 17 3857.301801126489 96]
	[RESULT 86] [1 5.602354661713488 1 1 17 3983.393956516875 100]
	[RESULT 87] [1 6.085670131997161 0 1 17 3873.6101421389903 100]
	[RESULT 88] [0 7.734153919188155 1 4 9 1013.8820965547384 3]
	[RESULT 89] [1 8.515209868865016 0 4 9 3999.992080651764 100]
	[RESULT 90] [1 8.230819077335374 1 1 8 3918.0571270863998 100]
	[RESULT 91] [1 8.37138807565565 0 1 11 3951.2148481616964 99]
	[RESULT 92] [1 5.659593039447397 0 1 18 3999.9611628167954 100]
	[RESULT 93] [0 10.44721706094646 0 4 5 1429.4600994715574 97]
	[RESULT 94] [0 5.304942041510101 0 1 22 3998.054144060014 99]
	[RESULT 95] [1 5.385968473619418 0 1 18 3999.999515524111 100]
	[RESULT 96] [0 47.84476518278867 1 4 11 3994.1851542403115 5]
	[RESULT 97] [1 5.695477462637056 0 4 8 3847.133388463002 100]
	[RESULT 98] [1 14.600390708111636 0 1 5 3998.8036546981707 6]
	[RESULT 99] [0 49.93694383103137 0 1 9 1267.0621153841264 5]
	[RESULT 100] [0 11.099399872975237 0 1 7 3989.237059768916 100]
	[RESULT 101] [1 5.119143063685968 0 1 11 3999.997985438161 100]
	[RESULT 102] [0 14.044325032192662 1 4 19 3957.2533793248544 98]
	[RESULT 103] [0 5.000442325702545 0 1 22 3998.8852352027084 98]
	[RESULT 104] [0 5.203751039623128 1 4 10 3993.6235311775836 100]
	[RESULT 105] [1 7.280522875102837 0 4 8 3679.8522973232625 92]
	[RESULT 106] [1 5.528426552589025 0 1 19 3999.9997175576686 100]
	[RESULT 107] [1 8.344725910468776 0 4 9 3857.6435500193643 100]
	[RESULT 108] [1 5.003577235250505 1 1 3 3890.2759243609667 100]
	[RESULT 109] [0 5.635755751405712 1 3 21 1064.6289093083685 9]
	[RESULT 110] [0 5.136732132030945 0 4 23 1668.2564576350578 20]
	[RESULT 111] [1 5.499508749003831 0 1 16 3999.9996007058494 100]
	[RESULT 112] [1 5.000153843947172 0 1 17 3999.9987357287746 100]
	[RESULT 113] [1 8.931815756904367 0 4 11 3993.307101738935 100]
	[RESULT 114] [1 5.728891333561976 0 1 19 3999.9924786518923 100]
	[RESULT 115] [0 5.006758390017658 1 3 22 3698.5788134501895 100]
	[RESULT 116] [1 10.42392624336683 0 1 7 1227.544323297672 67]
	[RESULT 117] [0 5.7393983721405055 0 1 17 3857.301801126489 96]
	[RESULT 118] [1 5.896674472469282 0 1 17 3975.0761083914986 100]
	[RESULT 119] [0 5.306022568541233 0 1 19 3999.998533636713 19]
	[RESULT 120] [1 6.728554760278503 0 4 5 1657.9948531069206 100]
[OBJECTIVES]
	[RESULT 1] [0.03142995 0.01345615 0.0151139  0.02304412 0.01327193 0.0902278
 0.         0.00665829 0.0051139  0.0002278  0.         0.02942995
 0.00668395 0.0068861 ]
	[RESULT 2] [0.01628211 0.02205245 0.01577034 0.01448554 0.00602623 0.09154068
 0.         0.00468898 0.00577034 0.00154068 0.         0.01428211
 0.00051177 0.00622966]
	[RESULT 3] [ 0.01228797 -0.01473634  0.01702431  0.01643045  0.02238183  0.09404862
  0.          0.00297569  0.00702431  0.00404862  0.          0.01528797
 -0.01668772  0.00497569]
	[RESULT 4] [ 0.02812562  0.00126731  0.01685831  0.02435027  0.01936634  0.09371662
  0.          0.00492508  0.00685831  0.00371662  0.          0.02862562
 -0.00701607  0.00864169]
	[RESULT 5] [0.0142455  0.02302354 0.01877804 0.00895569 0.00651177 0.09755608
 0.         0.00122196 0.00877804 0.00755608 0.         0.0137455
 0.00046746 0.00672196]
	[RESULT 6] [ 0.02381635 -0.00508385  0.0189002   0.02474152  0.02254192  0.0978004
  0.          0.0010998   0.0089002   0.0078004   0.          0.02581635
 -0.00928344  0.0080998 ]
	[RESULT 7] [ 0.0100121  -0.01902896  0.01904106  0.01831763  0.02023552  0.09808211
  0.          0.00095894  0.00904106  0.00808211  0.          0.0130121
 -0.02194685  0.00795894]
	[RESULT 8] [ 0.03495884  0.00992949  0.01511167  0.02481192  0.01503526  0.09022333
  0.          0.009835    0.00511167  0.00022333  0.          0.03445884
 -0.00184718  0.01038833]
	[RESULT 9] [0.01806944 0.02429114 0.01763942 0.01257559 0.00785443 0.09527884
 0.         0.00236058 0.00763942 0.00527884 0.         0.01756944
 0.00043002 0.00286058]
	[RESULT 10] [0.02338327 0.02063584 0.01598089 0.0177203  0.00968208 0.09196178
 0.         0.00755733 0.00598089 0.00196178 0.         0.02288327
 0.01059762 0.00951911]
	[RESULT 11] [ 0.00653992 -0.02092138  0.01746129  0.0142119   0.01928931  0.09492258
  0.          0.00253871  0.00746129  0.00492258  0.          0.00803992
 -0.02199879  0.00303871]
	[RESULT 12] [ 0.0116506  -0.01377348  0.01542409  0.01396143  0.02311326  0.09084817
  0.          0.00457591  0.00542409  0.00084817  0.          0.0121506
 -0.01992531  0.00507591]
	[RESULT 13] [0.02915892 0.01293097 0.01791011 0.0179643  0.01378451 0.09582022
 0.         0.00208989 0.00791011 0.00582022 0.         0.02765892
 0.00775119 0.00758989]
	[RESULT 14] [ 0.00565974 -0.02269821  0.01835796  0.01511681  0.01840089  0.09671591
  0.          0.00164204  0.00835796  0.00671591  0.          0.00715974
 -0.02319821  0.00335796]
	[RESULT 15] [0.03334928 0.00510462 0.01824466 0.02120837 0.01769769 0.09648932
 0.         0.00175534 0.00824466 0.00648932 0.         0.03484928
 0.00460462 0.00324466]
	[RESULT 16] [ 0.0232863  -0.00182253  0.01510883  0.01930639  0.02091127  0.09021766
  0.          0.00832649  0.00510883  0.00021766  0.          0.0252863
 -0.01360487  0.01189117]
	[RESULT 17] [ 0.00685971 -0.02028708  0.01714679  0.01390004  0.01960646  0.09429358
  0.          0.00285321  0.00714679  0.00429358  0.          0.00835971
 -0.0219935   0.00335321]
	[RESULT 18] [0.01653819 0.02399144 0.01745325 0.01233923 0.00724572 0.09490649
 0.         0.00314026 0.00745325 0.00490649 0.         0.01503819
 0.00308495 0.00804675]
	[RESULT 19] [ 0.01311151 -0.01277783  0.01588933  0.01513975  0.02336109  0.09177867
  0.          0.007832    0.00588933  0.00177867  0.          0.01461151
 -0.02199916  0.00961067]
	[RESULT 20] [ 0.01294413 -0.01339124  0.01633537  0.01572512  0.02305438  0.09267074
  0.          0.00366463  0.00633537  0.00267074  0.          0.01444413
 -0.01672051  0.00416463]
	[RESULT 21] [ 0.01200619 -0.01599631  0.0180025   0.01800684  0.02200184  0.09600499
  0.          0.0019975   0.0080025   0.00600499  0.          0.01250619
 -0.02199132  0.0074975 ]
	[RESULT 22] [0.02710922 0.01590644 0.01698433 0.01807811 0.01204678 0.09396867
 0.         0.004547   0.00698433 0.00396867 0.         0.02660922
 0.00787511 0.00851567]
	[RESULT 23] [ 0.02820663  0.00309526  0.01511137  0.02152037  0.01870237  0.09022274
  0.          0.00983411  0.00511137  0.00022274  0.          0.02970663
 -0.007682    0.01038863]
	[RESULT 24] [0.02834546 0.01250611 0.01914843 0.01545008 0.01374695 0.09829687
 0.         0.00085157 0.00914843 0.00829687 0.         0.02634546
 0.00880297 0.00785157]
	[RESULT 25] [0.01289206 0.02030866 0.0174166  0.01032113 0.00515433 0.0948332
 0.         0.0042502  0.0074166  0.0048332  0.         0.01139206
 0.00047546 0.0090834 ]
	[RESULT 26] [0.01735117 0.02418475 0.01683358 0.01342521 0.00709237 0.09366716
 0.         0.00316642 0.00683358 0.00366716 0.         0.01535117
 0.00051759 0.00516642]
	[RESULT 27] [ 0.00889315 -0.01621568  0.01510882  0.01185981  0.02164216  0.09021764
  0.          0.00517353  0.00510882  0.00021764  0.          0.01039315
 -0.02199803  0.00539118]
	[RESULT 28] [ 0.00598271 -0.02203996  0.01802266  0.01477535  0.01873002  0.09604533
  0.          0.00197734  0.00802266  0.00604533  0.          0.00748271
 -0.02253996  0.00302266]
	[RESULT 29] [ 0.01389415 -0.01121466  0.01510881  0.01436028  0.02414267  0.09021761
  0.          0.00982642  0.00510881  0.00021761  0.          0.01539415
 -0.02199704  0.01039119]
	[RESULT 30] [ 0.01751233 -0.0093078   0.01682013  0.01873637  0.0249039   0.09364027
  0.          0.00317987  0.00682013  0.00364027  0.          0.01901233
 -0.01166753  0.00367987]
	[RESULT 31] [0.02688821 0.01800287 0.01510892 0.02078073 0.01099857 0.09021784
 0.         0.00517324 0.00510892 0.00021784 0.         0.02638821
 0.01122071 0.00539108]
	[RESULT 32] [ 0.0102309  -0.01676232  0.01699322  0.01535528  0.02136884  0.09398644
  0.          0.00300678  0.00699322  0.00398644  0.          0.0117309
 -0.01877588  0.00350678]
	[RESULT 33] [0.01410527 0.0195975  0.01549223 0.01381429 0.00479875 0.09098446
 0.         0.00902331 0.00549223 0.00098446 0.         0.01360527
 0.00361304 0.01000777]
	[RESULT 34] [ 0.00847415 -0.01710772  0.01558187  0.01235988  0.02119614  0.09116374
  0.          0.00525439  0.00558187  0.00116374  0.          0.01147415
 -0.02194398  0.00641813]
	[RESULT 35] [ 0.00613366 -0.02173977  0.01787343  0.01462698  0.01888011  0.09574686
  0.          0.00212657  0.00787343  0.00574686  0.          0.00763366
 -0.02223977  0.00287343]
	[RESULT 36] [ 0.01019113 -0.01589726  0.01608839  0.01397815  0.02180137  0.09217678
  0.          0.00391161  0.00608839  0.00217678  0.          0.01169113
 -0.01972048  0.00441161]
	[RESULT 37] [ 0.00726303 -0.01947573  0.01673876  0.01348965  0.02001214  0.09347752
  0.          0.00326124  0.00673876  0.00347752  0.          0.00876303
 -0.02199821  0.00376124]
	[RESULT 38] [0.02610656 0.01635885 0.01753458 0.01700141 0.01207057 0.09506916
 0.         0.00439625 0.00753458 0.00506916 0.         0.02310656
 0.01042802 0.00946542]
	[RESULT 39] [ 1.15049384e-02 -1.84868536e-02  1.99917920e-02  2.04901571e-02
  2.05065732e-02  9.99835839e-02  0.00000000e+00  8.20804951e-06
  9.99179195e-03  9.98358390e-03  0.00000000e+00  1.30049384e-02
 -1.95032697e-02  5.50820805e-03]
	[RESULT 40] [ 0.02133526 -0.00602435  0.01735961  0.02170704  0.02301217  0.09471922
  0.          0.00264039  0.00735961  0.00471922  0.          0.02183526
 -0.00830513  0.00314039]
	[RESULT 41] [0.01052314 0.01563264 0.0151095  0.01259732 0.00281632 0.090219
 0.         0.00832849 0.0051095  0.000219   0.         0.00852314
 0.00041365 0.0118905 ]
	[RESULT 42] [0.01551502 0.02062372 0.01510871 0.01534445 0.00556186 0.09021741
 0.         0.00832612 0.00510871 0.00021741 0.         0.01251502
 0.00440631 0.01189129]
	[RESULT 43] [0.02661331 0.0146657  0.01872098 0.01547518 0.01291715 0.09744197
 0.         0.00127902 0.00872098 0.00744197 0.         0.02511331
 0.0088343  0.00372098]
	[RESULT 44] [0.03372004 0.00805068 0.01822928 0.01951611 0.01597466 0.09645855
 0.         0.00231217 0.00822928 0.00645855 0.         0.03172004
 0.00250924 0.00877072]
	[RESULT 45] [0.0186509  0.02316998 0.01817912 0.01205677 0.00841501 0.09635824
 0.         0.00182088 0.00817912 0.00635824 0.         0.0166509
 0.00047178 0.00382088]
	[RESULT 46] [0.0233976  0.01849489 0.01810752 0.01453752 0.01075256 0.09621503
 0.         0.00189248 0.00810752 0.00621503 0.         0.0228976
 0.01029008 0.00739248]
	[RESULT 47] [ 0.00975814 -0.01888922  0.01864736  0.01760011  0.02030539  0.09729472
  0.          0.00135264  0.00864736  0.00729472  0.          0.01125814
 -0.01938922  0.00364736]
	[RESULT 48] [ 0.01679995 -0.01099119  0.01779114  0.01983669  0.02425441  0.09558228
  0.          0.00220886  0.00779114  0.00558228  0.          0.01829995
 -0.01640891  0.00770886]
	[RESULT 49] [0.0219246  0.02296669 0.01510871 0.01829923 0.00851666 0.09021743
 0.         0.00832614 0.00510871 0.00021743 0.         0.0199246
 0.01118411 0.01189129]
	[RESULT 50] [2.07448601e-02 1.92665257e-02 1.99886142e-02 1.03895087e-02
 1.03667372e-02 9.99772285e-02 0.00000000e+00 1.13857546e-05
 9.98861425e-03 9.97722849e-03 0.00000000e+00 1.87448601e-02
 5.75624586e-03 7.01138575e-03]
	[RESULT 51] [0.01928662 0.02171954 0.01899385 0.01115254 0.00914023 0.09798769
 0.         0.00100615 0.00899385 0.00798769 0.         0.01728662
 0.00529277 0.00800615]
	[RESULT 52] [0.01102413 0.01656159 0.01553746 0.01220588 0.00328079 0.09107491
 0.         0.00988763 0.00553746 0.00107491 0.         0.00952413
 0.00048667 0.01096254]
	[RESULT 53] [ 0.02477595 -0.00187348  0.01664943  0.02211212  0.02118674  0.09329885
  0.          0.00335057  0.00664943  0.00329885  0.          0.02627595
 -0.00457462  0.00385057]
	[RESULT 54] [0.03123673 0.01295897 0.0158043  0.02216192 0.01377051 0.09160859
 0.         0.0041957  0.0058043  0.00160859 0.         0.02973673
 0.00856756 0.0046957 ]
	[RESULT 55] [0.02731652 0.01658441 0.01609907 0.01975966 0.0119578  0.09219814
 0.         0.00390093 0.00609907 0.00219814 0.         0.02431652
 0.01021745 0.00590093]
	[RESULT 56] [ 0.02249914 -0.00261088  0.01511003  0.01866461  0.02155544  0.09022006
  0.          0.00983008  0.00511003  0.00022006  0.          0.02399914
 -0.01339083  0.01038997]
	[RESULT 57] [ 0.03289794  0.00399774  0.0189002   0.02020073  0.01800113  0.0978004
  0.          0.0010998   0.0089002   0.0078004   0.          0.03489794
 -0.00020186  0.0080998 ]
	[RESULT 58] [ 0.00566077 -0.02267894  0.01833971  0.01508995  0.01841053  0.09667942
  0.          0.00166029  0.00833971  0.00667942  0.          0.00716077
 -0.02317894  0.00333971]
	[RESULT 59] [0.02826299 0.01422173 0.01751527 0.01810859 0.01313913 0.09503055
 0.         0.00248473 0.00751527 0.00503055 0.         0.02676299
 0.00974772 0.00298473]
	[RESULT 60] [ 0.02433066 -0.00182016  0.01615082  0.02114156  0.02116008  0.09230164
  0.          0.00384918  0.00615082  0.00230164  0.          0.02733066
 -0.00551852  0.00584918]
	[RESULT 61] [0.03331678 0.00820511 0.01511167 0.02432589 0.01589744 0.09022333
 0.         0.005165   0.00511167 0.00022333 0.         0.03381678
 0.00142845 0.00538833]
	[RESULT 62] [ 0.01286749 -0.01494766  0.01781516  0.01790649  0.02227617  0.09563032
  0.          0.00218484  0.00781516  0.00563032  0.          0.01436749
 -0.01544766  0.00281516]
	[RESULT 63] [1.55044848e-02 2.44961745e-02 1.99993407e-02 7.75323139e-03
 7.75191277e-03 9.99986814e-02 0.00000000e+00 6.59307695e-07
 9.99934069e-03 9.99868138e-03 0.00000000e+00 1.50044848e-02
 5.05144156e-04 5.50065931e-03]
	[RESULT 64] [ 0.02255386 -0.00568901  0.01824287  0.02339124  0.0230945   0.09648574
  0.          0.00175713  0.00824287  0.00648574  0.          0.02405386
 -0.00618901  0.00324287]
	[RESULT 65] [0.03230745 0.01015796 0.01753458 0.02010185 0.01517102 0.09506916
 0.         0.00439625 0.00753458 0.00506916 0.         0.02930745
 0.00422713 0.00946542]
	[RESULT 66] [0.02201943 0.02260613 0.01537443 0.01794807 0.00869693 0.09074887
 0.         0.00462557 0.00537443 0.00074887 0.         0.02151943
 0.006645   0.00512557]
	[RESULT 67] [ 0.00539169 -0.02321963  0.01861132  0.01536283  0.01814019  0.09722264
  0.          0.00138868  0.00861132  0.00722264  0.          0.00689169
 -0.02371963  0.00361132]
	[RESULT 68] [0.03142402 0.00956636 0.01900963 0.01744756 0.01546682 0.09801926
 0.         0.00099037 0.00900963 0.00801926 0.         0.02992402
 0.00906636 0.00400963]
	[RESULT 69] [ 0.00772212 -0.01856112  0.01628325  0.01303593  0.02046944  0.0925665
  0.          0.00371675  0.00628325  0.0025665   0.          0.00922212
 -0.02199463  0.00421675]
	[RESULT 70] [ 0.00814453 -0.01771965  0.01586418  0.01261853  0.02089017  0.09172836
  0.          0.00413582  0.00586418  0.00172836  0.          0.00964453
 -0.02199129  0.00463582]
	[RESULT 71] [ 0.02550996  0.00038106  0.0151289   0.02044833  0.01980947  0.0902578
  0.          0.00661331  0.0051289   0.0002578   0.          0.02750996
 -0.00636115  0.0068711 ]
	[RESULT 72] [0.01553585 0.02064461 0.01510877 0.01510477 0.00532231 0.09021753
 0.         0.0066737  0.00510877 0.00021753 0.         0.01353585
 0.00042708 0.00689123]
	[RESULT 73] [ 0.02684428  0.00087563  0.01596865  0.02212511  0.01981218  0.09193729
  0.          0.00909406  0.00596865  0.00193729  0.          0.02984428
 -0.00818707  0.01103135]
	[RESULT 74] [0.03401263 0.00686532 0.01714731 0.02227272 0.01656734 0.09429463
 0.         0.00285269 0.00714731 0.00429463 0.         0.03451263
 0.00415994 0.00335269]
	[RESULT 75] [ 0.00637726 -0.02124756  0.01762481  0.01437585  0.01912622  0.09524963
  0.          0.00237519  0.00762481  0.00524963  0.          0.00787726
 -0.02199793  0.00287519]
	[RESULT 76] [0.02308042 0.02019528 0.0167243  0.01670376 0.01015236 0.0934486
 0.         0.0032757  0.0067243  0.0034486  0.         0.02158042
 0.00535611 0.0037757 ]
	[RESULT 77] [0.0299311  0.01345781 0.01661109 0.02029891 0.0135211  0.09322219
 0.         0.00338891 0.00661109 0.00322219 0.         0.0284311
 0.01067999 0.00388891]
	[RESULT 78] [0.03117716 0.01293456 0.01588828 0.02175616 0.01353272 0.09177656
 0.         0.00783515 0.00588828 0.00177656 0.         0.03067716
 0.00271112 0.00961172]
	[RESULT 79] [ 0.02031527 -0.00538902  0.01570428  0.01871406  0.02269451  0.09140857
  0.          0.00429572  0.00570428  0.00140857  0.          0.02081527
 -0.01098045  0.00479572]
	[RESULT 80] [0.02047993 0.02441136 0.01510871 0.01782691 0.00804432 0.09021741
 0.         0.00667388 0.00510871 0.00021741 0.         0.01747993
 0.00437122 0.00689129]
	[RESULT 81] [0.02219286 0.02034707 0.01746007 0.01515632 0.01007647 0.09492015
 0.         0.00253993 0.00746007 0.00492015 0.         0.02069286
 0.00373279 0.00303993]
	[RESULT 82] [0.01210036 0.01866525 0.01656489 0.01120285 0.00433263 0.09312977
 0.         0.00580534 0.00656489 0.00312977 0.         0.01160036
 0.00053548 0.00893511]
	[RESULT 83] [0.03435925 0.00758503 0.01677422 0.02290904 0.01645748 0.09354844
 0.         0.00667734 0.00677422 0.00354844 0.         0.03264075
 0.00013347 0.01022578]
	[RESULT 84] [ 0.0138559  -0.01127412  0.01513002  0.01437297  0.02411294  0.09026003
  0.          0.00510995  0.00513002  0.00026003  0.          0.0153559
 -0.01701409  0.00536998]
	[RESULT 85] [2.77190835e-02 1.22887663e-02 1.99921502e-02 1.38713164e-02
 1.38556169e-02 9.99843004e-02 0.00000000e+00 7.84979176e-06
 9.99215021e-03 9.98430042e-03 0.00000000e+00 2.72190835e-02
 1.07887663e-02 4.99215021e-03]
	[RESULT 86] [ 0.02085774 -0.00726267  0.01812041  0.02235948  0.02388134  0.09624082
  0.          0.00187959  0.00812041  0.00624082  0.          0.02235774
 -0.01202186  0.00737959]
	[RESULT 87] [ 2.74742750e-02  7.69640090e-05  1.73973110e-02  2.45831041e-02
  2.02115180e-02  9.47946220e-02  0.00000000e+00  2.60268898e-03
  7.39731102e-03  4.79462205e-03  0.00000000e+00  2.89742750e-02
 -1.12841394e-03  3.10268898e-03]
	[RESULT 88] [0.01175064 0.01808963 0.01633899 0.01136683 0.00404481 0.09267798
 0.         0.00798303 0.00633899 0.00267798 0.         0.00975064
 0.00041165 0.01066101]
	[RESULT 89] [ 0.00790055 -0.01820682  0.01610737  0.01286133  0.02064659  0.09221474
  0.          0.00389263  0.00610737  0.00221474  0.          0.01090055
 -0.02199208  0.00589263]
	[RESULT 90] [ 0.03197395  0.00579215  0.0161818   0.02499032  0.01735393  0.09236361
  0.          0.00695459  0.0061818   0.00236361  0.          0.03347395
 -0.00284424  0.0093182 ]
	[RESULT 91] [0.03438566 0.00824186 0.0161438  0.02384147 0.01612907 0.0922876
 0.         0.0038562  0.0061438  0.0022876  0.         0.03411434
 0.00452946 0.0043562 ]
	[RESULT 92] [ 0.00602599 -0.0219868   0.01801279  0.01478218  0.0187566   0.09602557
  0.          0.00198721  0.00801279  0.00602557  0.          0.00752599
 -0.0224868   0.00301279]
	[RESULT 93] [0.02101633 0.02320815 0.01577553 0.01684487 0.00839593 0.09155106
 0.         0.00467341 0.00577553 0.00155106 0.         0.01901633
 0.0052408  0.00622447]
	[RESULT 94] [ 0.01797375 -0.01085784  0.01883159  0.02223426  0.02457108  0.09766318
  0.          0.00116841  0.00883159  0.00766318  0.          0.01847375
 -0.01235784  0.00383159]
	[RESULT 95] [ 0.0053929  -0.02321469  0.01860759  0.01535783  0.01814266  0.09721517
  0.          0.00139241  0.00860759  0.00721517  0.          0.0068929
 -0.02371469  0.00360759]
	[RESULT 96] [0.0306048  0.01428116 0.01511404 0.02263134 0.01285942 0.09022808
 0.         0.00834212 0.00511404 0.00022808 0.         0.0286048
 0.00250924 0.01188596]
	[RESULT 97] [ 0.02753711 -0.00041191  0.01794902  0.02455791  0.02045596  0.09589804
  0.          0.00205098  0.00794902  0.00589804  0.          0.03053711
 -0.00051387  0.00405098]
	[RESULT 98] [ 0.0294595   0.00398782  0.01547168  0.02268727  0.01825609  0.09094336
  0.          0.00452832  0.00547168  0.00094336  0.          0.0309595
 -0.00106882  0.00502832]
	[RESULT 99] [0.0155438  0.02065264 0.01510884 0.01510863 0.00532632 0.09021769
 0.         0.00517347 0.00510884 0.00021769 0.         0.0150438
 0.00043495 0.00539116]
	[RESULT 100] [ 0.01681952 -0.00888476  0.01570428  0.01696619  0.02444238  0.09140857
  0.          0.00429572  0.00570428  0.00140857  0.          0.01731952
 -0.01447619  0.00479572]
	[RESULT 101] [ 0.00453431 -0.02493339  0.0194677   0.01621871  0.0172833   0.09893541
  0.          0.0005323   0.0094677   0.00893541  0.          0.00603431
 -0.02543339  0.0044677 ]
	[RESULT 102] [0.02639001 0.01811219 0.01549779 0.01994832 0.0109439  0.09099559
 0.         0.00949338 0.00549779 0.00099559 0.         0.02439001
 0.00710778 0.01150221]
	[RESULT 103] [ 1.94027227e-02 -1.05950667e-02  1.99977893e-02  2.46980454e-02
  2.47024667e-02  9.99955787e-02  0.00000000e+00  2.21065069e-06
  9.99778935e-03  9.99557870e-03  0.00000000e+00  1.99027227e-02
 -1.20950667e-02  4.99778935e-03]
	[RESULT 104] [ 0.01592693 -0.01322675  0.01915368  0.02169399  0.02338662  0.09830737
  0.          0.00084632  0.00915368  0.00830737  0.          0.01792693
 -0.01691939  0.00784632]
	[RESULT 105] [0.02155719 0.02191866 0.01652415 0.01624237 0.00929067 0.09304829
 0.         0.00347585 0.00652415 0.00304829 0.         0.01855719
 0.00403304 0.00547585]
	[RESULT 106] [ 0.00572894 -0.02254239  0.01827134  0.01502148  0.0184788   0.09654268
  0.          0.00172866  0.00827134  0.00654268  0.          0.00722894
 -0.02304239  0.00327134]
	[RESULT 107] [ 0.02911464  0.00296381  0.01615082  0.02353355  0.01876809  0.09230164
  0.          0.00384918  0.00615082  0.00230164  0.          0.03211464
 -0.00073454  0.00584918]
	[RESULT 108] [ 2.93787110e-02 -6.03466593e-04  1.99821776e-02  2.05873781e-02
  2.05517333e-02  9.99643552e-02  0.00000000e+00  1.78224213e-05
  9.98217758e-03  9.96435516e-03  0.00000000e+00  3.08787110e-02
 -1.63911144e-03  5.51782242e-03]
	[RESULT 109] [0.0134852  0.0215419  0.01805669 0.00965757 0.00577095 0.09611338
 0.         0.00232993 0.00805669 0.00611338 0.         0.0119852
 0.00042851 0.00844331]
	[RESULT 110] [0.01991068 0.02069074 0.01939857 0.01085748 0.00965463 0.09879715
 0.         0.00060143 0.00939857 0.00879715 0.         0.01791068
 0.00230926 0.00439857]
	[RESULT 111] [ 0.00566597 -0.02266845  0.01833443  0.01508463  0.01841577  0.09666885
  0.          0.00166557  0.00833443  0.00666885  0.          0.00716597
 -0.02316845  0.00333443]
	[RESULT 112] [ 4.00203331e-03 -2.59971976e-02  1.99992309e-02  1.67498630e-02
  1.67514012e-02  9.99984618e-02  0.00000000e+00  7.69101414e-07
  9.99923090e-03  9.99846180e-03  0.00000000e+00  5.50203331e-03
 -2.64971976e-02  4.99923090e-03]
	[RESULT 113] [ 0.01326567 -0.01274816  0.01601383  0.01540357  0.02337592  0.09202765
  0.          0.00398617  0.00601383  0.00202765  0.          0.01626567
 -0.01672051  0.00598617]
	[RESULT 114] [ 0.00611549 -0.02177653  0.01789203  0.01464579  0.01886173  0.09578405
  0.          0.00210797  0.00789203  0.00578405  0.          0.00761549
 -0.02227653  0.00289203]
	[RESULT 115] [3.31188610e-02 3.15242606e-03 1.99664349e-02 1.84909172e-02
 1.84237870e-02 9.99328698e-02 0.00000000e+00 3.35651040e-05
 9.96643490e-03 9.93286979e-03 0.00000000e+00 3.46188610e-02
 1.08529585e-03 6.53356510e-03]
	[RESULT 116] [0.01758999 0.02336833 0.01577834 0.01537749 0.00693417 0.09155668
 0.         0.00422166 0.00577834 0.00155668 0.         0.01608999
 0.00081165 0.00472166]
	[RESULT 117] [0.02560149 0.01652395 0.01787456 0.01598891 0.01173802 0.09574911
 0.         0.00212544 0.00787456 0.00574911 0.         0.02510149
 0.00797605 0.00287456]
	[RESULT 118] [ 0.01884475 -0.00879144  0.01763619  0.02062666  0.02464572  0.09527239
  0.          0.00236381  0.00763619  0.00527239  0.          0.02034475
 -0.00951906  0.00286381]
	[RESULT 119] [ 0.02592915 -0.00289927  0.01882842  0.0237928   0.02144964  0.09765684
  0.          0.00117158  0.00882842  0.00765684  0.          0.02642915
 -0.00439927  0.00382842]
	[RESULT 120] [0.03190348 0.00507101 0.01683247 0.02404955 0.0177145  0.09366494
 0.         0.00316753 0.00683247 0.00366494 0.         0.03490348
 0.00273595 0.00516753]
