[METRICS]
	[DISEQUILIBRIUM COUNT] 1268
	[MINIMUM S0 sTrt S1 DISTANCE]0.004031259523562314
	[MINIMUM S0 sTrt S21 DISTANCE]-0.025945262710051403
	[MINIMUM S0 sTrt S22 DISTANCE]0.015108696459057241
	[MINIMUM S7 sTrt S6 DISTANCE]0.007722196563742734
	[MINIMUM S7 sTrt S8 DISTANCE]0.002818659372394172
	[MINIMUM S7 sTrt S21 DISTANCE]0.09021739291811443
	[MINIMUM S7 esTrt S22 DISTANCE]0.0
	[MINIMUM S14 sTrt S13 DISTANCE]4.267447728523166e-09
	[MINIMUM S14 sTrt S15 DISTANCE]0.005108696459057205
	[MINIMUM S14 sTrt S21 DISTANCE]0.00021739291811441463
	[MINIMUM S14 sTrt S22 DISTANCE]0.0
	[MINIMUM S20 sTrt S19 DISTANCE]0.005531259523562038
	[MINIMUM S20 sTrt S21 DISTANCE]-0.026445262710051397
	[MINIMUM S20 sTrt S22 DISTANCE]0.00275078011956828
	[AVERAGE S0 sTrt S1 DISTANCE]0.020354014805025505
	[AVERAGE S0 sTrt S21 DISTANCE]0.008432472276548269
	[AVERAGE S0 sTrt S22 DISTANCE]0.01667923740101457
	[AVERAGE S7 sTrt S6 DISTANCE]0.01720554141291748
	[AVERAGE S7 sTrt S8 DISTANCE]0.013366975619604931
	[AVERAGE S7 sTrt S21 DISTANCE]0.0933584748020294
	[AVERAGE S7 sTrt S22 DISTANCE]0.0
	[AVERAGE S14 sTrt S13 DISTANCE]0.004590148573209774
	[AVERAGE S14 sTrt S15 DISTANCE]0.0066792374010145985
	[AVERAGE S14 sTrt S21 DISTANCE]0.0033584748020291785
	[AVERAGE S14 sTrt S22 DISTANCE]0.0
	[AVERAGE S20 sTrt S19 DISTANCE]0.020027322667188912
	[AVERAGE S20 sTrt S21 DISTANCE]-0.0021415962878954986
	[AVERAGE S20 sTrt S22 DISTANCE]0.0066863236283349085
[VARIABLES]
	[RESULT 1] [0 6.38266296945061 1 1 7 3880.9658328396454 37]
	[RESULT 2] [0 31.636770800967085 1 1 9 3970.938510903308 100]
	[RESULT 3] [0 9.428926781408705 1 2 8 3981.6829213707742 100]
	[RESULT 4] [0 6.049697387280201 1 4 4 1359.4829096328033 16]
	[RESULT 5] [0 5.000045716608868 1 1 0 1029.4362810308705 16]
	[RESULT 6] [1 9.584168317320826 1 1 21 3874.0783570275544 99]
	[RESULT 7] [0 12.383997744484287 0 4 8 1185.6910238594066 31]
	[RESULT 8] [1 5.658756262174046 1 4 9 3835.5756366543683 97]
	[RESULT 9] [1 39.082231917456106 1 4 2 3900.946262452641 23]
	[RESULT 10] [1 6.511082424327357 0 4 0 3996.151052274974 100]
	[RESULT 11] [1 7.165691005278225 0 4 2 3999.911788305835 100]
	[RESULT 12] [0 5.701401795069423 1 1 7 3880.9658328396454 37]
	[RESULT 13] [0 5.385360784364617 1 4 2 1461.4470348873715 99]
	[RESULT 14] [0 10.331471908355562 1 1 21 1118.0086203547435 16]
	[RESULT 15] [1 6.481958184907825 1 4 21 3971.664824323067 4]
	[RESULT 16] [0 5.343158472377234 1 4 1 3999.9882871965146 100]
	[RESULT 17] [1 5.829217147857738 1 1 2 3982.974107546917 100]
	[RESULT 18] [1 49.993571339600855 0 4 11 3999.973058744322 100]
	[RESULT 19] [0 5.000029373605733 0 1 0 3981.5710015542536 16]
	[RESULT 20] [1 6.5090205952288915 0 1 0 3858.2732338532123 98]
	[RESULT 21] [0 5.332813312567801 0 4 21 1549.9615119260234 100]
	[RESULT 22] [1 5.733048731850752 0 1 21 3993.2857338303156 100]
	[RESULT 23] [1 9.396321652941873 1 4 8 1005.6133031959001 15]
	[RESULT 24] [1 8.99157406601714 0 1 6 3981.020434981388 100]
	[RESULT 25] [0 7.034811739190279 1 1 0 1021.751014632953 8]
	[RESULT 26] [1 5.125555506191974 1 1 1 3999.9963420837894 100]
	[RESULT 27] [1 40.75914941258 0 1 8 3985.9651346507026 100]
	[RESULT 28] [1 5.004717705514862 0 1 0 3999.99221581984 100]
	[RESULT 29] [0 49.95445746743037 0 4 8 1280.7746904461876 97]
	[RESULT 30] [1 5.687696291489594 0 1 21 3999.995878847542 100]
	[RESULT 31] [0 5.303498452276866 1 1 17 3704.6952869847555 37]
	[RESULT 32] [0 5.000078627215369 1 1 21 1705.0925152180478 99]
	[RESULT 33] [1 6.5071141304024 0 1 1 3999.9999583800104 100]
	[RESULT 34] [1 10.45519727515208 0 1 8 1335.6501421267308 49]
	[RESULT 35] [1 9.839777447006249 0 1 21 3992.196091177415 100]
	[RESULT 36] [0 6.574297240050466 0 1 17 3925.657055817638 82]
	[RESULT 37] [1 6.982735804487195 1 4 0 3557.498629713816 100]
	[RESULT 38] [0 5.606251735492129 1 4 2 1273.8332080234798 16]
	[RESULT 39] [0 8.40773080182315 1 1 9 3907.3804491848696 19]
	[RESULT 40] [0 49.98220278010325 0 1 21 3942.0730118777246 89]
	[RESULT 41] [1 5.379229695297884 0 1 8 3985.9651346507026 100]
	[RESULT 42] [1 6.250012848433446 0 1 21 3988.5524358365965 100]
	[RESULT 43] [0 16.91681057802658 1 2 8 3987.302808169043 100]
	[RESULT 44] [0 48.7583982914483 1 4 7 1027.489757466996 9]
	[RESULT 45] [1 49.45771576437383 0 4 11 3951.3671523416742 95]
	[RESULT 46] [1 5.3460738813336155 1 2 1 3999.984586330085 93]
	[RESULT 47] [0 46.22692071320267 1 1 2 3896.274764298124 100]
	[RESULT 48] [1 7.03209978047886 0 1 21 3999.9958279058264 97]
	[RESULT 49] [1 5.60341562181893 0 1 1 3999.999870724711 100]
	[RESULT 50] [1 5.789736149121924 1 1 1 3999.9975137798106 100]
	[RESULT 51] [1 12.310109479146222 0 4 0 3999.9733350958777 100]
	[RESULT 52] [1 6.067936446508456 1 1 21 3798.991980354385 100]
	[RESULT 53] [1 5.857453869522649 0 1 21 3999.9979869078134 100]
	[RESULT 54] [0 49.323310318916626 0 1 21 3987.805182728984 87]
	[RESULT 55] [1 5.638079865606782 0 1 19 3972.8877073959143 98]
	[RESULT 56] [1 5.7011864752585 0 1 11 3999.9974696167487 100]
	[RESULT 57] [0 7.801380457439382 0 1 8 3997.5745211760814 100]
	[RESULT 58] [0 5.454109613435634 0 4 2 1273.8332080234798 20]
	[RESULT 59] [1 9.237264115677778 0 4 0 3999.9733350958777 100]
	[RESULT 60] [1 5.555041475955252 1 4 7 3992.520603477312 97]
	[RESULT 61] [1 6.642900954129108 0 1 21 3999.9993370073475 100]
	[RESULT 62] [0 49.943304514177356 0 4 21 1036.4691245765705 8]
	[RESULT 63] [0 5.843877096264283 0 1 1 1359.4829096328033 16]
	[RESULT 64] [1 6.6461690821991875 1 2 8 3957.5070003136816 100]
	[RESULT 65] [0 6.985535654833699 1 4 2 1299.1256059706045 15]
	[RESULT 66] [1 16.122230679795706 0 1 24 3993.2857338303156 100]
	[RESULT 67] [1 5.60341562181893 0 1 20 3999.999870724711 100]
	[RESULT 68] [1 6.637287351905717 0 1 21 1603.5077345021004 100]
	[RESULT 69] [0 47.26446157056846 0 4 2 3910.082693595138 100]
	[RESULT 70] [1 40.96590643274548 0 1 8 3952.299023728064 100]
	[RESULT 71] [1 5.393231443965559 0 1 21 3999.995426071382 100]
	[RESULT 72] [1 49.909545499232856 1 4 11 3920.202942725808 100]
	[RESULT 73] [0 49.95024959556921 0 4 7 3999.48186092317 99]
	[RESULT 74] [1 5.71062842715896 0 1 8 3999.999870724711 100]
	[RESULT 75] [0 5.000023842942589 1 1 0 3997.2009785764867 100]
	[RESULT 76] [1 5.701069535964145 0 1 21 3999.9974840380814 100]
	[RESULT 77] [1 5.526087702971468 0 1 23 3999.9994099443684 100]
	[RESULT 78] [1 5.829217147857738 1 1 2 3995.1753726693537 100]
	[RESULT 79] [1 9.0613185134175 0 1 12 3894.9545297757436 100]
	[RESULT 80] [0 5.387742569402207 0 1 0 3995.32856998238 100]
	[RESULT 81] [1 5.103712141772819 1 4 21 3978.720023388134 4]
	[RESULT 82] [1 9.237264115677778 0 4 2 1406.3435593705633 100]
	[RESULT 83] [0 5.1624280396039115 0 2 0 3987.1221440509935 100]
	[RESULT 84] [1 11.516089379045075 0 1 19 3916.421234488205 98]
	[RESULT 85] [1 5.6275915729865424 0 1 11 3999.9974696167487 100]
	[RESULT 86] [0 9.806196094188795 0 1 8 3997.166337570097 100]
	[RESULT 87] [1 5.202106776990316 0 1 1 1564.6405522973798 15]
	[RESULT 88] [0 5.8329685899224035 0 1 21 3999.995426071382 16]
	[RESULT 89] [0 5.29545335167259 0 1 20 3943.3961988322535 100]
	[RESULT 90] [0 6.270320118044521 1 1 2 3812.8499845187775 97]
	[RESULT 91] [1 5.8499379209984195 0 1 21 3971.320519012575 100]
	[RESULT 92] [1 5.000089718925564 0 2 2 3926.633739347015 100]
	[RESULT 93] [0 49.84066681294689 0 1 1 3712.9148907048384 89]
	[RESULT 94] [0 8.151534312639455 0 4 0 1171.6744871259918 97]
	[RESULT 95] [1 5.383152172779303 0 1 8 3999.999950794689 100]
	[RESULT 96] [0 49.943529509858095 0 1 8 3999.9467463486817 100]
	[RESULT 97] [0 5.30799338054237 1 1 0 3996.6908590127105 100]
	[RESULT 98] [1 6.982735804487195 1 4 11 3942.521491993694 100]
	[RESULT 99] [0 6.566717121582223 0 1 17 3942.2151970763794 100]
	[RESULT 100] [1 5.60341562181893 0 1 1 3757.071923881441 96]
	[RESULT 101] [1 8.113683660324137 0 1 9 3999.995878847542 100]
	[RESULT 102] [1 5.362306457728373 0 1 9 3934.0893971352853 95]
	[RESULT 103] [1 7.801380457439382 0 4 0 3997.5745211760814 100]
	[RESULT 104] [1 40.71109247305393 1 4 2 3949.9714417802006 97]
	[RESULT 105] [1 10.004680936897964 0 1 3 3625.6824608219117 96]
	[RESULT 106] [1 5.829217147857738 1 1 0 3833.0214693297853 99]
	[RESULT 107] [1 7.4083395452096 0 1 2 3991.052426146168 100]
	[RESULT 108] [0 11.220578021031443 0 1 9 3962.968079345798 100]
	[RESULT 109] [0 5.127093010099944 1 4 2 3883.164410159925 93]
	[RESULT 110] [1 8.261964747116473 0 1 21 3963.1147127824415 89]
	[RESULT 111] [0 6.022121147725274 0 4 5 3999.9882212048615 100]
	[RESULT 112] [1 5.844525104170759 0 1 23 3971.4729571733906 13]
	[RESULT 113] [1 16.02979650684102 0 1 21 3999.999990324515 100]
	[RESULT 114] [0 5.330077167758419 1 4 1 1182.5376015148886 100]
	[RESULT 115] [0 6.48810270269283 0 4 1 1363.4800047000479 16]
	[RESULT 116] [1 9.91189089794717 1 1 6 1150.3546966776892 100]
	[RESULT 117] [1 5.518005263443759 0 1 23 3999.9994046235665 100]
	[RESULT 118] [0 5.95086962983847 1 1 1 3937.2892285341095 100]
	[RESULT 119] [0 39.47655459201665 1 1 9 3840.263178348693 8]
	[RESULT 120] [1 6.442740036543192 1 1 2 3966.164963446863 97]
[OBJECTIVES]
	[RESULT 1] [0.01675024 0.02384873 0.01709849 0.01272738 0.00692437 0.09419698
 0.         0.00420452 0.00709849 0.00419698 0.         0.01625024
 0.00465175 0.00840151]
	[RESULT 2] [ 0.02825817  0.00307725  0.01518092  0.02190046  0.01846137  0.09036184
  0.          0.00995724  0.00518092  0.00036184  0.          0.02875817
 -0.00856091  0.01031908]
	[RESULT 3] [ 0.02465052 -0.00127047  0.01592099  0.02120675  0.02063524  0.09184198
  0.          0.00823702  0.00592099  0.00184198  0.          0.02565052
 -0.01142849  0.01007901]
	[RESULT 4] [0.01290915 0.02034854 0.01743938 0.0102955  0.00517427 0.09487877
 0.         0.00468185 0.00743938 0.00487877 0.         0.01090915
 0.00046977 0.00956062]
	[RESULT 5] [1.54437074e-02 2.45565212e-02 1.99997714e-02 7.72219656e-03
 7.72173942e-03 9.99995429e-02 0.00000000e+00 2.28572595e-07
 9.99977143e-03 9.99954285e-03 0.00000000e+00 1.49437074e-02
 4.43935982e-04 5.50022857e-03]
	[RESULT 6] [0.02603661 0.018068   0.01589539 0.01942522 0.011216   0.09179078
 0.         0.00781383 0.00589539 0.00179078 0.         0.02453661
 0.00885878 0.00960461]
	[RESULT 7] [0.01610221 0.02169859 0.01559637 0.01465654 0.00584929 0.09119275
 0.         0.00521088 0.00559637 0.00119275 0.         0.01410221
 0.00050584 0.00640363]
	[RESULT 8] [0.02231378 0.01967192 0.01801431 0.01438543 0.01041404 0.09602861
 0.         0.00295708 0.00801431 0.00602861 0.         0.01931378
 0.00829947 0.00898569]
	[RESULT 9] [0.01643707 0.02157959 0.01514252 0.01575475 0.0060398  0.09028504
 0.         0.00842757 0.00514252 0.00028504 0.         0.01343707
 0.00529455 0.01185748]
	[RESULT 10] [ 0.01034426 -0.01664691  0.01699117  0.01540889  0.02142654  0.09398235
  0.          0.00300883  0.00699117  0.00398235  0.          0.01334426
 -0.01866457  0.00500883]
	[RESULT 11] [ 0.00750847 -0.01907097  0.01657943  0.01337338  0.02021452  0.09315887
  0.          0.00342057  0.00657943  0.00315887  0.          0.01050847
 -0.0219121   0.00542057]
	[RESULT 12] [0.0175905  0.02447075 0.01793875 0.01188712 0.00776463 0.09587751
 0.         0.00206125 0.00793875 0.00587751 0.         0.0170905
 0.00465175 0.00756125]
	[RESULT 13] [0.02385297 0.01753786 0.01860917 0.01401273 0.01123107 0.09721834
 0.         0.00139083 0.00860917 0.00721834 0.         0.02185297
 0.0102438  0.00839083]
	[RESULT 14] [0.01124    0.0170297  0.01578971 0.01193544 0.00351485 0.09157941
 0.         0.00813088 0.00578971 0.00157941 0.         0.01074
 0.00045029 0.00971029]
	[RESULT 15] [0.02493907 0.01804639 0.01701454 0.01719773 0.0112268  0.09402908
 0.         0.00595638 0.00701454 0.00402908 0.         0.02193907
 0.01107547 0.00998546]
	[RESULT 16] [ 0.01128914 -0.01743343  0.01872257  0.01872842  0.02128328  0.09744514
  0.          0.00127743  0.00872257  0.00744514  0.          0.01328914
 -0.02198829  0.00827743]
	[RESULT 17] [ 0.02139481 -0.0063386   0.01773341  0.02204752  0.0234193   0.09546682
  0.          0.00229977  0.00773341  0.00546682  0.          0.02289481
 -0.01187178  0.00776659]
	[RESULT 18] [ 0.0089182  -0.01619051  0.01510871  0.01187217  0.02165475  0.09021742
  0.          0.00667387  0.00510871  0.00021742  0.          0.0119182
 -0.02197309  0.00689129]
	[RESULT 19] [3.46264531e-02 5.37369375e-03 1.99998531e-02 1.73134469e-02
 1.73131531e-02 9.99997063e-02 0.00000000e+00 1.46863715e-07
 9.99985314e-03 9.99970627e-03 0.00000000e+00 3.41264531e-02
 3.87369375e-03 4.99985314e-03]
	[RESULT 20] [0.02840812 0.01459907 0.01699281 0.01896485 0.01295047 0.09398562
 0.         0.00300719 0.00699281 0.00398562 0.         0.02690812
 0.01041531 0.00350719]
	[RESULT 21] [0.03099602 0.00224455 0.01875146 0.0213748  0.01887772 0.09750293
 0.         0.00124854 0.00875146 0.00750293 0.         0.03299602
 0.00224455 0.00375146]
	[RESULT 22] [ 0.01140769 -0.0164774   0.01788509  0.01728148  0.0215113   0.09577018
  0.          0.00211491  0.00788509  0.00577018  0.          0.01290769
 -0.0169774   0.00288509]
	[RESULT 23] [0.01236611 0.01829267 0.01592656 0.01254322 0.00439633 0.09185311
 0.         0.00922033 0.00592656 0.00185311 0.         0.00936611
 0.00043955 0.01107344]
	[RESULT 24] [ 0.01878717 -0.00721452  0.01600169  0.01814612  0.02385726  0.09200338
  0.          0.00399831  0.00600169  0.00200338  0.          0.02028717
 -0.01121115  0.00449831]
	[RESULT 25] [0.01207071 0.01871826 0.01664755 0.01106403 0.00435913 0.0932951
 0.         0.00555735 0.00664755 0.0032951  0.         0.01157071
 0.00042316 0.00885245]
	[RESULT 26] [ 0.00956141 -0.01988084  0.01944225  0.01869408  0.01980958  0.0988845
  0.          0.00055775  0.00944225  0.0088845   0.          0.01106141
 -0.02199634  0.00605775]
	[RESULT 27] [ 0.01785265 -0.00728337  0.01513602  0.01638036  0.02389168  0.09027204
  0.          0.00509194  0.00513602  0.00027204  0.          0.01935265
 -0.01301133  0.00536398]
	[RESULT 28] [ 4.03125952e-03 -2.59452627e-02  1.99765222e-02  1.67304131e-02
  1.67773686e-02  9.99530445e-02  0.00000000e+00  2.34777664e-05
  9.97652223e-03  9.95304447e-03  0.00000000e+00  5.53125952e-03
 -2.64452627e-02  4.97652223e-03]
	[RESULT 29] [0.02033655 0.02455464 0.0151088  0.01750507 0.00772268 0.09021761
 0.         0.00667359 0.0051088  0.00021761 0.         0.01833655
 0.00522775 0.0068912 ]
	[RESULT 30] [ 0.0060415  -0.02192112  0.01796262  0.01471468  0.01878944  0.09592524
  0.          0.00203738  0.00796262  0.00592524  0.          0.0075415
 -0.02242112  0.00296262]
	[RESULT 31] [0.0160996  0.02493543 0.01883583 0.00979605 0.00746771 0.09767166
 0.         0.00116417 0.00883583 0.00767166 0.         0.0155996
 0.00226377 0.00666417]
	[RESULT 32] [2.52690142e-02 1.47313789e-02 1.99996069e-02 1.26350968e-02
 1.26343105e-02 9.99992138e-02 0.00000000e+00 3.93105168e-07
 9.99960689e-03 9.99921379e-03 0.00000000e+00 2.47690142e-02
 1.02694073e-02 5.50039311e-03]
	[RESULT 33] [ 0.00700572 -0.01998861  0.01699432  0.01374435  0.0197557   0.09398865
  0.          0.00300568  0.00699432  0.00398865  0.          0.00850572
 -0.02199996  0.00350568]
	[RESULT 34] [0.01739158 0.02316615 0.01577457 0.01528394 0.00683308 0.09154914
 0.         0.00422543 0.00577457 0.00154914 0.         0.01589158
 0.00061701 0.00472543]
	[RESULT 35] [ 0.0140912  -0.011765    0.0158562   0.01557989  0.0238675   0.09171239
  0.          0.0041438   0.0058562   0.00171239  0.          0.0155912
 -0.01605261  0.0046438 ]
	[RESULT 36] [0.02428625 0.01877148 0.01694228 0.01672971 0.01061426 0.09388456
 0.         0.00305772 0.00694228 0.00388456 0.         0.02378625
 0.00734397 0.00355772]
	[RESULT 37] [0.03401321 0.00931048 0.01667631 0.02224213 0.01559476 0.09335263
 0.         0.00697106 0.00667631 0.00335263 0.         0.03101321
 0.00166311 0.01032369]
	[RESULT 38] [0.01357531 0.02168814 0.01811284 0.0096184  0.00584407 0.09622567
 0.         0.00266149 0.00811284 0.00622567 0.         0.01157531
 0.00046247 0.00888716]
	[RESULT 39] [0.01669202 0.02282639 0.01613437 0.01414445 0.00641319 0.09226874
 0.         0.00709689 0.00613437 0.00226874 0.         0.01619202
 0.00555764 0.00936563]
	[RESULT 40] [0.02431215 0.02057911 0.01510874 0.01949297 0.00971045 0.09021748
 0.         0.00517379 0.00510874 0.00021748 0.         0.02381215
 0.00920342 0.00539126]
	[RESULT 41] [ 0.01436346 -0.01426175  0.01862521  0.01986955  0.02261912  0.09725042
  0.          0.00137479  0.00862521  0.00725042  0.          0.01586346
 -0.01476175  0.00362521]
	[RESULT 42] [ 0.01462987 -0.01259234  0.01722221  0.01789825  0.02345383  0.09444442
  0.          0.00277779  0.00722221  0.00444442  0.          0.01612987
 -0.01414792  0.00327779]
	[RESULT 43] [ 0.02303342 -0.00235367  0.01538709  0.01959735  0.02117683  0.09077418
  0.          0.00983872  0.00538709  0.00077418  0.          0.02403342
 -0.01357948  0.01061291]
	[RESULT 44] [0.01053761 0.01564932 0.01511171 0.01260124 0.00282466 0.09022342
 0.         0.00833513 0.00511171 0.00022342 0.         0.00853761
 0.0004259  0.01188829]
	[RESULT 45] [0.02793139 0.01695862 0.01510999 0.0215507  0.01177069 0.09021998
 0.         0.00667002 0.00510999 0.00021998 0.         0.02493139
 0.01117861 0.00689001]
	[RESULT 46] [ 0.0278009  -0.00091361  0.01871451  0.02327779  0.0207068   0.09742901
  0.          0.00128549  0.00871451  0.00742901  0.          0.0298009
 -0.0044846   0.00728549]
	[RESULT 47] [ 0.03497371  0.00990788  0.01511841  0.02480924  0.01504606  0.09023682
  0.          0.00985522  0.00511841  0.00023682  0.          0.03447371
 -0.0018553   0.01038159]
	[RESULT 48] [ 0.02235515 -0.00429387  0.01664902  0.02090111  0.02239694  0.09329804
  0.          0.00335098  0.00664902  0.00329804  0.          0.02385515
 -0.00699583  0.00385098]
	[RESULT 49] [ 0.00588179 -0.02223656  0.01811834  0.01486841  0.01863172  0.09623669
  0.          0.00188166  0.00811834  0.00623669  0.          0.00738179
 -0.02273656  0.00311834]
	[RESULT 50] [ 0.01120878 -0.01658493  0.01779371  0.01704495  0.02145754  0.09558742
  0.          0.00220629  0.00779371  0.00558742  0.          0.01270878
 -0.02199751  0.00770629]
	[RESULT 51] [ 0.00842496 -0.01717672  0.01560168  0.012365    0.02116164  0.09120335
  0.          0.00519497  0.00560168  0.00120335  0.          0.01142496
 -0.02197336  0.00639832]
	[RESULT 52] [0.03381674 0.00639887 0.01741787 0.02221483 0.01705056 0.09483574
 0.         0.00324639 0.00741787 0.00483574 0.         0.03468326
 0.00023461 0.00808213]
	[RESULT 53] [ 0.00631016 -0.0213817   0.01769186  0.01444286  0.01905915  0.09538371
  0.          0.00230814  0.00769186  0.00538371  0.          0.00781016
 -0.02199799  0.00280814]
	[RESULT 54] [0.03334231 0.01154738 0.01511032 0.02400568 0.01422631 0.09022064
 0.         0.00516904 0.00511032 0.00022064 0.         0.03284231
 0.00476801 0.00538968]
	[RESULT 55] [0.03228765 0.00423529 0.01805235 0.02202764 0.01813235 0.09610471
 0.         0.00194765 0.00805235 0.00610471 0.         0.03378765
 0.00373529 0.00305235]
	[RESULT 56] [ 0.0060634  -0.02187572  0.01793913  0.01469039  0.01881214  0.09587825
  0.          0.00206087  0.00793913  0.00587825  0.          0.0075634
 -0.02237572  0.00293913]
	[RESULT 57] [ 0.01089566 -0.01541965  0.01631531  0.0149208   0.02229017  0.09263062
  0.          0.00368469  0.00631531  0.00263062  0.          0.01139566
 -0.01978903  0.00418469]
	[RESULT 58] [0.01891262 0.02264885 0.01843853 0.01179851 0.00867558 0.09687706
 0.         0.00156147 0.00843853 0.00687706 0.         0.01691262
 0.00047409 0.00356147]
	[RESULT 59] [ 0.00807194 -0.01788276  0.0159547   0.01271802  0.02080862  0.09190939
  0.          0.00413591  0.0059547   0.00190939  0.          0.01107194
 -0.02197336  0.0060453 ]
	[RESULT 60] [ 0.03154168  0.00332633  0.01821535  0.02215614  0.01858683  0.0964307
  0.          0.00235396  0.00821535  0.0064307   0.          0.03454168
 -0.00124297  0.00878465]
	[RESULT 61] [ 0.0071088  -0.01978306  0.01689186  0.01364219  0.01985847  0.09378372
  0.          0.00310814  0.00689186  0.00378372  0.          0.0086088
 -0.02199934  0.00360814]
	[RESULT 62] [0.01553302 0.02064185 0.01510883 0.01510326 0.00532092 0.09021766
 0.         0.00667351 0.00510883 0.00021766 0.         0.01353302
 0.00042419 0.00689117]
	[RESULT 63] [0.01818145 0.02410687 0.01771168 0.01252321 0.00794656 0.09542335
 0.         0.00228832 0.00771168 0.00542335 0.         0.01768145
 0.00046977 0.00278832]
	[RESULT 64] [ 0.02785026  0.00096073  0.01688952  0.02400941  0.01976963  0.09377905
  0.          0.00533143  0.00688952  0.00377905  0.          0.02985026
 -0.00626022  0.00911048]
	[RESULT 65] [0.01213658 0.01881133 0.01667474 0.01105618 0.00440566 0.09334948
 0.         0.00697578 0.00667474 0.00334948 0.         0.01013658
 0.00046184 0.01032526]
	[RESULT 66] [ 0.01388032 -0.01153215  0.01541247  0.01480886  0.02398392  0.09082493
  0.          0.00458753  0.00541247  0.00082493  0.          0.01538032
 -0.01670722  0.00508753]
	[RESULT 67] [ 0.00588179 -0.02223656  0.01811834  0.01486841  0.01863172  0.09623669
  0.          0.00188166  0.00811834  0.00623669  0.          0.00738179
 -0.02273656  0.00311834]
	[RESULT 68] [0.03184601 0.00495012 0.01689589 0.02398317 0.01777494 0.09379177
 0.         0.00310411 0.00689589 0.00379177 0.         0.03334601
 0.00274189 0.00360411]
	[RESULT 69] [ 0.02944574  0.00433017  0.01511557  0.02239622  0.01783492  0.09023114
  0.          0.0066533   0.00511557  0.00023114  0.          0.03144574
 -0.00243869  0.00688443]
	[RESULT 70] [ 0.02526788  0.00013262  0.01513526  0.02008683  0.02018369  0.09027052
  0.          0.00509422  0.00513526  0.00027052  0.          0.02676788
 -0.00559686  0.00536474]
	[RESULT 71] [ 0.00541579 -0.02317299  0.01858878  0.01534107  0.01816351  0.09717756
  0.          0.00141122  0.00858878  0.00717756  0.          0.00691579
 -0.02367299  0.00358878]
	[RESULT 72] [ 0.03292718  0.00781827  0.01510891  0.02387696  0.01634086  0.09021782
  0.          0.00832673  0.00510891  0.00021782  0.          0.03407282
 -0.00296391  0.01189109]
	[RESULT 73] [ 0.02039881 -0.00471001  0.01510881  0.01786262  0.022355    0.09021763
  0.          0.00667356  0.00510881  0.00021763  0.          0.02239881
 -0.01149238  0.00689119]
	[RESULT 74] [ 0.00607723 -0.02184568  0.0179229   0.01467297  0.01882716  0.0958458
  0.          0.0020771   0.0079229   0.0058458   0.          0.00757723
 -0.02234568  0.0029229 ]
	[RESULT 75] [ 1.25173134e-02 -1.74825674e-02  1.99998808e-02  2.12584779e-02
  2.12587163e-02  9.99997616e-02  0.00000000e+00  1.19211871e-07
  9.99988079e-03  9.99976158e-03  0.00000000e+00  1.30173134e-02
 -1.94828058e-02  5.50011921e-03]
	[RESULT 76] [ 0.00606319 -0.02187614  0.01793933  0.01469059  0.01881193  0.09587865
  0.          0.00206067  0.00793933  0.00587865  0.          0.00756319
 -0.02237614  0.00293933]
	[RESULT 77] [ 0.00572424 -0.02255211  0.01827635  0.01502665  0.01847394  0.0965527
  0.          0.00172365  0.00827635  0.0065527   0.          0.00722424
 -0.02305211  0.00327635]
	[RESULT 78] [ 0.01531075 -0.01242266  0.01773341  0.01900549  0.02353867  0.09546682
  0.          0.00229977  0.00773341  0.00546682  0.          0.01681075
 -0.01795584  0.00776659]
	[RESULT 79] [ 0.0282061   0.00221822  0.01598788  0.02283488  0.01914089  0.09197577
  0.          0.00401212  0.00598788  0.00197577  0.          0.0297061
 -0.00180601  0.00451212]
	[RESULT 80] [ 0.01033299 -0.01826998  0.01860297  0.01807096  0.02086501  0.09720595
  0.          0.00139703  0.00860297  0.00720595  0.          0.01083299
 -0.01976998  0.00360297]
	[RESULT 81] [0.02924111 0.01122872 0.01953017 0.01557531 0.01463564 0.09906033
 0.         0.00046983 0.00953017 0.00906033 0.         0.02624111
 0.00928905 0.00746983]
	[RESULT 82] [0.03280663 0.00685193 0.0159547  0.02491464 0.01682403 0.09190939
 0.         0.00413591 0.0059547  0.00190939 0.         0.03419337
 0.00276133 0.0060453 ]
	[RESULT 83] [ 0.01419825 -0.01510309  0.01930134  0.02105114  0.02244846  0.09860268
  0.          0.00069866  0.00930134  0.00860268  0.          0.01519825
 -0.01610309  0.00430134]
	[RESULT 84] [0.0290881  0.01524666 0.01566524 0.02129619 0.01262667 0.09133048
 0.         0.00433476 0.00566524 0.00133048 0.         0.0275881
 0.01057714 0.00483476]
	[RESULT 85] [ 0.00593051 -0.02214152  0.01807202  0.01482329  0.01867924  0.09614405
  0.          0.00192798  0.00807202  0.00614405  0.          0.00743051
 -0.02264152  0.00307202]
	[RESULT 86] [ 0.01168403 -0.01417712  0.01586115  0.01463374  0.02291144  0.0917223
  0.          0.00413885  0.00586115  0.0017223   0.          0.01218403
 -0.01945482  0.00463885]
	[RESULT 87] [0.02064595 0.02019469 0.01915936 0.01183393 0.01015266 0.09831873
 0.         0.00084064 0.00915936 0.00831873 0.         0.01914595
 0.00330531 0.00415936]
	[RESULT 88] [ 0.02704146 -0.00068635  0.01772782  0.02488755  0.02034318  0.09545563
  0.          0.00227218  0.00772782  0.00545563  0.          0.02754146
 -0.00223072  0.00277218]
	[RESULT 89] [ 0.02348139 -0.00537826  0.01885965  0.02496983  0.02268913  0.09771931
  0.          0.00114035  0.00885965  0.00771931  0.          0.02398139
 -0.00687826  0.00385965]
	[RESULT 90] [0.02014836 0.02264931 0.01720233 0.01427068 0.00867535 0.09440467
 0.         0.003893   0.00720233 0.00440467 0.         0.01964836
 0.00794603 0.00829767]
	[RESULT 91] [ 0.01965402 -0.00804877  0.01770279  0.0211312   0.02427438  0.09540559
  0.          0.00229721  0.00770279  0.00540559  0.          0.02115402
 -0.00864318  0.00279721]
	[RESULT 92] [ 2.26466439e-02 -7.35290750e-03  1.99995514e-02  2.39273509e-02
  2.39264537e-02  9.99991029e-02  0.00000000e+00  4.48554384e-07
  9.99955145e-03  9.99910289e-03  0.00000000e+00  2.46466439e-02
 -7.35290750e-03  4.99955145e-03]
	[RESULT 93] [0.0187784  0.02388747 0.01510907 0.01672559 0.00694374 0.09021815
 0.         0.00517278 0.00510907 0.00021815 0.         0.0182784
 0.00366933 0.00539093]
	[RESULT 94] [0.02142342 0.02237221 0.01620437 0.01640515 0.0088139  0.09240875
 0.         0.00379563 0.00620437 0.00240875 0.         0.01942342
 0.00521904 0.00579563]
	[RESULT 95] [ 0.00538512 -0.02322981  0.01861493  0.01536496  0.01813509  0.09722986
  0.          0.00138507  0.00861493  0.00722986  0.          0.00688512
 -0.02372981  0.00361493]
	[RESULT 96] [ 0.00994431 -0.01516452  0.01510883  0.0126354   0.02241774  0.09021766
  0.          0.00517351  0.00510883  0.00021766  0.          0.01044431
 -0.02194686  0.00539117]
	[RESULT 97] [ 0.01409968 -0.01472297  0.01882265  0.02028381  0.02263851  0.0976453
  0.          0.00117735  0.00882265  0.0076453   0.          0.01459968
 -0.01907767  0.00667735]
	[RESULT 98] [ 0.02974595  0.00306964  0.01667631  0.02463745  0.01871518  0.09335263
  0.          0.00697106  0.00667631  0.00335263  0.          0.03274595
 -0.00457773  0.01032369]
	[RESULT 99] [ 0.02550229 -0.00144572  0.01694801  0.02317317  0.02072286  0.09389603
  0.          0.00305199  0.00694801  0.00389603  0.          0.02600229
 -0.00454969  0.00355199]
	[RESULT 100] [0.02545106 0.0164306  0.01811834 0.01579801 0.0120347  0.09623669
 0.         0.00188166 0.00811834 0.00623669 0.         0.02395106
 0.0070694  0.00311834]
	[RESULT 101] [ 0.00778866 -0.01842679  0.01621546  0.01296752  0.0205366   0.09243091
  0.          0.00378454  0.00621546  0.00243091  0.          0.00928866
 -0.02199588  0.00428454]
	[RESULT 102] [0.02987847 0.01145129 0.01867025 0.01718386 0.01452436 0.09734049
 0.         0.00132975 0.00867025 0.00734049 0.         0.02837847
 0.01095129 0.00367025]
	[RESULT 103] [ 0.00989566 -0.01641965  0.01631531  0.0141708   0.02154017  0.09263062
  0.          0.00368469  0.00631531  0.00263062  0.          0.01289566
 -0.01978903  0.00568469]
	[RESULT 104] [0.02446636 0.02039744 0.0151362  0.01977888 0.01005128 0.0902724
 0.         0.0084086  0.0051362  0.0002724  0.         0.02146636
 0.00966984 0.0118638 ]
	[RESULT 105] [0.02239785 0.02176946 0.01583268 0.0176999  0.00936527 0.09166537
 0.         0.00416732 0.00583268 0.00166537 0.         0.02089785
 0.00556517 0.00466732]
	[RESULT 106] [0.02698898 0.01527761 0.01773341 0.01714438 0.0126112  0.09546682
 0.         0.00229977 0.00773341 0.00546682 0.         0.02548898
 0.00974443 0.00776659]
	[RESULT 107] [ 0.01412227 -0.01234472  0.01646699  0.01651162  0.02357764  0.09293398
  0.          0.00353301  0.00646699  0.00293398  0.          0.01562227
 -0.01541074  0.00403301]
	[RESULT 108] [ 0.02423208 -0.00146039  0.01569247  0.02065474  0.02073019  0.09138493
  0.          0.00430753  0.00569247  0.00138493  0.          0.02473208
 -0.00707546  0.00480753]
	[RESULT 109] [0.0213427  0.01922111 0.01943619 0.01151706 0.01038945 0.09887238
 0.         0.00056381 0.00943619 0.00887238 0.         0.0193427
 0.00690651 0.00756381]
	[RESULT 110] [0.02893917 0.01488767 0.01617317 0.02045983 0.01280617 0.09234634
 0.         0.00382683 0.00617317 0.00234634 0.         0.02743917
 0.011234   0.00432683]
	[RESULT 111] [ 0.00753912 -0.01993353  0.01747265  0.01497854  0.02003324  0.0949453
  0.          0.00252735  0.00747265  0.0049453   0.          0.00953912
 -0.02198823  0.00452735]
	[RESULT 112] [0.03061434 0.01167494 0.01771072 0.01899108 0.01441253 0.09542145
 0.         0.00228928 0.00771072 0.00542145 0.         0.02911434
 0.01109639 0.00278928]
	[RESULT 113] [ 0.00858438 -0.01683126  0.01541563  0.01216564  0.02133437  0.09083127
  0.          0.00458437  0.00541563  0.00083127  0.          0.01008438
 -0.02199999  0.00508437]
	[RESULT 114] [0.03397906 0.00726176 0.01875918 0.01885076 0.01636912 0.09751836
 0.         0.00124082 0.00875918 0.00751836 0.         0.03197906
 0.00278012 0.00824082]
	[RESULT 115] [0.01747969 0.02448925 0.01700956 0.0132255  0.00724462 0.09401913
 0.         0.00299044 0.00700956 0.00401913 0.         0.01547969
 0.00047012 0.00499044]
	[RESULT 116] [0.03206317 0.01209108 0.01584575 0.02251296 0.01420446 0.09169151
 0.         0.00796274 0.00584575 0.00169151 0.         0.03056317
 0.00278258 0.00965425]
	[RESULT 117] [ 0.0057068  -0.022587    0.0182938   0.01504409  0.0184565   0.09658759
  0.          0.0017062   0.0082938   0.00658759  0.          0.0072068
 -0.023087    0.0032938 ]
	[RESULT 118] [ 0.03031135  0.00274839  0.01756296  0.02349989  0.01862581  0.09512592
  0.          0.00281112  0.00756296  0.00512592  0.          0.03081135
 -0.00412569  0.00793704]
	[RESULT 119] [0.01373918 0.01888012 0.01514094 0.01415818 0.00444006 0.09028188
 0.         0.00992281 0.00514094 0.00028188 0.         0.01323918
 0.00359825 0.01035906]
	[RESULT 120] [0.0286698  0.01428331 0.01704688 0.01901458 0.01310834 0.09409376
 0.         0.00435935 0.00704688 0.00409376 0.         0.0271698
 0.00737708 0.00845312]
