[METRICS]
	[DISEQUILIBRIUM COUNT] 1116
	[MINIMUM S0 sTrt S1 DISTANCE]0.004047690426149497
	[MINIMUM S0 sTrt S21 DISTANCE]-0.025947690654634287
	[MINIMUM S0 sTrt S22 DISTANCE]0.015108696315075443
	[MINIMUM S7 sTrt S6 DISTANCE]0.007737411103489744
	[MINIMUM S7 sTrt S8 DISTANCE]0.0028131531373430385
	[MINIMUM S7 sTrt S21 DISTANCE]0.09021739263015084
	[MINIMUM S7 esTrt S22 DISTANCE]0.0
	[MINIMUM S14 sTrt S13 DISTANCE]1.3268188048254359e-08
	[MINIMUM S14 sTrt S15 DISTANCE]0.005108696315075434
	[MINIMUM S14 sTrt S21 DISTANCE]0.00021739263015082416
	[MINIMUM S14 sTrt S22 DISTANCE]0.0
	[MINIMUM S20 sTrt S19 DISTANCE]0.005583440499331016
	[MINIMUM S20 sTrt S21 DISTANCE]-0.026340573392635645
	[MINIMUM S20 sTrt S22 DISTANCE]0.0027556353005703735
	[AVERAGE S0 sTrt S1 DISTANCE]0.020216209540952476
	[AVERAGE S0 sTrt S21 DISTANCE]0.010036672665703001
	[AVERAGE S0 sTrt S22 DISTANCE]0.016677213965800002
	[AVERAGE S7 sTrt S6 DISTANCE]0.016939891665062844
	[AVERAGE S7 sTrt S8 DISTANCE]0.012496984163529476
	[AVERAGE S7 sTrt S21 DISTANCE]0.09335442793160012
	[AVERAGE S7 sTrt S22 DISTANCE]0.0
	[AVERAGE S14 sTrt S13 DISTANCE]0.004696214733335918
	[AVERAGE S14 sTrt S15 DISTANCE]0.0066772139657999795
	[AVERAGE S14 sTrt S21 DISTANCE]0.0033544279315999535
	[AVERAGE S14 sTrt S22 DISTANCE]0.0
	[AVERAGE S20 sTrt S19 DISTANCE]0.01975215713286432
	[AVERAGE S20 sTrt S21 DISTANCE]-0.001225509767276795
	[AVERAGE S20 sTrt S22 DISTANCE]0.006998078184094671
[VARIABLES]
	[RESULT 1] [0 6.6286358645905334 1 4 6 1025.2117121859317 2]
	[RESULT 2] [0 11.532101047004986 1 1 10 3990.5928954235133 14]
	[RESULT 3] [0 8.770149547394626 1 4 11 1272.2332365529724 2]
	[RESULT 4] [0 8.048227496224975 0 4 24 3971.6956969257076 6]
	[RESULT 5] [0 7.732940755259036 0 1 12 2539.6570711827467 2]
	[RESULT 6] [0 6.7709722505429815 0 1 10 3997.3754952695367 100]
	[RESULT 7] [0 6.861075984210211 1 1 14 3840.851543155304 2]
	[RESULT 8] [1 11.650707400539751 0 4 10 3997.6263085676583 100]
	[RESULT 9] [0 5.000356927068808 1 1 10 1886.2681075112698 15]
	[RESULT 10] [0 49.99971946179504 0 4 10 3997.6374078622575 100]
	[RESULT 11] [0 7.226332353133912 0 1 8 3990.2616293266906 100]
	[RESULT 12] [0 7.512838024405217 0 4 10 3997.3091087000957 100]
	[RESULT 13] [0 44.1619690832757 1 1 6 3999.999401854837 100]
	[RESULT 14] [0 5.900360865938321 1 4 3 3999.9983126052534 93]
	[RESULT 15] [0 10.143917155116807 0 1 8 3806.4969163843784 97]
	[RESULT 16] [0 49.20827981653382 0 1 0 3990.169681433198 100]
	[RESULT 17] [1 6.030399728828259 1 4 10 3987.8623598919007 7]
	[RESULT 18] [0 10.559512560393028 1 1 24 2631.574615968518 97]
	[RESULT 19] [1 43.98372859334937 1 4 22 3816.3349584558014 90]
	[RESULT 20] [1 5.005168923442519 0 4 24 3999.8859292534653 95]
	[RESULT 21] [1 11.57165979372584 0 1 21 3981.339729921471 14]
	[RESULT 22] [1 5.336041520859496 1 4 24 3999.9996286732 100]
	[RESULT 23] [0 5.627730795052646 1 4 24 1007.5403843136862 2]
	[RESULT 24] [0 49.65351529659941 1 1 3 3999.629606340277 54]
	[RESULT 25] [1 5.148352957761552 0 3 10 3809.2118268467752 100]
	[RESULT 26] [0 47.74555051555374 0 1 19 3980.5776917674075 100]
	[RESULT 27] [0 8.809798403867427 0 4 10 3992.837817993044 100]
	[RESULT 28] [0 10.539356363925142 0 1 9 3999.9990052546927 100]
	[RESULT 29] [0 5.136039924068571 1 4 20 3988.2031593295537 1]
	[RESULT 30] [1 5.234246899009223 1 4 24 2675.2816826118296 7]
	[RESULT 31] [1 42.096782036884825 1 3 11 3985.165061913354 100]
	[RESULT 32] [1 8.897911426591126 1 1 10 3974.850836050349 6]
	[RESULT 33] [0 6.043923186983277 1 4 8 3682.058230654375 7]
	[RESULT 34] [0 49.978026291701916 0 1 19 3881.994005117985 2]
	[RESULT 35] [1 48.770300733495965 0 4 22 3945.759332651402 98]
	[RESULT 36] [0 5.178828972652973 1 2 20 3997.1421737445953 100]
	[RESULT 37] [1 5.6076907942065315 0 4 3 3999.999964107667 100]
	[RESULT 38] [0 5.7329476129532 1 1 8 3972.1780045765786 100]
	[RESULT 39] [1 6.03884437524997 0 4 11 3999.980296228806 100]
	[RESULT 40] [1 6.045267670349653 0 4 8 3993.527277727063 100]
	[RESULT 41] [1 49.648759476842 1 4 24 3999.629606340277 98]
	[RESULT 42] [0 5.255186560987955 1 1 8 3972.1780045765786 100]
	[RESULT 43] [1 5.925706656351756 0 1 10 3999.999161259955 100]
	[RESULT 44] [1 6.148904781136243 0 1 10 3999.9918316144744 100]
	[RESULT 45] [0 5.8606023115195764 1 4 9 3945.9063639864507 16]
	[RESULT 46] [1 5.607853357780079 1 1 24 3869.988270765366 16]
	[RESULT 47] [1 6.4163740148969355 1 4 10 3969.600803650343 7]
	[RESULT 48] [0 5.102308424940878 0 1 7 3998.4546298829673 99]
	[RESULT 49] [0 5.003611886851265 1 4 24 3957.2697747962093 2]
	[RESULT 50] [0 5.412962036409862 1 4 12 3999.5909578785418 6]
	[RESULT 51] [0 5.298755779778271 0 3 10 1654.3611464939777 2]
	[RESULT 52] [0 5.325287913542474 0 4 24 3948.5757228566254 11]
	[RESULT 53] [0 47.7181625864805 0 1 12 2719.3527235484285 100]
	[RESULT 54] [1 5.548231591172758 0 1 10 3999.9593438181573 100]
	[RESULT 55] [0 5.443143006572739 0 1 18 3959.614484801708 100]
	[RESULT 56] [1 49.196806151511794 0 4 3 1007.4132340928177 11]
	[RESULT 57] [1 9.278352420340799 0 4 11 3999.9647631125117 100]
	[RESULT 58] [1 5.243336090251455 0 3 10 3999.998799921128 100]
	[RESULT 59] [1 5.975461554522606 0 4 11 3999.9992053217366 100]
	[RESULT 60] [0 48.99931546110202 1 1 9 1004.3623200492384 1]
	[RESULT 61] [1 7.04031789406578 0 1 24 3941.868496427852 98]
	[RESULT 62] [1 47.069449996244515 0 4 3 3992.1667586183294 99]
	[RESULT 63] [1 6.526287553296656 0 4 10 3998.232089357745 100]
	[RESULT 64] [1 5.379985543946343 0 1 18 3999.998676477319 100]
	[RESULT 65] [0 45.619153171217626 1 4 6 3999.9999788567407 100]
	[RESULT 66] [1 5.032781790121383 1 4 24 3997.121151446321 95]
	[RESULT 67] [0 6.557125532481767 0 1 10 3325.7802925707283 96]
	[RESULT 68] [1 48.147392298211486 0 1 9 3307.451744331086 99]
	[RESULT 69] [0 7.80889040497999 0 1 21 3971.16210975143 100]
	[RESULT 70] [0 6.7269250710369235 0 4 24 3939.410063058445 100]
	[RESULT 71] [0 8.809798403867427 0 4 10 3677.2494029891386 100]
	[RESULT 72] [0 7.438011847351935 0 4 16 3877.591172596254 1]
	[RESULT 73] [0 10.623034950031574 0 1 10 3153.5772236121984 90]
	[RESULT 74] [0 5.000356927068808 0 4 10 3914.8545771375802 96]
	[RESULT 75] [0 7.44650522516862 1 4 24 3999.9998900816277 96]
	[RESULT 76] [1 49.5487808724022 1 4 24 3945.202031476807 98]
	[RESULT 77] [1 7.01144301028277 0 4 10 3999.973364016339 100]
	[RESULT 78] [1 7.349013708965173 0 1 18 3882.2393158553227 94]
	[RESULT 79] [1 7.461682236249875 0 1 10 3999.9997897050152 100]
	[RESULT 80] [0 6.582928321045264 0 1 24 3946.5384890998407 99]
	[RESULT 81] [0 17.15986172221982 0 4 3 3937.2601647760707 90]
	[RESULT 82] [1 5.939330808684338 1 1 24 3971.834282470248 6]
	[RESULT 83] [0 6.756395134109674 1 1 3 3997.5555007102303 93]
	[RESULT 84] [1 5.836086463249753 0 1 10 3979.999772296391 100]
	[RESULT 85] [0 9.415895060654055 0 4 12 1061.4970818811003 2]
	[RESULT 86] [0 5.6076907942065315 0 4 3 1248.7323830340858 100]
	[RESULT 87] [1 5.015431741197373 0 1 11 3999.992543385321 100]
	[RESULT 88] [1 5.17017057170685 1 4 24 3923.220395230263 16]
	[RESULT 89] [1 5.554403932022716 1 2 20 3997.1421737445953 100]
	[RESULT 90] [1 14.799174732877999 0 3 14 3999.6855717195444 98]
	[RESULT 91] [0 5.4160644686174955 1 4 20 3970.592969855318 2]
	[RESULT 92] [1 49.56639962134247 1 1 19 3778.3534113516257 94]
	[RESULT 93] [1 5.950099727057527 0 3 10 3999.9969413071935 100]
	[RESULT 94] [0 5.889923273399663 0 4 19 1006.2933741719546 11]
	[RESULT 95] [0 10.435500207174451 0 1 4 3994.8928375415167 100]
	[RESULT 96] [0 6.65017006282044 0 4 14 1001.2593930180593 2]
	[RESULT 97] [1 49.155699811370795 0 1 8 3994.599830884839 100]
	[RESULT 98] [1 6.043923186983277 0 4 8 3964.307715370175 6]
	[RESULT 99] [1 6.056323428550508 0 1 8 3993.527277727063 100]
	[RESULT 100] [0 49.94476263050059 1 4 14 1000.3196971895385 2]
	[RESULT 101] [0 5.315781125526032 0 1 10 3986.259902905365 10]
	[RESULT 102] [1 49.47190172414681 0 4 8 3835.530024671373 100]
	[RESULT 103] [0 10.435500207174451 1 1 0 3997.5527023673253 85]
	[RESULT 104] [1 6.144670670966939 0 4 6 3999.996730666427 96]
	[RESULT 105] [1 49.93588475851396 0 2 20 3999.998182211264 100]
	[RESULT 106] [1 5.546045059494581 0 1 0 3999.9593438181573 100]
	[RESULT 107] [0 6.616692539137787 0 1 19 3998.203619579986 99]
	[RESULT 108] [0 7.503074322627988 1 1 19 1182.779985466489 2]
	[RESULT 109] [0 5.829000974219844 0 1 24 3853.6838606480787 82]
	[RESULT 110] [0 7.586576114484224 1 1 24 3963.2325239742804 99]
	[RESULT 111] [1 10.972343357183487 0 4 18 3922.071115518185 100]
	[RESULT 112] [1 6.148904781136243 0 1 12 3999.9918316144744 100]
	[RESULT 113] [0 14.24550666102304 0 3 24 3992.7011666385697 100]
	[RESULT 114] [0 49.95596385196679 0 1 15 1000.1593911960076 2]
	[RESULT 115] [0 5.003581211259087 1 2 20 3999.994116747665 100]
	[RESULT 116] [1 10.596485562549816 0 1 10 3979.999772296391 100]
	[RESULT 117] [1 5.6570649495325895 0 4 11 3999.999973769287 100]
	[RESULT 118] [1 5.475772632043061 0 1 11 3985.394344562097 100]
	[RESULT 119] [0 5.7135294082163295 0 4 13 3924.505149431961 100]
	[RESULT 120] [1 5.700846330169757 0 4 7 3999.9898850350937 100]
[OBJECTIVES]
	[RESULT 1] [0.0123125  0.01921462 0.01690213 0.01080306 0.00460731 0.09380425
 0.         0.00629362 0.00690213 0.00380425 0.         0.0103125
 0.00041037 0.01009787]
	[RESULT 2] [0.02905856 0.01527761 0.01566383 0.02103354 0.01236119 0.09132765
 0.         0.00850852 0.00566383 0.00132765 0.         0.02855856
 0.00460526 0.00983617]
	[RESULT 3] [0.01147725 0.01752543 0.01604819 0.01166635 0.00376272 0.09209637
 0.         0.00885544 0.00604819 0.00209637 0.         0.00947725
 0.00042906 0.01095181]
	[RESULT 4] [0.02817077 0.01559412 0.01623511 0.01973272 0.01220294 0.09247022
 0.         0.00376489 0.00623511 0.00247022 0.         0.02617077
 0.01106434 0.00576489]
	[RESULT 5] [0.01696223 0.02330165 0.01633943 0.01397197 0.00665083 0.09267885
 0.         0.00366057 0.00633943 0.00267885 0.         0.01646223
 0.0006228  0.00416057]
	[RESULT 6] [ 0.01057074 -0.01623368  0.01680442  0.015492    0.02188316  0.09360884
  0.          0.00319558  0.00680442  0.00360884  0.          0.01107074
 -0.01962484  0.00369558]
	[RESULT 7] [0.01534362 0.02209121 0.01674759 0.01255042 0.0060456  0.09349519
 0.         0.00525722 0.00674759 0.00349519 0.         0.01484362
 0.00359602 0.00875241]
	[RESULT 8] [ 0.01051432 -0.01513921  0.01565353  0.01348746  0.02218039  0.09130707
  0.          0.0050394   0.00565353  0.00130707  0.          0.01351432
 -0.01983214  0.00634647]
	[RESULT 9] [1.55230034e-02 2.44787806e-02 1.99982160e-02 7.76417769e-03
 7.76060969e-03 9.99964320e-02 0.00000000e+00 1.78399859e-06
 9.99821600e-03 9.99643200e-03 0.00000000e+00 1.50230034e-02
 5.24787382e-04 5.50178400e-03]
	[RESULT 10] [ 0.0120499  -0.0130588   0.0151087   0.01368799  0.0234706   0.09021739
  0.          0.00667391  0.0051087   0.00021739  0.          0.0140499
 -0.0198414   0.0068913 ]
	[RESULT 11] [ 0.01545862 -0.01109113  0.01654975  0.01755393  0.02445444  0.09309949
  0.          0.00345025  0.00654975  0.00309949  0.          0.01595862
 -0.01499163  0.00395025]
	[RESULT 12] [ 0.01100605 -0.0154173   0.01642335  0.01513805  0.02229135  0.0928467
  0.          0.00357665  0.00642335  0.0028467   0.          0.01300605
 -0.0195706   0.00557665]
	[RESULT 13] [ 0.0148761  -0.01024839  0.0151245   0.01512479  0.0248758   0.09024899
  0.          0.00987349  0.0051245   0.00024899  0.          0.0153761
 -0.0219994   0.0103755 ]
	[RESULT 14] [ 0.02987061  0.00223953  0.01763108  0.02361808  0.01888024  0.09526216
  0.          0.00410676  0.00763108  0.00526216  0.          0.03187061
 -0.00449831  0.00936892]
	[RESULT 15] [0.02367418 0.020512   0.01581381 0.01811637 0.009744   0.09162763
 0.         0.00418619 0.00581381 0.00162763 0.         0.02317418
 0.00786037 0.00468619]
	[RESULT 16] [ 0.01694526 -0.00816534  0.0151106   0.01613853  0.02408267  0.0902212
  0.          0.0051682   0.0051106   0.0002212   0.          0.01744526
 -0.01494414  0.0053894 ]
	[RESULT 17] [0.03050462 0.01203281 0.01746257 0.01930846 0.0142336  0.09492514
 0.         0.00461229 0.00746257 0.00492514 0.         0.02750462
 0.00595795 0.00953743]
	[RESULT 18] [0.01621079 0.02197304 0.01576225 0.01446202 0.00598652 0.0915245
 0.         0.00821324 0.00576225 0.0015245  0.         0.01571079
 0.00544853 0.00973775]
	[RESULT 19] [0.01593846 0.02106351 0.01512505 0.01553166 0.00578176 0.0902501
 0.         0.00837515 0.00512505 0.0002501  0.         0.01293846
 0.00481341 0.01187495]
	[RESULT 20] [ 2.08059310e-02 -9.16835728e-03  1.99742883e-02  2.48856021e-02
  2.48341786e-02  9.99485766e-02  0.00000000e+00  2.57117153e-05
  9.97428828e-03  9.94857657e-03  0.00000000e+00  2.38059310e-02
 -8.16835728e-03  4.97428828e-03]
	[RESULT 21] [0.03120532 0.01313433 0.01566036 0.02236212 0.01368284 0.09132071
 0.         0.00433964 0.00566036 0.00132071 0.         0.02970532
 0.00845504 0.00483964]
	[RESULT 22] [ 0.01025797 -0.01848443  0.0187424   0.01799258  0.02050779  0.0974848
  0.          0.0012576   0.0087424   0.0074848   0.          0.01325797
 -0.02199963  0.0082576 ]
	[RESULT 23] [0.01348091 0.02155267 0.01807176 0.00963281 0.00577634 0.09614352
 0.         0.00278472 0.00807176 0.00614352 0.         0.01148091
 0.00040915 0.00892824]
	[RESULT 24] [ 0.03482993  0.00972041  0.01510952  0.02492075  0.01513979  0.09021904
  0.          0.00982856  0.00510952  0.00021904  0.          0.03467007
 -0.00206055  0.01039048]
	[RESULT 25] [ 0.02674958 -0.00260448  0.01935406  0.02284412  0.02155224  0.09870812
  0.          0.00064594  0.00935406  0.00870812  0.          0.02924958
 -0.00210448  0.00435406]
	[RESULT 26] [ 0.0208162  -0.0042981   0.0151143   0.01807954  0.02214905  0.09022859
  0.          0.00515711  0.0051143   0.00022859  0.          0.0213162
 -0.01106951  0.0053857 ]
	[RESULT 27] [ 0.01452769 -0.01151185  0.01603954  0.01632316  0.02424407  0.09207909
  0.          0.00396046  0.00603954  0.00207909  0.          0.01652769
 -0.01643276  0.00596046]
	[RESULT 28] [ 0.00923639 -0.01652821  0.0157646   0.0132651   0.0217359   0.0915292
  0.          0.0042354   0.0057646   0.0015292   0.          0.00973639
 -0.02199901  0.0047354 ]
	[RESULT 29] [0.03158641 0.00901234 0.01940125 0.01669132 0.01549383 0.09880251
 0.         0.00059875 0.00940125 0.00880251 0.         0.02958641
 0.00581485 0.00759875]
	[RESULT 30] [0.01572688 0.02477793 0.01905105 0.00953686 0.00763897 0.09810211
 0.         0.00094895 0.00905105 0.00810211 0.         0.01272688
 0.00067583 0.00794895]
	[RESULT 31] [ 0.02317901 -0.00195223  0.01513124  0.01903637  0.02122612  0.09026249
  0.          0.00889373  0.00513124  0.00026249  0.          0.02567901
 -0.01268974  0.01136876]
	[RESULT 32] [0.02469419 0.01928497 0.01602084 0.01856583 0.01060752 0.09204169
 0.         0.00743747 0.00602084 0.00204169 0.         0.02319419
 0.01032665 0.00947916]
	[RESULT 33] [0.01448151 0.02192778 0.01744628 0.01107134 0.00596389 0.09489255
 0.         0.00466117 0.00744628 0.00489255 0.         0.01248151
 0.00203523 0.00955372]
	[RESULT 34] [0.01968121 0.02478996 0.01510875 0.01717749 0.00739498 0.0902175
 0.         0.00517376 0.00510875 0.0002175  0.         0.01918121
 0.00457247 0.00539125]
	[RESULT 35] [0.03066571 0.01422261 0.01511168 0.02291533 0.0131387  0.09022336
 0.         0.00666496 0.00511168 0.00022336 0.         0.02766571
 0.00844597 0.00688832]
	[RESULT 36] [ 0.01332316 -0.01591834  0.0192415   0.02052382  0.02204083  0.09848299
  0.          0.0007585   0.0092415   0.00848299  0.          0.01432316
 -0.01943535  0.0067585 ]
	[RESULT 37] [ 0.00588999 -0.02222007  0.01811005  0.01486007  0.01863997  0.0962201
  0.          0.00188995  0.00811005  0.0062201   0.          0.00888999
 -0.02199996  0.00388995]
	[RESULT 38] [ 0.02528255 -0.00260271  0.01788526  0.02446916  0.02130135  0.09577051
  0.          0.00211474  0.00788526  0.00577051  0.          0.02578255
 -0.00883219  0.00761474]
	[RESULT 39] [ 0.00656732 -0.02088505  0.01745237  0.01421221  0.01930747  0.09490474
  0.          0.00254763  0.00745237  0.00490474  0.          0.00956732
 -0.02198031  0.00454763]
	[RESULT 40] [ 0.01169687 -0.0157478   0.01744467  0.01676543  0.0218761   0.09488934
  0.          0.00255533  0.00744467  0.00488934  0.          0.01469687
 -0.01685847  0.00455533]
	[RESULT 41] [ 0.02758879  0.00247926  0.01510953  0.02120869  0.01901037  0.09021906
  0.          0.0083286   0.00510953  0.00021906  0.          0.03058879
 -0.00830168  0.01189047]
	[RESULT 42] [ 0.02418434 -0.00479914  0.01898347  0.02443262  0.02239957  0.09796694
  0.          0.00101653  0.00898347  0.00796694  0.          0.02468434
 -0.00883219  0.00651653]
	[RESULT 43] [ 0.00640439 -0.02119206  0.01759645  0.01434687  0.01915397  0.0951929
  0.          0.00240355  0.00759645  0.0051929   0.          0.00790439
 -0.02199916  0.00290355]
	[RESULT 44] [ 0.0066814  -0.02064537  0.01732677  0.01408085  0.01942732  0.09465353
  0.          0.00267323  0.00732677  0.00465353  0.          0.0081814
 -0.02199183  0.00317323]
	[RESULT 45] [0.02082462 0.02148808 0.0176873  0.01388136 0.00925596 0.0953746
 0.         0.00393809 0.0076873  0.0053746  0.         0.01882462
 0.00813732 0.0093127 ]
	[RESULT 46] [0.01837698 0.02351328 0.01810974 0.01227389 0.00849336 0.09621947
 0.         0.00189026 0.00810974 0.00621947 0.         0.01687698
 0.00426725 0.00739026]
	[RESULT 47] [0.02456373 0.01836705 0.01706922 0.01692804 0.01106648 0.09413843
 0.         0.00579235 0.00706922 0.00413843 0.         0.02156373
 0.01149452 0.00993078]
	[RESULT 48] [ 0.01691947 -0.01261647  0.01953594  0.02276364  0.02369177  0.09907187
  0.          0.00046406  0.00953594  0.00907187  0.          0.01741947
 -0.01411647  0.00453594]
	[RESULT 49] [2.44118114e-02 1.56061830e-02 1.99820056e-02 1.22328974e-02
 1.21969085e-02 9.99640111e-02 0.00000000e+00 1.79944404e-05
 9.98200556e-03 9.96401112e-03 0.00000000e+00 2.24118114e-02
 9.42980585e-03 7.01799444e-03]
	[RESULT 50] [ 0.03165327  0.0031146   0.01853867  0.02136537  0.0184427   0.09707733
  0.          0.00146133  0.00853867  0.00707733  0.          0.03365327
 -0.00180807  0.00846133]
	[RESULT 51] [0.0193155  0.02183466 0.01884984 0.01138299 0.00908267 0.09769968
 0.         0.00115016 0.00884984 0.00769968 0.         0.0178155
 0.00166534 0.00384984]
	[RESULT 52] [0.02717302 0.01405422 0.01877277 0.01542736 0.01297289 0.09754553
 0.         0.00122723 0.00877277 0.00754553 0.         0.02517302
 0.00894578 0.00377277]
	[RESULT 53] [0.03440694 0.00929257 0.01511437 0.02487502 0.01535371 0.09022874
 0.         0.00515689 0.00511437 0.00022874 0.         0.03490694
 0.00252131 0.00538563]
	[RESULT 54] [ 0.0058111  -0.02241839  0.01822949  0.01499979  0.0185408   0.09645898
  0.          0.00177051  0.00822949  0.00645898  0.          0.0073111
 -0.02291839  0.00322949]
	[RESULT 55] [ 0.02197665 -0.00648801  0.01846466  0.02368531  0.02324401  0.09692932
  0.          0.00153534  0.00846466  0.00692932  0.          0.02247665
 -0.00798801  0.00346466]
	[RESULT 56] [0.01653997 0.0216506  0.01511063 0.01585404 0.0060753  0.09022125
 0.         0.00666812 0.00511063 0.00022125 0.         0.01353997
 0.00042934 0.00688937]
	[RESULT 57] [ 0.00808792 -0.01785934  0.01594727  0.01271486  0.02082033  0.09189453
  0.          0.0041582   0.00594727  0.00189453  0.          0.01108792
 -0.02196481  0.00605273]
	[RESULT 58] [ 0.00497976 -0.02404168  0.01902144  0.01577204  0.01772916  0.09804288
  0.          0.00097856  0.00902144  0.00804288  0.          0.00747976
 -0.02354168  0.00402144]
	[RESULT 59] [ 0.00646974 -0.02106131  0.01753105  0.01428145  0.01921934  0.09506211
  0.          0.00246895  0.00753105  0.00506211  0.          0.00946974
 -0.02199921  0.00446895]
	[RESULT 60] [0.01051802 0.01562914 0.01511111 0.01259234 0.00281457 0.09022223
 0.         0.00983334 0.00511111 0.00022223 0.         0.01001802
 0.00040691 0.01038889]
	[RESULT 61] [0.03182944 0.01152599 0.01664456 0.02119787 0.014487   0.09328913
 0.         0.00335544 0.00664456 0.00328913 0.         0.03032944
 0.00881512 0.00385544]
	[RESULT 62] [ 0.02484832 -0.00026777  0.01511609  0.0198483   0.02038388  0.09023218
  0.          0.00665173  0.00511609  0.00023218  0.          0.02784832
 -0.00603559  0.00688391]
	[RESULT 63] [ 0.00867196 -0.01830723  0.01697919  0.01455476  0.02059638  0.09395838
  0.          0.00302081  0.00697919  0.00395838  0.          0.01167196
 -0.02034885  0.00502081]
	[RESULT 64] [ 0.0053781  -0.02324513  0.01862323  0.01537389  0.01812744  0.09724645
  0.          0.00137677  0.00862323  0.00724645  0.          0.0068781
 -0.02374513  0.00362323]
	[RESULT 65] [ 0.01487988 -0.01024025  0.01512014  0.01512015  0.02487987  0.09024027
  0.          0.00836041  0.00512014  0.00024027  0.          0.01687988
 -0.02199998  0.01187986]
	[RESULT 66] [ 0.02840694 -0.00143435  0.01984129  0.02128459  0.02096718  0.09968259
  0.          0.00015871  0.00984129  0.00968259  0.          0.03140694
 -0.00275176  0.00715871]
	[RESULT 67] [0.02184917 0.02119551 0.01695532 0.01549161 0.00940225 0.09391064
 0.         0.00304468 0.00695532 0.00391064 0.         0.02134917
 0.00489385 0.00354468]
	[RESULT 68] [0.02698428 0.01790246 0.01511326 0.02107225 0.01129877 0.09022651
 0.         0.00516023 0.00511326 0.00022651 0.         0.02548428
 0.01087102 0.00538674]
	[RESULT 69] [ 0.02207836 -0.00423436  0.01631272  0.02050826  0.02211718  0.09262544
  0.          0.00368728  0.00631272  0.00262544  0.          0.02257836
 -0.00860892  0.00418728]
	[RESULT 70] [ 0.02586417 -0.00096939  0.01683357  0.02318244  0.0204847   0.09366713
  0.          0.00316643  0.00683357  0.00366713  0.          0.02786417
 -0.00430226  0.00516643]
	[RESULT 71] [0.03216319 0.00612365 0.01603954 0.02485909 0.01693818 0.09207909
 0.         0.00396046 0.00603954 0.00207909 0.         0.03416319
 0.00120273 0.00596046]
	[RESULT 72] [0.02089424 0.02265143 0.01645433 0.01576563 0.00867428 0.09290866
 0.         0.00354567 0.00645433 0.00290866 0.         0.01889424
 0.00443991 0.00554567]
	[RESULT 73] [0.01829034 0.02404528 0.01575494 0.01551276 0.00702264 0.09150988
 0.         0.00424506 0.00575494 0.00150988 0.         0.01779034
 0.0025354  0.00474506]
	[RESULT 74] [2.96725326e-02 1.03292514e-02 1.99982160e-02 1.48389423e-02
 1.48353743e-02 9.99964320e-02 0.00000000e+00 1.78399859e-06
 9.99821600e-03 9.99643200e-03 0.00000000e+00 2.76725326e-02
 1.03292514e-02 4.99821600e-03]
	[RESULT 75] [ 0.02954936  0.00309862  0.01645074  0.0244508   0.01845069  0.09290149
  0.          0.00764777  0.00645074  0.00290149  0.          0.03154936
 -0.00599989  0.01054926]
	[RESULT 76] [0.02560872 0.01928151 0.01510977 0.0203897  0.01060925 0.09021954
 0.         0.00832932 0.00510977 0.00021954 0.         0.02260872
 0.00850105 0.01189023]
	[RESULT 77] [ 0.00736627 -0.01929406  0.01666033  0.01342364  0.02010297  0.09332067
  0.          0.00333967  0.00666033  0.00332067  0.          0.01036627
 -0.02197339  0.00533967]
	[RESULT 78] [0.02472808 0.01877895 0.01649298 0.01787457 0.01086053 0.09298595
 0.         0.00350702 0.00649298 0.00298595 0.         0.02322808
 0.0072351  0.00400702]
	[RESULT 79] [ 0.00755583 -0.01888856  0.01644438  0.01319449  0.02030572  0.09288877
  0.          0.00355562  0.00644438  0.00288877  0.          0.00905583
 -0.02199979  0.00405562]
	[RESULT 80] [0.03490148 0.00816274 0.01693579 0.02204706 0.01591863 0.09387157
 0.         0.00306421 0.00693579 0.00387157 0.         0.03440148
 0.00503431 0.00356421]
	[RESULT 81] [0.02432146 0.0202986  0.01537994 0.01909081 0.0098507  0.09075989
 0.         0.00586017 0.00537994 0.00075989 0.         0.02232146
 0.00894151 0.00662006]
	[RESULT 82] [0.02554443 0.01687736 0.01757821 0.0166549  0.01181132 0.09515642
 0.         0.00276537 0.00757821 0.00515642 0.         0.02404443
 0.01103378 0.00792179]
	[RESULT 83] [ 0.0329128   0.00609884  0.01681396  0.02332265  0.01695058  0.09362793
  0.          0.00505811  0.00681396  0.00362793  0.          0.0334128
 -0.00227323  0.00868604]
	[RESULT 84] [ 0.017388   -0.01033519  0.01772318  0.02002877  0.02458241  0.09544637
  0.          0.00227682  0.00772318  0.00544637  0.          0.018888
 -0.01088882  0.00277682]
	[RESULT 85] [0.01633613 0.02225934 0.01592321 0.01428325 0.00612967 0.09184642
 0.         0.00423037 0.00592321 0.00184642 0.         0.01433613
 0.00041292 0.00607679]
	[RESULT 86] [0.03166483 0.00355478 0.01811005 0.02200251 0.01822261 0.0962201
 0.         0.00188995 0.00811005 0.0062201  0.         0.03366483
 0.00277488 0.00388995]
	[RESULT 87] [ 4.08344050e-03 -2.58405734e-02  1.99240139e-02  1.66777411e-02
  1.68297133e-02  9.98480278e-02  0.00000000e+00  7.59861080e-05
  9.92401389e-03  9.84802778e-03  0.00000000e+00  5.58344050e-03
 -2.63405734e-02  4.92401389e-03]
	[RESULT 88] [0.02164889 0.01907822 0.01927288 0.01216513 0.01071089 0.09854576
 0.         0.00072712 0.00927288 0.00854576 0.         0.01864889
 0.00637601 0.00772712]
	[RESULT 89] [ 0.01334799 -0.01486868  0.01821667  0.01874899  0.02231566  0.09643333
  0.          0.00178333  0.00821667  0.00643333  0.          0.01534799
 -0.01943535  0.00778333]
	[RESULT 90] [ 0.02218086 -0.00328214  0.015463    0.01903493  0.02189107  0.090926
  0.          0.005111    0.005463    0.000926    0.          0.02468086
 -0.00835614  0.006037  ]
	[RESULT 91] [0.02522042 0.01624867 0.01853091 0.01481384 0.01187567 0.09706183
 0.         0.00146909 0.00853091 0.00706183 0.         0.02322042
 0.01131049 0.00846909]
	[RESULT 92] [0.01650086 0.02161059 0.01510973 0.01583584 0.0060553  0.09021946
 0.         0.00982919 0.00510973 0.00021946 0.         0.01500086
 0.00539113 0.01039027]
	[RESULT 93] [ 0.00643909 -0.02112488  0.01756397  0.0143155   0.01918756  0.09512794
  0.          0.00243603  0.00756397  0.00512794  0.          0.00893909
 -0.02199694  0.00393603]
	[RESULT 94] [0.01807487 0.02427952 0.01764561 0.01256902 0.00786024 0.09529122
 0.         0.00235439 0.00764561 0.00529122 0.         0.01607487
 0.00042926 0.00435439]
	[RESULT 95] [ 0.01346388 -0.01231306  0.01577694  0.01539735  0.02384347  0.09155388
  0.          0.00422306  0.00577694  0.00155388  0.          0.01396388
 -0.01775918  0.00472306]
	[RESULT 96] [0.01729539 0.02418206 0.01688667 0.01331769 0.00709103 0.09377334
 0.         0.00311333 0.00688667 0.00377334 0.         0.01529539
 0.00040872 0.00511333]
	[RESULT 97] [ 0.01333018 -0.01178055  0.01511073  0.01408118  0.02385972  0.09022146
  0.          0.00516782  0.00511073  0.00022146  0.          0.01483018
 -0.0175591   0.00538927]
	[RESULT 98] [0.02895465 0.01359907 0.01744628 0.01855791 0.01345046 0.09489255
 0.         0.00255372 0.00744628 0.00489255 0.         0.02595465
 0.01050838 0.00455372]
	[RESULT 99] [ 0.01171001 -0.01572151  0.01743152  0.01675229  0.02188924  0.09486305
  0.          0.00256848  0.00743152  0.00486305  0.          0.01321001
 -0.01685847  0.00306848]
	[RESULT 100] [0.01051748 0.01562631 0.01510883 0.0125955  0.00281315 0.09021765
 0.         0.00832648 0.00510883 0.00021765 0.         0.00851748
 0.00040865 0.01189117]
	[RESULT 101] [0.03484704 0.00604702 0.01880002 0.01937644 0.01697649 0.09760005
 0.         0.00119998 0.00880002 0.00760005 0.         0.03465296
 0.00454702 0.00380002]
	[RESULT 102] [ 0.03059137  0.00548141  0.01510996  0.02271062  0.0175093   0.09021992
  0.          0.00667013  0.00510996  0.00021992  0.          0.03359137
 -0.00029868  0.00689004]
	[RESULT 103] [ 0.03479785  0.00942521  0.01577694  0.02373352  0.0152874   0.09155388
  0.          0.00816918  0.00577694  0.00155388  0.          0.03429785
 -0.00102091  0.00972306]
	[RESULT 104] [ 0.02267191 -0.00465945  0.01733136  0.02208299  0.02257973  0.09466272
  0.          0.00266864  0.00733136  0.00466272  0.          0.02567191
 -0.00599673  0.00466864]
	[RESULT 105] [ 0.00889297 -0.01621588  0.01510885  0.01185976  0.02164206  0.09021769
  0.          0.00567346  0.00510885  0.00021769  0.          0.01089297
 -0.02199818  0.00589115]
	[RESULT 106] [ 0.00580653 -0.02242753  0.01823406  0.01500435  0.01853624  0.09646812
  0.          0.00176594  0.00823406  0.00646812  0.          0.00730653
 -0.02292753  0.00323406]
	[RESULT 107] [ 0.01976515 -0.00714566  0.01691081  0.02024879  0.02357283  0.09382162
  0.          0.00308919  0.00691081  0.00382162  0.          0.02026515
 -0.01032405  0.00358919]
	[RESULT 108] [0.01184924 0.01827655 0.01642732 0.01128364 0.00413828 0.09285464
 0.         0.00621805 0.00642732 0.00285464 0.         0.01134924
 0.00042192 0.00907268]
	[RESULT 109] [0.02243459 0.01983168 0.01773373 0.0146167  0.01008416 0.09546747
 0.         0.00226627 0.00773373 0.00546747 0.         0.02193459
 0.00470086 0.00276627]
	[RESULT 110] [0.03151268 0.01209323 0.01639409 0.02116521 0.01395338 0.09278817
 0.         0.00631774 0.00639409 0.00278817 0.         0.03101268
 0.00288141 0.00910591]
	[RESULT 111] [ 0.02721073  0.00149361  0.01571712  0.02193104  0.0195032   0.09143424
  0.          0.00484864  0.00571712  0.00143424  0.          0.03021073
 -0.00307215  0.00628288]
	[RESULT 112] [ 0.0066814  -0.02064537  0.01732677  0.01408085  0.01942732  0.09465353
  0.          0.00267323  0.00732677  0.00465353  0.          0.0081814
 -0.02199183  0.00317323]
	[RESULT 113] [ 0.01516144 -0.01032658  0.01548802  0.01581275  0.02483671  0.09097604
  0.          0.00503594  0.00548802  0.00097604  0.          0.01666144
 -0.01635054  0.00601198]
	[RESULT 114] [0.01551744 0.02062624 0.0151088  0.01509552 0.00531312 0.0902176
 0.         0.0051736  0.0051088  0.0002176  0.         0.01501744
 0.00040864 0.0053912 ]
	[RESULT 115] [ 1.00237240e-02 -1.99584338e-02  1.99821578e-02  1.99850988e-02
  2.00207831e-02  9.99643157e-02  0.00000000e+00  1.78421598e-05
  9.98215784e-03  9.96431568e-03  0.00000000e+00  1.10237240e-02
 -2.19941181e-02  6.01784216e-03]
	[RESULT 116] [ 0.0193532  -0.00640478  0.01575798  0.01806357  0.02345239  0.09151596
  0.          0.00424202  0.00575798  0.00151596  0.          0.0208532
 -0.01088882  0.00474202]
	[RESULT 117] [ 0.00598264 -0.02203474  0.01801738  0.0147674   0.01873263  0.09603477
  0.          0.00198262  0.00801738  0.00603477  0.          0.00898264
 -0.02199997  0.00398262]
	[RESULT 118] [ 0.01483137 -0.01355669  0.01838806  0.01974777  0.02297166  0.09677611
  0.          0.00161194  0.00838806  0.00677611  0.          0.01633137
 -0.01405669  0.00338806]
	[RESULT 119] [ 0.02586282 -0.00205513  0.01791795  0.02480834  0.02102757  0.09583591
  0.          0.00208205  0.00791795  0.00583591  0.          0.02786282
 -0.00321922  0.00408205]
	[RESULT 120] [ 0.0060704  -0.02186932  0.01793971  0.01469477  0.01881534  0.09587943
  0.          0.00206029  0.00793971  0.00587943  0.          0.0090704
 -0.02198989  0.00406029]
