[METRICS]
	[DISEQUILIBRIUM COUNT] 1229
	[MINIMUM S0 sTrt S1 DISTANCE]0.004006988247942211
	[MINIMUM S0 sTrt S21 DISTANCE]-0.02598602467344714
	[MINIMUM S0 sTrt S22 DISTANCE]0.01510871549137821
	[MINIMUM S7 sTrt S6 DISTANCE]0.007778192552805874
	[MINIMUM S7 sTrt S8 DISTANCE]0.0028182241647157213
	[MINIMUM S7 sTrt S21 DISTANCE]0.0902174309827564
	[MINIMUM S7 esTrt S22 DISTANCE]0.0
	[MINIMUM S14 sTrt S13 DISTANCE]2.2917018094315011e-07
	[MINIMUM S14 sTrt S15 DISTANCE]0.005108715491378202
	[MINIMUM S14 sTrt S21 DISTANCE]0.00021743098275639472
	[MINIMUM S14 sTrt S22 DISTANCE]0.0
	[MINIMUM S20 sTrt S19 DISTANCE]0.005506988247942046
	[MINIMUM S20 sTrt S21 DISTANCE]-0.02648602467344715
	[MINIMUM S20 sTrt S22 DISTANCE]0.002752862989865358
	[AVERAGE S0 sTrt S1 DISTANCE]0.020167769363733278
	[AVERAGE S0 sTrt S21 DISTANCE]0.008646532215980222
	[AVERAGE S0 sTrt S22 DISTANCE]0.016698193628018627
	[AVERAGE S7 sTrt S6 DISTANCE]0.01715070983303775
	[AVERAGE S7 sTrt S8 DISTANCE]0.013136849060508389
	[AVERAGE S7 sTrt S21 DISTANCE]0.09339638725603737
	[AVERAGE S7 sTrt S22 DISTANCE]0.0
	[AVERAGE S14 sTrt S13 DISTANCE]0.004597346810005445
	[AVERAGE S14 sTrt S15 DISTANCE]0.006698193628018636
	[AVERAGE S14 sTrt S21 DISTANCE]0.0033963872560372646
	[AVERAGE S14 sTrt S22 DISTANCE]0.0
	[AVERAGE S20 sTrt S19 DISTANCE]0.01982630652864857
	[AVERAGE S20 sTrt S21 DISTANCE]-0.001984071038896119
	[AVERAGE S20 sTrt S22 DISTANCE]0.006640481145830137
[VARIABLES]
	[RESULT 1] [0 6.2585732851435125 1 1 8 3985.2997402140754 33]
	[RESULT 2] [0 5.479381674526394 1 1 4 3994.7904638402183 100]
	[RESULT 3] [0 6.31219368471163 1 4 20 3969.3424256775806 12]
	[RESULT 4] [1 49.89967300303383 1 4 22 3999.995731593858 99]
	[RESULT 5] [0 9.913971701707812 1 4 20 3949.929288261228 99]
	[RESULT 6] [0 6.830591272547511 1 1 15 3969.925996195011 100]
	[RESULT 7] [0 49.154896690470174 0 4 8 1051.837733808056 41]
	[RESULT 8] [0 6.792840800011978 0 4 5 3998.7959585414833 100]
	[RESULT 9] [1 5.80056714753836 1 1 4 3949.462135939591 100]
	[RESULT 10] [1 6.318568450572769 0 1 18 3999.9999838185827 100]
	[RESULT 11] [1 42.09755442575232 1 4 21 3964.5554338045054 97]
	[RESULT 12] [1 42.06805643713098 1 4 21 3999.6893373969615 97]
	[RESULT 13] [1 5.483580840574193 0 1 23 3999.999432829137 100]
	[RESULT 14] [0 9.98478225541433 0 4 8 1631.3906399686966 1]
	[RESULT 15] [0 10.613592115934766 0 1 12 3993.891017615461 100]
	[RESULT 16] [1 6.281328625425736 0 4 16 3999.9987684958523 100]
	[RESULT 17] [1 5.6164995245676685 0 1 18 3999.9999935793653 100]
	[RESULT 18] [0 7.880963506129295 1 1 16 3951.753219963781 96]
	[RESULT 19] [1 49.808047011727865 1 4 23 3877.1218141395507 92]
	[RESULT 20] [1 5.586835704166277 0 1 22 3999.9906964113597 100]
	[RESULT 21] [0 45.81801441969817 0 1 12 3940.3693752002255 25]
	[RESULT 22] [1 5.355474239988349 1 4 20 3998.96389400062 96]
	[RESULT 23] [1 11.02191826760185 1 1 24 3981.2937538274364 100]
	[RESULT 24] [1 5.40810884547882 0 4 5 2561.126580779753 28]
	[RESULT 25] [0 5.316971532532928 0 1 20 3981.574864717629 11]
	[RESULT 26] [1 6.216595575285166 0 4 22 3982.882856225011 100]
	[RESULT 27] [1 5.80056714753836 1 1 20 3998.9648760411424 100]
	[RESULT 28] [0 6.110947239172239 0 1 21 1328.665263990088 21]
	[RESULT 29] [1 5.88104620197136 0 1 22 3999.9998356853325 100]
	[RESULT 30] [0 5.375098719615838 1 1 21 1204.283452163729 25]
	[RESULT 31] [1 8.264510090362846 1 4 20 3999.077822099357 97]
	[RESULT 32] [1 5.684376516511273 0 1 16 3999.9991642911086 100]
	[RESULT 33] [0 5.804086318820844 1 1 13 3982.804482328839 100]
	[RESULT 34] [1 6.318568450572769 0 1 18 3654.608768955816 96]
	[RESULT 35] [0 40.24987151330055 0 1 23 3997.3425413962213 100]
	[RESULT 36] [1 6.469132410579713 0 4 5 3990.286547514185 100]
	[RESULT 37] [0 5.000054226557153 1 2 2 3862.8964182514637 28]
	[RESULT 38] [1 6.779271957061664 0 1 16 3999.9998257729094 100]
	[RESULT 39] [0 6.246786404081572 0 1 11 3997.2906091994646 100]
	[RESULT 40] [1 5.000096052949376 0 4 13 3998.1342330436237 99]
	[RESULT 41] [1 5.313714120460206 0 1 2 3863.3567151468637 4]
	[RESULT 42] [1 5.299109465260086 0 4 16 3901.70143267565 100]
	[RESULT 43] [1 48.821724866514586 0 1 22 3999.995758661929 99]
	[RESULT 44] [0 5.849634855002392 1 1 21 3974.065363811159 21]
	[RESULT 45] [0 5.0780924350918015 1 4 22 1460.0608692049695 42]
	[RESULT 46] [0 5.187111484553115 0 1 4 3994.7543020101643 100]
	[RESULT 47] [1 5.529186287160691 0 1 22 3999.9999624569914 100]
	[RESULT 48] [1 5.330857276112668 1 2 23 3648.1476019001852 99]
	[RESULT 49] [1 5.406957001483328 1 1 20 3999.577636334299 100]
	[RESULT 50] [0 49.911048876258576 1 4 22 1083.135059393816 4]
	[RESULT 51] [1 10.937369342097416 0 1 18 3643.424769867133 94]
	[RESULT 52] [0 5.7133104949627525 1 1 21 1241.2114907759471 20]
	[RESULT 53] [1 41.83473207378959 0 1 18 3969.415484954415 98]
	[RESULT 54] [1 41.05870868267786 0 1 22 3999.999884464584 100]
	[RESULT 55] [1 5.055618983992387 1 4 20 3998.96389400062 100]
	[RESULT 56] [1 6.9682128352248 0 1 22 3998.018340259058 97]
	[RESULT 57] [0 7.468219454158436 1 1 0 1912.6002161341419 49]
	[RESULT 58] [1 5.685199961583876 0 1 22 3999.999859517844 100]
	[RESULT 59] [1 10.312205511177325 0 4 5 3949.7698835565993 100]
	[RESULT 60] [0 6.402538859367491 1 4 10 1296.7181920779321 22]
	[RESULT 61] [0 48.81036416342139 0 1 12 3839.084760786308 25]
	[RESULT 62] [1 9.04149322205274 1 1 22 3844.077675096542 14]
	[RESULT 63] [1 46.61190938789754 1 1 23 3878.2521209771908 100]
	[RESULT 64] [1 5.682896774543085 0 1 18 3999.998189173093 100]
	[RESULT 65] [1 5.330857276112668 1 4 22 3651.693573482149 94]
	[RESULT 66] [1 5.4882711737832555 0 1 18 3995.394267413579 100]
	[RESULT 67] [0 7.601964643135718 0 4 8 1048.6881038338554 87]
	[RESULT 68] [0 7.449112680722769 0 1 11 1194.2138912794678 2]
	[RESULT 69] [0 6.830591272547511 1 1 15 3843.382167273731 100]
	[RESULT 70] [1 5.377074979101775 0 1 16 3999.9993745157717 100]
	[RESULT 71] [1 7.925747058998706 0 4 21 3999.8924853367803 100]
	[RESULT 72] [1 5.800578970721847 0 1 22 3969.333436488609 100]
	[RESULT 73] [0 8.094211038596281 0 1 12 3938.7892454049297 29]
	[RESULT 74] [0 6.249963694693411 1 1 16 3713.6982442435274 96]
	[RESULT 75] [1 12.445751907482437 0 1 16 3999.9979895807082 100]
	[RESULT 76] [0 39.91099441472285 0 1 23 3998.3869192553666 14]
	[RESULT 77] [1 6.816606665726741 0 4 8 1057.1746257826971 97]
	[RESULT 78] [1 5.53008672560294 0 1 22 3999.9999624569914 100]
	[RESULT 79] [1 5.7063782640085225 0 1 20 3208.613031193778 93]
	[RESULT 80] [0 5.000129260971865 0 1 3 1801.7506185069076 100]
	[RESULT 81] [1 8.036892578053585 0 1 12 3994.9514733873184 100]
	[RESULT 82] [1 5.666801819730197 0 1 18 3999.9979077089984 100]
	[RESULT 83] [1 9.150628974980394 0 4 5 3858.318007733199 100]
	[RESULT 84] [1 5.0013993712255 0 1 23 3999.9999988306686 100]
	[RESULT 85] [1 6.028234797911158 0 4 22 3442.4674111930135 100]
	[RESULT 86] [1 8.223532668736436 0 1 22 3999.9998356853325 100]
	[RESULT 87] [0 9.866850662608796 0 4 9 1627.4971191626098 98]
	[RESULT 88] [1 5.439525760301422 1 1 22 3982.882856225011 98]
	[RESULT 89] [1 5.1382591559375825 0 1 23 3999.999432829137 100]
	[RESULT 90] [1 45.451109450394945 0 4 18 3999.9998356853325 94]
	[RESULT 91] [1 5.813056640668005 0 1 11 3901.38302236433 98]
	[RESULT 92] [0 6.855230080318109 0 1 23 3999.2140974061713 99]
	[RESULT 93] [0 6.1007286303208055 1 4 11 1144.6353786340246 20]
	[RESULT 94] [1 5.055618983992387 0 4 20 3999.990151093718 76]
	[RESULT 95] [1 48.42475316604086 0 1 22 3462.8781204814622 99]
	[RESULT 96] [0 5.535543829383768 0 1 22 1263.6355161573788 100]
	[RESULT 97] [1 8.264420463526395 1 1 18 3967.1856265735087 97]
	[RESULT 98] [1 5.877547152709045 0 1 20 3920.689476416453 100]
	[RESULT 99] [0 5.000120290191152 1 1 20 1801.7506185069076 100]
	[RESULT 100] [0 7.444661626129107 0 1 11 1068.7437460642584 100]
	[RESULT 101] [1 6.796641807666477 1 4 20 3919.9720786578723 100]
	[RESULT 102] [1 5.463580332200395 0 1 23 3989.698084296119 100]
	[RESULT 103] [0 11.054806905874639 1 4 22 1460.0608692049695 42]
	[RESULT 104] [1 5.178879805961039 0 4 13 3998.1342330436237 99]
	[RESULT 105] [1 8.403026106855863 0 1 11 3901.5820203566986 98]
	[RESULT 106] [0 10.497602744581991 1 1 15 3746.9766276124874 100]
	[RESULT 107] [1 8.798854737973235 0 1 22 3999.414732166254 99]
	[RESULT 108] [1 5.037705708025022 0 1 18 3659.2438134037425 96]
	[RESULT 109] [1 5.430782738239947 0 1 18 3969.7378033240466 100]
	[RESULT 110] [0 5.68475786231533 1 4 21 1663.653717535652 100]
	[RESULT 111] [0 6.826436312820508 1 2 2 3842.720457481223 28]
	[RESULT 112] [1 8.264510090362846 0 1 20 3999.740925125077 97]
	[RESULT 113] [1 48.171850268616694 0 1 18 3968.8067937786614 100]
	[RESULT 114] [0 49.78581673147029 1 1 14 3520.4097861914843 96]
	[RESULT 115] [1 49.97832482257503 0 4 22 3999.942561128163 100]
	[RESULT 116] [0 5.877547152709045 0 1 5 3990.4818125213196 100]
	[RESULT 117] [1 5.363454786239581 0 1 19 3999.9999264934636 100]
	[RESULT 118] [1 49.91106882860741 1 1 22 1023.1733854313595 99]
	[RESULT 119] [0 6.966877127039911 0 1 12 3957.340000026129 25]
	[RESULT 120] [1 49.89030993756734 1 4 20 3852.1781203397327 100]
[OBJECTIVES]
	[RESULT 1] [0.02825087 0.01453534 0.01721379 0.01830476 0.01273233 0.09442757
 0.         0.00385864 0.00721379 0.00442757 0.         0.02775087
 0.00696291 0.00828621]
	[RESULT 2] [ 0.01593138 -0.01244841  0.01837979  0.02053537  0.02377579  0.09675958
  0.          0.00162021  0.00837979  0.00675958  0.          0.01643138
 -0.01768883  0.00712021]
	[RESULT 3] [0.02361655 0.019221   0.01716245 0.0160646  0.0103895  0.0943249
 0.         0.00551265 0.00716245 0.0043249  0.         0.02161655
 0.0114541  0.00983755]
	[RESULT 4] [ 0.02389533 -0.0012136   0.01510893  0.01936107  0.0208568   0.09021787
  0.          0.0083268   0.00510893  0.00021787  0.          0.02689533
 -0.01199573  0.01189107]
	[RESULT 5] [0.02917094 0.01498361 0.01584546 0.02081729 0.0125082  0.09169091
 0.         0.00946363 0.00584546 0.00169091 0.         0.02717094
 0.00467452 0.01115454]
	[RESULT 6] [ 0.02688522  0.0001188   0.01676642  0.02359223  0.0199406   0.09353283
  0.          0.00520075  0.00676642  0.00353283  0.          0.02738522
 -0.00834837  0.00873358]
	[RESULT 7] [0.01565428 0.02076501 0.01511073 0.01516104 0.0053825  0.09022146
 0.         0.00666781 0.00511073 0.00022146 0.         0.01365428
 0.00054355 0.00688927]
	[RESULT 8] [ 0.00935843 -0.01743187  0.01679029  0.01486465  0.02128407  0.09358058
  0.          0.00320971  0.00679029  0.00358058  0.          0.01135843
 -0.02085128  0.00520971]
	[RESULT 9] [ 0.0279491   0.0001722   0.0177769   0.0246101   0.0201639   0.09555381
  0.          0.0022231   0.0077769   0.00555381  0.          0.0294491
 -0.005274    0.0077231 ]
	[RESULT 10] [ 0.00684351 -0.02031299  0.0171565   0.01390651  0.01959351  0.09431301
  0.          0.0028435   0.0071565   0.00431301  0.          0.00834351
 -0.02199998  0.0033435 ]
	[RESULT 11] [0.02647129 0.01839746 0.01513124 0.02078878 0.01105127 0.09026248
 0.         0.00839373 0.00513124 0.00026248 0.         0.02347129
 0.00765995 0.01186876]
	[RESULT 12] [ 0.02917551  0.00404416  0.01513134  0.02203477  0.01822792  0.09026269
  0.          0.00839403  0.00513134  0.00026269  0.          0.03217551
 -0.00669315  0.01186866]
	[RESULT 13] [ 0.00563034 -0.02273988  0.01837022  0.01512051  0.01838006  0.09674045
  0.          0.00162978  0.00837022  0.00674045  0.          0.00713034
 -0.02323988  0.00337022]
	[RESULT 14] [0.01629656 0.02213202 0.01583545 0.0143951  0.00606601 0.0916709
 0.         0.00449364 0.00583545 0.0016709  0.         0.01429656
 0.00046111 0.00616455]
	[RESULT 15] [ 0.01415332 -0.0116027   0.01575602  0.01571069  0.02419865  0.09151204
  0.          0.00424398  0.00575602  0.00151204  0.          0.01465332
 -0.01709066  0.00474398]
	[RESULT 16] [ 0.00680953 -0.02038218  0.01719171  0.01394232  0.01955891  0.09438341
  0.          0.00280829  0.00719171  0.00438341  0.          0.00980953
 -0.02199877  0.00480829]
	[RESULT 17] [ 0.0059069  -0.0221862   0.0180931   0.01484311  0.0186569   0.09618621
  0.          0.0019069   0.0080931   0.00618621  0.          0.0074069
 -0.0226862   0.0030931 ]
	[RESULT 18] [0.02382114 0.01989052 0.01628834 0.01747806 0.01005474 0.09257668
 0.         0.00663498 0.00628834 0.00257668 0.         0.02332114
 0.0104672  0.00921166]
	[RESULT 19] [0.01755782 0.02266698 0.01510915 0.01636519 0.00658349 0.0902183
 0.         0.00832745 0.00510915 0.0002183  0.         0.01455782
 0.00644867 0.01189085]
	[RESULT 20] [ 0.00585838 -0.02229255  0.01815092  0.01490557  0.01860373  0.09630185
  0.          0.00184908  0.00815092  0.00630185  0.          0.00735838
 -0.02279255  0.00315092]
	[RESULT 21] [0.02276776 0.02211268 0.01511957 0.01870453 0.00894366 0.09023913
 0.         0.0051413  0.00511957 0.00023913 0.         0.02226776
 0.00764819 0.00538043]
	[RESULT 22] [ 0.02730613 -0.00138262  0.01868875  0.02356382  0.02094131  0.09737749
  0.          0.00131125  0.00868875  0.00737749  0.          0.03030613
 -0.00500513  0.00831125]
	[RESULT 23] [ 0.02398793 -0.00172413  0.01571206  0.02031205  0.02111206  0.09142411
  0.          0.00836383  0.00571206  0.00142411  0.          0.02548793
 -0.01130002  0.00978794]
	[RESULT 24] [0.02025178 0.02119735 0.01855086 0.0125496  0.00965132 0.09710172
 0.         0.00144914 0.00855086 0.00710172 0.         0.01725178
 0.00080265 0.00355086]
	[RESULT 25] [0.0334114  0.00779201 0.01879659 0.01851081 0.01610399 0.09759318
 0.         0.00120341 0.00879659 0.00759318 0.         0.0329114
 0.00629201 0.00379659]
	[RESULT 26] [ 0.01690473 -0.01035099  0.01725571  0.01908593  0.02457451  0.09451142
  0.          0.00274429  0.00725571  0.00451142  0.          0.01990473
 -0.01183956  0.00474429]
	[RESULT 27] [ 0.01221707 -0.01555984  0.0177769   0.01752389  0.02197008  0.09555381
  0.          0.0022231   0.0077769   0.00555381  0.          0.01371707
 -0.02100603  0.0077231 ]
	[RESULT 28] [0.0178504  0.02478099 0.0173686  0.01287229 0.0076095  0.09473721
 0.         0.0026314  0.0073686  0.00473721 0.         0.0173504
 0.0004818  0.0031314 ]
	[RESULT 29] [ 0.00634207 -0.02131603  0.0176581   0.01440818  0.01909199  0.09531619
  0.          0.0023419   0.0076581   0.00531619  0.          0.00784207
 -0.02199984  0.0028419 ]
	[RESULT 30] [0.01412084 0.02275694 0.0186361  0.00910626 0.00637847 0.09727221
 0.         0.0013639  0.0086361  0.00727221 0.         0.01362084
 0.00048473 0.0068639 ]
	[RESULT 31] [ 0.0287169   0.00254444  0.01617247  0.02336715  0.01897778  0.09234494
  0.          0.0084826   0.00617247  0.00234494  0.          0.0317169
 -0.00611063  0.01082753]
	[RESULT 32] [ 0.00603238 -0.02193608  0.01796846  0.01471888  0.01878196  0.09593691
  0.          0.00203154  0.00796846  0.00593691  0.          0.00753238
 -0.02243608  0.00296846]
	[RESULT 33] [ 0.02241651 -0.00535497  0.01777149  0.02286549  0.02267749  0.09554297
  0.          0.00222851  0.00777149  0.00554297  0.          0.02291651
 -0.011812    0.00772851]
	[RESULT 34] [0.02384391 0.01899959 0.0171565  0.0164372  0.01075021 0.09431301
 0.         0.0028435  0.0071565  0.00431301 0.         0.02234391
 0.0056874  0.0033435 ]
	[RESULT 35] [ 0.01226419 -0.01287375  0.01513793  0.01383899  0.02356313  0.09027586
  0.          0.00508621  0.00513793  0.00027586  0.          0.01276419
 -0.01959788  0.00536207]
	[RESULT 36] [ 0.01397045 -0.01305455  0.017025    0.01727273  0.02322272  0.09405001
  0.          0.002975    0.007025    0.00405001  0.          0.01697045
 -0.01500455  0.004975  ]
	[RESULT 37] [1.91292610e-02 2.08710102e-02 1.99997289e-02 9.56503716e-03
 9.56449492e-03 9.99994578e-02 0.00000000e+00 2.71118084e-07
 9.99972888e-03 9.99945776e-03 0.00000000e+00 1.81292610e-02
 4.12953207e-03 6.00027112e-03]
	[RESULT 38] [ 0.00720114 -0.01959789  0.01679903  0.01354912  0.01995105  0.09359806
  0.          0.00320097  0.00679903  0.00359806  0.          0.00870114
 -0.02199983  0.00370097]
	[RESULT 39] [ 0.01021907 -0.01700633  0.0172254   0.01594764  0.02149683  0.0944508
  0.          0.0027746   0.0072254   0.0044508   0.          0.01071907
 -0.01955553  0.0032746 ]
	[RESULT 40] [ 1.57366739e-02 -1.42628459e-02  1.99995198e-02  2.26176166e-02
  2.26185770e-02  9.99990396e-02  0.00000000e+00  4.80218620e-07
  9.99951978e-03  9.99903956e-03  0.00000000e+00  1.87366739e-02
 -1.32628459e-02  4.99951978e-03]
	[RESULT 41] [0.02387873 0.01731527 0.018806   0.01398036 0.01159237 0.09761201
 0.         0.001194   0.008806   0.00761201 0.         0.02237873
 0.00618473 0.003806  ]
	[RESULT 42] [ 0.02508221 -0.00376658  0.01884879  0.02443571  0.02213329  0.09769758
  0.          0.00115121  0.00884879  0.00769758  0.          0.02808221
 -0.00276658  0.00384879]
	[RESULT 43] [ 0.01889269 -0.00621887  0.01511155  0.01686367  0.02335943  0.09022311
  0.          0.00516534  0.00511155  0.00022311  0.          0.02039269
 -0.01199576  0.00538845]
	[RESULT 44] [0.02522386 0.0170729  0.01770324 0.01605708 0.01146355 0.09540647
 0.         0.00239029 0.00770324 0.00540647 0.         0.02472386
 0.01047937 0.00779676]
	[RESULT 45] [0.01522047 0.0248583  0.01963782 0.00815351 0.00742915 0.09927564
 0.         0.00036218 0.00963782 0.00927564 0.         0.01322047
 0.00058265 0.00736218]
	[RESULT 46] [ 0.010124   -0.0190879   0.0192119   0.01887986  0.02045605  0.09842381
  0.          0.0007881   0.0092119   0.00842381  0.          0.010624
 -0.0205879   0.0042119 ]
	[RESULT 47] [ 0.00573032 -0.02253939  0.01826971  0.01501973  0.01848031  0.09653943
  0.          0.00173029  0.00826971  0.00653943  0.          0.00723032
 -0.02303939  0.00326971]
	[RESULT 48] [0.02641545 0.01482757 0.01875698 0.01532226 0.01283621 0.09751395
 0.         0.00124302 0.00875698 0.00751395 0.         0.02441545
 0.01134153 0.00724302]
	[RESULT 49] [ 0.01086158 -0.01769219  0.01855377  0.01801144  0.0209039   0.09710754
  0.          0.00144623  0.00855377  0.00710754  0.          0.01236158
 -0.02158465  0.00694623]
	[RESULT 50] [0.01052754 0.01563645 0.01510891 0.01260041 0.00281822 0.09021781
 0.         0.00832672 0.00510891 0.00021781 0.         0.00852754
 0.00041864 0.01189109]
	[RESULT 51] [0.02121582 0.02306344 0.01572073 0.01727681 0.00871828 0.09144147
 0.         0.00427927 0.00572073 0.00144147 0.         0.01971582
 0.00449509 0.00477927]
	[RESULT 52] [0.01338975 0.02130808 0.01791833 0.00981739 0.00565404 0.09583665
 0.         0.00208167 0.00791833 0.00583665 0.         0.01288975
 0.00047143 0.00758167]
	[RESULT 53] [0.03404296 0.01082489 0.01513215 0.02457325 0.01483756 0.09026431
 0.         0.00510354 0.00513215 0.00026431 0.         0.03254296
 0.00508919 0.00536785]
	[RESULT 54] [ 0.00886519 -0.01626973  0.01513492  0.01188498  0.02161514  0.09026984
  0.          0.00509524  0.00513492  0.00026984  0.          0.01036519
 -0.02199988  0.00536508]
	[RESULT 55] [ 0.01025832 -0.01947824  0.01973656  0.01948399  0.02001088  0.09947311
  0.          0.00026344  0.00973656  0.00947311  0.          0.01325832
 -0.02100513  0.00726344]
	[RESULT 56] [ 0.0241516  -0.00253291  0.01668452  0.02185257  0.02151646  0.09336903
  0.          0.00331548  0.00668452  0.00336903  0.          0.0256516
 -0.00516388  0.00381548]
	[RESULT 57] [0.01212215 0.01856381 0.01644166 0.01139858 0.00428191 0.09288332
 0.         0.00617501 0.00644166 0.00288332 0.         0.01162215
 0.00068049 0.00905834]
	[RESULT 58] [ 0.00603313 -0.02193387  0.01796701  0.01471708  0.01878306  0.09593401
  0.          0.00203299  0.00796701  0.00593401  0.          0.00753313
 -0.02243387  0.00296701]
	[RESULT 59] [ 0.02490004 -0.00089208  0.01579212  0.02088819  0.02069604  0.09158423
  0.          0.00462365  0.00579212  0.00158423  0.          0.02790004
 -0.00530784  0.00620788]
	[RESULT 60] [0.01256338 0.01964451 0.01708113 0.01065999 0.00482226 0.09416226
 0.         0.0057566  0.00708113 0.00416226 0.         0.01056338
 0.00048225 0.00991887]
	[RESULT 61] [0.01873649 0.02384807 0.01511158 0.01670087 0.00692403 0.09022316
 0.         0.00516526 0.00511158 0.00022316 0.         0.01823649
 0.0036249  0.00538842]
	[RESULT 62] [0.01567618 0.02166795 0.01599177 0.01410043 0.00608397 0.09198354
 0.         0.00752469 0.00599177 0.00198354 0.         0.01417618
 0.00368441 0.00950823]
	[RESULT 63] [ 0.03462366  0.00950632  0.01511734  0.02473784  0.01549684  0.09023468
  0.          0.00985201  0.00511734  0.00023468  0.          0.03387634
 -0.00125901  0.01038266]
	[RESULT 64] [ 0.00603074 -0.02194032  0.01797107  0.01472197  0.01877984  0.09594214
  0.          0.00202893  0.00797107  0.00594214  0.          0.00753074
 -0.02244032  0.00297107]
	[RESULT 65] [0.01928835 0.02195468 0.01875698 0.01175871 0.00927266 0.09751395
 0.         0.00124302 0.00875698 0.00751395 0.         0.01628835
 0.00453137 0.00824302]
	[RESULT 66] [ 0.00952962 -0.01882998  0.0183596   0.01705421  0.02033501  0.09671921
  0.          0.0016404   0.0083596   0.00671921  0.          0.01102962
 -0.01932998  0.0033596 ]
	[RESULT 67] [0.01802669 0.02441483 0.01638813 0.01443115 0.00720741 0.09277626
 0.         0.00361187 0.00638813 0.00277626 0.         0.01602669
 0.00163856 0.00561187]
	[RESULT 68] [0.01687246 0.0233221  0.01644965 0.01376176 0.00666105 0.0928993
 0.         0.00355035 0.00644965 0.0028993  0.         0.01637246
 0.00042281 0.00405035]
	[RESULT 69] [ 0.03479229  0.00802588  0.01676642  0.02245423  0.01598706  0.09353283
  0.          0.00520075  0.00676642  0.00353283  0.          0.03470771
 -0.00044129  0.00873358]
	[RESULT 70] [ 0.00536974 -0.02326114  0.01863088  0.0153812   0.01811943  0.09726177
  0.          0.00136912  0.00863088  0.00726177  0.          0.00686974
 -0.02376114  0.00363088]
	[RESULT 71] [ 0.00783341 -0.01844023  0.01627364  0.01307717  0.02052988  0.09254729
  0.          0.00372636  0.00627364  0.00254729  0.          0.01083341
 -0.02189295  0.00572636]
	[RESULT 72] [ 0.01999555 -0.00778133  0.01777688  0.0214131   0.02414067  0.09555377
  0.          0.00222312  0.00777688  0.00555377  0.          0.02149555
 -0.00828133  0.00277688]
	[RESULT 73] [0.02374869 0.02003007 0.01622124 0.01754249 0.00998496 0.09244247
 0.         0.00377876 0.00622124 0.00244247 0.         0.02324869
 0.00752745 0.00427876]
	[RESULT 74] [0.01822996 0.02454779 0.01722226 0.01328159 0.00772611 0.09444452
 0.         0.00383323 0.00722226 0.00444452 0.         0.01772996
 0.0060077  0.00827774]
	[RESULT 75] [ 0.00841    -0.01718202  0.01559201  0.01234302  0.02115899  0.09118403
  0.          0.00440799  0.00559201  0.00118403  0.          0.00991
 -0.02199799  0.00490799]
	[RESULT 76] [ 0.03114619  0.00600696  0.01513923  0.02328194  0.01699652  0.09027847
  0.          0.0050823   0.00513923  0.00027847  0.          0.03164619
 -0.00071458  0.00536077]
	[RESULT 77] [0.02298578 0.02023904 0.01677519 0.01658011 0.01013048 0.09355037
 0.         0.00322481 0.00677519 0.00355037 0.         0.01998578
 0.00521059 0.00522481]
	[RESULT 78] [ 0.00573225 -0.02253554  0.01826779  0.01501781  0.01848223  0.09653558
  0.          0.00173221  0.00826779  0.00653558  0.          0.00723225
 -0.02303554  0.00326779]
	[RESULT 79] [0.02219575 0.01987407 0.01793018 0.0144526  0.01031297 0.09586037
 0.         0.00206982 0.00793018 0.00586037 0.         0.02069575
 0.00362593 0.00293018]
	[RESULT 80] [ 2.97195262e-02 -2.79827618e-04  1.99993538e-02  2.01412063e-02
  2.01399138e-02  9.99987076e-02  0.00000000e+00  6.46221328e-07
  9.99935378e-03  9.99870756e-03  0.00000000e+00  3.02195262e-02
 -1.77982762e-03  4.99935378e-03]
	[RESULT 81] [ 0.01196173 -0.01427684  0.01623858  0.01508873  0.02261158  0.09247715
  0.          0.00376142  0.00623858  0.00247715  0.          0.01346173
 -0.01779969  0.00426142]
	[RESULT 82] [ 0.00600234 -0.02199742  0.01799976  0.0147508   0.01875129  0.09599951
  0.          0.00200024  0.00799976  0.00599951  0.          0.00750234
 -0.02249742  0.00299976]
	[RESULT 83] [ 0.02927959  0.00330883  0.01597076  0.02334593  0.01859558  0.09194151
  0.          0.00408773  0.00597076  0.00194151  0.          0.03227959
 -0.00074966  0.00602924]
	[RESULT 84] [ 4.00698825e-03 -2.59860247e-02  1.99930129e-02  1.67430135e-02
  1.67569877e-02  9.99860258e-02  0.00000000e+00  6.98707861e-06
  9.99301292e-03  9.98602584e-03  0.00000000e+00  5.50698825e-03
 -2.64860247e-02  4.99301292e-03]
	[RESULT 85] [0.0304619  0.0029967  0.0174652  0.02382125 0.01875165 0.0949304
 0.         0.0025348  0.0074652  0.0049304  0.         0.0334619
 0.0019271  0.0045348 ]
	[RESULT 86] [ 0.00781632 -0.01836752  0.01618384  0.01293393  0.02056624  0.09236769
  0.          0.00381616  0.00618384  0.00236769  0.          0.00931632
 -0.02199984  0.00431616]
	[RESULT 87] [0.0227796  0.02136815 0.01585225 0.01761143 0.00931592 0.09170449
 0.         0.00444326 0.00585225 0.00170449 0.         0.0207796
 0.00692735 0.00614775]
	[RESULT 88] [0.0340204  0.00554704 0.01847337 0.02052975 0.01747648 0.09694673
 0.         0.00152663 0.00847337 0.00694673 0.         0.0344796
 0.00149377 0.00702663]
	[RESULT 89] [ 0.00460789 -0.02478478  0.01939267  0.01614296  0.01735761  0.09878535
  0.          0.00060733  0.00939267  0.00878535  0.          0.00610789
 -0.02528478  0.00439267]
	[RESULT 90] [ 0.0260224   0.00090177  0.01512062  0.02044213  0.01979911  0.09024125
  0.          0.00663813  0.00512062  0.00024125  0.          0.0290224
 -0.00485698  0.00687938]
	[RESULT 91] [0.03048038 0.01176185 0.01775777 0.01885353 0.01436908 0.09551555
 0.         0.00224223 0.00775777 0.00551555 0.         0.02898038
 0.01126185 0.00275777]
	[RESULT 92] [ 0.01901078 -0.00774039  0.01675117  0.01963215  0.0238702   0.09350234
  0.          0.00324883  0.00675117  0.00350234  0.          0.01951078
 -0.01123805  0.00374883]
	[RESULT 93] [0.01284403 0.02022415 0.01738013 0.01035182 0.00511208 0.09476025
 0.         0.00485962 0.00738013 0.00476025 0.         0.01084403
 0.0004639  0.00961987]
	[RESULT 94] [ 0.02347329 -0.00626327  0.01973656  0.02390852  0.02338163  0.09947311
  0.          0.00026344  0.00973656  0.00947311  0.          0.02647329
 -0.00526327  0.00473656]
	[RESULT 95] [0.02722441 0.01766304 0.01511255 0.02119338 0.01141848 0.0902251
 0.         0.00516235 0.00511255 0.0002251  0.         0.02572441
 0.01111186 0.00538745]
	[RESULT 96] [0.03151749 0.00326131 0.01825618 0.02185699 0.01836934 0.09651235
 0.         0.00174382 0.00825618 0.00651235 0.         0.03201749
 0.00176131 0.00325618]
	[RESULT 97] [0.02798295 0.01584455 0.01617249 0.01998274 0.01232772 0.09234498
 0.         0.00698252 0.00617249 0.00234498 0.         0.02648295
 0.00718954 0.00932751]
	[RESULT 98] [ 0.02534523 -0.00231782  0.01766305  0.02391719  0.02140891  0.0953261
  0.          0.00233695  0.00766305  0.0053261   0.          0.02684523
 -0.00299173  0.00283695]
	[RESULT 99] [3.47194813e-02 4.72008270e-03 1.99993986e-02 1.76411614e-02
 1.76399587e-02 9.99987972e-02 0.00000000e+00 6.01378616e-07
 9.99939862e-03 9.99879724e-03 0.00000000e+00 3.47805187e-02
 2.71887994e-03 5.50060138e-03]
	[RESULT 100] [0.03333706 0.00688554 0.01645152 0.02365419 0.01655723 0.09290304
 0.         0.00354848 0.00645152 0.00290304 0.         0.03383706
 0.00278858 0.00404848]
	[RESULT 101] [ 0.03126134  0.00447348  0.01678786  0.02443754  0.01801326  0.09357572
  0.          0.00663642  0.00678786  0.00357572  0.          0.03426134
 -0.0029508   0.01021214]
	[RESULT 102] [ 0.0128793  -0.01553698  0.01841628  0.01881407  0.02198151  0.09683256
  0.          0.00158372  0.00841628  0.00683256  0.          0.0143793
 -0.01603698  0.00341628]
	[RESULT 103] [0.01129139 0.01700013 0.01570874 0.01208259 0.00350006 0.09141747
 0.         0.00987379 0.00570874 0.00141747 0.         0.00929139
 0.00058265 0.01129126]
	[RESULT 104] [ 0.01649488 -0.01274644  0.01924131  0.02185941  0.02337678  0.09848263
  0.          0.00075869  0.00924131  0.00848263  0.          0.01949488
 -0.01174644  0.00424131]
	[RESULT 105] [0.02886634 0.01499808 0.01613558 0.0204798  0.01275096 0.09227117
 0.         0.00386442 0.00613558 0.00227117 0.         0.02736634
 0.01126924 0.00436442]
	[RESULT 106] [0.03301753 0.01121296 0.01576951 0.02285449 0.01439352 0.09153903
 0.         0.00819146 0.00576951 0.00153903 0.         0.03251753
 0.00075199 0.00973049]
	[RESULT 107] [ 0.01852996 -0.00751195  0.01604192  0.01807786  0.02400598  0.09208383
  0.          0.00395808  0.00604192  0.00208383  0.          0.02002996
 -0.01142812  0.00445808]
	[RESULT 108] [0.02652711 0.01365457 0.01981832 0.01378607 0.01342272 0.09963664
 0.         0.00018168 0.00981832 0.00963664 0.         0.02502711
 0.00984543 0.00481832]
	[RESULT 109] [ 0.01919569 -0.0092989   0.01849459  0.02208973  0.02489945  0.09698918
  0.          0.00150541  0.00849459  0.00698918  0.          0.02069569
 -0.0097989   0.00349459]
	[RESULT 110] [0.03323247 0.00879975 0.01796779 0.01966455 0.01560013 0.09593557
 0.         0.00309664 0.00796779 0.00593557 0.         0.03123247
 0.00273532 0.00903221]
	[RESULT 111] [0.01547178 0.0222408  0.01676901 0.01258237 0.0061204  0.09353802
 0.         0.00569296 0.00676901 0.00353802 0.         0.01447178
 0.00370277 0.00923099]
	[RESULT 112] [ 0.02308395 -0.00308852  0.01617247  0.02055068  0.02179426  0.09234494
  0.          0.00382753  0.00617247  0.00234494  0.          0.02458395
 -0.00674358  0.00432753]
	[RESULT 113] [ 0.02276446 -0.00234873  0.01511319  0.01880202  0.02142436  0.09022639
  0.          0.00516042  0.00511319  0.00022639  0.          0.02426446
 -0.00812234  0.00538681]
	[RESULT 114] [0.01534783 0.02045704 0.0151092  0.01501011 0.00522852 0.09021841
 0.         0.00982761 0.0051092  0.00021841 0.         0.01484783
 0.00523863 0.0103908 ]
	[RESULT 115] [ 0.00894856 -0.01616019  0.01510875  0.0118874   0.02166991  0.09021749
  0.          0.00667376  0.00510875  0.00021749  0.          0.01194856
 -0.02194269  0.00689125]
	[RESULT 116] [ 0.01423055 -0.01343249  0.01766305  0.01860985  0.02328375  0.0953261
  0.          0.00233695  0.00766305  0.0053261   0.          0.01473055
 -0.0151064   0.00283695]
	[RESULT 117] [ 0.00533292 -0.02333424  0.01866715  0.01541719  0.01808288  0.09733431
  0.          0.00133285  0.00866715  0.00733431  0.          0.00683292
 -0.02383424  0.00366715]
	[RESULT 118] [0.02131711 0.02357398 0.01510891 0.0182452  0.00846301 0.09021781
 0.         0.00982672 0.00510891 0.00021781 0.         0.01981711
 0.01020821 0.01039109]
	[RESULT 119] [0.02618579 0.01712893 0.01668527 0.01806499 0.01143553 0.09337055
 0.         0.00331473 0.00668527 0.00337055 0.         0.02568579
 0.00950052 0.00381473]
	[RESULT 120] [ 0.0347254   0.01016565  0.01510896  0.02494926  0.01516718  0.09021791
  0.          0.00832687  0.00510896  0.00021791  0.          0.0317254
 -0.00061644  0.01189104]
