[METRICS]
	[DISEQUILIBRIUM COUNT] 1130
	[MINIMUM S0 sTrt S1 DISTANCE]0.00402549961253118
	[MINIMUM S0 sTrt S21 DISTANCE]-0.025949122112313733
	[MINIMUM S0 sTrt S22 DISTANCE]0.015108705713093501
	[MINIMUM S7 sTrt S6 DISTANCE]0.0077496627902568505
	[MINIMUM S7 sTrt S8 DISTANCE]0.0028157267811402265
	[MINIMUM S7 sTrt S21 DISTANCE]0.09021741142618699
	[MINIMUM S7 esTrt S22 DISTANCE]0.0
	[MINIMUM S14 sTrt S13 DISTANCE]1.2850733255298508e-09
	[MINIMUM S14 sTrt S15 DISTANCE]0.00510870571309352
	[MINIMUM S14 sTrt S21 DISTANCE]0.00021741142618698223
	[MINIMUM S14 sTrt S22 DISTANCE]0.0
	[MINIMUM S20 sTrt S19 DISTANCE]0.0056927084224041025
	[MINIMUM S20 sTrt S21 DISTANCE]-0.026157961113131324
	[MINIMUM S20 sTrt S22 DISTANCE]0.0027553448749565446
	[AVERAGE S0 sTrt S1 DISTANCE]0.020440024158452204
	[AVERAGE S0 sTrt S21 DISTANCE]0.009855181927348465
	[AVERAGE S0 sTrt S22 DISTANCE]0.01658685520118945
	[AVERAGE S7 sTrt S6 DISTANCE]0.017179839648678964
	[AVERAGE S7 sTrt S8 DISTANCE]0.012621941082536888
	[AVERAGE S7 sTrt S21 DISTANCE]0.0931737104023788
	[AVERAGE S7 sTrt S22 DISTANCE]0.0
	[AVERAGE S14 sTrt S13 DISTANCE]0.0048594541646167794
	[AVERAGE S14 sTrt S15 DISTANCE]0.006586855201189409
	[AVERAGE S14 sTrt S21 DISTANCE]0.003173710402378779
	[AVERAGE S14 sTrt S22 DISTANCE]0.0
	[AVERAGE S20 sTrt S19 DISTANCE]0.019932368088607058
	[AVERAGE S20 sTrt S21 DISTANCE]-0.0012541025316715722
	[AVERAGE S20 sTrt S22 DISTANCE]0.006974899328905489
[VARIABLES]
	[RESULT 1] [0 10.455967274627021 1 1 3 3759.750278377869 93]
	[RESULT 2] [0 9.473334655267852 1 4 2 1524.6356313504507 8]
	[RESULT 3] [0 49.96555365558751 1 4 17 1037.7209417638237 4]
	[RESULT 4] [0 6.533548521394439 0 4 5 3998.1041961214682 100]
	[RESULT 5] [0 9.944353196677369 0 4 3 3936.89016025689 11]
	[RESULT 6] [1 5.000327449455987 0 4 7 3876.4435777865724 99]
	[RESULT 7] [0 5.6112709918288886 0 1 6 3982.471510922651 100]
	[RESULT 8] [1 7.659903034722474 0 4 3 3994.0949121719777 100]
	[RESULT 9] [0 5.44131176273675 1 1 17 3985.0155171195124 100]
	[RESULT 10] [1 8.625054230873644 0 1 2 3998.6215640062505 100]
	[RESULT 11] [0 47.75845115613822 0 4 4 3949.616306549659 94]
	[RESULT 12] [0 14.597339709586088 1 4 4 3999.999943573945 100]
	[RESULT 13] [0 49.98615581360708 1 1 16 3957.123158786609 4]
	[RESULT 14] [0 40.36486763588596 1 4 14 1260.3355780471416 97]
	[RESULT 15] [1 11.197436379546275 0 4 19 1121.1782272883227 6]
	[RESULT 16] [0 32.421283360680434 0 1 4 1031.291783033908 52]
	[RESULT 17] [1 6.005544027829861 0 1 3 3999.9565466453487 100]
	[RESULT 18] [1 5.2089600446159245 1 4 24 3999.847441627675 97]
	[RESULT 19] [0 5.810623829769589 0 1 0 3994.0654988147858 100]
	[RESULT 20] [0 49.93154817083742 0 4 7 1004.4629445332165 2]
	[RESULT 21] [0 7.282794679118833 0 4 6 3619.3465996463187 99]
	[RESULT 22] [0 49.7725737772243 1 1 23 3890.388609510975 100]
	[RESULT 23] [1 6.152735265236225 0 1 3 3999.9565466453487 100]
	[RESULT 24] [1 6.950925425721805 0 4 21 3999.7380755190243 99]
	[RESULT 25] [0 7.8396905943420485 1 1 20 3824.7174667647 100]
	[RESULT 26] [0 5.005505332548017 1 1 11 3993.720055763321 100]
	[RESULT 27] [0 5.810623829769589 1 1 0 3994.0654988147858 6]
	[RESULT 28] [1 9.745484842523906 1 4 20 3992.8079155358464 99]
	[RESULT 29] [0 5.221260921603604 1 4 4 3949.616306549659 99]
	[RESULT 30] [1 6.232178126911089 1 4 7 1050.4713371836099 100]
	[RESULT 31] [1 5.635203213493688 0 1 3 3999.9339232514276 100]
	[RESULT 32] [0 49.80943806919675 0 4 4 3987.014968475223 100]
	[RESULT 33] [0 5.164447238529576 1 4 19 1019.3284233325173 10]
	[RESULT 34] [0 6.430984738421519 1 1 2 3999.285554951719 97]
	[RESULT 35] [1 6.553612861611554 0 1 3 3992.420932287789 100]
	[RESULT 36] [1 5.219471123737343 0 1 6 3949.078414643286 95]
	[RESULT 37] [0 5.4148633326619295 0 4 24 3949.8360011569466 11]
	[RESULT 38] [0 40.98972171482381 1 1 11 3720.0843481701636 87]
	[RESULT 39] [0 7.310244092203347 0 1 24 3991.342428552212 100]
	[RESULT 40] [1 7.3740908022665845 0 4 2 3999.887053595094 100]
	[RESULT 41] [0 9.132817976602905 0 1 0 1082.9734352878975 95]
	[RESULT 42] [1 5.833510327132555 0 1 21 3754.678555186365 6]
	[RESULT 43] [0 9.234850822436478 1 1 8 3982.4376993545557 51]
	[RESULT 44] [0 13.442462462164668 0 1 4 3997.102430389759 100]
	[RESULT 45] [0 6.540350549837026 0 1 0 3957.251011104802 100]
	[RESULT 46] [0 6.679003239142986 0 4 24 3297.1644820657843 97]
	[RESULT 47] [1 5.550533074456161 0 1 0 3999.932569535371 100]
	[RESULT 48] [0 5.301670980535893 1 4 9 3778.4506032342015 98]
	[RESULT 49] [1 6.034847811853626 0 4 3 3988.159035044651 100]
	[RESULT 50] [0 13.331393758258498 0 1 2 3983.203859651526 100]
	[RESULT 51] [1 49.83326351098534 0 4 16 3999.9603578333954 100]
	[RESULT 52] [1 5.812285525070892 1 1 6 3999.2963833082686 100]
	[RESULT 53] [0 7.001451433972293 0 1 4 3997.4139757350817 100]
	[RESULT 54] [0 8.380215201497155 0 4 8 3998.3485597983163 100]
	[RESULT 55] [1 5.311259769646979 1 1 4 3998.3900213115307 100]
	[RESULT 56] [0 49.88494993837247 1 4 0 3986.4529333194087 19]
	[RESULT 57] [1 8.745132613123188 0 1 18 3832.9278633001963 99]
	[RESULT 58] [0 6.896153061042545 1 4 0 1053.2151616720403 2]
	[RESULT 59] [0 48.803852366385556 0 1 4 3949.616306549659 94]
	[RESULT 60] [0 48.4201832087998 1 4 17 3989.9984619207776 100]
	[RESULT 61] [1 11.457666368907816 1 1 20 3980.214533759147 100]
	[RESULT 62] [0 8.139406153159689 0 1 11 3983.203859651526 100]
	[RESULT 63] [0 5.494543637231633 0 4 21 3986.767554350879 11]
	[RESULT 64] [1 5.718894331458792 0 1 23 3999.970491438329 100]
	[RESULT 65] [0 49.791602064476415 0 4 5 3999.9709067157646 98]
	[RESULT 66] [0 35.693587210627975 0 1 18 3996.307350169334 100]
	[RESULT 67] [0 6.310193406266709 0 4 24 2091.695795003384 31]
	[RESULT 68] [0 5.670303877810222 1 2 17 1031.5818167068526 5]
	[RESULT 69] [1 5.330342661061545 0 1 3 3999.9603578333954 100]
	[RESULT 70] [0 9.132817976602905 0 4 0 1091.593162839392 100]
	[RESULT 71] [0 13.465389143256614 0 1 4 3999.9024673896847 100]
	[RESULT 72] [0 5.000007083748374 1 1 11 1031.4695529303458 52]
	[RESULT 73] [0 5.616607153831705 1 4 17 3967.5328450001184 96]
	[RESULT 74] [0 5.323752871433561 0 4 23 1947.449286101805 35]
	[RESULT 75] [0 5.032795612718344 0 1 0 3994.0654988147858 100]
	[RESULT 76] [1 48.76634806372434 0 1 6 3973.69177996107 99]
	[RESULT 77] [1 5.712693636476147 0 1 3 3967.6877585809125 100]
	[RESULT 78] [1 6.153608899851326 0 1 3 3999.9971269198904 100]
	[RESULT 79] [1 9.870645770392652 0 1 3 3953.937298379525 100]
	[RESULT 80] [0 6.896153061042545 0 4 0 1000.609747740918 4]
	[RESULT 81] [0 9.921475040065955 1 4 24 3968.9907989237054 98]
	[RESULT 82] [0 7.3097329562180935 0 4 22 3999.338209675316 10]
	[RESULT 83] [1 7.321978247782219 0 4 20 3969.114866413306 100]
	[RESULT 84] [0 5.969651473961999 1 2 17 3879.465886082042 87]
	[RESULT 85] [1 6.84999000567863 0 1 3 3984.9912474617026 95]
	[RESULT 86] [1 7.146966814952423 0 1 20 3999.997237945934 100]
	[RESULT 87] [0 46.18659101006669 0 1 17 3988.404038323134 99]
	[RESULT 88] [1 5.865160352902888 0 1 21 3999.882777818516 100]
	[RESULT 89] [1 10.70820003777531 0 1 2 3893.2622386035478 100]
	[RESULT 90] [1 5.609147259364428 0 1 20 3999.997128290993 100]
	[RESULT 91] [0 6.212018497912222 1 1 24 3897.0732291311283 98]
	[RESULT 92] [1 5.0010429487195 0 4 3 3781.1151644454067 41]
	[RESULT 93] [0 5.0799361171335455 0 1 3 3999.6407629397445 97]
	[RESULT 94] [1 5.550406849246594 0 1 20 3954.457829047522 91]
	[RESULT 95] [1 6.743137187476594 1 4 24 3999.9744382178797 97]
	[RESULT 96] [0 48.4201832087998 1 4 14 3759.3252524017 100]
	[RESULT 97] [1 6.149508352614655 0 1 20 3999.997237945934 100]
	[RESULT 98] [1 49.17533842523811 0 1 6 3999.4302469633685 99]
	[RESULT 99] [1 5.598655676073093 0 1 20 3999.9565466453487 100]
	[RESULT 100] [1 5.995749229413079 0 4 2 3728.258775603002 98]
	[RESULT 101] [0 6.538789858884116 0 1 2 3999.554231969272 99]
	[RESULT 102] [1 5.467098158226975 0 1 20 3999.9778865083795 100]
	[RESULT 103] [1 13.038183555048473 1 4 4 3999.999943573945 100]
	[RESULT 104] [1 6.414915907395439 1 4 24 3948.8979195801276 94]
	[RESULT 105] [0 7.160301925111121 1 1 11 1031.4695529303458 53]
	[RESULT 106] [1 5.194934666940792 0 1 8 3977.312317060513 100]
	[RESULT 107] [0 49.54589196672233 0 2 4 3894.070566441097 84]
	[RESULT 108] [1 5.005101548732499 0 4 7 3999.999878662035 100]
	[RESULT 109] [0 6.381252839232562 0 4 3 3914.9769306399066 100]
	[RESULT 110] [1 11.302536816792148 0 4 3 3999.996448026837 100]
	[RESULT 111] [0 5.446621313849003 1 2 17 3482.6768408136736 95]
	[RESULT 112] [1 5.000327449455987 0 4 7 3856.1275188715567 100]
	[RESULT 113] [0 8.066005659814452 0 4 23 1947.449286101805 35]
	[RESULT 114] [1 48.12579638927421 0 4 7 3929.4240098625814 99]
	[RESULT 115] [1 49.103083582287766 0 1 12 3999.997469200718 100]
	[RESULT 116] [0 5.989639266755716 1 4 21 1000.6634839244637 6]
	[RESULT 117] [1 5.696905530588289 0 1 2 3892.3672257331486 100]
	[RESULT 118] [1 5.989433937425336 0 4 6 3999.9928562509376 100]
	[RESULT 119] [1 5.812285525070892 1 1 3 3941.98645012327 100]
	[RESULT 120] [1 5.284832049924548 0 1 6 3859.0601008762815 100]
[OBJECTIVES]
	[RESULT 1] [0.01563075 0.02140522 0.01577448 0.01415366 0.00570261 0.09154895
 0.         0.00817657 0.00577448 0.00154895 0.         0.01513075
 0.00485627 0.00972552]
	[RESULT 2] [0.01137854 0.01729206 0.01591352 0.01181899 0.00364603 0.09182704
 0.         0.00925944 0.00591352 0.00182704 0.         0.00937854
 0.00046502 0.01108648]
	[RESULT 3] [0.01052418 0.01563296 0.01510878 0.01259893 0.00281648 0.09021755
 0.         0.00832633 0.00510878 0.00021755 0.         0.00852418
 0.00041541 0.01189122]
	[RESULT 4] [ 0.00978866 -0.01718486  0.01697352  0.0153546   0.02140757  0.09394703
  0.          0.00302648  0.00697352  0.00394703  0.          0.01178866
 -0.02023783  0.00502648]
	[RESULT 5] [0.02315678 0.02100209 0.01584113 0.01781669 0.00949895 0.09168227
 0.         0.0044766  0.00584113 0.00168227 0.         0.02115678
 0.00731564 0.00615887]
	[RESULT 6] [3.47944810e-02 4.79611771e-03 1.99983633e-02 1.78552146e-02
 1.78519411e-02 9.99967266e-02 0.00000000e+00 1.63671134e-06
 9.99836329e-03 9.99672658e-03 0.00000000e+00 3.22055190e-02
 5.79611771e-03 4.99836329e-03]
	[RESULT 7] [ 0.01720083 -0.01090231  0.01810314  0.02075512  0.02454884  0.09620628
  0.          0.00189686  0.00810314  0.00620628  0.          0.01770083
 -0.01240231  0.00310314]
	[RESULT 8] [ 0.01241064 -0.01395552  0.01636616  0.01550455  0.02277224  0.09273231
  0.          0.00363384  0.00636616  0.00273231  0.          0.01541064
 -0.01722321  0.00563384]
	[RESULT 9] [ 0.02089987 -0.00756919  0.01846906  0.02315353  0.02378459  0.09693812
  0.          0.00153094  0.00846906  0.00693812  0.          0.02139987
 -0.01263106  0.00703094]
	[RESULT 10] [ 0.00922534 -0.01685573  0.01608107  0.01348427  0.02132213  0.09216214
  0.          0.00391893  0.00608107  0.00216214  0.          0.01072534
 -0.0206936   0.00441893]
	[RESULT 11] [0.02626232 0.01862341 0.01511426 0.02045977 0.01068829 0.09022853
 0.         0.00665721 0.00511426 0.00022853 0.         0.02426232
 0.01114806 0.00688574]
	[RESULT 12] [ 0.01452824 -0.01094358  0.01547182  0.01547184  0.02452821  0.09094363
  0.          0.00941545  0.00547182  0.00094363  0.          0.01652824
 -0.02199994  0.01152818]
	[RESULT 13] [0.01952277 0.0246315  0.01510873 0.01709829 0.00731575 0.09021746
 0.         0.00982619 0.00510873 0.00021746 0.         0.01902277
 0.00941404 0.01039127]
	[RESULT 14] [0.01536356 0.02050106 0.0151375  0.01497554 0.00525053 0.09027499
 0.         0.00841249 0.0051375  0.00027499 0.         0.01336356
 0.00522607 0.0118625 ]
	[RESULT 15] [0.01712045 0.02281514 0.01569469 0.01526819 0.00665757 0.09138938
 0.         0.00491592 0.00569469 0.00138938 0.         0.01412045
 0.00042576 0.00630531]
	[RESULT 16] [0.01579286 0.02096878 0.01517592 0.01513254 0.00548439 0.09035185
 0.         0.00497223 0.00517592 0.00035185 0.         0.01529286
 0.00061693 0.00532408]
	[RESULT 17] [ 0.00655029 -0.0209428   0.01749309  0.01426478  0.0192786   0.09498618
  0.          0.00250691  0.00749309  0.00498618  0.          0.00805029
 -0.02195662  0.00300691]
	[RESULT 18] [ 0.02501585 -0.00411994  0.01913579  0.0240384   0.02230997  0.09827157
  0.          0.00086421  0.00913579  0.00827157  0.          0.02801585
 -0.00684837  0.00786421]
	[RESULT 19] [ 0.01203454 -0.01572694  0.01776148  0.01765949  0.02213653  0.09552296
  0.          0.00223852  0.00776148  0.00552296  0.          0.01253454
 -0.01722694  0.00276148]
	[RESULT 20] [0.01551779 0.02062665 0.01510886 0.01509561 0.00531333 0.09021772
 0.         0.00667343 0.00510886 0.00021772 0.         0.01351779
 0.00040894 0.00689114]
	[RESULT 21] [0.02806382 0.01541309 0.01652309 0.01924727 0.01229345 0.09304619
 0.         0.00347691 0.00652309 0.00304619 0.         0.02606382
 0.01145928 0.00547691]
	[RESULT 22] [ 0.03475223  0.01013853  0.01510924  0.02471226  0.01493073  0.09021847
  0.          0.00982771  0.00510924  0.00021847  0.          0.03425223
 -0.00164299  0.01039076]
	[RESULT 23] [ 0.00672075 -0.02060188  0.01732263  0.01409432  0.01944906  0.09464525
  0.          0.00267737  0.00732263  0.00464525  0.          0.00822075
 -0.02195662  0.00317737]
	[RESULT 24] [ 0.01756483 -0.00912956  0.01669438  0.01857399  0.02481478  0.09338877
  0.          0.00330562  0.00669438  0.00338877  0.          0.02056483
 -0.01174079  0.00530562]
	[RESULT 25] [ 0.03442278  0.00927503  0.01630219  0.02275811  0.01536248  0.09260438
  0.          0.00659344  0.00630219  0.00260438  0.          0.03392278
 -0.00012059  0.00919781]
	[RESULT 26] [ 1.50465219e-02 -1.49261021e-02  1.99726241e-02  2.24821970e-02
  2.25369489e-02  9.99452481e-02  0.00000000e+00  2.73759490e-05
  9.97262405e-03  9.94524810e-03  0.00000000e+00  1.55465219e-02
 -1.69808540e-02  5.52737595e-03]
	[RESULT 27] [0.03317598 0.00906254 0.01776148 0.01994577 0.01546873 0.09552296
 0.         0.00223852 0.00776148 0.00552296 0.         0.03267598
 0.0025855  0.00773852]
	[RESULT 28] [ 0.02871504  0.00284479  0.01587025  0.02291289  0.0188276   0.0917405
  0.          0.00938925  0.00587025  0.0017405   0.          0.03171504
 -0.00641471  0.01112975]
	[RESULT 29] [0.03238505 0.00852082 0.01909413 0.01755133 0.01573959 0.09818826
 0.         0.00090587 0.00909413 0.00818826 0.         0.03038505
 0.00470908 0.00790587]
	[RESULT 30] [0.03345008 0.00930995 0.01723996 0.02111509 0.01559502 0.09447993
 0.         0.00528011 0.00723996 0.00447993 0.         0.03045008
 0.00278988 0.00976004]
	[RESULT 31] [ 0.00600818 -0.02204955  0.01805772  0.01484068  0.01872523  0.09611545
  0.          0.00194228  0.00805772  0.00611545  0.          0.00750818
 -0.02254955  0.00305772]
	[RESULT 32] [ 0.018437   -0.00667215  0.01510915  0.01688222  0.02333607  0.0902183
  0.          0.00667256  0.00510915  0.0002183   0.          0.020437
 -0.01345385  0.00689085]
	[RESULT 33] [0.0147216  0.02401549 0.01929388 0.00841998 0.00700774 0.09858777
 0.         0.00070612 0.00929388 0.00858777 0.         0.0127216
 0.00042772 0.00770612]
	[RESULT 34] [ 0.02863782  0.00158104  0.01705678  0.02490408  0.01920948  0.09411356
  0.          0.00432966  0.00705678  0.00411356  0.          0.02913782
 -0.0063054   0.00844322]
	[RESULT 35] [ 0.01285789 -0.01410012  0.01695801  0.01661596  0.02269994  0.09391602
  0.          0.00304199  0.00695801  0.00391602  0.          0.01435789
 -0.0161841   0.00354199]
	[RESULT 36] [0.03166565 0.00923421 0.01910014 0.01743262 0.01563289 0.09820028
 0.         0.00089986 0.00910014 0.00820028 0.         0.03016565
 0.00873421 0.00410014]
	[RESULT 37] [0.02707128 0.01439481 0.01853391 0.01573478 0.0128026  0.09706782
 0.         0.00146609 0.00853391 0.00706782 0.         0.02507128
 0.00860519 0.00353391]
	[RESULT 38] [0.01361349 0.01874866 0.01513517 0.01410399 0.00437433 0.09027035
 0.         0.00990552 0.00513517 0.00027035 0.         0.01311349
 0.00347832 0.01036483]
	[RESULT 39] [ 0.01492016 -0.0115903   0.01651046  0.01722578  0.02420485  0.09302093
  0.          0.00348954  0.00651046  0.00302093  0.          0.01542016
 -0.01556937  0.00398954]
	[RESULT 40] [ 0.00763056 -0.01885132  0.01648188  0.0132881   0.02032434  0.09296376
  0.          0.00351812  0.00648188  0.00296376  0.          0.01063056
 -0.02188756  0.00551812]
	[RESULT 41] [0.0195199  0.02450598 0.01597412 0.01579876 0.00774701 0.09194825
 0.         0.00402588 0.00597412 0.00194825 0.         0.0190199
 0.00354577 0.00452588]
	[RESULT 42] [0.0212496  0.02102339 0.01772701 0.01428428 0.0097383  0.09545402
 0.         0.00227299 0.00772701 0.00545402 0.         0.0197496
 0.00252259 0.00277299]
	[RESULT 43] [0.02603949 0.01800537 0.01595514 0.01908704 0.01099732 0.09191027
 0.         0.00763459 0.00595514 0.00191027 0.         0.02553949
 0.00791564 0.00954486]
	[RESULT 44] [ 0.01206709 -0.01346243  0.01552952  0.01432783  0.02326878  0.09105905
  0.          0.00447048  0.00552952  0.00105905  0.          0.01256709
 -0.01940339  0.00497048]
	[RESULT 45] [ 0.02380654 -0.00316169  0.01696823  0.02235562  0.02158085  0.09393646
  0.          0.00303177  0.00696823  0.00393646  0.          0.02430654
 -0.00622523  0.00353177]
	[RESULT 46] [0.02272508 0.02040856 0.01686637 0.01606299 0.00979572 0.09373273
 0.         0.00313363 0.00686637 0.00373273 0.         0.02072508
 0.00585871 0.00513363]
	[RESULT 47] [ 0.00584255 -0.02238215  0.0182247   0.01500832  0.01855893  0.09644939
  0.          0.0017753   0.0082247   0.00644939  0.          0.00734255
 -0.02288215  0.0032247 ]
	[RESULT 48] [0.02304287 0.01811591 0.01884122 0.01325961 0.01094204 0.09768243
 0.         0.00115878 0.00884122 0.00768243 0.         0.02104287
 0.00920166 0.00815878]
	[RESULT 49] [ 0.014578   -0.01287918  0.01745719  0.01822478  0.02331041  0.09491437
  0.          0.00254281  0.00745719  0.00491437  0.          0.017578
 -0.01396481  0.00454281]
	[RESULT 50] [ 0.01951064 -0.00602519  0.01553583  0.01805906  0.02301259  0.09107165
  0.          0.00446417  0.00553583  0.00107165  0.          0.02001064
 -0.01195353  0.00496417]
	[RESULT 51] [ 0.00893049 -0.0161786   0.01510909  0.01187888  0.0216607   0.09021818
  0.          0.00667273  0.00510909  0.00021818  0.          0.01193049
 -0.02196042  0.00689091]
	[RESULT 52] [ 0.01192541 -0.01583354  0.01775895  0.01735113  0.02183323  0.09551789
  0.          0.00224105  0.00775895  0.00551789  0.          0.01342541
 -0.02131564  0.00774105]
	[RESULT 53] [ 0.01067774 -0.01598812  0.01666586  0.01533766  0.02200594  0.09333172
  0.          0.00333414  0.00666586  0.00333172  0.          0.01117774
 -0.0196564   0.00383414]
	[RESULT 54] [ 0.01040761 -0.01573388  0.0161415   0.01441605  0.02213306  0.09228299
  0.          0.0038585   0.0061415   0.00228299  0.          0.01240761
 -0.02045089  0.0058585 ]
	[RESULT 55] [ 0.01169944 -0.01711368  0.01881313  0.01881941  0.02119316  0.09762625
  0.          0.00118687  0.00881313  0.00762625  0.          0.01319944
 -0.02048743  0.00668687]
	[RESULT 56] [0.02656682 0.01832422 0.01510897 0.02061996 0.01083789 0.09021794
 0.         0.0083269  0.00510897 0.00021794 0.         0.02456682
 0.00654215 0.01189103]
	[RESULT 57] [0.0303077  0.01363859 0.01605371 0.02132328 0.0134307  0.09210742
 0.         0.00394629 0.00605371 0.00210742 0.         0.0288077
 0.00974601 0.00444629]
	[RESULT 58] [0.01213876 0.01886519 0.01672643 0.01097974 0.00443259 0.09345286
 0.         0.00682072 0.00672643 0.00345286 0.         0.01013876
 0.00041233 0.01027357]
	[RESULT 59] [0.02625966 0.01862874 0.0151116  0.02046243 0.01068563 0.0902232
 0.         0.00516521 0.0051116  0.0002232  0.         0.02575966
 0.01114806 0.0053884 ]
	[RESULT 60] [ 0.02203108 -0.00308148  0.01511256  0.01868438  0.02154074  0.09022512
  0.          0.00833768  0.00511256  0.00022512  0.          0.02403108
 -0.01485636  0.01188744]
	[RESULT 61] [ 0.02437413 -0.00129632  0.01567045  0.02044274  0.02089816  0.0913409
  0.          0.00848865  0.00567045  0.0013409   0.          0.02587413
 -0.01095542  0.00982955]
	[RESULT 62] [ 0.01883856 -0.00736934  0.0162079   0.01873114  0.02368467  0.09241581
  0.          0.0037921   0.0062079   0.00241581  0.          0.01933856
 -0.01195353  0.0042921 ]
	[RESULT 63] [0.0349151  0.0067394  0.0183455  0.01993929 0.0166303  0.09669101
 0.         0.0016545  0.0083455  0.00669101 0.         0.0329151
 0.00643041 0.0036545 ]
	[RESULT 64] [ 0.00612063 -0.02178822  0.01790885  0.01467358  0.01885589  0.09581769
  0.          0.00209115  0.00790885  0.00581769  0.          0.00762063
 -0.02228822  0.00290885]
	[RESULT 65] [ 0.0232532  -0.00185599  0.01510919  0.01929039  0.02092799  0.09021838
  0.          0.00667243  0.00510919  0.00021838  0.          0.0252532
 -0.00863761  0.00689081]
	[RESULT 66] [ 0.01305966 -0.0120981   0.01515776  0.01426647  0.02395095  0.09031552
  0.          0.00502672  0.00515776  0.00031552  0.          0.01355966
 -0.01878258  0.00534224]
	[RESULT 67] [0.01777332 0.02493764 0.01716432 0.01314018 0.00746882 0.09432864
 0.         0.00283568 0.00716432 0.00432864 0.         0.01577332
 0.000609   0.00483568]
	[RESULT 68] [0.01341059 0.02140406 0.01799347 0.0097151  0.00570203 0.09598693
 0.         0.0020196  0.00799347 0.00598693 0.         0.01241059
 0.00041712 0.00800653]
	[RESULT 69] [ 0.00528115 -0.02347728  0.01875843  0.01552822  0.01801136  0.09751686
  0.          0.00124157  0.00875843  0.00751686  0.          0.00678115
 -0.02397728  0.00375843]
	[RESULT 70] [0.03381281 0.00783869 0.01597412 0.02413241 0.01608066 0.09194825
 0.         0.00407763 0.00597412 0.00194825 0.         0.03418719
 0.00278694 0.00602588]
	[RESULT 71] [ 0.00956891 -0.01595933  0.01552824  0.01307682  0.02202034  0.09105648
  0.          0.00447176  0.00552824  0.00105648  0.          0.01006891
 -0.02190285  0.00497176]
	[RESULT 72] [1.56169114e-02 2.43831240e-02 1.99999646e-02 7.80850884e-03
 7.80843800e-03 9.99999292e-02 0.00000000e+00 3.54184910e-08
 9.99996458e-03 9.99992916e-03 0.00000000e+00 1.51169114e-02
 6.16946844e-04 5.50003542e-03]
	[RESULT 73] [0.02796868 0.01393843 0.0180929  0.01684499 0.01303079 0.09618579
 0.         0.00272131 0.0080929  0.00618579 0.         0.02596868
 0.00812422 0.0089071 ]
	[RESULT 74] [0.01938101 0.02184185 0.01877714 0.01152479 0.00907907 0.09755428
 0.         0.00122286 0.00877714 0.00755428 0.         0.01738101
 0.00115815 0.00377714]
	[RESULT 75] [ 0.00995479 -0.01988644  0.01984123  0.01973924  0.02005678  0.09968246
  0.          0.00015877  0.00984123  0.00968246  0.          0.01045479
 -0.02138644  0.00484123]
	[RESULT 76] [0.03170702 0.00659533 0.01511169 0.02327105 0.01695233 0.09022338
 0.         0.00516493 0.00511169 0.00022338 0.         0.03320702
 0.00081872 0.00538831]
	[RESULT 77] [ 0.02017545 -0.00774393  0.01791938  0.02171679  0.02412197  0.09583876
  0.          0.00208062  0.00791938  0.00583876  0.          0.02167545
 -0.00824393  0.00291938]
	[RESULT 78] [ 0.00668119 -0.0206405   0.01732168  0.01407312  0.01942975  0.09464337
  0.          0.00267832  0.00732168  0.00464337  0.          0.00818119
 -0.02199713  0.00317832]
	[RESULT 79] [ 0.02435326 -0.00149844  0.0158517   0.02070417  0.02099922  0.09170339
  0.          0.0041483   0.0058517   0.00170339  0.          0.02585326
 -0.00579505  0.0046483 ]
	[RESULT 80] [0.01713927 0.02386569 0.01672643 0.01347999 0.00693285 0.09345286
 0.         0.00327357 0.00672643 0.00345286 0.         0.01513927
 0.00041284 0.00527357]
	[RESULT 81] [0.02866993 0.01548568 0.01584438 0.02056839 0.01225716 0.09168877
 0.         0.00946685 0.00584438 0.00168877 0.         0.02666993
 0.00517445 0.01115562]
	[RESULT 82] [ 0.02891425  0.00240355  0.0165107   0.02422317  0.01879822  0.09302139
  0.          0.0034893   0.0065107   0.00302139  0.          0.03091425
 -0.00157506  0.0054893 ]
	[RESULT 83] [ 0.02131122 -0.00519391  0.01650513  0.0201633   0.02284695  0.09301025
  0.          0.00349487  0.00650513  0.00301025  0.          0.02431122
 -0.00818365  0.00549487]
	[RESULT 84] [0.01826162 0.02419986 0.01753852 0.01282303 0.00790007 0.09507704
 0.         0.00338444 0.00753852 0.00507704 0.         0.01726162
 0.0057231  0.00846148]
	[RESULT 85] [0.03329069 0.0065363  0.01675439 0.02347307 0.01698185 0.09350878
 0.         0.00324561 0.00675439 0.00350878 0.         0.03479069
 0.00404508 0.00374561]
	[RESULT 86] [ 0.00741393 -0.0191749   0.01658883  0.01334021  0.02016255  0.09317766
  0.          0.00341117  0.00658883  0.00317766  0.          0.00891393
 -0.02199724  0.00391117]
	[RESULT 87] [ 0.02780309  0.00268457  0.01511852  0.02157933  0.01865771  0.09023704
  0.          0.00514444  0.00511852  0.00023704  0.          0.02830309
 -0.00407839  0.00538148]
	[RESULT 88] [ 0.00643594 -0.02124479  0.01768073  0.01448907  0.0191276   0.09536147
  0.          0.00231927  0.00768073  0.00536147  0.          0.00793594
 -0.02188332  0.00281927]
	[RESULT 89] [ 0.02851037  0.00276501  0.01574536  0.02262322  0.01886749  0.09149071
  0.          0.00425464  0.00574536  0.00149071  0.          0.03001037
 -0.00174427  0.00475464]
	[RESULT 90] [ 0.00589564 -0.0222116   0.01810724  0.01485867  0.0186442   0.09621447
  0.          0.00189276  0.00810724  0.00621447  0.          0.00739564
 -0.0227116   0.00310724]
	[RESULT 91] [0.02381265 0.01892697 0.01726038 0.01601576 0.01053652 0.09452076
 0.         0.00371886 0.00726038 0.00452076 0.         0.02331265
 0.01144773 0.00823962]
	[RESULT 92] [2.38908090e-02 1.61144003e-02 1.99947907e-02 1.22032185e-02
 1.21927998e-02 9.99895814e-02 0.00000000e+00 5.20931055e-06
 9.99479069e-03 9.98958138e-03 0.00000000e+00 2.08908090e-02
 5.88559967e-03 4.99479069e-03]
	[RESULT 93] [ 0.02072424 -0.00890566  0.0196299   0.02480698  0.02445283  0.09925981
  0.          0.0003701   0.0096299   0.00925981  0.          0.02122424
 -0.01040566  0.0046299 ]
	[RESULT 94] [0.03008491 0.01169013 0.01822496 0.01795501 0.01440493 0.09644992
 0.         0.00177504 0.00822496 0.00644992 0.         0.02858491
 0.01119013 0.00322496]
	[RESULT 95] [ 0.02720281  0.00038007  0.01682273  0.0235855   0.02005996  0.09364546
  0.          0.00653181  0.00682273  0.00364546  0.          0.03020281
 -0.00697446  0.01017727]
	[RESULT 96] [0.03246506 0.01242238 0.01511256 0.02356369 0.01378881 0.09022512
 0.         0.00833768 0.00511256 0.00022512 0.         0.03046506
 0.0006475  0.01188744]
	[RESULT 97] [ 0.00667665 -0.02064946  0.01732611  0.01407749  0.01942527  0.09465223
  0.          0.00267389  0.00732611  0.00465223  0.          0.00817665
 -0.02199724  0.00317389]
	[RESULT 98] [ 0.01944638 -0.0056643   0.01511068  0.01713921  0.02308215  0.09022136
  0.          0.00516796  0.00511068  0.00022136  0.          0.02094638
 -0.01144294  0.00538932]
	[RESULT 99] [ 0.00591575 -0.02221188  0.01812763  0.01489932  0.01864406  0.09625526
  0.          0.00187237  0.00812763  0.00625526  0.          0.00741575
 -0.02271188  0.00312763]
	[RESULT 100] [0.0272782  0.01521647 0.01750532 0.01763111 0.01264176 0.09501065
 0.         0.00249468 0.00750532 0.00501065 0.         0.0242782
 0.00877288 0.00449468]
	[RESULT 101] [ 0.01846852 -0.00850093  0.01696944  0.01968842  0.02425046  0.09393888
  0.          0.00303056  0.00696944  0.00393888  0.          0.01896852
 -0.01156204  0.00353056]
	[RESULT 102] [ 0.00561401 -0.02279408  0.01840809  0.01516914  0.01835296  0.09681618
  0.          0.00159191  0.00840809  0.00681618  0.          0.00711401
 -0.02329408  0.00340809]
	[RESULT 103] [ 0.01344685 -0.01210636  0.01555321  0.01480324  0.02369682  0.09110642
  0.          0.00965963  0.00555321  0.00110642  0.          0.01644685
 -0.02199994  0.01144679]
	[RESULT 104] [0.02414026 0.01878927 0.01707047 0.01671443 0.01085536 0.09414093
 0.         0.0057886  0.00707047 0.00414093 0.         0.02114026
 0.0110698  0.00992953]
	[RESULT 105] [0.01220758 0.0187897  0.01658213 0.0112306  0.00439485 0.09316425
 0.         0.00575362 0.00658213 0.00316425 0.         0.01170758
 0.00062545 0.00891787]
	[RESULT 106] [ 0.01670956 -0.01247477  0.01918433  0.02188127  0.02351262  0.09836866
  0.          0.00081567  0.00918433  0.00836866  0.          0.01820956
 -0.01297477  0.00418433]
	[RESULT 107] [0.02105981 0.02383041 0.01510978 0.01786524 0.0080848  0.09021956
 0.         0.00567066 0.00510978 0.00021956 0.         0.02005981
 0.00595003 0.00589022]
	[RESULT 108] [ 4.02549961e-03 -2.59491221e-02  1.99746217e-02  1.67246824e-02
  1.67754389e-02  9.99492434e-02  0.00000000e+00  2.53782752e-05
  9.97462172e-03  9.94924345e-03  0.00000000e+00  7.02549961e-03
 -2.49491221e-02  4.97462172e-03]
	[RESULT 109] [ 0.02721964  0.0001199   0.01709974  0.02425942  0.01994005  0.09419947
  0.          0.00290026  0.00709974  0.00419947  0.          0.02921964
 -0.00268063  0.00490026]
	[RESULT 110] [ 0.00831886 -0.01736584  0.01568469  0.01243647  0.02106708  0.09136939
  0.          0.00494592  0.00568469  0.00136939  0.          0.01131886
 -0.02199645  0.00631531]
	[RESULT 111] [0.01794211 0.02360156 0.01845633 0.01128656 0.00819922 0.09691266
 0.         0.00154367 0.00845633 0.00691266 0.         0.01694211
 0.00448578 0.00754367]
	[RESULT 112] [ 2.53006193e-02 -4.69774403e-03  1.99983633e-02  2.26021454e-02
  2.25988720e-02  9.99967266e-02  0.00000000e+00  1.63671134e-06
  9.99836329e-03  9.99672658e-03  0.00000000e+00  2.83006193e-02
 -3.69774403e-03  4.99836329e-03]
	[RESULT 113] [0.01683357 0.02306328 0.01622971 0.01407222 0.00653164 0.09245942
 0.         0.00377029 0.00622971 0.00245942 0.         0.01483357
 0.00060387 0.00577029]
	[RESULT 114] [0.03265261 0.01223408 0.01511331 0.02390634 0.01413296 0.09022662
 0.         0.00666006 0.00511331 0.00022662 0.         0.02965261
 0.0064607  0.00688669]
	[RESULT 115] [ 0.00889167 -0.01621918  0.01511086  0.01186212  0.02164041  0.09022171
  0.          0.00516743  0.00511086  0.00022171  0.          0.01039167
 -0.02199747  0.00538914]
	[RESULT 116] [0.0129302  0.02044322 0.01751302 0.01019557 0.00522161 0.09502604
 0.         0.00446094 0.00751302 0.00502604 0.         0.0109302
 0.00041718 0.00948698]
	[RESULT 117] [ 0.0263412  -0.00160534  0.01794654  0.02484041  0.02105267  0.09589308
  0.          0.00205346  0.00794654  0.00589308  0.          0.0278412
 -0.00210534  0.00294654]
	[RESULT 118] [ 0.00649386 -0.02101941  0.01751328  0.01426685  0.01924029  0.09502656
  0.          0.00248672  0.00751328  0.00502656  0.          0.00949386
 -0.02199286  0.00448672]
	[RESULT 119] [ 0.02871216  0.00095321  0.01775895  0.0242555   0.01977339  0.09551789
  0.          0.00224105  0.00775895  0.00551789  0.          0.03021216
 -0.00452889  0.00774105]
	[RESULT 120] [ 0.02634202 -0.00254954  0.01889156  0.02374165  0.02152477  0.09778312
  0.          0.00110844  0.00889156  0.00778312  0.          0.02784202
 -0.00304954  0.00389156]
