[METRICS]
	[DISEQUILIBRIUM COUNT] 1338
	[MINIMUM S0 sTrt S1 DISTANCE]0.004013415786751295
	[MINIMUM S0 sTrt S21 DISTANCE]-0.02597323753837054
	[MINIMUM S0 sTrt S22 DISTANCE]0.015108728914508013
	[MINIMUM S7 sTrt S6 DISTANCE]0.007741535295208046
	[MINIMUM S7 sTrt S8 DISTANCE]0.0028442112152246013
	[MINIMUM S7 sTrt S21 DISTANCE]0.09021745782901598
	[MINIMUM S7 esTrt S22 DISTANCE]0.0
	[MINIMUM S14 sTrt S13 DISTANCE]2.4441885571047095e-08
	[MINIMUM S14 sTrt S15 DISTANCE]0.005108728914507976
	[MINIMUM S14 sTrt S21 DISTANCE]0.00021745782901597122
	[MINIMUM S14 sTrt S22 DISTANCE]0.0
	[MINIMUM S20 sTrt S19 DISTANCE]0.00551341578675113
	[MINIMUM S20 sTrt S21 DISTANCE]-0.026473237538370532
	[MINIMUM S20 sTrt S22 DISTANCE]0.0027573419891376016
	[AVERAGE S0 sTrt S1 DISTANCE]0.020564888366882774
	[AVERAGE S0 sTrt S21 DISTANCE]0.007963165055421302
	[AVERAGE S0 sTrt S22 DISTANCE]0.016688962348657865
	[AVERAGE S7 sTrt S6 DISTANCE]0.01742627226964628
	[AVERAGE S7 sTrt S8 DISTANCE]0.013576215064953165
	[AVERAGE S7 sTrt S21 DISTANCE]0.09337792469731578
	[AVERAGE S7 sTrt S22 DISTANCE]0.0
	[AVERAGE S14 sTrt S13 DISTANCE]0.0045725557996516095
	[AVERAGE S14 sTrt S15 DISTANCE]0.006688962348657882
	[AVERAGE S14 sTrt S21 DISTANCE]0.003377924697315746
	[AVERAGE S14 sTrt S22 DISTANCE]0.0
	[AVERAGE S20 sTrt S19 DISTANCE]0.020345898066220013
	[AVERAGE S20 sTrt S21 DISTANCE]-0.002049331791991833
	[AVERAGE S20 sTrt S22 DISTANCE]0.0066876292757129426
[VARIABLES]
	[RESULT 1] [1 5.631594732269411 1 2 19 3967.3836038759846 100]
	[RESULT 2] [1 6.290083278355811 0 2 0 3994.255003316181 100]
	[RESULT 3] [0 5.251626233931153 1 4 2 3916.3720407911437 99]
	[RESULT 4] [0 6.042164575001349 1 4 2 1552.2187899909313 34]
	[RESULT 5] [0 10.009790128040432 1 1 1 3978.290726583474 3]
	[RESULT 6] [1 6.591547213292115 0 4 7 3985.8129179139532 100]
	[RESULT 7] [1 5.002661964957933 0 4 8 3993.23937454538 99]
	[RESULT 8] [0 6.970301863075678 1 4 20 1448.0879896132394 28]
	[RESULT 9] [1 8.314898389764505 1 4 0 3972.0708613755564 100]
	[RESULT 10] [0 7.574628493674998 0 1 21 3998.982081788348 99]
	[RESULT 11] [1 10.79324176182833 0 1 21 3999.9886278117265 100]
	[RESULT 12] [0 5.2394109322378695 1 4 20 1325.2509352570125 28]
	[RESULT 13] [0 5.0241456912207045 1 4 10 3997.733148071606 100]
	[RESULT 14] [0 48.14475231998106 1 4 2 1538.6117156975636 6]
	[RESULT 15] [0 5.000224736994093 1 4 3 1903.6604878424077 99]
	[RESULT 16] [1 5.843441740076063 0 1 21 3837.938241489397 22]
	[RESULT 17] [0 6.797937737657562 1 1 0 3995.6939334874965 99]
	[RESULT 18] [0 5.141452015062969 1 4 20 3986.0453797021487 99]
	[RESULT 19] [1 6.865526129336105 0 1 21 3999.9992029638674 100]
	[RESULT 20] [1 5.643525071483223 0 1 22 3999.999868835364 100]
	[RESULT 21] [1 37.51160689817067 1 1 1 3784.6531358948887 88]
	[RESULT 22] [1 43.07083313622685 0 1 12 3780.666622840112 99]
	[RESULT 23] [1 5.868021830044116 0 1 0 3999.999723747866 100]
	[RESULT 24] [1 5.243715308014424 0 1 22 3999.999928572722 94]
	[RESULT 25] [0 43.36395700271854 0 1 22 1181.8782560063303 23]
	[RESULT 26] [0 8.519277598138522 0 4 24 3938.95523147154 34]
	[RESULT 27] [1 5.55944765104085 1 4 19 3821.297542083689 100]
	[RESULT 28] [0 43.01309884992928 0 1 21 3985.3367708950964 100]
	[RESULT 29] [1 11.494165511697817 0 1 1 3999.999928572722 99]
	[RESULT 30] [1 11.127414783328629 0 1 21 3997.2390480079216 100]
	[RESULT 31] [1 43.280067114362495 0 1 0 3923.448970250686 22]
	[RESULT 32] [1 9.611835187752813 0 4 0 3970.2499431979386 99]
	[RESULT 33] [0 5.739709585800135 1 1 10 1635.6058478386203 25]
	[RESULT 34] [1 6.591547213292115 0 4 7 3761.407132021666 100]
	[RESULT 35] [0 6.669183241971004 1 2 0 3548.029500349911 99]
	[RESULT 36] [0 8.224420093625957 1 1 19 3850.8311137219343 38]
	[RESULT 37] [1 5.364441714647497 1 3 22 3999.999868835364 100]
	[RESULT 38] [0 48.14475231998106 0 4 2 2019.362522476929 2]
	[RESULT 39] [0 7.472308784343827 1 4 17 3992.219192963316 30]
	[RESULT 40] [1 5.002676479395714 0 1 0 3999.999930887936 100]
	[RESULT 41] [1 49.188817541910886 0 4 21 3999.999377688216 100]
	[RESULT 42] [1 49.57745709174084 1 1 20 3992.350901545879 100]
	[RESULT 43] [1 5.962641724481723 0 2 0 3994.255003316181 100]
	[RESULT 44] [1 5.890999910018007 0 1 8 3954.946329857875 91]
	[RESULT 45] [1 5.644067331937681 0 1 22 3999.9999239302892 100]
	[RESULT 46] [1 5.47962901637875 0 1 20 3999.9998313269602 100]
	[RESULT 47] [1 8.10725946947853 1 3 22 3891.575927966767 100]
	[RESULT 48] [1 11.7257904493035 0 4 12 3999.999655084268 94]
	[RESULT 49] [1 49.93733958249347 1 4 20 3992.3276411179736 100]
	[RESULT 50] [0 6.568608587476929 1 2 3 3994.40437975241 28]
	[RESULT 51] [1 5.4344118503777565 0 1 22 3999.999904272366 100]
	[RESULT 52] [1 49.188817541910886 0 4 21 3999.999377688216 80]
	[RESULT 53] [0 11.341926730264415 0 1 3 3728.5388761549248 94]
	[RESULT 54] [1 5.878556212697851 0 1 22 3999.993885072139 99]
	[RESULT 55] [1 5.25786574822511 1 4 18 3992.979061284188 100]
	[RESULT 56] [0 5.352944612586329 1 4 2 3892.312949811939 33]
	[RESULT 57] [1 5.644067331937681 0 1 8 3999.9999239302892 100]
	[RESULT 58] [1 5.727938321571004 0 1 21 3999.9996302084396 100]
	[RESULT 59] [0 8.746691184024893 0 4 1 1519.853498483293 9]
	[RESULT 60] [1 5.004757458357574 1 4 22 3968.936052367387 100]
	[RESULT 61] [0 49.4947781574648 1 4 2 3973.6418619691062 5]
	[RESULT 62] [1 42.512639728270976 1 1 13 3832.041132982379 99]
	[RESULT 63] [1 5.1330725294518045 0 1 23 1394.8880717248676 21]
	[RESULT 64] [1 41.95495673194377 0 4 1 3970.2499431979386 98]
	[RESULT 65] [0 46.372119105366366 1 1 24 3902.152012758837 100]
	[RESULT 66] [1 5.695639631026965 0 1 22 3999.999982325854 100]
	[RESULT 67] [1 6.59415972100492 0 4 1 1345.0653992065213 5]
	[RESULT 68] [1 49.57502438587179 0 1 21 3999.999928978952 100]
	[RESULT 69] [1 6.231612564057162 0 1 11 3965.1490081012216 100]
	[RESULT 70] [0 7.28951819651193 1 1 0 3873.680317412489 99]
	[RESULT 71] [1 5.5257942299750775 0 1 23 3999.9999239302892 100]
	[RESULT 72] [1 9.908632207885283 0 1 21 3999.999279286438 98]
	[RESULT 73] [1 45.62640900092622 0 1 2 3996.2242368980014 22]
	[RESULT 74] [1 5.0672724968082195 0 1 0 3870.477253903294 97]
	[RESULT 75] [0 6.366633209350238 0 1 22 3898.126060855692 99]
	[RESULT 76] [1 48.73780219412003 0 1 7 3937.74385262428 100]
	[RESULT 77] [0 13.535482886379498 0 1 23 3957.233515900697 38]
	[RESULT 78] [0 5.475319881279578 0 1 22 1158.7423701073997 21]
	[RESULT 79] [1 5.200976861637347 0 1 21 3999.697551520579 100]
	[RESULT 80] [0 49.633877799321894 1 4 17 3992.219192963316 30]
	[RESULT 81] [0 5.352209696850876 0 4 2 3985.081885205737 33]
	[RESULT 82] [1 6.193470116838964 1 1 22 3999.9992029638674 3]
	[RESULT 83] [0 9.007749059529479 0 1 19 1199.8376695008465 23]
	[RESULT 84] [1 6.647339943427532 0 4 20 3999.9993776207266 100]
	[RESULT 85] [1 6.291872624178825 0 4 22 3921.1743539111358 34]
	[RESULT 86] [1 5.124434053365968 0 1 1 3994.2753996750967 100]
	[RESULT 87] [0 6.424449672908401 1 1 20 1353.2818327042482 27]
	[RESULT 88] [0 5.699998671819142 1 1 3 1935.8944440633313 100]
	[RESULT 89] [0 9.991717960735546 1 4 20 1458.9830717268849 24]
	[RESULT 90] [1 7.5326086418196985 0 2 0 3994.9421348252445 100]
	[RESULT 91] [1 5.615537090016343 1 2 12 3846.1925051977696 96]
	[RESULT 92] [1 6.518846317474072 0 1 19 1345.0653992065213 2]
	[RESULT 93] [1 49.148097681027856 0 1 0 3992.3583049479635 100]
	[RESULT 94] [0 5.006916797737394 1 1 3 1030.8841088927372 27]
	[RESULT 95] [1 5.934290070908115 0 1 22 2983.4938928365946 100]
	[RESULT 96] [0 11.176291739113507 0 1 3 3996.572571165947 94]
	[RESULT 97] [1 5.018695479470564 1 2 19 1343.484767936163 100]
	[RESULT 98] [0 13.827622068927502 1 1 19 3850.8311137219343 38]
	[RESULT 99] [0 7.5068745188901715 0 1 20 3918.4199336657966 99]
	[RESULT 100] [1 5.3808937820543985 0 1 22 3760.0373836499043 100]
	[RESULT 101] [1 6.338472945483422 0 1 22 3999.9999239302892 100]
	[RESULT 102] [1 48.50637512754861 0 4 19 3965.98361613927 28]
	[RESULT 103] [1 5.889016446777917 1 2 8 3964.868681632204 96]
	[RESULT 104] [1 5.7962127591815475 0 1 8 3915.0945819138633 100]
	[RESULT 105] [1 5.125551536144954 0 1 20 3822.3043249533903 100]
	[RESULT 106] [1 49.823914128153675 0 4 7 3990.2379671627186 100]
	[RESULT 107] [1 5.558629159151715 0 1 0 3999.999723747866 100]
	[RESULT 108] [0 14.385889377245633 0 1 23 3985.4327620406125 38]
	[RESULT 109] [1 5.385138812049653 0 1 22 3999.9999380250474 100]
	[RESULT 110] [1 5.613946311889035 1 1 12 3986.3327820863906 100]
	[RESULT 111] [0 5.475319881279578 0 1 0 3904.8350986410264 22]
	[RESULT 112] [1 7.4051100086016275 0 1 7 3999.998439335142 90]
	[RESULT 113] [1 8.449011471486713 0 1 21 3999.9992029638674 100]
	[RESULT 114] [0 6.023298198219123 1 1 3 1970.1376368928852 99]
	[RESULT 115] [1 5.64316981207497 0 1 22 3999.999929657118 100]
	[RESULT 116] [0 5.352209696850876 0 4 2 3959.2001647129223 30]
	[RESULT 117] [1 7.150475520905957 0 4 0 3970.2499431979386 100]
	[RESULT 118] [0 48.552370988221355 1 4 10 3971.980839860549 100]
	[RESULT 119] [1 7.485137949534245 0 1 2 3770.6138041679055 97]
	[RESULT 120] [0 11.341926730264415 1 4 3 3610.8437609772345 100]
[OBJECTIVES]
	[RESULT 1] [ 0.02508791 -0.00297658  0.01806449  0.02439068  0.02173829  0.09612897
  0.          0.00193551  0.00806449  0.00612897  0.          0.02708791
 -0.00784761  0.00793551]
	[RESULT 2] [ 0.01148816 -0.01569516  0.01718333  0.01626907  0.02190242  0.09436665
  0.          0.00281667  0.00718333  0.00436665  0.          0.01348816
 -0.01732851  0.00381667]
	[RESULT 3] [0.02974839 0.01125681 0.0189948  0.01638199 0.01437159 0.09798961
 0.         0.0010052  0.0089948  0.00798961 0.         0.02774839
 0.00724642 0.0080052 ]
	[RESULT 4] [0.01299964 0.02044802 0.01744838 0.01032725 0.00522401 0.09489676
 0.         0.00465485 0.00744838 0.00489676 0.         0.01099964
 0.00055126 0.00955162]
	[RESULT 5] [0.0244167  0.01975133 0.01583198 0.01846039 0.01012434 0.09166395
 0.         0.00800407 0.00583198 0.00166395 0.         0.0239167
 0.00941528 0.00966802]
	[RESULT 6] [ 0.01612152 -0.01080783  0.01692935  0.01820478  0.02434608  0.0938587
  0.          0.00307065  0.00692935  0.0038587   0.          0.01912152
 -0.01294913  0.00507065]
	[RESULT 7] [ 1.93348207e-02 -1.06519048e-02  1.99867255e-02  2.43974986e-02
  2.44240476e-02  9.99734510e-02  0.00000000e+00  1.32744886e-05
  9.98672551e-03  9.97345102e-03  0.00000000e+00  2.23348207e-02
 -9.65190480e-03  4.98672551e-03]
	[RESULT 8] [0.01219984 0.01888317 0.01668333 0.01107492 0.00444159 0.09336666
 0.         0.00695001 0.00668333 0.00336666 0.         0.01019984
 0.00051651 0.01031667]
	[RESULT 9] [ 0.02603298 -0.00012579  0.01615878  0.02200466  0.0203129   0.09231755
  0.          0.00852367  0.00615878  0.00231755  0.          0.02903298
 -0.00880824  0.01084122]
	[RESULT 10] [ 0.01957935 -0.0068194   0.01639875  0.01938779  0.0234097   0.09279749
  0.          0.00360125  0.00639875  0.00279749  0.          0.02007935
 -0.01102191  0.00410125]
	[RESULT 11] [ 0.00827534 -0.01746068  0.01573603  0.01249171  0.02101966  0.09147205
  0.          0.00426397  0.00573603  0.00147205  0.          0.00977534
 -0.02198863  0.00476397]
	[RESULT 12] [0.01453965 0.02357382 0.01903417 0.00871856 0.00678691 0.09806835
 0.         0.00096583 0.00903417 0.00806835 0.         0.01253965
 0.00050548 0.00796583]
	[RESULT 13] [ 0.01219628 -0.01768584  0.01988212  0.02092132  0.02115708  0.09976424
  0.          0.00011788  0.00988212  0.00976424  0.          0.01419628
 -0.0199216   0.00711788]
	[RESULT 14] [0.01057516 0.01568842 0.01511326 0.01261768 0.00284421 0.09022653
 0.         0.00833979 0.00511326 0.00022653 0.         0.00857516
 0.00046189 0.01188674]
	[RESULT 15] [2.52935017e-02 1.47076217e-02 1.99988766e-02 1.26484360e-02
 1.26461891e-02 9.99977531e-02 0.00000000e+00 1.12343249e-06
 9.99887657e-03 9.99775314e-03 0.00000000e+00 2.32935017e-02
 1.02946252e-02 7.00112343e-03]
	[RESULT 16] [0.02230662 0.01998106 0.01771232 0.01483484 0.01025947 0.09542464
 0.         0.00228768 0.00771232 0.00542464 0.         0.02080662
 0.00359431 0.00278768]
	[RESULT 17] [ 2.68863271e-02  9.92966757e-05  1.67870305e-02  2.36237093e-02
  1.99503517e-02  9.35740609e-02  0.00000000e+00  5.13890858e-03
  6.78703047e-03  3.57406095e-03  0.00000000e+00  2.73863271e-02
 -8.32664238e-03  8.71296953e-03]
	[RESULT 18] [ 0.0295753   0.00019492  0.01938039  0.02114177  0.01990254  0.09876077
  0.          0.00061961  0.00938039  0.00876077  0.          0.0315753
 -0.00304431  0.00761961]
	[RESULT 19] [ 0.00725592 -0.01948896  0.01674488  0.01349528  0.02000552  0.09348976
  0.          0.00325512  0.00674488  0.00348976  0.          0.00875592
 -0.0219992   0.00375512]
	[RESULT 20] [ 0.00595789 -0.02208435  0.01804224  0.01479231  0.01870782  0.09608448
  0.          0.00195776  0.00804224  0.00608448  0.          0.00745789
 -0.02258435  0.00304224]
	[RESULT 21] [0.01528807 0.02043727 0.0151492  0.01517023 0.00546864 0.0902984
 0.         0.00994761 0.0051492  0.0002984  0.         0.01378807
 0.00413887 0.0103508 ]
	[RESULT 22] [0.02868595 0.01618607 0.01512797 0.02190102 0.01215696 0.09025595
 0.         0.00511608 0.00512797 0.00025595 0.         0.02718595
 0.01044202 0.00537203]
	[RESULT 23] [ 0.00632365 -0.02135298  0.01767663  0.01442677  0.01907351  0.09535326
  0.          0.00232337  0.00767663  0.00535326  0.          0.00782365
 -0.02199972  0.00282337]
	[RESULT 24] [ 0.02212272 -0.0068975   0.01902021  0.02434168  0.02369875  0.09804043
  0.          0.00097979  0.00902021  0.00804043  0.          0.02362272
 -0.0073975   0.00402021]
	[RESULT 25] [0.01560326 0.02073028 0.01512702 0.0151111  0.00536514 0.09025404
 0.         0.00511894 0.00512702 0.00025404 0.         0.01510326
 0.00047624 0.00537298]
	[RESULT 26] [0.02366854 0.02022509 0.01610637 0.01767471 0.00988746 0.09221274
 0.         0.00389363 0.00610637 0.00221274 0.         0.02166854
 0.00756217 0.00589363]
	[RESULT 27] [ 3.27255360e-02  4.51927253e-03  1.82062634e-02  2.15778368e-02
  1.79903637e-02  9.64125269e-02  0.00000000e+00  2.38120966e-03
  8.20626345e-03  6.41252689e-03  0.00000000e+00  3.42744640e-02
 -6.82005823e-05  8.79373655e-03]
	[RESULT 28] [ 0.01911417 -0.00601399  0.01512816  0.01724933  0.023007    0.09025632
  0.          0.00511551  0.00512816  0.00025632  0.          0.01961417
 -0.01275767  0.00537184]
	[RESULT 29] [ 0.01833289 -0.0073343   0.01566719  0.01741722  0.02391715  0.09133437
  0.          0.00433281  0.00566719  0.00133437  0.          0.01983289
 -0.01199993  0.00483281]
	[RESULT 30] [ 0.01078485 -0.01491667  0.01570152  0.0136947   0.02229166  0.09140303
  0.          0.00429848  0.00570152  0.00140303  0.          0.01228485
 -0.01951364  0.00479848]
	[RESULT 31] [0.022535   0.02233771 0.01512729 0.01882656 0.00908114 0.09025458
 0.         0.00511813 0.00512729 0.00025458 0.         0.021035
 0.00640771 0.00537271]
	[RESULT 32] [0.03169351 0.00580254 0.01589097 0.02443322 0.01734873 0.09178195
 0.         0.00432708 0.00589097 0.00178195 0.         0.03469351
 0.00158449 0.00610903]
	[RESULT 33] [0.01339877 0.02127282 0.01787404 0.00988832 0.00563641 0.09574809
 0.         0.00212596 0.00787404 0.00574809 0.         0.01289877
 0.00052473 0.00762596]
	[RESULT 34] [0.02969957 0.00277022 0.01692935 0.02499381 0.01886489 0.0938587
 0.         0.00307065 0.00692935 0.0038587  0.         0.03269957
 0.00062892 0.00507065]
	[RESULT 35] [0.02318359 0.01994318 0.01687323 0.01628194 0.01002841 0.09374646
 0.         0.0053803  0.00687323 0.00374646 0.         0.02218359
 0.01131035 0.00912677]
	[RESULT 36] [0.01508953 0.02127312 0.01618359 0.01326937 0.00563656 0.09236719
 0.         0.00694922 0.00618359 0.00236719 0.         0.01458953
 0.00390593 0.00931641]
	[RESULT 37] [ 0.01033563 -0.01832887  0.0186645   0.01791457  0.02058556  0.097329
  0.          0.0013355   0.0086645   0.007329    0.          0.01283563
 -0.02199987  0.0078355 ]
	[RESULT 38] [0.01562691 0.02074017 0.01511326 0.01514356 0.00537008 0.09022653
 0.         0.00666021 0.00511326 0.00022653 0.         0.01362691
 0.00051364 0.00688674]
	[RESULT 39] [0.03078769 0.01277235 0.01643996 0.0207339  0.01361383 0.09287993
 0.         0.00768011 0.00643996 0.00287993 0.         0.02878769
 0.00365228 0.01056004]
	[RESULT 40] [ 4.01341579e-03 -2.59732375e-02  1.99866533e-02  1.67366879e-02
  1.67633812e-02  9.99733067e-02  0.00000000e+00  1.33466749e-05
  9.98665333e-03  9.97330665e-03  0.00000000e+00  5.51341579e-03
 -2.64732375e-02  4.98665333e-03]
	[RESULT 41] [ 0.00888998 -0.01622067  0.01511065  0.01186096  0.02163966  0.09022129
  0.          0.00666806  0.00511065  0.00022129  0.          0.01188998
 -0.02199938  0.00688935]
	[RESULT 42] [ 0.01974735 -0.00536235  0.0151097   0.01728823  0.02293118  0.09021941
  0.          0.00982911  0.0051097   0.00021941  0.          0.02124735
 -0.01614295  0.0103903 ]
	[RESULT 43] [ 0.0111239  -0.01642368  0.01754759  0.01663333  0.02153816  0.09509517
  0.          0.00245241  0.00754759  0.00509517  0.          0.0131239
 -0.01732851  0.00345241]
	[RESULT 44] [0.02956583 0.01279006 0.0176441  0.01856676 0.01385497 0.09528821
 0.         0.0023559  0.0076441  0.00528821 0.         0.02806583
 0.01092173 0.0028559 ]
	[RESULT 45] [ 0.00595884 -0.0220824   0.01804124  0.01479128  0.0187088   0.09608248
  0.          0.00195876  0.00804124  0.00608248  0.          0.00745884
 -0.0225824   0.00304124]
	[RESULT 46] [ 0.00562094 -0.02275828  0.01837923  0.01512931  0.01837086  0.09675845
  0.          0.00162077  0.00837923  0.00675845  0.          0.00712094
 -0.02325828  0.00337923]
	[RESULT 47] [ 0.03309833  0.00688097  0.01621736  0.0243748   0.01680951  0.09243471
  0.          0.00784793  0.00621736  0.00243471  0.          0.03440167
 -0.00168431  0.01028264]
	[RESULT 48] [ 0.02549602 -0.00015116  0.01564718  0.02096878  0.02032558  0.09129437
  0.          0.00505845  0.00564718  0.00129437  0.          0.02849602
 -0.0048568   0.00635282]
	[RESULT 49] [ 0.01976184 -0.00534701  0.01510884  0.01729418  0.0229235   0.09021769
  0.          0.00832653  0.00510884  0.00021769  0.          0.02276184
 -0.01612932  0.01189116]
	[RESULT 50] [0.03264831 0.01040511 0.01694658 0.02090429 0.01479745 0.09389316
 0.         0.00516026 0.00694658 0.00389316 0.         0.03164831
 0.00229827 0.00905342]
	[RESULT 51] [ 0.00551435 -0.0229714   0.01848575  0.0152358   0.0182643   0.0969715
  0.          0.00151425  0.00848575  0.0069715   0.          0.00701435
 -0.0234714   0.00348575]
	[RESULT 52] [ 0.02793759  0.00282695  0.01511065  0.02138477  0.01883653  0.09022129
  0.          0.00666806  0.00511065  0.00022129  0.          0.03093759
 -0.00295176  0.00688935]
	[RESULT 53] [0.02064637 0.02367261 0.01568102 0.01680165 0.00816369 0.09136204
 0.         0.00431898 0.00568102 0.00136204 0.         0.02014637
 0.00496535 0.00481898]
	[RESULT 54] [ 0.01634449 -0.01131712  0.01766162  0.01941468  0.02409144  0.09532324
  0.          0.00233838  0.00766162  0.00532324  0.          0.01784449
 -0.01199389  0.00283838]
	[RESULT 55] [ 0.01550653 -0.01346845  0.01897499  0.02096575  0.02301577  0.09794997
  0.          0.00102501  0.00897499  0.00794997  0.          0.01850653
 -0.01651848  0.00802501]
	[RESULT 56] [0.01870009 0.02260427 0.01869564 0.01130658 0.00869787 0.09739129
 0.         0.00130436 0.00869564 0.00739129 0.         0.01670009
 0.00500445 0.00830436]
	[RESULT 57] [ 0.00595884 -0.0220824   0.01804124  0.01479128  0.0187088   0.09608248
  0.          0.00195876  0.00804124  0.00608248  0.          0.00745884
 -0.0225824   0.00304124]
	[RESULT 58] [ 0.00610675 -0.02178687  0.01789362  0.01464381  0.01885656  0.09578724
  0.          0.00210638  0.00789362  0.00578724  0.          0.00760675
 -0.02228687  0.00289362]
	[RESULT 59] [0.01652024 0.02257361 0.01605337 0.01418007 0.0062868  0.09210673
 0.         0.00394663 0.00605337 0.00210673 0.         0.01452024
 0.00046688 0.00594663]
	[RESULT 60] [ 2.28756905e-02 -7.10063484e-03  1.99763253e-02  2.38476667e-02
  2.38003174e-02  9.99526507e-02  0.00000000e+00  2.36746606e-05
  9.97632534e-03  9.95265068e-03  0.00000000e+00  2.58756905e-02
 -8.14798416e-03  7.02367466e-03]
	[RESULT 61] [0.02248768 0.02240242 0.0151099  0.01857899 0.00879879 0.09021981
 0.         0.00832971 0.0051099  0.00021981 0.         0.02048768
 0.01062222 0.0118901 ]
	[RESULT 62] [0.02436886 0.02050131 0.01512983 0.01973969 0.00999934 0.09025966
 0.         0.00988948 0.00512983 0.00025966 0.         0.02286886
 0.00976097 0.01037017]
	[RESULT 63] [0.02090041 0.01968681 0.01941278 0.01158104 0.0104066  0.09882556
 0.         0.00058722 0.00941278 0.00882556 0.         0.01940041
 0.00381319 0.00441278]
	[RESULT 64] [0.03421392 0.01065435 0.01513174 0.02465935 0.01492283 0.09026347
 0.         0.00660479 0.00513174 0.00026347 0.         0.03121392
 0.00491782 0.00686826]
	[RESULT 65] [ 0.03479441  0.00967641  0.015118    0.02492579  0.0151618   0.090236
  0.          0.00985401  0.005118    0.000236    0.          0.03470559
 -0.00208759  0.010382  ]
	[RESULT 66] [ 0.00605128 -0.02189746  0.01794874  0.01469875  0.01880127  0.09589748
  0.          0.00205126  0.00794874  0.00589748  0.          0.00755128
 -0.02239746  0.00294874]
	[RESULT 67] [0.01836895 0.02470364 0.01692741 0.01404337 0.00789818 0.09385481
 0.         0.00307259 0.00692741 0.00385481 0.         0.01536895
 0.00044155 0.00507259]
	[RESULT 68] [ 0.00889036 -0.01621935  0.01510971  0.01185974  0.02164033  0.09021942
  0.          0.00517087  0.00510971  0.00021942  0.          0.01039036
 -0.02199993  0.00539029]
	[RESULT 69] [ 0.02131687 -0.00592367  0.01724053  0.02126923  0.02321183  0.09448106
  0.          0.00275947  0.00724053  0.00448106  0.          0.02281687
 -0.0074426   0.00325947]
	[RESULT 70] [0.02565031 0.01782971 0.01651998 0.01804518 0.01108514 0.09303996
 0.         0.00594006 0.00651998 0.00303996 0.         0.02515031
 0.00886967 0.00898002]
	[RESULT 71] [ 0.00572309 -0.02255389  0.01827698  0.01502702  0.01847306  0.09655396
  0.          0.00172302  0.00827698  0.00655396  0.          0.00722309
 -0.02305389  0.00327698]
	[RESULT 72] [ 0.02148783 -0.00435839  0.01584622  0.01926325  0.02242919  0.09169244
  0.          0.00415378  0.00584622  0.00169244  0.          0.02298783
 -0.00866595  0.00465378]
	[RESULT 73] [0.03190705 0.00678694 0.01512012 0.0233837  0.01685653 0.09024023
 0.         0.00513965 0.00512012 0.00024023 0.         0.03340705
 0.00102717 0.00537988]
	[RESULT 74] [0.02972955 0.01058561 0.01968484 0.01558752 0.0149572  0.09936968
 0.         0.00031516 0.00968484 0.00936968 0.         0.02822955
 0.01008561 0.00468484]
	[RESULT 75] [0.03203886 0.01084844 0.01711271 0.02035037 0.01457578 0.09422541
 0.         0.00288729 0.00711271 0.00422541 0.         0.03153886
 0.00807385 0.00338729]
	[RESULT 76] [ 0.02672542  0.00161366  0.01511176  0.02078035  0.01944317  0.09022352
  0.          0.00516471  0.00511176  0.00022352  0.          0.02822542
 -0.00416282  0.00538824]
	[RESULT 77] [0.02506467 0.01941098 0.01552436 0.0192458  0.01029451 0.09104871
 0.         0.00447564 0.00552436 0.00104871 0.         0.02456467
 0.00954031 0.00497564]
	[RESULT 78] [0.01885715 0.02275375 0.0183891  0.01184493 0.00862312 0.09677819
 0.         0.0016109  0.0083891  0.00677819 0.         0.01835715
 0.00174625 0.0033891 ]
	[RESULT 79] [ 0.00513556 -0.02402772  0.01916328  0.01606269  0.01773614  0.09832656
  0.          0.00083672  0.00916328  0.00832656  0.          0.00663556
 -0.02452772  0.00416328]
	[RESULT 80] [0.02945729 0.01543314 0.01510957 0.02206429 0.01228343 0.09021914
 0.         0.0083287  0.00510957 0.00021914 0.         0.02745729
 0.00365228 0.01189043]
	[RESULT 81] [0.03464882 0.00665353 0.01869765 0.01927793 0.01667324 0.0973953
 0.         0.00130235 0.00869765 0.0073953  0.         0.03264882
 0.00665353 0.00369765]
	[RESULT 82] [ 0.03151722  0.00423773  0.01727949  0.02357215  0.01813114  0.09455899
  0.          0.00366152  0.00727949  0.00455899  0.          0.03301722
 -0.00220328  0.00822051]
	[RESULT 83] [0.01647609 0.02247454 0.01599845 0.01424037 0.00623727 0.09199691
 0.         0.00400155 0.00599845 0.00199691 0.         0.01597609
 0.00047764 0.00450155]
	[RESULT 84] [ 0.00711193 -0.01977675  0.01688869  0.013639    0.01986162  0.09377738
  0.          0.00311131  0.00688869  0.00377738  0.          0.01011193
 -0.02199938  0.00511131]
	[RESULT 85] [0.02449984 0.01831854 0.01718162 0.01672749 0.01109073 0.09436324
 0.         0.00281838 0.00718162 0.00436324 0.         0.02149984
 0.00631821 0.00481838]
	[RESULT 86] [ 0.00921131 -0.02023537  0.01944668  0.01852568  0.01963232  0.09889336
  0.          0.00055332  0.00944668  0.00889336  0.          0.01071131
 -0.02073537  0.00444668]
	[RESULT 87] [0.01256653 0.01962885 0.01706232 0.01068978 0.00481442 0.09412465
 0.         0.00431303 0.00706232 0.00412465 0.         0.01206653
 0.0005042  0.00843768]
	[RESULT 88] [0.03324035 0.00881847 0.01794118 0.01970841 0.01559076 0.09588236
 0.         0.00205882 0.00794118 0.00588236 0.         0.03274035
 0.00270083 0.00755882]
	[RESULT 89] [0.01133779 0.01717228 0.01583449 0.01191717 0.00358614 0.09166897
 0.         0.00949654 0.00583449 0.00166897 0.         0.00933779
 0.00050331 0.01116551]
	[RESULT 90] [ 0.01179139 -0.014624    0.01641538  0.01526877  0.022438    0.09283077
  0.          0.00358462  0.00641538  0.00283077  0.          0.01379139
 -0.01779323  0.00458462]
	[RESULT 91] [0.02159033 0.02031473 0.01809495 0.01390274 0.01009264 0.09618989
 0.         0.00190505 0.00809495 0.00618989 0.         0.01959033
 0.00749538 0.00790505]
	[RESULT 92] [0.01842027 0.02459469 0.01698504 0.01398258 0.00795265 0.09397007
 0.         0.00301496 0.00698504 0.00397007 0.         0.01692027
 0.00043523 0.00351496]
	[RESULT 93] [ 0.01474196 -0.01036878  0.01511075  0.0147871   0.02456561  0.09022149
  0.          0.00516776  0.00511075  0.00022149  0.          0.01624196
 -0.01614729  0.00538925]
	[RESULT 94] [1.54446666e-02 2.45896798e-02 1.99656536e-02 7.77385293e-03
 7.70516009e-03 9.99313072e-02 0.00000000e+00 3.43464214e-05
 9.96565358e-03 9.93130716e-03 0.00000000e+00 1.49446666e-02
 4.79013025e-04 5.53434642e-03]
	[RESULT 95] [0.03081498 0.00323005 0.01758493 0.02346512 0.01863497 0.09516986
 0.         0.00241507 0.00758493 0.00516986 0.         0.03231498
 0.00239991 0.00291507]
	[RESULT 96] [ 0.02946031  0.00376357  0.01569674  0.02327526  0.01811821  0.09139348
  0.          0.00430326  0.00569674  0.00139348  0.          0.02996031
 -0.00184295  0.00480326]
	[RESULT 97] [3.38586847e-02 3.95044655e-03 1.99082381e-02 1.84583005e-02
 1.82747767e-02 9.98164763e-02 0.00000000e+00 9.17618653e-05
 9.90823813e-03 9.81647627e-03 0.00000000e+00 3.41413153e-02
 2.76692282e-03 6.09176187e-03]
	[RESULT 98] [0.0144147  0.01992347 0.01550877 0.0139442  0.00496174 0.09101754
 0.         0.00897369 0.00550877 0.00101754 0.         0.0139147
 0.00390593 0.00999123]
	[RESULT 99] [0.03228991 0.01128432 0.01642577 0.0215063  0.01435784 0.09285154
 0.         0.00357423 0.00642577 0.00285154 0.         0.03178991
 0.00713586 0.00407423]
	[RESULT 100] [ 0.02802033 -0.00060051  0.01862084  0.02330857  0.02055025  0.09724169
  0.          0.00137916  0.00862084  0.00724169  0.          0.02952033
 -0.00110051  0.00362084]
	[RESULT 101] [ 0.00686193 -0.02027622  0.01713815  0.01388819  0.01961189  0.09427629
  0.          0.00286185  0.00713815  0.00427629  0.          0.00836193
 -0.02199992  0.00336185]
	[RESULT 102] [0.0269766  0.01791106 0.01511234 0.02106978 0.01129447 0.09022469
 0.         0.00666297 0.00511234 0.00022469 0.         0.0239766
 0.01086425 0.00688766]
	[RESULT 103] [0.0280408  0.01431232 0.01764688 0.01780008 0.01309384 0.09529376
 0.         0.00305936 0.00764688 0.00529376 0.         0.0260408
 0.00860608 0.00835312]
	[RESULT 104] [ 0.02552966 -0.00225398  0.01778363  0.02419028  0.02137699  0.09556727
  0.          0.00221637  0.00778363  0.00556727  0.          0.02702966
 -0.00275398  0.00278363]
	[RESULT 105] [ 0.02647429 -0.00296797  0.01944227  0.02284945  0.02173399  0.09888453
  0.          0.00055773  0.00944227  0.00888453  0.          0.02797429
 -0.00346797  0.00444227]
	[RESULT 106] [ 0.0159115  -0.00919761  0.01510911  0.01536942  0.02484881  0.09021823
  0.          0.00667266  0.00510911  0.00021823  0.          0.0189115
 -0.01497939  0.00689089]
	[RESULT 107] [ 0.00579233 -0.02241562  0.01820795  0.01495809  0.01854219  0.09641589
  0.          0.00179205  0.00820795  0.00641589  0.          0.00729233
 -0.02291562  0.00320795]
	[RESULT 108] [0.03159478 0.0129238  0.01548142 0.02257526 0.0135381  0.09096284
 0.         0.00451858 0.00548142 0.00096284 0.         0.03109478
 0.00688664 0.00501858]
	[RESULT 109] [ 0.00539032 -0.02321943  0.01860975  0.01535978  0.01814028  0.09721949
  0.          0.00139025  0.00860975  0.00721949  0.          0.00689032
 -0.02371943  0.00360975]
	[RESULT 110] [ 0.01973844 -0.00835956  0.018098    0.02176622  0.02442978  0.09619599
  0.          0.001902    0.008098    0.00619599  0.          0.02123844
 -0.01316356  0.007402  ]
	[RESULT 111] [0.02384345 0.01776746 0.0183891  0.01433808 0.01111627 0.09677819
 0.         0.0016109  0.0083891  0.00677819 0.         0.02334345
 0.00673254 0.0033891 ]
	[RESULT 112] [ 0.025715   -0.00075338  0.01646838  0.02231007  0.02062669  0.09293676
  0.          0.00353162  0.00646838  0.00293676  0.          0.027215
 -0.00381662  0.00403162]
	[RESULT 113] [ 0.00787695 -0.01824689  0.01612385  0.01287424  0.02062655  0.09224769
  0.          0.00387615  0.00612385  0.00224769  0.          0.00937695
 -0.0219992   0.00437615]
	[RESULT 114] [0.02277537 0.01975342 0.01747121 0.01518087 0.01012329 0.09494243
 0.         0.00308636 0.00747121 0.00494243 0.         0.02227537
 0.01030416 0.00802879]
	[RESULT 115] [ 0.00595717 -0.02208573  0.0180429   0.01479293  0.01870714  0.0960858
  0.          0.0019571   0.0080429   0.0060858   0.          0.00745717
 -0.02258573  0.0030429 ]
	[RESULT 116] [0.02847785 0.0128245  0.01869765 0.01619245 0.01358775 0.0973953
 0.         0.00130235 0.00869765 0.0073953  0.         0.02647785
 0.0101755  0.00369765]
	[RESULT 117] [ 0.02099742 -0.00558964  0.01658706  0.02012931  0.02304482  0.09317412
  0.          0.00341294  0.00658706  0.00317412  0.          0.02399742
 -0.00841551  0.00541294]
	[RESULT 118] [ 0.02809958  0.00298735  0.01511223  0.02171813  0.01850632  0.09022445
  0.          0.00833668  0.00511223  0.00022445  0.          0.03009958
 -0.00878819  0.01188777]
	[RESULT 119] [0.02489156 0.01867378 0.01643466 0.01804378 0.01091311 0.09286933
 0.         0.00356534 0.00643466 0.00286933 0.         0.02339156
 0.00745689 0.00406534]
	[RESULT 120] [0.03219011 0.01212887 0.01568102 0.02257353 0.01393557 0.09136204
 0.         0.00995694 0.00568102 0.00136204 0.         0.03019011
 0.00149091 0.01131898]
