[METRICS]
	[DISEQUILIBRIUM COUNT] 1223
	[MINIMUM S0 sTrt S1 DISTANCE]0.004042795403727761
	[MINIMUM S0 sTrt S21 DISTANCE]-0.025918871435930926
	[MINIMUM S0 sTrt S22 DISTANCE]0.015108696038901637
	[MINIMUM S7 sTrt S6 DISTANCE]0.007786139085449895
	[MINIMUM S7 sTrt S8 DISTANCE]0.002822685708013306
	[MINIMUM S7 sTrt S21 DISTANCE]0.09021739207780323
	[MINIMUM S7 esTrt S22 DISTANCE]0.0
	[MINIMUM S14 sTrt S13 DISTANCE]1.4356317695751741e-07
	[MINIMUM S14 sTrt S15 DISTANCE]0.005108696038901628
	[MINIMUM S14 sTrt S21 DISTANCE]0.00021739207780322595
	[MINIMUM S14 sTrt S22 DISTANCE]0.0
	[MINIMUM S20 sTrt S19 DISTANCE]0.005542795403727596
	[MINIMUM S20 sTrt S21 DISTANCE]-0.026418871435930934
	[MINIMUM S20 sTrt S22 DISTANCE]0.0027515314724491854
	[AVERAGE S0 sTrt S1 DISTANCE]0.02057088950425615
	[AVERAGE S0 sTrt S21 DISTANCE]0.00897232999572522
	[AVERAGE S0 sTrt S22 DISTANCE]0.016690279144689433
	[AVERAGE S7 sTrt S6 DISTANCE]0.01728837005021264
	[AVERAGE S7 sTrt S8 DISTANCE]0.0131673851897687
	[AVERAGE S7 sTrt S21 DISTANCE]0.09338055828937891
	[AVERAGE S7 sTrt S22 DISTANCE]0.0
	[AVERAGE S14 sTrt S13 DISTANCE]0.004546678208580542
	[AVERAGE S14 sTrt S15 DISTANCE]0.006690279144689455
	[AVERAGE S14 sTrt S21 DISTANCE]0.003380558289378875
	[AVERAGE S14 sTrt S22 DISTANCE]0.0
	[AVERAGE S20 sTrt S19 DISTANCE]0.02026743358347391
	[AVERAGE S20 sTrt S21 DISTANCE]-0.001517000769198657
	[AVERAGE S20 sTrt S22 DISTANCE]0.006603528132355991
[VARIABLES]
	[RESULT 1] [0 5.006553861778719 1 1 8 1378.9988846317308 39]
	[RESULT 2] [0 5.000057753319557 0 1 18 3933.9459406954147 39]
	[RESULT 3] [0 5.333581468964978 1 2 10 3878.9489676532467 99]
	[RESULT 4] [0 11.063591368280305 0 4 0 1153.2189275802873 48]
	[RESULT 5] [1 8.64755886442747 0 1 1 3990.0389381015357 100]
	[RESULT 6] [1 6.449848925611947 0 4 18 3994.532625632976 100]
	[RESULT 7] [1 5.615802648315186 1 1 0 1962.865147750014 100]
	[RESULT 8] [0 6.147216579812575 1 4 18 2652.1294333256446 9]
	[RESULT 9] [1 5.801037567767432 0 1 1 3982.9883766762905 100]
	[RESULT 10] [0 5.376421194086657 1 1 8 1114.19378432035 3]
	[RESULT 11] [0 8.768043002944006 0 1 7 3999.3050891704715 99]
	[RESULT 12] [0 5.931017756320339 0 4 7 1022.169792755569 99]
	[RESULT 13] [1 5.767086241474337 1 1 4 3999.884938580797 100]
	[RESULT 14] [0 6.422883120400618 1 4 4 3960.416195258744 100]
	[RESULT 15] [1 8.143493638266378 0 4 18 3999.9968335424473 100]
	[RESULT 16] [0 7.551665185325877 0 4 1 1422.8624340603922 6]
	[RESULT 17] [1 11.865851640404031 0 4 17 3999.9969005940666 100]
	[RESULT 18] [1 5.15483384394798 0 1 7 3997.7555853640256 100]
	[RESULT 19] [0 5.8002842126249625 1 1 8 3946.5942655006497 3]
	[RESULT 20] [1 49.63499831973738 0 4 7 3946.449338118311 100]
	[RESULT 21] [1 5.715741337095032 0 1 6 3999.999127834265 100]
	[RESULT 22] [0 48.40927292452846 0 1 7 3999.2908515188415 100]
	[RESULT 23] [0 48.93575679570297 1 1 16 3982.243527712678 11]
	[RESULT 24] [1 7.224430238774827 0 4 7 3991.5016505350504 100]
	[RESULT 25] [1 5.715606333169503 0 1 7 3999.998360784436 100]
	[RESULT 26] [1 45.16531431387906 0 1 22 3999.1930765086454 99]
	[RESULT 27] [1 5.5567800413977375 0 1 6 3999.9962728286678 100]
	[RESULT 28] [1 8.24198450330409 1 4 4 3927.1830804441615 100]
	[RESULT 29] [1 47.08543435163322 1 4 22 3957.781941635719 100]
	[RESULT 30] [0 10.733692985894347 1 1 8 1182.689174679852 97]
	[RESULT 31] [1 49.91992192326965 0 1 7 3664.5761899629133 31]
	[RESULT 32] [1 10.277468215763633 0 1 17 3832.1403402507963 8]
	[RESULT 33] [1 5.53027541091509 0 1 10 3585.223733927788 96]
	[RESULT 34] [1 48.170718377516714 1 1 22 3873.9231370640355 6]
	[RESULT 35] [1 5.769439134303044 1 4 22 3879.626913262625 99]
	[RESULT 36] [1 11.050878278405351 0 1 1 1076.7092610128145 48]
	[RESULT 37] [0 5.320866910288611 0 4 3 1019.6119353615863 14]
	[RESULT 38] [1 5.603436459259318 1 2 21 3985.3582673086503 100]
	[RESULT 39] [0 5.928253375292888 0 1 7 3985.438887519822 2]
	[RESULT 40] [1 10.591609892955589 0 1 16 3979.09747428108 32]
	[RESULT 41] [1 5.007725863420502 0 1 18 3999.9955369600066 100]
	[RESULT 42] [0 7.4528614123219405 1 1 8 1085.9876764437909 11]
	[RESULT 43] [1 5.207191708813495 0 4 7 3993.3179284754665 100]
	[RESULT 44] [1 49.361888809757616 0 1 0 3927.669658915635 33]
	[RESULT 45] [1 5.20454448736636 0 1 1 3870.2162436365325 48]
	[RESULT 46] [0 6.397403244790394 0 4 3 1019.6119353615863 14]
	[RESULT 47] [1 5.420368943364338 0 1 4 3992.1501903393287 100]
	[RESULT 48] [1 49.475669732535025 0 4 17 3999.997184731194 100]
	[RESULT 49] [0 5.512827799893444 0 1 8 3999.7345853683064 97]
	[RESULT 50] [0 6.795812167839943 0 1 7 3760.1378278773723 3]
	[RESULT 51] [1 5.01446481661613 0 1 1 3947.458187813717 100]
	[RESULT 52] [1 49.43391436793319 0 1 8 3946.3507984228736 100]
	[RESULT 53] [0 46.66283766321105 0 1 7 3999.7071711218687 34]
	[RESULT 54] [1 5.6288278952837825 0 1 6 3999.9961079919985 100]
	[RESULT 55] [0 49.9636723893401 1 1 7 3999.701828939717 36]
	[RESULT 56] [0 5.802497341899465 0 1 9 3997.1689719840388 100]
	[RESULT 57] [0 5.967247866911157 1 4 4 3813.817577678904 100]
	[RESULT 58] [1 6.796358087763862 0 1 0 3999.9988692995294 100]
	[RESULT 59] [1 5.567812385035623 0 1 7 3999.999127834265 100]
	[RESULT 60] [1 5.6917112921111865 1 4 6 2530.943479333629 9]
	[RESULT 61] [1 5.605075511928329 0 1 6 3999.993483027174 100]
	[RESULT 62] [1 6.864853124275534 0 4 4 3999.884938580797 100]
	[RESULT 63] [1 6.353275507984575 0 1 4 3992.1501903393287 100]
	[RESULT 64] [1 5.332267546917521 0 1 20 3985.3582673086503 100]
	[RESULT 65] [0 6.153058432585265 1 1 8 2459.146881782502 96]
	[RESULT 66] [1 5.500647529903748 0 1 18 3999.9964080989603 100]
	[RESULT 67] [0 9.014057257398054 1 4 0 1096.7498977546343 11]
	[RESULT 68] [1 5.871236386065343 0 1 17 3999.998537628046 100]
	[RESULT 69] [1 49.98835949531156 1 4 4 1195.750479484865 100]
	[RESULT 70] [0 8.547851145943117 0 2 6 3993.3179284754665 99]
	[RESULT 71] [1 5.95679251040036 0 1 8 3947.573534220017 100]
	[RESULT 72] [1 5.792368471443508 1 1 1 3994.8239364292162 100]
	[RESULT 73] [1 6.353946443203844 0 1 6 3999.9990327960463 100]
	[RESULT 74] [1 5.715741337095032 0 1 0 3999.999127834265 100]
	[RESULT 75] [1 5.42103987860062 0 1 6 3999.9990323379934 100]
	[RESULT 76] [1 9.954281815498362 1 1 19 3701.652168304654 99]
	[RESULT 77] [0 6.408935437128929 1 4 18 2639.77584689523 99]
	[RESULT 78] [0 49.94296557538038 1 4 8 1085.9876764437909 8]
	[RESULT 79] [1 7.089731339519154 1 1 10 3851.002727022905 37]
	[RESULT 80] [0 5.24538561908194 1 3 4 3960.416195258744 100]
	[RESULT 81] [1 8.073599545429223 0 1 6 3999.9962728286678 100]
	[RESULT 82] [0 6.83150212659389 1 1 18 1867.8432048344798 100]
	[RESULT 83] [0 8.768043002944006 0 1 20 3733.1370417406692 98]
	[RESULT 84] [0 5.1452240751205665 1 4 0 3993.6995792623075 7]
	[RESULT 85] [1 6.890264623619657 0 1 1 3999.7508917457094 99]
	[RESULT 86] [1 5.605702299086825 0 1 22 3999.9982505472713 100]
	[RESULT 87] [1 5.574120624923855 1 1 0 3962.640053700701 100]
	[RESULT 88] [0 10.108658033600122 1 1 19 3994.0429506605633 99]
	[RESULT 89] [0 7.300076608712591 1 4 4 3986.219768615779 94]
	[RESULT 90] [0 5.769439134303044 1 4 22 3735.4556671904124 99]
	[RESULT 91] [1 7.345581791883964 0 4 7 3878.9382281280027 100]
	[RESULT 92] [1 5.005801613300445 1 4 8 3998.9419835231774 100]
	[RESULT 93] [1 5.594508917372675 0 4 6 3934.284836676205 97]
	[RESULT 94] [0 7.659342274688104 0 2 7 3997.6472608125405 100]
	[RESULT 95] [1 6.645979510571426 0 4 0 3962.6435306294934 100]
	[RESULT 96] [0 5.931017756320339 0 1 7 1221.5760077452628 3]
	[RESULT 97] [1 7.330707550523586 0 1 3 3955.652603925947 93]
	[RESULT 98] [1 47.78227971780729 0 4 8 3974.3608140644465 10]
	[RESULT 99] [1 6.340030995923119 0 1 9 3585.2381722151304 100]
	[RESULT 100] [1 6.655364563764087 0 4 8 3911.9453767597124 99]
	[RESULT 101] [1 5.018826069687296 0 4 0 3831.587017060688 100]
	[RESULT 102] [0 6.153058432585265 0 1 8 2459.146881782502 96]
	[RESULT 103] [1 11.88026975892957 0 1 6 1027.4483315168661 100]
	[RESULT 104] [0 6.37682554167238 0 4 0 3936.6336979326315 29]
	[RESULT 105] [0 5.6781189886447665 1 1 6 1534.6072076066584 37]
	[RESULT 106] [1 49.88130043607661 1 2 2 3999.260867967837 99]
	[RESULT 107] [0 49.91069024045677 0 4 4 1019.3917245668638 8]
	[RESULT 108] [1 5.172801882792558 0 1 6 3994.9568096307194 99]
	[RESULT 109] [1 9.329711438014664 0 1 7 3997.7555853640256 100]
	[RESULT 110] [0 5.199175141398307 1 4 4 3996.3361718053484 100]
	[RESULT 111] [1 5.442605298289057 0 1 22 1218.4091343409975 100]
	[RESULT 112] [0 8.550773013205532 1 2 2 3999.530671782567 99]
	[RESULT 113] [0 10.482687320107777 0 1 7 3999.9581876430066 88]
	[RESULT 114] [1 49.78995038030126 0 4 17 1007.6501933247445 100]
	[RESULT 115] [1 11.18934841876964 0 2 7 3992.1501903393287 100]
	[RESULT 116] [0 5.306278794599315 1 2 10 3924.366654761431 94]
	[RESULT 117] [1 49.77726932129299 0 2 8 3983.4235266885194 100]
	[RESULT 118] [1 5.413816050173789 0 1 7 3999.9698813557 100]
	[RESULT 119] [1 13.688698004510977 0 1 7 3999.998995105094 100]
	[RESULT 120] [1 5.000571141574855 0 1 12 3865.7134078075665 99]
[OBJECTIVES]
	[RESULT 1] [1.55262302e-02 2.45063257e-02 1.99674441e-02 7.81194901e-03
 7.74683713e-03 9.99348881e-02 0.00000000e+00 3.25559418e-05
 9.96744406e-03 9.93488812e-03 0.00000000e+00 1.50262302e-02
 5.58786139e-04 5.53255594e-03]
	[RESULT 2] [2.71863461e-02 1.28139426e-02 1.99997113e-02 1.35936062e-02
 1.35930287e-02 9.99994225e-02 0.00000000e+00 2.88749922e-07
 9.99971125e-03 9.99942250e-03 0.00000000e+00 2.66863461e-02
 1.13139426e-02 4.99971125e-03]
	[RESULT 3] [0.02802863 0.01322207 0.0187493  0.01589036 0.01338897 0.0974986
 0.         0.0012507  0.0087493  0.0074986  0.         0.02702863
 0.00872067 0.0072507 ]
	[RESULT 4] [0.01630285 0.0220107  0.01570786 0.01458964 0.00600535 0.09141571
 0.         0.00487643 0.00570786 0.00141571 0.         0.01430285
 0.00059499 0.00629214]
	[RESULT 5] [ 0.01504714 -0.0110287   0.01607583  0.01638732  0.02423565  0.09215167
  0.          0.00392417  0.00607583  0.00215167  0.          0.01654714
 -0.01487703  0.00442417]
	[RESULT 6] [ 0.01144531 -0.01559563  0.01704094  0.01603407  0.02195218  0.09408188
  0.          0.00295906  0.00704094  0.00408188  0.          0.01444531
 -0.01751375  0.00495906]
	[RESULT 7] [0.03439752 0.00750804 0.01809444 0.0203071  0.01649598 0.09618887
 0.         0.00190556 0.00809444 0.00618887 0.         0.03289752
 0.00269692 0.00740556]
	[RESULT 8] [0.01300124 0.02032983 0.0173286  0.01050772 0.00516492 0.09465719
 0.         0.00501421 0.0073286  0.00465719 0.         0.01100124
 0.00067264 0.0096714 ]
	[RESULT 9] [ 0.01634699 -0.01142919  0.01777618  0.01958776  0.0240354   0.09555236
  0.          0.00222382  0.00777618  0.00555236  0.          0.01784699
 -0.01192919  0.00277618]
	[RESULT 10] [0.01405141 0.02268402 0.01863261 0.00907679 0.00634201 0.09726522
 0.         0.00136739 0.00863261 0.00726522 0.         0.01355141
 0.0004188  0.00686739]
	[RESULT 11] [ 0.01962747 -0.00642118  0.01604865  0.01888671  0.02321059  0.0920973
  0.          0.00395135  0.00604865  0.0020973   0.          0.02012747
 -0.01132388  0.00445135]
	[RESULT 12] [0.02779745 0.01461325 0.01758931 0.01751476 0.01269338 0.09517862
 0.         0.00241069 0.00758931 0.00517862 0.         0.02579745
 0.01020814 0.00441069]
	[RESULT 13] [ 0.01128502 -0.0165445   0.01782952  0.01713678  0.02147775  0.09565903
  0.          0.00217048  0.00782952  0.00565903  0.          0.01278502
 -0.02188547  0.00767048]
	[RESULT 14] [ 0.02825899  0.00119534  0.01706366  0.02472498  0.01940233  0.09412731
  0.          0.00580903  0.00706366  0.00412731  0.          0.03025899
 -0.00667735  0.00993634]
	[RESULT 15] [ 0.00779645 -0.01841026  0.01620671  0.01295829  0.02054487  0.09241342
  0.          0.00379329  0.00620671  0.00241342  0.          0.01079645
 -0.02199683  0.00579329]
	[RESULT 16] [0.0168585  0.02326629 0.01640779 0.01381757 0.00663315 0.09281558
 0.         0.00359221 0.00640779 0.00281558 0.         0.0148585
 0.00045071 0.00559221]
	[RESULT 17] [ 0.00836744 -0.01726822  0.01563566  0.01238721  0.02111589  0.09127132
  0.          0.00509302  0.00563566  0.00127132  0.          0.01136744
 -0.0219969   0.00636434]
	[RESULT 18] [ 0.00672989 -0.02259974  0.01932963  0.01710939  0.01845013  0.09865925
  0.          0.00067037  0.00932963  0.00865925  0.          0.00822989
 -0.02309974  0.00432963]
	[RESULT 19] [0.02095278 0.02126988 0.01777734 0.01381038 0.00936506 0.09555468
 0.         0.00222266 0.00777734 0.00555468 0.         0.02045278
 0.00817544 0.00772266]
	[RESULT 20] [ 0.02593379  0.00082422  0.01510957  0.02038124  0.01983789  0.09021913
  0.          0.0066713   0.00510957  0.00021913  0.          0.02893379
 -0.00495665  0.00689043]
	[RESULT 21] [ 0.00608668 -0.02182751  0.01791419  0.01466463  0.01883624  0.09582838
  0.          0.00208581  0.00791419  0.00582838  0.          0.00758668
 -0.02232751  0.00291419]
	[RESULT 22] [ 0.010577   -0.01453559  0.01511259  0.01295738  0.0227322   0.09022518
  0.          0.00516223  0.00511259  0.00022518  0.          0.011077
 -0.02131041  0.00538741]
	[RESULT 23] [0.02495116 0.01993757 0.01511127 0.01980868 0.01003122 0.09022254
 0.         0.00983381 0.00511127 0.00022254 0.         0.02445116
 0.00816011 0.01038873]
	[RESULT 24] [ 0.0137917  -0.01275896  0.01655066  0.01647184  0.02337052  0.09310132
  0.          0.00344934  0.00655066  0.00310132  0.          0.0167917
 -0.01565764  0.00544934]
	[RESULT 25] [ 0.00608722 -0.0218272   0.01791442  0.01466524  0.0188364   0.09582884
  0.          0.00208558  0.00791442  0.00582884  0.          0.00758722
 -0.0223272   0.00291442]
	[RESULT 26] [ 0.01966023 -0.00546123  0.01512146  0.01726231  0.02298062  0.09024292
  0.          0.00513562  0.00512146  0.00024292  0.          0.02116023
 -0.01121831  0.00537854]
	[RESULT 27] [ 0.00579197 -0.02241979  0.01821176  0.01496362  0.01854011  0.09642352
  0.          0.00178824  0.00821176  0.00642352  0.          0.00729197
 -0.02291979  0.00321176]
	[RESULT 28] [ 0.03143182  0.00525313  0.01617869  0.02473395  0.01762344  0.09235739
  0.          0.00846392  0.00617869  0.00235739  0.          0.03443182
 -0.00338949  0.01082131]
	[RESULT 29] [ 0.02958585  0.00446981  0.01511605  0.022217    0.0180151   0.0902321
  0.          0.00834815  0.00511605  0.0002321   0.          0.03258585
 -0.0062981   0.01188395]
	[RESULT 30] [0.01596243 0.02170496 0.01574253 0.01436741 0.00585248 0.09148507
 0.         0.0082724  0.00574253 0.00148507 0.         0.01546243
 0.00521989 0.00975747]
	[RESULT 31] [0.01812867 0.02323755 0.01510889 0.01665101 0.00686878 0.09021777
 0.         0.00517334 0.00510889 0.00021777 0.         0.01662867
 0.00201978 0.00539111]
	[RESULT 32] [0.02025225 0.02395125 0.0157965  0.01668138 0.00827438 0.091593
 0.         0.0042035  0.0057965  0.001593   0.         0.01875225
 0.00345575 0.0047035 ]
	[RESULT 33] [0.02468856 0.01704405 0.01826739 0.0151932  0.01172797 0.09653477
 0.         0.00173261 0.00826739 0.00653477 0.         0.02318856
 0.00645595 0.00326739]
	[RESULT 34] [0.01546069 0.02057389 0.0151132  0.01531055 0.00553694 0.09022639
 0.         0.00983959 0.0051132  0.00022639 0.         0.01396069
 0.00434749 0.0103868 ]
	[RESULT 35] [0.02812504 0.01404921 0.01782575 0.01757389 0.0132254  0.09565151
 0.         0.00352274 0.00782575 0.00565151 0.         0.02512504
 0.00870072 0.00917425]
	[RESULT 36] [0.01729848 0.02300761 0.01570913 0.01533554 0.0067538  0.09141826
 0.         0.00429087 0.00570913 0.00141826 0.         0.01579848
 0.00058935 0.00479087]
	[RESULT 37] [0.01922324 0.02199137 0.01878539 0.01143353 0.00900432 0.09757079
 0.         0.00121461 0.00878539 0.00757079 0.         0.01722324
 0.00100863 0.00378539]
	[RESULT 38] [ 0.02011548 -0.00800282  0.0181183   0.0219852   0.02425141  0.09623661
  0.          0.0018817   0.0081183   0.00623661  0.          0.02211548
 -0.01276621  0.0078817 ]
	[RESULT 39] [0.03359338 0.0088136  0.01759302 0.02040716 0.0155932  0.09518604
 0.         0.00240698 0.00759302 0.00518604 0.         0.03309338
 0.00699964 0.00290698]
	[RESULT 40] [0.0306642  0.01357726 0.01575854 0.02194429 0.01346137 0.09151708
 0.         0.00424146 0.00575854 0.00151708 0.         0.0291642
 0.00909434 0.00474146]
	[RESULT 41] [ 4.04279540e-03 -2.59188714e-02  1.99616668e-02  1.67138980e-02
  1.67905643e-02  9.99233337e-02  0.00000000e+00  3.83331603e-05
  9.96166684e-03  9.92333368e-03  0.00000000e+00  5.54279540e-03
 -2.64188714e-02  4.96166684e-03]
	[RESULT 42] [0.01188295 0.01833103 0.01644807 0.01126937 0.00416551 0.09289615
 0.         0.00615578 0.00644807 0.00289615 0.         0.01138295
 0.00043488 0.00905193]
	[RESULT 43] [ 0.01013091 -0.01901093  0.01914184  0.01852822  0.02024453  0.09828369
  0.          0.00085816  0.00914184  0.00828369  0.          0.01313091
 -0.01801093  0.00414184]
	[RESULT 44] [0.02282577 0.022064   0.01511022 0.01899755 0.009218   0.09022045
 0.         0.00516933 0.00511022 0.00022045 0.         0.02132577
 0.00671555 0.00538978]
	[RESULT 45] [0.0245662  0.01628286 0.01915095 0.01380668 0.01210857 0.09830189
 0.         0.00084905 0.00915095 0.00830189 0.         0.0230662
 0.00721714 0.00415095]
	[RESULT 46] [0.01752343 0.02460902 0.01708559 0.01313333 0.00730451 0.09417118
 0.         0.00291441 0.00708559 0.00417118 0.         0.01552343
 0.00043784 0.00491441]
	[RESULT 47] [ 0.0114538  -0.01706641  0.01852021  0.01825722  0.0212168   0.09704042
  0.          0.00147979  0.00852021  0.00704042  0.          0.0129538
 -0.01756641  0.00352021]
	[RESULT 48] [ 0.00889287 -0.01621708  0.01510995  0.01186136  0.02164146  0.0902199
  0.          0.00667015  0.00510995  0.0002199   0.          0.01189287
 -0.02199719  0.00689005]
	[RESULT 49] [ 0.02195756 -0.00634751  0.01830507  0.02343638  0.02317376  0.09661014
  0.          0.00169493  0.00830507  0.00661014  0.          0.02245756
 -0.00784751  0.00330507]
	[RESULT 50] [0.01935219 0.02385942 0.01678839 0.01449351 0.00807029 0.09357678
 0.         0.00321161 0.00678839 0.00357678 0.         0.01885219
 0.0025638  0.00371161]
	[RESULT 51] [ 2.10111253e-02 -8.91758188e-03  1.99287072e-02  2.48513766e-02
  2.47087909e-02  9.98574143e-02  0.00000000e+00  7.12928451e-05
  9.92870715e-03  9.85741431e-03  0.00000000e+00  2.25111253e-02
 -9.41758188e-03  4.92870715e-03]
	[RESULT 52] [ 0.02594327  0.00083322  0.01511005  0.02038671  0.01983339  0.0902201
  0.          0.00516985  0.00511005  0.0002201   0.          0.02744327
 -0.00494668  0.00538995]
	[RESULT 53] [ 0.02987373  0.00475654  0.0151172   0.02261266  0.01762173  0.0902344
  0.          0.00514841  0.0051172   0.0002344   0.          0.03037373
 -0.00200907  0.0053828 ]
	[RESULT 54] [ 0.0059342  -0.02213549  0.01806969  0.01482164  0.01868225  0.09613938
  0.          0.00193031  0.00806969  0.00613938  0.          0.0074342
 -0.02263549  0.00306969]
	[RESULT 55] [ 0.03487818  0.0097694   0.01510878  0.02489774  0.0151153   0.09021756
  0.          0.00982634  0.00510878  0.00021756  0.          0.03462182
 -0.00201304  0.01039122]
	[RESULT 56] [ 0.00976912 -0.01800481  0.01777393  0.01654545  0.0209976   0.09554786
  0.          0.00222607  0.00777393  0.00554786  0.          0.01026912
 -0.01950481  0.00277393]
	[RESULT 57] [3.44988516e-02 6.95722985e-03 1.75416218e-02 2.14381415e-02
 1.65213851e-02 9.50832435e-02 0.00000000e+00 4.37513470e-03
 7.54162177e-03 5.08324353e-03 0.00000000e+00 3.35011484e-02
 4.04733825e-05 9.45837823e-03]
	[RESULT 58] [ 0.00721309 -0.01957495  0.01678804  0.01353861  0.01996253  0.09357608
  0.          0.00321196  0.00678804  0.00357608  0.          0.00871309
 -0.02199887  0.00371196]
	[RESULT 59] [ 0.00581172 -0.02237744  0.01818916  0.01493959  0.01856128  0.09637831
  0.          0.00181084  0.00818916  0.00637831  0.          0.00731172
 -0.02287744  0.00318916]
	[RESULT 60] [0.0145913  0.02254689 0.01795559 0.01061227 0.00652344 0.09591117
 0.         0.00313324 0.00795559 0.00591117 0.         0.0115913
 0.00063572 0.00904441]
	[RESULT 61] [ 0.0058914  -0.02222372  0.01811512  0.01486838  0.01863814  0.09623024
  0.          0.00188488  0.00811512  0.00623024  0.          0.0073914
 -0.02272372  0.00311512]
	[RESULT 62] [ 0.00736924 -0.01937605  0.01674529  0.01355256  0.02006198  0.09349058
  0.          0.00325471  0.00674529  0.00349058  0.          0.01036924
 -0.02188547  0.00525471]
	[RESULT 63] [ 0.01284932 -0.01427538  0.0171247   0.01686171  0.02261231  0.0942494
  0.          0.0028753   0.0071247   0.0042494   0.          0.01434932
 -0.01602599  0.0033753 ]
	[RESULT 64] [ 0.01448079 -0.01427221  0.018753    0.02011989  0.02261389  0.097506
  0.          0.001247    0.008753    0.007506    0.          0.01598079
 -0.01477221  0.003753  ]
	[RESULT 65] [0.01672142 0.0240437  0.01732228 0.01237729 0.00702185 0.09464456
 0.         0.00353317 0.00732228 0.00464456 0.         0.01622142
 0.00439914 0.00817772]
	[RESULT 66] [ 0.0056717  -0.0226602   0.01833189  0.01508369  0.0184199   0.09666379
  0.          0.00166811  0.00833189  0.00666379  0.          0.0071717
 -0.0231602   0.00333189]
	[RESULT 67] [0.01143286 0.01743005 0.0159972  0.01172063 0.00371503 0.09199439
 0.         0.00900841 0.0059972  0.00199439 0.         0.00943286
 0.00043566 0.0110028 ]
	[RESULT 68] [ 0.00632943 -0.0213426   0.01767203  0.01442276  0.0190787   0.09534406
  0.          0.00232797  0.00767203  0.00534406  0.          0.00782943
 -0.02199854  0.00282797]
	[RESULT 69] [0.03132963 0.01356165 0.01510872 0.02325173 0.01346918 0.09021745
 0.         0.00832617 0.00510872 0.00021745 0.         0.02832963
 0.00277909 0.01189128]
	[RESULT 70] [ 0.02417333 -0.00192609  0.01609942  0.0212358   0.02096304  0.09219884
  0.          0.00390058  0.00609942  0.00219884  0.          0.02517333
 -0.00672725  0.00490058]
	[RESULT 71] [ 0.02337262 -0.00418258  0.0175552   0.02276911  0.02234129  0.0951104
  0.          0.0024448   0.0075552   0.0051104   0.          0.02487262
 -0.00507218  0.0029448 ]
	[RESULT 72] [ 0.01549861 -0.01229099  0.0177896   0.01918371  0.0236045   0.09557921
  0.          0.0022104   0.0077896   0.00557921  0.          0.01699861
 -0.01771178  0.0077104 ]
	[RESULT 73] [ 0.00687687 -0.02024722  0.01712409  0.01387458  0.01962639  0.09424819
  0.          0.00287591  0.00712409  0.00424819  0.          0.00837687
 -0.02199903  0.00337591]
	[RESULT 74] [ 0.00608668 -0.02182751  0.01791419  0.01466463  0.01883624  0.09582838
  0.          0.00208581  0.00791419  0.00582838  0.          0.00758668
 -0.02232751  0.00291419]
	[RESULT 75] [ 0.00548242 -0.02303613  0.01851855  0.01526903  0.01823193  0.0970371
  0.          0.00148145  0.00851855  0.0070371   0.          0.00698242
 -0.02353613  0.00351855]
	[RESULT 76] [0.02377263 0.02038763 0.01583973 0.01837672 0.01005618 0.09167946
 0.         0.0079808  0.00583973 0.00167946 0.         0.02227263
 0.0110671  0.00966027]
	[RESULT 77] [0.0225268  0.0203976  0.01707561 0.01564999 0.0098012  0.09415121
 0.         0.00577318 0.00707561 0.00415121 0.         0.0205268
 0.01045119 0.00992439]
	[RESULT 78] [0.01053654 0.01564537 0.01510883 0.01260502 0.00282269 0.09021766
 0.         0.00832649 0.00510883 0.00021766 0.         0.00853654
 0.00042771 0.01189117]
	[RESULT 79] [0.01652277 0.02314104 0.01661826 0.01358399 0.00682052 0.09323653
 0.         0.00564521 0.00661826 0.00323653 0.         0.01502277
 0.00390451 0.00888174]
	[RESULT 80] [ 0.02630783 -0.00270699  0.01901482  0.02332385  0.0213535   0.09802964
  0.          0.00098518  0.00901482  0.00802964  0.          0.02780783
 -0.00667735  0.00748518]
	[RESULT 81] [ 0.00777631 -0.0184511   0.01622742  0.01297928  0.02052445  0.09245483
  0.          0.00377258  0.00622742  0.00245483  0.          0.00927631
 -0.02199627  0.00427258]
	[RESULT 82] [0.03205558 0.01117857 0.01676585 0.02087902 0.01441071 0.09353169
 0.         0.00520246 0.00676585 0.00353169 0.         0.03155558
 0.00271027 0.00873415]
	[RESULT 83] [0.02485673 0.01909462 0.01604865 0.01835539 0.01045269 0.0920973
 0.         0.00395135 0.00604865 0.0020973  0.         0.02435673
 0.00880808 0.00445135]
	[RESULT 84] [0.03454651 0.00608754 0.01936596 0.01822432 0.01695623 0.09873192
 0.         0.00063404 0.00936596 0.00873192 0.         0.03254651
 0.00281945 0.00763404]
	[RESULT 85] [ 0.01751671 -0.00921324  0.01672995  0.01860327  0.02485662  0.09345989
  0.          0.00327005  0.00672995  0.00345989  0.          0.01901671
 -0.01175335  0.00377005]
	[RESULT 86] [ 0.00588785 -0.02222606  0.0181139   0.01486478  0.01863697  0.0962278
  0.          0.0018861   0.0081139   0.0062278   0.          0.00738785
 -0.02272606  0.0031139 ]
	[RESULT 87] [ 0.02580116 -0.00237521  0.01817638  0.02491515  0.02143761  0.09635275
  0.          0.00182362  0.00817638  0.00635275  0.          0.02730116
 -0.00702246  0.00732362]
	[RESULT 88] [ 0.02899223  0.00317372  0.01581851  0.02322388  0.01841314  0.09163702
  0.          0.00804447  0.00581851  0.00163702  0.          0.02949223
 -0.00718926  0.00968149]
	[RESULT 89] [0.03048872 0.01299617 0.01651512 0.02047168 0.01350192 0.09303023
 0.         0.00745465 0.00651512 0.00303023 0.         0.02848872
 0.0040264  0.01048488]
	[RESULT 90] [0.02498432 0.01718993 0.01782575 0.01575353 0.01140504 0.09565151
 0.         0.00352274 0.00782575 0.00565151 0.         0.02298432
 0.01084144 0.00917425]
	[RESULT 91] [ 0.02822648  0.00173197  0.01649451  0.023605    0.01938401  0.09298902
  0.          0.00350549  0.00649451  0.00298902  0.          0.03122648
 -0.00127901  0.00550549]
	[RESULT 92] [ 1.00438993e-02 -1.99272600e-02  1.99711593e-02  1.97286885e-02
  1.97863700e-02  9.99423185e-02  0.00000000e+00  2.88407437e-05
  9.97115926e-03  9.94231851e-03  0.00000000e+00  1.30438993e-02
 -2.09849415e-02  7.02884074e-03]
	[RESULT 93] [0.03102546 0.01083878 0.01813576 0.01855909 0.01483061 0.09627152
 0.         0.00186424 0.00813576 0.00627152 0.         0.02802546
 0.0111103  0.00386424]
	[RESULT 94] [ 0.010784   -0.01558236  0.01636637  0.01494155  0.02220882  0.09273273
  0.          0.00363363  0.00636637  0.00273273  0.          0.011784
 -0.01984963  0.00463363]
	[RESULT 95] [ 0.02208732 -0.00480234  0.01688966  0.02112815  0.02265117  0.09377932
  0.          0.00311034  0.00688966  0.00377932  0.          0.02508732
 -0.00702302  0.00511034]
	[RESULT 96] [0.01801633 0.02439436 0.01758931 0.0126242  0.00780282 0.09517862
 0.         0.00241069 0.00758931 0.00517862 0.         0.01751633
 0.00042702 0.00291069]
	[RESULT 97] [0.02901378 0.01448504 0.01650118 0.02000512 0.01300748 0.09300237
 0.         0.00349882 0.00650118 0.00300237 0.         0.02751378
 0.0114874  0.00399882]
	[RESULT 98] [0.0286762 0.0162096 0.0151142 0.0219168 0.0121452 0.0902284 0.
 0.0066574 0.0051142 0.0002284 0.        0.0256762 0.010438  0.0068858]
	[RESULT 99] [0.03044205 0.00330533 0.01713672 0.02432389 0.01859734 0.09427345
 0.         0.00286328 0.00713672 0.00427345 0.         0.03194205
 0.00157878 0.00336328]
	[RESULT 100] [0.03341128 0.00970574 0.01688298 0.02163117 0.01539713 0.09376596
 0.         0.00311702 0.00688298 0.00376596 0.         0.03041128
 0.0074717  0.00511702]
	[RESULT 101] [ 2.58609637e-02 -4.04664536e-03  1.99076090e-02  2.24581047e-02
  2.22733227e-02  9.98152180e-02  0.00000000e+00  9.23909892e-05
  9.90760901e-03  9.81521802e-03  0.00000000e+00  2.88609637e-02
 -3.04664536e-03  4.90760901e-03]
	[RESULT 102] [0.02172142 0.0209563  0.01732228 0.01487729 0.00952185 0.09464456
 0.         0.00267772 0.00732228 0.00464456 0.         0.02122142
 0.00439914 0.00317772]
	[RESULT 103] [0.033157   0.0075225  0.0156345  0.02478024 0.01648875 0.09126899
 0.         0.0043655  0.0056345  0.00126899 0.         0.034657
 0.0027915  0.0048655 ]
	[RESULT 104] [0.02445426 0.0184421  0.01710365 0.01657166 0.01077895 0.09420729
 0.         0.00289635 0.00710365 0.00420729 0.         0.02245426
 0.00735061 0.00489635]
	[RESULT 105] [0.01354299 0.02152252 0.01797953 0.00980221 0.00576126 0.09595905
 0.         0.00202047 0.00797953 0.00595905 0.         0.01304299
 0.00056346 0.00752047]
	[RESULT 106] [ 0.02460893 -0.00050005  0.01510898  0.01971793  0.02050002  0.09021795
  0.          0.00932693  0.00510898  0.00021795  0.          0.02660893
 -0.01128209  0.01089102]
	[RESULT 107] [0.01553191 0.02064081 0.01510891 0.01510259 0.00532041 0.09021781
 0.         0.00667328 0.00510891 0.00021781 0.         0.01353191
 0.000423   0.00689109]
	[RESULT 108] [ 0.01893332 -0.01032997  0.01926329  0.0231116   0.02458501  0.09852659
  0.          0.00073671  0.00926329  0.00852659  0.          0.02043332
 -0.01082997  0.00426329]
	[RESULT 109] [ 0.01012138 -0.01581676  0.01593814  0.0137179   0.02184162  0.09187627
  0.          0.00406186  0.00593814  0.00187627  0.          0.01162138
 -0.01994048  0.00456186]
	[RESULT 110] [ 0.01402598 -0.01514355  0.01916953  0.02076729  0.02242822  0.09833907
  0.          0.00083047  0.00916953  0.00833907  0.          0.01602598
 -0.01880448  0.00783047]
	[RESULT 111] [0.03031136 0.00184541 0.01846595 0.02239539 0.0193273  0.0969319
 0.         0.00153405 0.00846595 0.0069319  0.         0.03181136
 0.00134541 0.00346595]
	[RESULT 112] [ 0.02436197 -0.00173675  0.01609871  0.02132905  0.02086837  0.09219743
  0.          0.00770386  0.00609871  0.00219743  0.          0.02536197
 -0.01153932  0.00990129]
	[RESULT 113] [ 0.027732    0.00196071  0.01577129  0.02252293  0.01901964  0.09154257
  0.          0.00422871  0.00577129  0.00154257  0.          0.028232
 -0.00349672  0.00472871]
	[RESULT 114] [0.03368367 0.00857448 0.01510919 0.02425563 0.01596276 0.09021839
 0.         0.00667242 0.00510919 0.00021839 0.         0.03331633
 0.00279286 0.00689081]
	[RESULT 115] [ 0.01427854 -0.01141693  0.01569547  0.01543248  0.02404153  0.09139095
  0.          0.00430453  0.00569547  0.00139095  0.          0.01627854
 -0.01602599  0.00530453]
	[RESULT 116] [0.02289547 0.01827686 0.01882767 0.01320624 0.01086157 0.09765533
 0.         0.00117233 0.00882767 0.00765533 0.         0.02189547
 0.00906781 0.00717233]
	[RESULT 117] [ 0.01885824 -0.00625099  0.01510922  0.01684295  0.02337549  0.09021845
  0.          0.00567233  0.00510922  0.00021845  0.          0.02085824
 -0.01203254  0.00589078]
	[RESULT 118] [ 0.00549355 -0.02304297  0.01853653  0.01530157  0.01822851  0.09707306
  0.          0.00146347  0.00853653  0.00707306  0.          0.00699355
 -0.02354297  0.00353653]
	[RESULT 119] [ 0.00848494 -0.01703113  0.01551607  0.01226657  0.02123444  0.09103213
  0.          0.00448393  0.00551607  0.00103213  0.          0.00998494
 -0.021999    0.00498393]
	[RESULT 120] [3.49208911e-02 5.08196297e-03 1.99971459e-02 1.77147267e-02
 1.77090185e-02 9.99942918e-02 0.00000000e+00 2.85407779e-06
 9.99714592e-03 9.99429184e-03 0.00000000e+00 3.34208911e-02
 4.58196297e-03 4.99714592e-03]
