[METRICS]
	[DISEQUILIBRIUM COUNT] 1328
	[MINIMUM S0 sTrt S1 DISTANCE]0.004024315708843318
	[MINIMUM S0 sTrt S21 DISTANCE]-0.025974687685381345
	[MINIMUM S0 sTrt S22 DISTANCE]0.015108698157924705
	[MINIMUM S7 sTrt S6 DISTANCE]0.007862160008779817
	[MINIMUM S7 sTrt S8 DISTANCE]0.002823853759937489
	[MINIMUM S7 sTrt S21 DISTANCE]0.09021739631584941
	[MINIMUM S7 esTrt S22 DISTANCE]0.0
	[MINIMUM S14 sTrt S13 DISTANCE]2.965648338015825e-09
	[MINIMUM S14 sTrt S15 DISTANCE]0.005108698157924696
	[MINIMUM S14 sTrt S21 DISTANCE]0.00021739631584938995
	[MINIMUM S14 sTrt S22 DISTANCE]0.0
	[MINIMUM S20 sTrt S19 DISTANCE]0.005524315708843153
	[MINIMUM S20 sTrt S21 DISTANCE]-0.026474687685381353
	[MINIMUM S20 sTrt S22 DISTANCE]0.002751657977704075
	[AVERAGE S0 sTrt S1 DISTANCE]0.020477602495500638
	[AVERAGE S0 sTrt S21 DISTANCE]0.008190674372170212
	[AVERAGE S0 sTrt S22 DISTANCE]0.016667395131482767
	[AVERAGE S7 sTrt S6 DISTANCE]0.017435514411307463
	[AVERAGE S7 sTrt S8 DISTANCE]0.013506182466022807
	[AVERAGE S7 sTrt S21 DISTANCE]0.09333479026296544
	[AVERAGE S7 sTrt S22 DISTANCE]0.0
	[AVERAGE S14 sTrt S13 DISTANCE]0.004624538330807089
	[AVERAGE S14 sTrt S15 DISTANCE]0.006667395131482743
	[AVERAGE S14 sTrt S21 DISTANCE]0.003334790262965453
	[AVERAGE S14 sTrt S22 DISTANCE]0.0
	[AVERAGE S20 sTrt S19 DISTANCE]0.020177957509331726
	[AVERAGE S20 sTrt S21 DISTANCE]-0.0022022242835047245
	[AVERAGE S20 sTrt S22 DISTANCE]0.006660083998538165
[VARIABLES]
	[RESULT 1] [0 5.001335120954274 0 1 3 3999.8664752485356 99]
	[RESULT 2] [1 5.537176534413946 1 4 12 3981.721703193196 91]
	[RESULT 3] [0 9.075216235741982 0 1 24 3997.7764322533308 100]
	[RESULT 4] [1 5.230385087210181 1 1 24 3879.0066762654974 99]
	[RESULT 5] [0 6.016916371569433 1 1 16 3870.1408764296134 23]
	[RESULT 6] [0 39.62812163344245 1 1 1 3989.8918371895315 100]
	[RESULT 7] [0 6.659472963686982 1 1 9 3704.5342133745235 33]
	[RESULT 8] [0 6.297220366729242 0 1 0 1766.0160719054722 11]
	[RESULT 9] [0 42.43849815382906 1 4 24 3973.743037306198 100]
	[RESULT 10] [0 6.076778308595017 1 4 14 3967.873727278029 33]
	[RESULT 11] [0 5.547914037367217 1 1 0 3870.1408764296134 23]
	[RESULT 12] [0 6.278662705361367 1 4 19 3955.640125020239 100]
	[RESULT 13] [1 5.358476252556336 0 4 8 3978.8680967115706 57]
	[RESULT 14] [1 6.891743520014781 0 4 24 3999.9045681711928 100]
	[RESULT 15] [0 7.945868240353928 1 1 24 3940.8122563988063 99]
	[RESULT 16] [0 6.794379582235534 1 4 8 1493.708395570045 47]
	[RESULT 17] [0 7.746175391705734 1 1 0 3971.605925000611 100]
	[RESULT 18] [1 46.3993975563509 0 4 17 3779.701677292296 99]
	[RESULT 19] [1 5.443887493924401 0 1 23 3999.9959527502083 100]
	[RESULT 20] [1 5.169444767426039 1 4 8 3902.2175379667865 100]
	[RESULT 21] [1 5.701051546899794 1 1 1 3991.9143937946346 100]
	[RESULT 22] [1 8.26177006789707 0 4 19 3999.981106172379 100]
	[RESULT 23] [0 46.26418748080888 0 1 6 1714.1087204538 4]
	[RESULT 24] [1 7.51146505535946 1 1 19 3852.5687283289135 52]
	[RESULT 25] [1 5.726644357552975 0 1 19 3985.282165407402 100]
	[RESULT 26] [1 7.786808128631996 0 4 24 3994.3753445808848 100]
	[RESULT 27] [0 6.0292402427375675 1 1 15 3919.3691813553123 98]
	[RESULT 28] [0 5.00128882027558 1 1 7 2341.7631267815254 99]
	[RESULT 29] [0 18.21608308360628 0 1 0 3997.2949992052695 100]
	[RESULT 30] [1 6.096277062197063 0 4 15 3999.9984422339294 100]
	[RESULT 31] [1 5.514560806108019 0 1 19 3999.999982586598 100]
	[RESULT 32] [1 6.795172534764389 1 1 0 3959.989567135456 55]
	[RESULT 33] [1 5.320562796020048 0 1 22 3984.9651432022742 100]
	[RESULT 34] [1 5.092785221804196 1 1 19 3998.148029013926 100]
	[RESULT 35] [1 5.269781884067762 1 1 24 3737.5136864516 25]
	[RESULT 36] [1 7.786808128631996 1 1 24 3874.959204069573 100]
	[RESULT 37] [0 5.14296760027745 0 1 19 3998.6332520879123 100]
	[RESULT 38] [1 5.667250270415302 1 1 1 3963.9918905603495 100]
	[RESULT 39] [1 6.856238095875408 0 3 22 3597.063832935638 93]
	[RESULT 40] [1 7.1155491216059445 0 4 19 3999.885160623954 99]
	[RESULT 41] [0 5.4901872244795875 1 4 24 1992.7471201253213 44]
	[RESULT 42] [0 40.87648417029799 0 1 22 3992.0630613248886 100]
	[RESULT 43] [0 5.343617130689625 1 1 24 3999.9952890888594 100]
	[RESULT 44] [1 5.821300563667317 0 4 19 3994.708200659157 100]
	[RESULT 45] [0 6.189806783957257 1 4 19 3955.640125020239 99]
	[RESULT 46] [1 6.179661417584556 0 4 19 3983.3136710231606 100]
	[RESULT 47] [1 8.303626226060448 0 4 19 3751.0702609602704 97]
	[RESULT 48] [1 5.7601835271218915 0 1 24 3999.9999151325815 100]
	[RESULT 49] [1 5.320562796020048 0 1 22 3908.022419536325 100]
	[RESULT 50] [1 6.215786406348129 0 1 20 3993.518599361632 100]
	[RESULT 51] [1 6.099657908965657 0 1 22 3934.7679471844012 100]
	[RESULT 52] [1 13.99390537254704 1 4 15 1271.2810685955255 55]
	[RESULT 53] [1 5.526737491410536 1 1 22 3737.418747044304 100]
	[RESULT 54] [0 5.26248927245307 1 1 21 3985.1121205419713 100]
	[RESULT 55] [0 5.8392651026382065 0 4 8 3486.1351954348015 99]
	[RESULT 56] [0 8.746718948655083 1 4 0 2155.0629172640092 100]
	[RESULT 57] [1 5.477475838552143 0 1 22 3991.974549851672 100]
	[RESULT 58] [0 5.001335120954274 0 1 3 3907.0608720662785 99]
	[RESULT 59] [0 6.615812513206213 0 1 21 3690.2201982335832 99]
	[RESULT 60] [1 6.925490375100598 0 4 24 1862.728422683329 44]
	[RESULT 61] [0 49.897633934838 1 4 5 1225.190715348693 100]
	[RESULT 62] [1 5.427071213312034 0 1 19 3999.999986406805 100]
	[RESULT 63] [1 47.82107856989964 1 1 23 3999.999549195215 100]
	[RESULT 64] [0 11.97544460534164 0 1 24 2246.2520170488137 100]
	[RESULT 65] [0 10.932755172604233 1 1 0 3954.9190915393324 100]
	[RESULT 66] [1 5.8392651026382065 0 4 8 3499.740834650452 23]
	[RESULT 67] [1 5.6838205046811865 0 1 19 3999.9983609386422 100]
	[RESULT 68] [1 8.219739119254783 0 4 24 3759.214345975446 21]
	[RESULT 69] [1 7.981516520471246 0 1 19 3999.58396023659 100]
	[RESULT 70] [0 46.77246667393466 1 1 20 3999.306689499121 74]
	[RESULT 71] [0 8.746718948655083 1 4 0 3975.1254394693583 100]
	[RESULT 72] [1 6.312809384015118 0 1 19 3999.999988558799 100]
	[RESULT 73] [1 10.509010153670747 0 1 23 3766.1975900700218 91]
	[RESULT 74] [1 9.48242071343078 1 1 19 1642.3451839718518 34]
	[RESULT 75] [1 37.60704906239284 0 1 23 3999.6015841003273 96]
	[RESULT 76] [1 8.077823068505296 0 4 19 3795.6902742005473 99]
	[RESULT 77] [1 7.161014828195188 0 4 23 3982.1603640488947 96]
	[RESULT 78] [0 8.444158745995233 0 4 24 3997.7764322533308 98]
	[RESULT 79] [0 8.542149090939322 0 1 19 1620.9682963537787 21]
	[RESULT 80] [1 5.697723863442375 0 1 24 3999.9999151325815 100]
	[RESULT 81] [1 12.058218933966362 0 1 19 3999.9996488236457 100]
	[RESULT 82] [0 7.049525531773028 0 1 20 3994.6773866647454 100]
	[RESULT 83] [0 49.14692348101313 1 4 5 1184.386817263186 4]
	[RESULT 84] [1 6.746505817933169 0 1 19 3999.9983609386422 100]
	[RESULT 85] [0 6.269677056817186 1 1 18 3870.1408764296134 23]
	[RESULT 86] [0 49.90624599441048 0 4 5 3935.955838653787 100]
	[RESULT 87] [1 5.667250270415302 0 1 1 3963.9918905603495 100]
	[RESULT 88] [0 6.279902035774381 1 1 1 3646.6867648078064 100]
	[RESULT 89] [0 9.231148006120028 0 1 22 3991.974549851672 100]
	[RESULT 90] [0 11.188591339648777 0 4 24 1424.040599020856 46]
	[RESULT 91] [0 6.287143183764157 0 4 18 3999.9933780895103 13]
	[RESULT 92] [1 5.236870299138 0 4 19 3618.784396949957 97]
	[RESULT 93] [1 5.641013020630391 0 1 20 3999.999793044128 100]
	[RESULT 94] [1 5.689528251984872 0 1 17 3999.999986406805 100]
	[RESULT 95] [1 5.824169309692534 1 1 24 3998.795717671946 100]
	[RESULT 96] [0 5.506919898333891 0 1 21 1382.250451909004 21]
	[RESULT 97] [0 7.429455744132994 0 1 24 3997.7764322533308 100]
	[RESULT 98] [1 5.0001993608919015 0 1 0 3999.9766591254015 100]
	[RESULT 99] [1 48.08615653899193 0 3 19 3788.1093884846086 97]
	[RESULT 100] [1 6.778787100307746 0 1 7 3982.1603640488947 96]
	[RESULT 101] [1 5.643905551695509 0 1 24 3999.9999151325815 100]
	[RESULT 102] [1 47.5746020154174 0 1 23 3999.9959527502083 100]
	[RESULT 103] [1 8.10258200047116 0 4 19 3997.567390133378 99]
	[RESULT 104] [1 16.453069744526893 0 1 24 3912.0783371955413 100]
	[RESULT 105] [1 5.618744979235854 0 1 22 3999.9980768945707 100]
	[RESULT 106] [1 5.023208860036866 0 1 24 3934.4236185548607 100]
	[RESULT 107] [0 5.331916790078207 1 4 23 2255.390049644502 99]
	[RESULT 108] [0 5.000654245434436 1 1 24 1949.3822506634212 53]
	[RESULT 109] [1 33.99259225581397 1 1 24 3892.5305085490586 33]
	[RESULT 110] [1 5.645044568787775 0 1 23 3999.9959527502083 100]
	[RESULT 111] [0 5.704270268097917 0 1 19 2246.2520170488137 100]
	[RESULT 112] [1 5.483357016493143 0 1 24 3999.997145231936 100]
	[RESULT 113] [1 40.510152969220464 0 1 6 3974.5451727110512 3]
	[RESULT 114] [0 49.873503501570056 0 4 19 3960.370585493141 99]
	[RESULT 115] [1 48.15237528836632 0 4 18 3999.7928641615713 100]
	[RESULT 116] [1 7.20818729396666 0 1 19 3931.0302211952026 100]
	[RESULT 117] [0 49.87964997312411 0 4 5 1296.1013987633007 96]
	[RESULT 118] [0 18.492738098329212 0 1 23 3999.9790500995064 99]
	[RESULT 119] [1 5.597068351778422 0 1 19 3395.333543594041 98]
	[RESULT 120] [0 10.940465055010307 1 4 0 3973.743037306198 96]
[OBJECTIVES]
	[RESULT 1] [ 1.51394821e-02 -1.48538512e-02  1.99933333e-02  2.25597410e-02
  2.25730744e-02  9.99866666e-02  0.00000000e+00  6.66670392e-06
  9.99333330e-03  9.98666659e-03  0.00000000e+00  1.56394821e-02
 -1.63538512e-02  4.99333330e-03]
	[RESULT 2] [0.03069414 0.01105315 0.01825272 0.01821799 0.01472343 0.09650543
 0.         0.00224185 0.00825272 0.00650543 0.         0.02769414
 0.00655858 0.00874728]
	[RESULT 3] [ 0.01105677 -0.01492841  0.01598518  0.01450616  0.0225358   0.09197036
  0.          0.00401482  0.00598518  0.00197036  0.          0.01155677
 -0.01995805  0.00451482]
	[RESULT 4] [0.02934479 0.01159145 0.01906377 0.01632674 0.01445428 0.09812754
 0.         0.00093623 0.00906377 0.00812754 0.         0.02784479
 0.00871898 0.00643623]
	[RESULT 5] [0.01677137 0.0242504  0.01747903 0.01216714 0.0071252  0.09495806
 0.         0.0030629  0.00747903 0.00495806 0.         0.01627137
 0.00429234 0.00802097]
	[RESULT 6] [ 0.02205753 -0.0030828   0.01514034  0.01873927  0.0215414   0.09028068
  0.          0.00992102  0.00514034  0.00028068  0.          0.02255753
 -0.01480213  0.01035966]
	[RESULT 7] [0.01412448 0.02100455 0.01688007 0.01174213 0.00550227 0.09376014
 0.         0.00485978 0.00688007 0.00376014 0.         0.01362448
 0.0022444  0.00861993]
	[RESULT 8] [0.01767544 0.02485198 0.01717654 0.0130729  0.00742599 0.09435309
 0.         0.00282346 0.00717654 0.00435309 0.         0.01717544
 0.0004989  0.00332346]
	[RESULT 9] [ 0.02767646  0.00254638  0.01513008  0.02153335  0.01872681  0.09026016
  0.          0.00839023  0.00513008  0.00026016  0.          0.02967646
 -0.00919347  0.01186992]
	[RESULT 10] [0.02364237 0.01895006 0.01740758 0.01570982 0.01052497 0.09481515
 0.         0.00477727 0.00740758 0.00481515 0.         0.02164237
 0.01123479 0.00959242]
	[RESULT 11] [0.01752249 0.02424736 0.01823015 0.01141601 0.00787632 0.09646031
 0.         0.00176985 0.00823015 0.00646031 0.         0.01702249
 0.00429234 0.00726985]
	[RESULT 12] [ 0.02879476  0.00160049  0.01719427  0.02481122  0.01919976  0.09438854
  0.          0.00541719  0.00719427  0.00438854  0.          0.03079476
 -0.00601097  0.00980573]
	[RESULT 13] [0.03368325 0.00763616 0.01868059 0.01907073 0.01643192 0.09736119
 0.         0.00131941 0.00868059 0.00736119 0.         0.03068325
 0.00863616 0.00368059]
	[RESULT 14] [ 0.00736601 -0.01936305  0.01672906  0.0135266   0.02006847  0.09345812
  0.          0.00327094  0.00672906  0.00345812  0.          0.01036601
 -0.02190493  0.00527094]
	[RESULT 15] [0.02869103 0.01504182 0.01626715 0.01994479 0.01247909 0.0925343
 0.         0.00669856 0.00626715 0.0025343  0.         0.02819103
 0.00557612 0.00923285]
	[RESULT 16] [0.01240659 0.01919589 0.01678931 0.01101933 0.00459795 0.09357861
 0.         0.00663208 0.00678931 0.00357861 0.         0.01040659
 0.00061728 0.01021069]
	[RESULT 17] [ 0.02695989  0.00062519  0.01633469  0.02298199  0.0196874   0.09266939
  0.          0.00649592  0.00633469  0.00266939  0.          0.02745989
 -0.00870542  0.00916531]
	[RESULT 18] [0.02866584 0.01621623 0.01511793 0.02190603 0.01214189 0.09023585
 0.         0.00664622 0.00511793 0.00023585 0.         0.02566584
 0.01045208 0.00688207]
	[RESULT 19] [ 0.00554117 -0.0229217   0.01846287  0.0152149   0.01828915  0.09692575
  0.          0.00153713  0.00846287  0.00692575  0.          0.00704117
 -0.0234217   0.00346287]
	[RESULT 20] [ 0.02963416  0.00035863  0.01927553  0.02151962  0.02007069  0.09855107
  0.          0.00072447  0.00927553  0.00855107  0.          0.03263416
 -0.0020903   0.00772447]
	[RESULT 21] [ 0.01717025 -0.01076911  0.01793936  0.02024416  0.02436545  0.09587872
  0.          0.00206064  0.00793936  0.00587872  0.          0.01867025
 -0.01589039  0.00756064]
	[RESULT 22] [ 0.00784566 -0.01832756  0.01617322  0.01293266  0.02058622  0.09234644
  0.          0.00382678  0.00617322  0.00234644  0.          0.01084566
 -0.02198112  0.00582678]
	[RESULT 23] [0.01559495 0.02071325 0.0151183  0.01512002 0.00535663 0.09023661
 0.         0.00514509 0.0051183  0.00023661 0.         0.01509495
 0.00047664 0.0053817 ]
	[RESULT 24] [0.0164567  0.02288061 0.01642391 0.01384249 0.00669031 0.09284781
 0.         0.00622828 0.00642391 0.00284781 0.         0.0149567
 0.0040328  0.00907609]
	[RESULT 25] [ 0.01536821 -0.01252758  0.01789579  0.01927779  0.02348621  0.09579158
  0.          0.00210421  0.00789579  0.00579158  0.          0.01686821
 -0.01302758  0.00289579]
	[RESULT 26] [ 0.01227123 -0.01404914  0.01632037  0.01536618  0.02272543  0.09264075
  0.          0.00367963  0.00632037  0.00264075  0.          0.01527123
 -0.01740839  0.00567963]
	[RESULT 27] [0.02504748 0.01748855 0.01746398 0.01632777 0.01125573 0.09492795
 0.         0.00310807 0.00746398 0.00492795 0.         0.02454748
 0.0104165  0.00803602]
	[RESULT 28] [2.53648726e-02 1.46415632e-02 1.99935642e-02 1.26920900e-02
 1.26792184e-02 9.99871284e-02 0.00000000e+00 6.43580678e-06
 9.99356419e-03 9.98712839e-03 0.00000000e+00 2.48648726e-02
 1.03713084e-02 5.50643581e-03]
	[RESULT 29] [ 0.01208918 -0.01326253  0.01535171  0.01407216  0.02336873  0.09070343
  0.          0.00464829  0.00535171  0.00070343  0.          0.01258918
 -0.0195591   0.00514829]
	[RESULT 30] [ 0.00661638 -0.0207688   0.01738518  0.01413596  0.0193656   0.09477036
  0.          0.00261482  0.00738518  0.00477036  0.          0.00961638
 -0.02199844  0.00461482]
	[RESULT 31] [ 0.00569873 -0.02260256  0.01830129  0.0150513   0.01844872  0.09660257
  0.          0.00169871  0.00830129  0.00660257  0.          0.00719873
 -0.02310256  0.00330129]
	[RESULT 32] [0.02283742 0.02037378 0.0167888  0.01648551 0.01006311 0.0935776
 0.         0.0051336  0.0067888  0.0035776  0.         0.02133742
 0.01004862 0.0087112 ]
	[RESULT 33] [ 0.01460234 -0.01418392  0.01878626  0.02023057  0.02265804  0.09757253
  0.          0.00121374  0.00878626  0.00757253  0.          0.01610234
 -0.01468392  0.00378626]
	[RESULT 34] [ 0.01114878 -0.01842669  0.01957546  0.01968759  0.02053666  0.09915093
  0.          0.00042454  0.00957546  0.00915093  0.          0.01264878
 -0.02027576  0.00592454]
	[RESULT 35] [0.01737486 0.02368746 0.01893768 0.0105309  0.00840627 0.09787537
 0.         0.00106232 0.00893768 0.00787537 0.         0.01587486
 0.00243717 0.00656232]
	[RESULT 36] [ 0.03351409  0.00719372  0.01632037  0.02401239  0.01665314  0.09264075
  0.          0.00653888  0.00632037  0.00264075  0.          0.03498591
 -0.00116553  0.00917963]
	[RESULT 37] [ 0.00692132 -0.02245325  0.01937458  0.01752253  0.01877337  0.09874915
  0.          0.00062542  0.00937458  0.00874915  0.          0.00742132
 -0.02395325  0.00437458]
	[RESULT 38] [ 0.02575651 -0.00224244  0.01799895  0.02462668  0.02137122  0.0959979
  0.          0.00200105  0.00799895  0.0059979   0.          0.02725651
 -0.00724454  0.00750105]
	[RESULT 39] [0.02171105 0.02153839 0.01675055 0.01597969 0.0094808  0.09350111
 0.         0.00324945 0.00675055 0.00350111 0.         0.01921105
 0.0039605  0.00474945]
	[RESULT 40] [ 0.01750946 -0.00909539  0.01660485  0.01841201  0.0247977   0.09320971
  0.          0.00339515  0.00660485  0.00320971  0.          0.02050946
 -0.01188569  0.00539515]
	[RESULT 41] [0.0140137  0.02236898 0.01835528 0.00947393 0.00618449 0.09671057
 0.         0.00193415 0.00835528 0.00671057 0.         0.0120137
 0.00065842 0.00864472]
	[RESULT 42] [ 0.01588876 -0.00924683  0.01513559  0.01564776  0.02462342  0.09027118
  0.          0.00509324  0.00513559  0.00027118  0.          0.01638876
 -0.01597566  0.00536441]
	[RESULT 43] [ 0.01128341 -0.01743789  0.0187213   0.01872365  0.02128106  0.0974426
  0.          0.0012787   0.0087213   0.0074426   0.          0.01178341
 -0.02199529  0.0067787 ]
	[RESULT 44] [ 0.01062206 -0.01712323  0.01774529  0.01667897  0.02118839  0.09549058
  0.          0.00225471  0.00774529  0.00549058  0.          0.01362206
 -0.01763265  0.00425471]
	[RESULT 45] [0.03129428 0.01142241 0.01728331 0.01972218 0.01428879 0.09456661
 0.         0.00515008 0.00728331 0.00456661 0.         0.02929428
 0.00398903 0.00971669]
	[RESULT 46] [ 0.01671314 -0.01058079  0.01729393  0.01904747  0.0244596   0.09458787
  0.          0.00270607  0.00729393  0.00458787  0.          0.01971314
 -0.01199292  0.00470607]
	[RESULT 47] [0.02444342 0.01939477 0.01616181 0.01822899 0.01055261 0.09232362
 0.         0.00383819 0.00616181 0.00232362 0.         0.02144342
 0.00728161 0.00583819]
	[RESULT 48] [ 0.00615947 -0.02168114  0.01784061  0.01459066  0.01890943  0.09568123
  0.          0.00215939  0.00784061  0.00568123  0.          0.00765947
 -0.02218114  0.00284061]
	[RESULT 49] [ 0.02487083 -0.00391543  0.01878626  0.02463519  0.02220772  0.09757253
  0.          0.00121374  0.00878626  0.00757253  0.          0.02637083
 -0.00441543  0.00378626]
	[RESULT 50] [ 0.01189047 -0.01536606  0.01725654  0.01658004  0.02206697  0.09451307
  0.          0.00274346  0.00725654  0.00451307  0.          0.01339047
 -0.01685299  0.00324346]
	[RESULT 51] [ 0.02469207 -0.00268927  0.01738134  0.02316805  0.02159463  0.09476268
  0.          0.00261866  0.00738134  0.00476268  0.          0.02619207
 -0.00392659  0.00311866]
	[RESULT 52] [0.01216205 0.01766236 0.0155003  0.01308057 0.00408118 0.09100061
 0.         0.00950091 0.0055003  0.00100061 0.         0.00916205
 0.00066175 0.0114997 ]
	[RESULT 53] [0.03355174 0.00527679 0.01827496 0.02106169 0.01761161 0.09654991
 0.         0.00172504 0.00827496 0.00654991 0.         0.03494826
 0.0008267  0.00722504]
	[RESULT 54] [ 0.02037065 -0.00858978  0.01896043  0.02362597  0.02429489  0.09792086
  0.          0.00103957  0.00896043  0.00792086  0.          0.02087065
 -0.01266892  0.00653957]
	[RESULT 55] [0.02887832 0.0134032  0.01771848 0.01786145 0.0132984  0.09543695
 0.         0.00228152 0.00771848 0.00543695 0.         0.02687832
 0.01115985 0.00428152]
	[RESULT 56] [0.0313876  0.01255905 0.01605336 0.02161376 0.01372048 0.09210672
 0.         0.00883992 0.00605336 0.00210672 0.         0.0293876
 0.00266576 0.01094664]
	[RESULT 57] [ 0.01169105 -0.0166931   0.01838415  0.01817175  0.02140345  0.0967683
  0.          0.00161585  0.00838415  0.0067683   0.          0.01319105
 -0.0171931   0.00338415]
	[RESULT 58] [3.47073228e-02 4.71398949e-03 1.99933333e-02 1.76563387e-02
 1.76430053e-02 9.99866666e-02 0.00000000e+00 6.66670392e-06
 9.99333330e-03 9.98666659e-03 0.00000000e+00 3.47926772e-02
 3.21398949e-03 4.99333330e-03]
	[RESULT 59] [0.02877835 0.0143102  0.01691145 0.019022   0.0128449  0.0938229
 0.         0.00308855 0.00691145 0.0038229  0.         0.02827835
 0.0111331  0.00358855]
	[RESULT 60] [0.01834904 0.02494184 0.01670912 0.01436085 0.00777908 0.09341823
 0.         0.00329088 0.00670912 0.00341823 0.         0.01534904
 0.00063993 0.00529088]
	[RESULT 61] [0.03033217 0.01455889 0.01510894 0.02250268 0.01272055 0.09021788
 0.         0.00832681 0.00510894 0.00021788 0.         0.02833217
 0.00277677 0.01189106]
	[RESULT 62] [ 0.00549633 -0.02300735  0.01850368  0.01525369  0.01824633  0.09700736
  0.          0.00149632  0.00850368  0.00700736  0.          0.00699633
 -0.02350735  0.00350368]
	[RESULT 63] [ 0.01388635 -0.01122775  0.0151141   0.01436433  0.02413613  0.0902282
  0.          0.0098423   0.0051141   0.0002282   0.          0.01538635
 -0.02199955  0.0103859 ]
	[RESULT 64] [0.0340217  0.00839478 0.01562692 0.02454876 0.01580261 0.09125385
 0.         0.00437308 0.00562692 0.00125385 0.         0.0345217
 0.00264863 0.00487308]
	[RESULT 65] [ 0.03036052  0.00463931  0.01572121  0.02376208  0.01768035  0.09144243
  0.          0.00833636  0.00572121  0.00144243  0.          0.03086052
 -0.00591826  0.00977879]
	[RESULT 66] [0.02016478 0.02211675 0.01771848 0.01375467 0.00919163 0.09543695
 0.         0.00228152 0.00771848 0.00543695 0.         0.01716478
 0.0014463  0.00428152]
	[RESULT 67] [ 0.0060322  -0.02193724  0.01796944  0.01472026  0.01878138  0.09593888
  0.          0.00203056  0.00796944  0.00593888  0.          0.0075322
 -0.02243724  0.00296944]
	[RESULT 68] [0.01978643 0.02402867 0.01618491 0.01586585 0.00823567 0.09236981
 0.         0.00381509 0.00618491 0.00236981 0.         0.01678643
 0.00260152 0.00581509]
	[RESULT 69] [ 0.00815343 -0.01810238  0.0162558   0.01321042  0.02069881  0.09251161
  0.          0.0037442   0.0062558   0.00251161  0.          0.00965343
 -0.02159077  0.0042442 ]
	[RESULT 70] [ 0.03481696  0.00970007  0.0151169   0.02491617  0.01514997  0.0902338
  0.          0.00985069  0.0051169   0.0002338   0.          0.03468304
 -0.00206614  0.0103831 ]
	[RESULT 71] [ 0.0264152   0.00036184  0.01605336  0.02228764  0.01981908  0.09210672
  0.          0.00883992  0.00605336  0.00210672  0.          0.0284152
 -0.00953144  0.01094664]
	[RESULT 72] [ 0.00683814 -0.02032373  0.01716187  0.01391188  0.01958813  0.09432375
  0.          0.00283813  0.00716187  0.00432375  0.          0.00833814
 -0.02199999  0.00333813]
	[RESULT 73] [0.02118314 0.0230487  0.01576817 0.01718932 0.00872565 0.09153633
 0.         0.00423183 0.00576817 0.00153633 0.         0.01968314
 0.00441497 0.00473183]
	[RESULT 74] [0.01247283 0.01838483 0.01591201 0.0126184  0.00444242 0.09182401
 0.         0.00776398 0.00591201 0.00182401 0.         0.01097283
 0.00056082 0.00958799]
	[RESULT 75] [ 2.52433878e-02  9.46094693e-05  1.51487783e-02  2.00948614e-02
  2.02026953e-02  9.02975566e-02  0.00000000e+00  5.05366507e-03
  5.14877831e-03  2.97556622e-04  0.00000000e+00  2.67433878e-02
 -5.60783391e-03  5.35122169e-03]
	[RESULT 76] [0.02995172 0.01382214 0.01622614 0.02088664 0.01333893 0.09245229
 0.         0.00377386 0.00622614 0.00245229 0.         0.02695172
 0.01027443 0.00577386]
	[RESULT 77] [0.03382894 0.00724717 0.01658177 0.02346288 0.01662642 0.09316354
 0.         0.00341823 0.00658177 0.00316354 0.         0.03317106
 0.00441071 0.00541823]
	[RESULT 78] [ 0.02425021 -0.00187486  0.01612507  0.02131271  0.02093743  0.09225014
  0.          0.00387493  0.00612507  0.00225014  0.          0.02625021
 -0.00662472  0.00587493]
	[RESULT 79] [0.01661078 0.02271158 0.0161008  0.01415419 0.00635579 0.0922016
 0.         0.0038992  0.0061008  0.0022016  0.         0.01611078
 0.00050998 0.0043992 ]
	[RESULT 80] [ 0.00605497 -0.02189015  0.01794512  0.01469516  0.01880492  0.09589024
  0.          0.00205488  0.00794512  0.00589024  0.          0.00755497
 -0.02239015  0.00294512]
	[RESULT 81] [ 0.00837987 -0.01724062  0.01562048  0.01237066  0.02112969  0.09124097
  0.          0.00437952  0.00562048  0.00124097  0.          0.00987987
 -0.02199965  0.00487952]
	[RESULT 82] [ 0.01274872 -0.01389088  0.0166396   0.01633376  0.02305456  0.0932792
  0.          0.0033604   0.0066396   0.0032792   0.          0.01324872
 -0.01761168  0.0038604 ]
	[RESULT 83] [0.01053696 0.01564771 0.01511075 0.01260235 0.00282385 0.0902215
 0.         0.00833225 0.00511075 0.0002215  0.         0.00853696
 0.00042621 0.01188925]
	[RESULT 84] [ 0.00718114 -0.01963935  0.01682049  0.01357131  0.01993032  0.09364099
  0.          0.00317951  0.00682049  0.00364099  0.          0.00868114
 -0.02199836  0.00367951]
	[RESULT 85] [0.01649529 0.02369825 0.01720296 0.01244321 0.00684912 0.09440591
 0.         0.00389113 0.00720296 0.00440591 0.         0.01599529
 0.00429234 0.00829704]
	[RESULT 86] [ 0.02787209  0.00276318  0.01510892  0.02159942  0.01861841  0.09021784
  0.          0.00667325  0.00510892  0.00021784  0.          0.02987209
 -0.00401899  0.00689108]
	[RESULT 87] [ 0.02075651 -0.00724244  0.01799895  0.02212668  0.02387122  0.0959979
  0.          0.00200105  0.00799895  0.0059979   0.          0.02225651
 -0.00774244  0.00299895]
	[RESULT 88] [0.03384515 0.00896178 0.01719308 0.02113296 0.01551911 0.09438615
 0.         0.00392077 0.00719308 0.00438615 0.         0.03334515
 0.00134793 0.00830692]
	[RESULT 89] [ 0.01511939 -0.01083643  0.01595581  0.01649341  0.02458179  0.09191163
  0.          0.00404419  0.00595581  0.00191163  0.          0.01561939
 -0.0159248   0.00454419]
	[RESULT 90] [0.01629948 0.02199503 0.01569555 0.01460642 0.00599751 0.09139109
 0.         0.00491336 0.00569555 0.00139109 0.         0.01429948
 0.00060393 0.00630445]
	[RESULT 91] [ 0.02759321  0.00040708  0.01718613  0.02457581  0.01979646  0.09437227
  0.          0.00281387  0.00718613  0.00437227  0.          0.02959321
 -0.00222065  0.00481387]
	[RESULT 92] [0.02658105 0.01437649 0.01904246 0.01497683 0.01306176 0.09808492
 0.         0.00095754 0.00904246 0.00808492 0.         0.02358105
 0.00762351 0.00404246]
	[RESULT 93] [ 0.00595331 -0.02209359  0.0180469   0.014797    0.01870321  0.0960938
  0.          0.0019531   0.0080469   0.0060938   0.          0.00745331
 -0.02259359  0.0030469 ]
	[RESULT 94] [ 0.00604061 -0.0219188   0.01795941  0.01470941  0.0187906   0.09591881
  0.          0.00204059  0.00795941  0.00591881  0.          0.00754061
 -0.0224188   0.00295941]
	[RESULT 95] [ 0.01240796 -0.01533301  0.01774097  0.01756544  0.02208349  0.09548195
  0.          0.00227708  0.00774097  0.00548195  0.          0.01390796
 -0.02085106  0.00775903]
	[RESULT 96] [0.01880452 0.02287745 0.01831803 0.01192522 0.00856127 0.09663605
 0.         0.00168197 0.00831803 0.00663605 0.         0.01830452
 0.00162255 0.00331803]
	[RESULT 97] [ 0.01058399 -0.01587396  0.01645796  0.01497893  0.02206302  0.09291591
  0.          0.00354204  0.00645796  0.00291591  0.          0.01108399
 -0.01995805  0.00404204]
	[RESULT 98] [ 4.02431571e-03 -2.59746877e-02  1.99990034e-02  1.67606629e-02
  1.67626562e-02  9.99980068e-02  0.00000000e+00  9.96605775e-07
  9.99900339e-03  9.99800679e-03  0.00000000e+00  5.52431571e-03
 -2.64746877e-02  4.99900339e-03]
	[RESULT 99] [0.02375176 0.02113482 0.01511341 0.01945576 0.00968259 0.09022683
 0.         0.00615976 0.00511341 0.00022683 0.         0.02125176
 0.00763835 0.00638659]
	[RESULT 100] [0.03361136 0.00681201 0.01679935 0.0232453  0.01684399 0.09359869
 0.         0.00320065 0.00679935 0.00359869 0.         0.03488864
 0.00441071 0.00370065]
	[RESULT 101] [ 0.00595855 -0.02208299  0.01804154  0.01479158  0.01870851  0.09608307
  0.          0.00195846  0.00804154  0.00608307  0.          0.00745855
 -0.02258299  0.00304154]
	[RESULT 102] [ 0.0088893  -0.01622544  0.01511475  0.01186677  0.02163728  0.09022949
  0.          0.00515576  0.00511475  0.00022949  0.          0.0103893
 -0.02199595  0.00538525]
	[RESULT 103] [ 0.01999815 -0.00622059  0.01621874  0.01907719  0.0233603   0.09243749
  0.          0.00378126  0.00621874  0.00243749  0.          0.02299815
 -0.0097831   0.00578126]
	[RESULT 104] [ 0.02806368  0.00266217  0.01540151  0.0218841   0.01891891  0.09080301
  0.          0.00459849  0.00540151  0.00080301  0.          0.02956368
 -0.00253481  0.00509849]
	[RESULT 105] [ 0.00591311 -0.0221757   0.01808881  0.01483977  0.01866215  0.09617763
  0.          0.00191119  0.00808881  0.00617763  0.          0.00741311
 -0.0226757   0.00308881]
	[RESULT 106] [ 0.02221316 -0.00767343  0.01988659  0.02431354  0.02408671  0.09977318
  0.          0.00011341  0.00988659  0.00977318  0.          0.02371316
 -0.00817343  0.00488659]
	[RESULT 107] [0.02410717 0.01713884 0.01875399 0.0139226  0.01143058 0.09750798
 0.         0.00124601 0.00875399 0.00750798 0.         0.02210717
 0.01035319 0.00824601]
	[RESULT 108] [1.57145128e-02 2.42887563e-02 1.99967309e-02 7.86216001e-03
 7.85562183e-03 9.99934618e-02 0.00000000e+00 3.26908839e-06
 9.99673091e-03 9.99346182e-03 0.00000000e+00 1.52145128e-02
 7.17781841e-04 5.50326909e-03]
	[RESULT 109] [0.01617889 0.0213456  0.01516671 0.01558938 0.0059228  0.09033342
 0.         0.00999988 0.00516671 0.00033342 0.         0.01467889
 0.00501219 0.01033329]
	[RESULT 110] [ 0.00596462 -0.02207482  0.01803943  0.01479145  0.01871259  0.09607886
  0.          0.00196057  0.00803943  0.00607886  0.          0.00746462
 -0.02257482  0.00303943]
	[RESULT 111] [0.03171482 0.00378102 0.01793381 0.02224188 0.01810949 0.09586761
 0.         0.00206619 0.00793381 0.00586761 0.         0.03221482
 0.00228102 0.00293381]
	[RESULT 112] [ 0.00563212 -0.02273861  0.01837073  0.01512216  0.01838069  0.09674147
  0.          0.00162927  0.00837073  0.00674147  0.          0.00713212
 -0.02323861  0.00337073]
	[RESULT 113] [0.02872835 0.0161347  0.01513695 0.02190875 0.01218265 0.0902739
 0.         0.00508916 0.00513695 0.0002739  0.         0.02722835
 0.0104086  0.00536305]
	[RESULT 114] [0.03477951 0.01011149 0.015109   0.02472626 0.01494426 0.09021799
 0.         0.00667301 0.005109   0.00021799 0.         0.03277951
 0.00332948 0.006891  ]
	[RESULT 115] [ 0.00909219 -0.01602105  0.01511324  0.01196596  0.02173947  0.09022649
  0.          0.00666027  0.00511324  0.00022649  0.          0.01209219
 -0.02179457  0.00688676]
	[RESULT 116] [ 0.02579041 -0.0007681   0.01655851  0.02248298  0.02063405  0.09311703
  0.          0.00344149  0.00655851  0.00311703  0.          0.02729041
 -0.00365107  0.00394149]
	[RESULT 117] [0.01933801 0.02444699 0.01510898 0.01700553 0.0072235  0.09021796
 0.         0.00667306 0.00510898 0.00021796 0.         0.01733801
 0.00422903 0.00689102]
	[RESULT 118] [ 0.01967593 -0.00566907  0.015345    0.01785547  0.02283453  0.09069
  0.          0.004655    0.005345    0.00069     0.          0.02017593
 -0.01197907  0.005155  ]
	[RESULT 119] [0.02678999 0.01507927 0.01813074 0.01644889 0.01271036 0.09626147
 0.         0.00186926 0.00813074 0.00626147 0.         0.02528999
 0.00842073 0.00313074]
	[RESULT 120] [0.02691388 0.01736571 0.01572041 0.01987632 0.01131715 0.09144083
 0.         0.00983876 0.00572041 0.00144083 0.         0.02491388
 0.00680653 0.01127959]
