[METRICS]
	[DISEQUILIBRIUM COUNT] 1146
	[MINIMUM S0 sTrt S1 DISTANCE]0.004022099077906294
	[MINIMUM S0 sTrt S21 DISTANCE]-0.025962786513020294
	[MINIMUM S0 sTrt S22 DISTANCE]0.01510871352013593
	[MINIMUM S7 sTrt S6 DISTANCE]0.007895484885847293
	[MINIMUM S7 sTrt S8 DISTANCE]0.002848903759658905
	[MINIMUM S7 sTrt S21 DISTANCE]0.09021742704027184
	[MINIMUM S7 esTrt S22 DISTANCE]0.0
	[MINIMUM S14 sTrt S13 DISTANCE]2.0712955794977006e-08
	[MINIMUM S14 sTrt S15 DISTANCE]0.005108713520135921
	[MINIMUM S14 sTrt S21 DISTANCE]0.00021742704027184062
	[MINIMUM S14 sTrt S22 DISTANCE]0.0
	[MINIMUM S20 sTrt S19 DISTANCE]0.005577495356260842
	[MINIMUM S20 sTrt S21 DISTANCE]-0.02641679984185063
	[MINIMUM S20 sTrt S22 DISTANCE]0.002752734455244689
	[AVERAGE S0 sTrt S1 DISTANCE]0.02023775217355154
	[AVERAGE S0 sTrt S21 DISTANCE]0.010001472927336087
	[AVERAGE S0 sTrt S22 DISTANCE]0.016854762941882498
	[AVERAGE S7 sTrt S6 DISTANCE]0.017020235575403726
	[AVERAGE S7 sTrt S8 DISTANCE]0.012648465936369296
	[AVERAGE S7 sTrt S21 DISTANCE]0.09370952588376467
	[AVERAGE S7 sTrt S22 DISTANCE]0.0
	[AVERAGE S14 sTrt S13 DISTANCE]0.004572994299824905
	[AVERAGE S14 sTrt S15 DISTANCE]0.006854762941882431
	[AVERAGE S14 sTrt S21 DISTANCE]0.0037095258837648013
	[AVERAGE S14 sTrt S22 DISTANCE]0.0
	[AVERAGE S20 sTrt S19 DISTANCE]0.019874287548239104
	[AVERAGE S20 sTrt S21 DISTANCE]-0.0010665703870581303
	[AVERAGE S20 sTrt S22 DISTANCE]0.007073358229007674
[VARIABLES]
	[RESULT 1] [1 5.014551683835324 0 4 8 3997.49041523104 92]
	[RESULT 2] [0 5.208275864039058 0 4 16 3969.4924692420595 100]
	[RESULT 3] [0 8.010094348536313 1 1 13 1269.9320809639241 15]
	[RESULT 4] [1 5.034855631768965 0 2 8 3998.4410998511416 100]
	[RESULT 5] [1 5.802666707319826 0 4 15 3999.8136548695275 100]
	[RESULT 6] [1 7.012984090202631 0 1 15 3999.933600799395 100]
	[RESULT 7] [1 5.119605493990571 0 4 15 3999.9412155716877 100]
	[RESULT 8] [1 5.527372386658998 1 4 15 3578.5670556472387 100]
	[RESULT 9] [0 9.850638867193444 1 1 24 3981.8692830634986 100]
	[RESULT 10] [1 5.246745931020488 1 4 8 3999.8414098558164 100]
	[RESULT 11] [1 5.314287192164938 1 4 5 3964.0221779321396 100]
	[RESULT 12] [1 6.185920102078441 1 4 18 3999.93980427192 80]
	[RESULT 13] [1 5.000445632617497 1 4 10 3990.3006494607916 100]
	[RESULT 14] [1 5.028977550679133 0 4 8 3998.5892493061833 100]
	[RESULT 15] [1 5.213028086898476 0 4 15 3999.960462250474 100]
	[RESULT 16] [0 12.413784856685332 0 1 12 3999.976422384282 98]
	[RESULT 17] [1 6.406336779151999 0 1 7 3999.945621736524 100]
	[RESULT 18] [1 5.0885227296357485 0 1 5 3999.956886777623 100]
	[RESULT 19] [1 5.045904809240303 0 4 11 3999.9606210918487 100]
	[RESULT 20] [1 5.080504100204648 0 4 15 3999.9439719198595 100]
	[RESULT 21] [1 12.822166161601224 0 1 7 3999.9659207326263 100]
	[RESULT 22] [1 6.203696759775635 0 4 8 3998.5888171859096 100]
	[RESULT 23] [1 5.044110225620188 0 1 8 3999.9280026965744 100]
	[RESULT 24] [1 6.53015145495762 0 1 7 3991.779761143006 100]
	[RESULT 25] [1 29.35156563788605 1 1 8 3999.911215626035 98]
	[RESULT 26] [1 5.01106981944836 0 4 15 3999.2117063358487 100]
	[RESULT 27] [1 8.898378866627002 0 4 8 3984.3283064619195 100]
	[RESULT 28] [1 5.361848915200276 0 4 8 3892.3628372329367 100]
	[RESULT 29] [1 10.626656920303695 1 1 15 3999.999156400171 100]
	[RESULT 30] [1 5.44769699237853 0 4 16 3969.4924692420595 100]
	[RESULT 31] [1 5.003366650998803 0 4 8 3999.450319668872 95]
	[RESULT 32] [1 5.014551683835324 0 4 7 3999.9046123356234 90]
	[RESULT 33] [1 5.2964970251070325 0 4 14 3918.1273305796753 100]
	[RESULT 34] [0 6.582991773511507 0 4 15 3999.9706539785648 100]
	[RESULT 35] [1 6.61293089859422 0 4 10 3997.6037280862465 100]
	[RESULT 36] [1 5.023877930991076 0 4 8 3875.03914407672 100]
	[RESULT 37] [1 5.095177006460999 1 1 15 3963.3566721594116 100]
	[RESULT 38] [1 6.432023018927454 0 4 15 3999.8935817323686 100]
	[RESULT 39] [1 45.75764113059208 1 4 10 3851.517636352731 100]
	[RESULT 40] [1 5.0281556731846235 0 4 14 3998.4410998511416 100]
	[RESULT 41] [1 47.05345712696345 0 4 5 3727.424196094554 99]
	[RESULT 42] [1 46.785573181870035 1 4 16 3999.7192226785737 99]
	[RESULT 43] [1 5.173374562069741 0 4 10 3999.8300768813374 100]
	[RESULT 44] [1 6.027234645539873 0 4 14 3986.475106385868 100]
	[RESULT 45] [1 5.089291814298939 0 4 9 3999.572266216821 100]
	[RESULT 46] [1 5.000112651941969 1 4 15 3990.3006494607916 96]
	[RESULT 47] [1 5.307116109954278 1 4 8 3998.5842666464982 80]
	[RESULT 48] [1 5.077029590752988 1 4 16 3982.020505808254 100]
	[RESULT 49] [1 6.18731746423896 1 4 20 3824.584210893336 80]
	[RESULT 50] [1 5.314287192164938 0 4 4 3981.8926363996516 100]
	[RESULT 51] [1 10.120207189259968 1 4 9 3999.827015749415 98]
	[RESULT 52] [1 5.018337588683313 0 4 15 3416.5086277936157 100]
	[RESULT 53] [1 5.297929591886197 0 4 11 3739.065040719458 100]
	[RESULT 54] [1 5.001142263655251 0 1 8 3999.9280026965744 100]
	[RESULT 55] [1 5.837821447261471 0 1 11 3999.9946088831157 100]
	[RESULT 56] [1 5.443301482963671 0 4 8 3988.525829033253 100]
	[RESULT 57] [1 6.185886886437202 0 4 15 3999.9412155716877 100]
	[RESULT 58] [1 7.126252205363459 0 4 10 3999.9565067471326 100]
	[RESULT 59] [1 5.099576108197436 0 1 19 3999.447149625979 100]
	[RESULT 60] [0 44.81064955546846 1 4 12 3902.4132076466462 99]
	[RESULT 61] [1 5.108019542047529 0 4 16 3969.4924692420595 100]
	[RESULT 62] [1 6.387753100746336 0 1 6 3978.4248210202986 100]
	[RESULT 63] [1 5.153500274591004 0 3 3 3999.9046123356234 96]
	[RESULT 64] [1 9.777360316048732 0 4 18 3999.9018973337315 87]
	[RESULT 65] [1 5.45969604430307 0 1 7 3999.9574748501095 100]
	[RESULT 66] [1 37.39447828773274 0 4 15 3999.9770376409615 98]
	[RESULT 67] [1 45.05149935932375 0 1 10 3993.8095715503737 90]
	[RESULT 68] [1 5.048937300523456 0 1 7 3972.7660308134664 100]
	[RESULT 69] [1 5.0016644170457365 0 4 18 3999.985681881256 96]
	[RESULT 70] [0 10.101905922186193 1 4 9 3993.4434866640427 99]
	[RESULT 71] [1 5.21247652695181 0 4 15 3999.960462250474 100]
	[RESULT 72] [0 5.080528840471086 1 4 17 3997.699848005356 100]
	[RESULT 73] [1 5.007957390451939 0 4 8 3983.6956167968297 92]
	[RESULT 74] [1 6.197139375698668 1 4 20 3823.861819786827 100]
	[RESULT 75] [1 45.05149935932375 0 1 10 3993.8095715503737 100]
	[RESULT 76] [1 5.25771088099437 0 4 5 3854.0569668738485 92]
	[RESULT 77] [1 5.765097155204016 0 1 8 3909.5715736141556 100]
	[RESULT 78] [1 5.0212475539096175 1 4 20 3823.9550831969427 81]
	[RESULT 79] [1 5.186484195874795 0 4 6 3795.5296489060574 100]
	[RESULT 80] [0 5.7557622903345536 0 4 7 3783.8147859405804 87]
	[RESULT 81] [1 28.8759021362503 0 1 3 3999.9046123356234 93]
	[RESULT 82] [1 5.097874084820232 0 1 11 3992.2502028333865 100]
	[RESULT 83] [1 21.92661393018971 0 4 7 3997.5418651274854 100]
	[RESULT 84] [1 5.004962051462094 1 4 8 3999.8414098558164 100]
	[RESULT 85] [1 5.00035661729346 0 4 10 3990.334855243181 100]
	[RESULT 86] [1 5.005820347554072 1 4 15 3999.841633828884 96]
	[RESULT 87] [1 5.007300973929592 0 4 7 3999.995815317245 100]
	[RESULT 88] [1 5.000093060904321 0 4 7 3759.1577354915835 100]
	[RESULT 89] [1 5.304381230656863 0 4 8 3998.5833637344776 98]
	[RESULT 90] [1 10.846442311849891 0 1 3 3997.6200365292634 100]
	[RESULT 91] [1 6.630269083837219 0 4 8 3999.4458691884242 100]
	[RESULT 92] [1 5.1631955173203075 0 4 9 3922.2877097364576 100]
	[RESULT 93] [1 5.306432089415548 0 4 11 3998.84525247201 100]
	[RESULT 94] [1 5.1246631312939215 0 4 6 3999.9999506565214 93]
	[RESULT 95] [1 5.108019542047529 1 4 14 3577.0656924459886 100]
	[RESULT 96] [1 5.98933527127847 0 4 16 3999.994103693794 100]
	[RESULT 97] [1 5.17347598982863 0 4 10 3994.5721883269066 95]
	[RESULT 98] [1 6.071070140626449 0 1 6 3999.9046204336737 100]
	[RESULT 99] [1 5.090785512253685 0 1 10 3902.9967670640954 100]
	[RESULT 100] [1 5.009544107435403 0 1 10 3999.3798859042613 100]
	[RESULT 101] [1 5.958641660212188 0 4 8 3997.49041523104 100]
	[RESULT 102] [1 5.977404749121017 1 1 10 3999.99657879788 100]
	[RESULT 103] [1 10.370805820757392 0 1 24 3999.954269896096 97]
	[RESULT 104] [1 8.34543425164499 0 4 8 3998.657929416354 98]
	[RESULT 105] [1 6.0357015995371945 1 1 13 1390.3389234364502 3]
[OBJECTIVES]
	[RESULT 1] [ 2.41301384e-02 -5.79814672e-03  1.99282852e-02  2.32925031e-02
  2.31490734e-02  9.98565703e-02  0.00000000e+00  7.17148474e-05
  9.92828515e-03  9.85657031e-03  0.00000000e+00  2.71301384e-02
 -4.79814672e-03  4.92828515e-03]
	[RESULT 2] [ 0.01960214 -0.00953599  0.01913813  0.02350826  0.02476799  0.09827626
  0.          0.00086187  0.00913813  0.00827626  0.          0.02160214
 -0.00953599  0.00413813]
	[RESULT 3] [0.01170627 0.01795312 0.01624685 0.01148285 0.00397656 0.09249371
 0.         0.00675944 0.00624685 0.00249371 0.         0.01120627
 0.00045941 0.00925315]
	[RESULT 4] [ 0.00563581 -0.02419578  0.01983159  0.01731529  0.01765211  0.09966318
  0.          0.00016841  0.00983159  0.00966318  0.          0.00763581
 -0.02419578  0.00483159]
	[RESULT 5] [ 0.0064113  -0.02136237  0.01777367  0.01461615  0.01906881  0.09554734
  0.          0.00222633  0.00777367  0.00554734  0.          0.0094113
 -0.02181503  0.00422633]
	[RESULT 6] [ 0.00740674 -0.01925275  0.01665948  0.0134426   0.02012363  0.09331897
  0.          0.00334052  0.00665948  0.00331897  0.          0.00890674
 -0.02193378  0.00384052]
	[RESULT 7] [ 0.00459279 -0.02487307  0.01946586  0.01624518  0.01731346  0.09893172
  0.          0.00053414  0.00946586  0.00893172  0.          0.00759279
 -0.02387307  0.00446586]
	[RESULT 8] [0.03432642 0.00605282 0.0182736  0.0206764  0.01722359 0.09654719
 0.         0.00217921 0.0082736  0.00654719 0.         0.03267358
 0.00160001 0.0087264 ]
	[RESULT 9] [ 0.02465456 -0.00120005  0.01585461  0.02110919  0.02060002  0.09170922
  0.          0.00793618  0.00585461  0.00170922  0.          0.02515456
 -0.01149083  0.00964539]
	[RESULT 10] [ 0.01014715 -0.01886329  0.01901044  0.01833924  0.02031836  0.09802088
  0.          0.00098956  0.00901044  0.00802088  0.          0.01314715
 -0.02184241  0.00798956]
	[RESULT 11] [ 0.02494603 -0.00385832  0.01880434  0.02457047  0.02217916  0.09760869
  0.          0.00119566  0.00880434  0.00760869  0.          0.02794603
 -0.00724963  0.00819566]
	[RESULT 12] [ 0.0308203   0.00353294  0.01728737  0.0239088   0.01848353  0.09457473
  0.          0.0051379   0.00728737  0.00457473  0.          0.0338203
 -0.00289233  0.00971263]
	[RESULT 13] [ 1.59903627e-02 -1.40074102e-02  1.99977728e-02  2.27418406e-02
  2.27462949e-02  9.99955457e-02  0.00000000e+00  2.22717059e-06
  9.99777283e-03  9.99554566e-03  0.00000000e+00  1.89903627e-02
 -1.50118645e-02  7.00222717e-03]
	[RESULT 14] [ 0.0054762  -0.02438299  0.01985919  0.01727689  0.0175585   0.09971839
  0.          0.00014081  0.00985919  0.00971839  0.          0.0084762
 -0.02338299  0.00485919]
	[RESULT 15] [ 0.00491756 -0.02420436  0.01912192  0.01589165  0.01764782  0.09824383
  0.          0.00087808  0.00912192  0.00824383  0.          0.00791756
 -0.02320436  0.00412192]
	[RESULT 16] [ 0.02276263 -0.00283164  0.01559426  0.01977271  0.02141582  0.09118853
  0.          0.00440574  0.00559426  0.00118853  0.          0.02326263
 -0.00864311  0.00490574]
	[RESULT 17] [ 0.00697641 -0.02010143  0.01707785  0.01385498  0.01969928  0.09415569
  0.          0.00292215  0.00707785  0.00415569  0.          0.00847641
 -0.02194574  0.00342215]
	[RESULT 18] [ 0.00444966 -0.02514372  0.01959338  0.0163649   0.01717814  0.09918676
  0.          0.00040662  0.00959338  0.00918676  0.          0.00594966
 -0.02564372  0.00459338]
	[RESULT 19] [ 0.00425877 -0.02552178  0.01978055  0.01655021  0.01698911  0.0995611
  0.          0.00021945  0.00978055  0.0095611   0.          0.00725877
 -0.02452178  0.00478055]
	[RESULT 20] [ 0.00442843 -0.02519904  0.01962747  0.01640542  0.01715048  0.09925494
  0.          0.00037253  0.00962747  0.00925494  0.          0.00742843
 -0.02419904  0.00462747]
	[RESULT 21] [ 0.00846728 -0.01709948  0.01556675  0.01233377  0.02120026  0.09113351
  0.          0.00443325  0.00556675  0.00113351  0.          0.00996728
 -0.02196597  0.00493325]
	[RESULT 22] [ 0.00806687 -0.01920205  0.01726891  0.01468681  0.02014898  0.09453783
  0.          0.00273109  0.00726891  0.00453783  0.          0.01106687
 -0.02066422  0.00473109]
	[RESULT 23] [ 0.00428302 -0.02550574  0.01978877  0.01657466  0.01699713  0.09957753
  0.          0.00021123  0.00978877  0.00957753  0.          0.00578302
 -0.02600574  0.00478877]
	[RESULT 24] [ 0.01321    -0.01376616  0.01697617  0.01681925  0.02286692  0.09395233
  0.          0.00302383  0.00697617  0.00395233  0.          0.01471
 -0.01581383  0.00352383]
	[RESULT 25] [ 0.02722458  0.00202735  0.01519723  0.02115813  0.01923632  0.09039445
  0.          0.00990832  0.00519723  0.00039445  0.          0.02872458
 -0.0085782   0.01030277]
	[RESULT 26] [ 4.81894029e-03 -2.51263166e-02  1.99452569e-02  1.70773555e-02
  1.71868417e-02  9.98905138e-02  0.00000000e+00  5.47431010e-05
  9.94525690e-03  9.89051380e-03  0.00000000e+00  7.81894029e-03
 -2.41263166e-02  4.94525690e-03]
	[RESULT 27] [ 0.0176123  -0.00840844  0.01602075  0.01758727  0.02445422  0.09204149
  0.          0.00397925  0.00602075  0.00204149  0.          0.0206123
 -0.01236695  0.00597925]
	[RESULT 28] [ 0.02561642 -0.00305506  0.01867148  0.02443457  0.02177753  0.09734296
  0.          0.00132852  0.00867148  0.00734296  0.          0.02861642
 -0.00205506  0.00367148]
	[RESULT 29] [ 0.01324632 -0.01250821  0.01575453  0.01500495  0.02349589  0.09150906
  0.          0.00823642  0.00575453  0.00150906  0.          0.01474632
 -0.02199916  0.00974547]
	[RESULT 30] [ 0.01928651 -0.00916726  0.01845376  0.02207389  0.02483363  0.09690752
  0.          0.00154624  0.00845376  0.00690752  0.          0.02228651
 -0.00825973  0.00354624]
	[RESULT 31] [ 2.12212979e-02 -8.76192537e-03  1.99832232e-02  2.46645162e-02
  2.46309627e-02  9.99664465e-02  0.00000000e+00  1.67767735e-05
  9.98322323e-03  9.96644645e-03  0.00000000e+00  2.42212979e-02
 -7.76192537e-03  4.98322323e-03]
	[RESULT 32] [ 2.23485581e-02 -7.57972703e-03  1.99282852e-02  2.41832932e-02
  2.40398635e-02  9.98565703e-02  0.00000000e+00  7.17148474e-05
  9.92828515e-03  9.85657031e-03  0.00000000e+00  2.53485581e-02
 -6.57972703e-03  4.92828515e-03]
	[RESULT 33] [ 0.02429537 -0.00456117  0.01885655  0.02481749  0.02253059  0.09771309
  0.          0.00114345  0.00885655  0.00771309  0.          0.02729537
 -0.00356117  0.00385655]
	[RESULT 34] [ 0.00809357 -0.01884217  0.01693574  0.0144504   0.02057892  0.09387148
  0.          0.00306426  0.00693574  0.00387148  0.          0.01009357
 -0.02197069  0.00506426]
	[RESULT 35] [ 0.00927312 -0.01764044  0.01691356  0.0147569   0.02092978  0.09382712
  0.          0.00308644  0.00691356  0.00382712  0.          0.01227312
 -0.01981332  0.00508644]
	[RESULT 36] [ 0.02494885 -0.00493454  0.01988339  0.02295048  0.02271727  0.09976679
  0.          0.00011661  0.00988339  0.00976679  0.          0.02794885
 -0.00393454  0.00488339]
	[RESULT 37] [ 0.02429556 -0.00526992  0.01956547  0.02375401  0.02288496  0.09913094
  0.          0.00043453  0.00956547  0.00913094  0.          0.02579556
 -0.00713897  0.00593453]
	[RESULT 38] [ 0.00705007 -0.02000584  0.0170559   0.01385889  0.01974708  0.0941118
  0.          0.0029441   0.0070559   0.0041118   0.          0.01005007
 -0.02189403  0.0049441 ]
	[RESULT 39] [ 0.03472241  0.01015785  0.01511974  0.0249316   0.01517107  0.09023948
  0.          0.00835922  0.00511974  0.00023948  0.          0.03172241
 -0.00060267  0.01188026]
	[RESULT 40] [ 0.00560432 -0.02425875  0.01986308  0.01734678  0.01762062  0.09972615
  0.          0.00013692  0.00986308  0.00972615  0.          0.00860432
 -0.02325875  0.00486308]
	[RESULT 41] [0.02821644 0.01666743 0.01511613 0.02168402 0.01191629 0.09023227
 0.         0.0066516  0.00511613 0.00023227 0.         0.02521644
 0.01089969 0.00688387]
	[RESULT 42] [ 0.0241608  -0.00095606  0.01511686  0.01950569  0.02072803  0.09023372
  0.          0.00835059  0.00511686  0.00023372  0.          0.0271608
 -0.01172234  0.01188314]
	[RESULT 43] [ 0.00490756 -0.02435365  0.01926121  0.0160956   0.01757317  0.09852243
  0.          0.00073879  0.00926121  0.00852243  0.          0.00790756
 -0.02335365  0.00426121]
	[RESULT 44] [ 0.01531031 -0.0121561   0.01746641  0.01860478  0.02367195  0.09493283
  0.          0.00253359  0.00746641  0.00493283  0.          0.01831031
 -0.01322328  0.00453359]
	[RESULT 45] [ 0.0048304  -0.02475974  0.01959014  0.01655041  0.01737013  0.09918028
  0.          0.00040986  0.00959014  0.00918028  0.          0.0078304
 -0.02375974  0.00459014]
	[RESULT 46] [3.19886987e-02 1.98926190e-03 1.99994368e-02 1.92564954e-02
 1.92553691e-02 9.99988736e-02 0.00000000e+00 5.63196265e-07
 9.99943680e-03 9.99887361e-03 0.00000000e+00 3.49886987e-02
 9.88135504e-04 7.00056320e-03]
	[RESULT 47] [ 0.03056226  0.00173705  0.01882521  0.02173105  0.01938148  0.09765043
  0.          0.00117479  0.00882521  0.00765043  0.          0.03356226
 -0.00161252  0.00817479]
	[RESULT 48] [ 0.01981578 -0.00982661  0.0196424   0.02412149  0.02483669  0.0992848
  0.          0.0003576   0.0096424   0.0092848   0.          0.02281578
 -0.01154182  0.0073576 ]
	[RESULT 49] [0.0173568  0.02464271 0.01728591 0.01299954 0.00757135 0.09457181
 0.         0.00514228 0.00728591 0.00457181 0.         0.0143568
 0.0040709  0.00971409]
	[RESULT 50] [ 0.01569697 -0.01310737  0.01880434  0.020805    0.02319631  0.09760869
  0.          0.00119566  0.00880434  0.00760869  0.          0.01869697
 -0.01210737  0.00380434]
	[RESULT 51] [ 0.02668816  0.0008712   0.01581697  0.02181953  0.0198144   0.09163393
  0.          0.0095491   0.00581697  0.00163393  0.          0.02968816
 -0.00849487  0.01118303]
	[RESULT 52] [ 2.80629065e-02 -1.84705665e-03  1.99099631e-02  2.13536021e-02
  2.11735283e-02  9.98199262e-02  0.00000000e+00  9.00368841e-05
  9.90996312e-03  9.81992623e-03  0.00000000e+00  3.10629065e-02
 -8.47056654e-04  4.90996312e-03]
	[RESULT 53] [ 0.0279619  -0.00089039  0.01885229  0.02299062  0.02069519  0.09770458
  0.          0.00114771  0.00885229  0.00770458  0.          0.0309619
  0.00010961  0.00385229]
	[RESULT 54] [ 4.07749536e-03 -2.59167998e-02  1.99942952e-02  1.67801905e-02
  1.67916001e-02  9.99885904e-02  0.00000000e+00  5.70480189e-06
  9.99429520e-03  9.98859040e-03  0.00000000e+00  5.57749536e-03
 -2.64167998e-02  4.99429520e-03]
	[RESULT 55] [ 0.00628478 -0.02143584  0.01772061  0.01447331  0.01903208  0.09544122
  0.          0.00227939  0.00772061  0.00544122  0.          0.00778478
 -0.02199461  0.00277939]
	[RESULT 56] [ 0.01340031 -0.01506397  0.01846428  0.01914657  0.02221801  0.09692856
  0.          0.00153572  0.00846428  0.00692856  0.          0.01640031
 -0.01413541  0.00353572]
	[RESULT 57] [ 0.00677125 -0.02051616  0.0172874   0.01406672  0.01949192  0.0945748
  0.          0.0027126   0.0072874   0.0045748   0.          0.00977125
 -0.02194135  0.0047126 ]
	[RESULT 58] [ 0.00744406 -0.0191553   0.01659936  0.01337107  0.02017235  0.09319872
  0.          0.00340064  0.00659936  0.00319872  0.          0.01044406
 -0.02195658  0.00540064]
	[RESULT 59] [ 0.00499368 -0.02455352  0.01954721  0.01656765  0.01747324  0.09909441
  0.          0.00045279  0.00954721  0.00909441  0.          0.00649368
 -0.02505352  0.00454721]
	[RESULT 60] [0.02522095 0.01965654 0.01512252 0.0199267  0.01017173 0.09024503
 0.         0.00836755 0.00512252 0.00024503 0.         0.02322095
 0.00790157 0.01187748]
	[RESULT 61] [ 0.01822771 -0.01128485  0.01951256  0.02313269  0.02410758  0.09902511
  0.          0.00048744  0.00951256  0.00902511  0.          0.02122771
 -0.01028485  0.00451256]
	[RESULT 62] [ 0.01848682 -0.0086072   0.01709402  0.01963444  0.0245536   0.09418804
  0.          0.00290598  0.00709402  0.00418804  0.          0.01998682
 -0.01041916  0.00340598]
	[RESULT 63] [ 0.02076039 -0.00857424  0.01933463  0.02413215  0.02453712  0.09866927
  0.          0.00066537  0.00933463  0.00866927  0.          0.02326039
 -0.00807424  0.00433463]
	[RESULT 64] [ 0.0268037   0.00093825  0.01586545  0.02195002  0.01978087  0.09173089
  0.          0.00440366  0.00586545  0.00173089  0.          0.0298037
 -0.00333085  0.00613455]
	[RESULT 65] [ 0.00561708 -0.02280829  0.01842537  0.0151966   0.01834586  0.09685074
  0.          0.00157463  0.00842537  0.00685074  0.          0.00711708
 -0.02330829  0.00342537]
	[RESULT 66] [ 0.02220655 -0.00294318  0.01514973  0.01857786  0.02172159  0.09029945
  0.          0.00655082  0.00514973  0.00029945  0.          0.02520655
 -0.00864373  0.00685027]
	[RESULT 67] [0.03202182 0.00690002 0.0151218  0.02344361 0.01679999 0.0902436
 0.         0.00513461 0.0051218  0.0002436  0.         0.03352182
 0.00114362 0.0053782 ]
	[RESULT 68] [ 0.01726788 -0.01249885  0.01976673  0.02303403  0.02350057  0.09953346
  0.          0.00023327  0.00976673  0.00953346  0.          0.01876788
 -0.01299885  0.00476673]
	[RESULT 69] [ 2.00226182e-02 -9.96907356e-03  1.99916917e-02  2.47488467e-02
  2.47654632e-02  9.99833835e-02  0.00000000e+00  8.30825682e-06
  9.99169174e-03  9.98338349e-03  0.00000000e+00  2.30226182e-02
 -8.96907356e-03  4.99169174e-03]
	[RESULT 70] [ 0.02937485  0.00355543  0.01581942  0.02341655  0.01822228  0.09163883
  0.          0.00954175  0.00581942  0.00163883  0.          0.03137485
 -0.00680574  0.01118058]
	[RESULT 71] [ 0.00491568 -0.02420811  0.01912379  0.01589353  0.01764595  0.09824758
  0.          0.00087621  0.00912379  0.00824758  0.          0.00791568
 -0.02320811  0.00412379]
	[RESULT 72] [ 0.01247899 -0.01714837  0.01962736  0.02068054  0.02142581  0.09925473
  0.          0.00037264  0.00962736  0.00925473  0.          0.01447899
 -0.01989365  0.00737264]
	[RESULT 73] [3.16856846e-02 1.72515749e-03 1.99605271e-02 1.94663670e-02
 1.93874213e-02 9.99210543e-02 0.00000000e+00 3.94728514e-05
 9.96052715e-03 9.92105430e-03 0.00000000e+00 3.46856846e-02
 2.72515749e-03 4.96052715e-03]
	[RESULT 74] [ 0.033617    0.00634131  0.01727569  0.02252797  0.01707934  0.09455137
  0.          0.00517294  0.00727569  0.00455137  0.          0.033383
 -0.00010732  0.00972431]
	[RESULT 75] [ 0.01384    -0.0112818   0.0151218   0.0143527   0.0241091   0.0902436
  0.          0.00513461  0.0051218   0.0002436   0.          0.01534
 -0.0170382   0.0053782 ]
	[RESULT 76] [0.02585389 0.01517064 0.01897548 0.01471373 0.01266468 0.09795095
 0.         0.00102452 0.00897548 0.00795095 0.         0.02285389
 0.00682936 0.00397548]
	[RESULT 77] [ 0.02575268 -0.00208002  0.01783271  0.0243754   0.02129001  0.09566541
  0.          0.00216729  0.00783271  0.00566541  0.          0.02725268
 -0.00258002  0.00283271]
	[RESULT 78] [0.02000473 0.0200993  0.01989597 0.01040841 0.01020035 0.09979195
 0.         0.00010403 0.00989597 0.00979195 0.         0.01700473
 0.00410876 0.00710403]
	[RESULT 79] [ 0.02706221 -0.00215193  0.01921413  0.0228977   0.02132596  0.09842826
  0.          0.00078587  0.00921413  0.00842826  0.          0.03006221
 -0.00115193  0.00421413]
	[RESULT 80] [0.02186771 0.02028453 0.01784777 0.0141622  0.00985774 0.09569553
 0.         0.00215223 0.00784777 0.00569553 0.         0.01986771
 0.00401994 0.00415223]
	[RESULT 81] [ 0.02639403  0.00119303  0.015201    0.02074851  0.01965349  0.090402
  0.          0.00489701  0.005201    0.000402    0.          0.02789403
 -0.00440497  0.005299  ]
	[RESULT 82] [ 0.01036166 -0.0191926   0.01955426  0.01926221  0.0201537   0.09910851
  0.          0.00044574  0.00955426  0.00910851  0.          0.01186166
 -0.0196926   0.00455426]
	[RESULT 83] [ 0.01095916 -0.01431975  0.01527891  0.01314795  0.02259012  0.09055783
  0.          0.00616326  0.00527891  0.00055783  0.          0.01395916
 -0.01976192  0.00672109]
	[RESULT 84] [ 9.18227821e-03 -2.07930340e-02  1.99753122e-02  1.93041075e-02
  1.93534830e-02  9.99506245e-02  0.00000000e+00  2.46877554e-05
  9.97531224e-03  9.95062449e-03  0.00000000e+00  1.21822782e-02
 -2.18424095e-02  7.02468776e-03]
	[RESULT 85] [ 1.09721448e-02 -1.90260728e-02  1.99982175e-02  2.02333987e-02
  2.02369636e-02  9.99964351e-02  0.00000000e+00  1.78245081e-06
  9.99821755e-03  9.99643510e-03  0.00000000e+00  1.39721448e-02
 -1.80260728e-02  4.99821755e-03]
	[RESULT 86] [ 2.51863026e-02 -4.78476404e-03  1.99710667e-02  2.27002487e-02
  2.26423820e-02  9.99421333e-02  0.00000000e+00  2.89333357e-05
  9.97106666e-03  9.94213333e-03  0.00000000e+00  2.81863026e-02
 -5.84263071e-03  7.02893334e-03]
	[RESULT 87] [ 4.04042426e-03 -2.59233355e-02  1.99637597e-02  1.67158517e-02
  1.67883323e-02  9.99275194e-02  0.00000000e+00  3.62402803e-05
  9.96375972e-03  9.92751944e-03  0.00000000e+00  7.04042426e-03
 -2.49233355e-02  4.96375972e-03]
	[RESULT 88] [ 2.66494471e-02 -3.35008767e-03  1.99995347e-02  2.19259744e-02
  2.19250438e-02  9.99990695e-02  0.00000000e+00  4.65261224e-07
  9.99953474e-03  9.99906948e-03  0.00000000e+00  2.96494471e-02
 -2.35008767e-03  4.99953474e-03]
	[RESULT 89] [ 0.01984076 -0.00899247  0.01883324  0.02292024  0.02474624  0.09766647
  0.          0.00116676  0.00883324  0.00766647  0.          0.02284076
 -0.00799247  0.00383324]
	[RESULT 90] [ 0.01044278 -0.01528752  0.01573031  0.01356685  0.02210624  0.09146061
  0.          0.00426969  0.00573031  0.00146061  0.          0.01194278
 -0.01982691  0.00476969]
	[RESULT 91] [ 0.00764117 -0.01925978  0.01690095  0.013922    0.02012011  0.09380189
  0.          0.00309905  0.00690095  0.00380189  0.          0.01064117
 -0.02145789  0.00509905]
	[RESULT 92] [ 0.02361654 -0.00568197  0.0192985   0.02449398  0.02309098  0.09859701
  0.          0.0007015   0.0092985   0.00859701  0.          0.02661654
 -0.00468197  0.0042985 ]
	[RESULT 93] [ 0.00627655 -0.02255067  0.01882722  0.0161291   0.01847466  0.09765444
  0.          0.00117278  0.00882722  0.00765444  0.          0.00927655
 -0.02155067  0.00382722]
	[RESULT 94] [ 0.02205427 -0.0073915   0.01944578  0.0249458   0.02394575  0.09889155
  0.          0.00055422  0.00944578  0.00889155  0.          0.02505427
 -0.0063915   0.00444578]
	[RESULT 95] [0.03309215 0.00357959 0.01951256 0.01943509 0.0184602  0.09902511
 0.         0.00048744 0.00951256 0.00902511 0.         0.03390785
 0.00160471 0.00748744]
	[RESULT 96] [ 0.00649249 -0.02102091  0.0175134   0.01426635  0.01923955  0.0950268
  0.          0.0024866   0.0075134   0.0050268   0.          0.00949249
 -0.02199411  0.0044866 ]
	[RESULT 97] [ 0.0258654  -0.00339544  0.01926085  0.02342603  0.02194772  0.09852169
  0.          0.00073915  0.00926085  0.00852169  0.          0.0288654
 -0.00239544  0.00426085]
	[RESULT 98] [ 0.00668081 -0.0207334   0.01741421  0.01421172  0.0193833   0.09482842
  0.          0.00258579  0.00741421  0.00482842  0.          0.00818081
 -0.02190498  0.00308579]
	[RESULT 99] [ 0.02429333 -0.00529052  0.01958385  0.02372755  0.02289526  0.09916771
  0.          0.00041615  0.00958385  0.00916771  0.          0.02579333
 -0.00579052  0.00458385]
	[RESULT 100] [ 4.65237413e-03 -2.53003565e-02  1.99527306e-02  1.70052830e-02
  1.70998218e-02  9.99054612e-02  0.00000000e+00  4.72693930e-05
  9.95273061e-03  9.90546121e-03  0.00000000e+00  6.15237413e-03
 -2.58003565e-02  4.95273061e-03]
	[RESULT 101] [ 0.00872786 -0.01882493  0.01755279  0.01544311  0.02033753  0.09510558
  0.          0.00244721  0.00755279  0.00510558  0.          0.01172786
 -0.01971935  0.00444721]
	[RESULT 102] [ 0.01147485 -0.01605371  0.01752857  0.01678028  0.02172314  0.09505713
  0.          0.0029143   0.00752857  0.00505713  0.          0.01297485
 -0.02199658  0.00797143]
	[RESULT 103] [ 0.02326082 -0.00252401  0.01578483  0.02005765  0.02151201  0.09156966
  0.          0.00421517  0.00578483  0.00156966  0.          0.02476082
 -0.00695435  0.00471517]
	[RESULT 104] [ 0.0224564  -0.00369424  0.01615063  0.02020415  0.02209712  0.09230127
  0.          0.00384937  0.00615063  0.00230127  0.          0.0254564
 -0.00739297  0.00584937]
	[RESULT 105] [0.01389746 0.02135362 0.01745616 0.0110145  0.00592681 0.09491231
 0.         0.00313153 0.00745616 0.00491231 0.         0.01239746
 0.0004413  0.00804384]
