[METRICS]
	[DISEQUILIBRIUM COUNT] 1372
	[MINIMUM S0 sTrt S1 DISTANCE]0.004297468322177367
	[MINIMUM S0 sTrt S21 DISTANCE]-0.02565546156223772
	[MINIMUM S0 sTrt S22 DISTANCE]0.015108796657576584
	[MINIMUM S7 sTrt S6 DISTANCE]0.00810849499166344
	[MINIMUM S7 sTrt S8 DISTANCE]0.0028595546623052526
	[MINIMUM S7 sTrt S21 DISTANCE]0.09021759331515314
	[MINIMUM S7 esTrt S22 DISTANCE]0.0
	[MINIMUM S14 sTrt S13 DISTANCE]4.915060880517075e-08
	[MINIMUM S14 sTrt S15 DISTANCE]0.005108796657576575
	[MINIMUM S14 sTrt S21 DISTANCE]0.00021759331515312785
	[MINIMUM S14 sTrt S22 DISTANCE]0.0
	[MINIMUM S20 sTrt S19 DISTANCE]0.006034750266225575
	[MINIMUM S20 sTrt S21 DISTANCE]-0.025713089551114933
	[MINIMUM S20 sTrt S22 DISTANCE]0.002760244071797917
	[AVERAGE S0 sTrt S1 DISTANCE]0.02234216301730754
	[AVERAGE S0 sTrt S21 DISTANCE]0.007929899573692185
	[AVERAGE S0 sTrt S22 DISTANCE]0.016868028666333346
	[AVERAGE S7 sTrt S6 DISTANCE]0.018453175566969512
	[AVERAGE S7 sTrt S8 DISTANCE]0.014205486396281563
	[AVERAGE S7 sTrt S21 DISTANCE]0.09373605733266663
	[AVERAGE S7 sTrt S22 DISTANCE]0.0
	[AVERAGE S14 sTrt S13 DISTANCE]0.004529654355360255
	[AVERAGE S14 sTrt S15 DISTANCE]0.0068680286663333
	[AVERAGE S14 sTrt S21 DISTANCE]0.003736057332666546
	[AVERAGE S14 sTrt S22 DISTANCE]0.0
	[AVERAGE S20 sTrt S19 DISTANCE]0.022211755652296983
	[AVERAGE S20 sTrt S21 DISTANCE]-0.0016253473499740021
	[AVERAGE S20 sTrt S22 DISTANCE]0.00706177882709364
[VARIABLES]
	[RESULT 1] [1 5.0450488546623635 1 4 1 3963.7890672019857 100]
	[RESULT 2] [1 6.11432633410882 0 2 21 3997.406538656529 100]
	[RESULT 3] [1 5.002414030965581 0 4 2 3975.4482850526833 88]
	[RESULT 4] [1 5.006424600961443 1 4 14 3814.700386013657 100]
	[RESULT 5] [0 5.000373550461744 1 1 2 3974.0400702116744 100]
	[RESULT 6] [1 9.190870212333655 0 4 17 3878.5212801693133 100]
	[RESULT 7] [1 9.671070835816355 0 3 21 3999.826841369686 100]
	[RESULT 8] [1 23.090856894181094 1 4 23 3839.783882594277 100]
	[RESULT 9] [0 5.660174488437144 0 1 18 3999.6205520938206 95]
	[RESULT 10] [1 5.570252502958172 0 3 4 3978.6305035292025 100]
	[RESULT 11] [1 5.065945896166657 1 4 2 3997.4144089177344 99]
	[RESULT 12] [0 46.33029607315066 0 3 18 3997.311439243315 100]
	[RESULT 13] [1 5.009027545432049 0 1 0 3998.3269784978543 93]
	[RESULT 14] [0 5.0163737498351715 0 3 20 3999.8119926532404 100]
	[RESULT 15] [0 5.700331894350793 1 1 1 3999.131595854346 92]
	[RESULT 16] [1 5.106905801091468 0 4 14 3994.8287859905654 93]
	[RESULT 17] [1 5.000173909017563 1 4 14 3891.4779905054943 100]
	[RESULT 18] [1 5.76545063994767 0 1 0 3999.875637575892 100]
	[RESULT 19] [1 5.007164740573128 0 4 20 3919.0359343564173 99]
	[RESULT 20] [1 5.245449942539396 0 2 21 3987.105973127707 100]
	[RESULT 21] [1 5.004295516052142 1 3 2 3998.2313681251944 90]
	[RESULT 22] [1 5.004063750796428 1 4 0 3937.233653375873 100]
	[RESULT 23] [1 5.11194733168316 0 3 21 3999.826841369686 100]
	[RESULT 24] [1 5.157050290711876 0 3 3 3999.9999983810953 100]
	[RESULT 25] [1 5.000188134007859 1 4 14 3684.1421954546604 100]
	[RESULT 26] [1 5.001145254379583 0 4 12 3886.957862376597 100]
	[RESULT 27] [1 5.000009830218391 0 4 0 3916.060117811757 100]
	[RESULT 28] [0 5.227379256424484 1 1 21 1430.8660370012635 75]
	[RESULT 29] [1 5.000342042052998 0 1 1 3995.5081749286446 100]
	[RESULT 30] [1 5.007650150900835 0 4 3 3793.6463732953694 100]
	[RESULT 31] [1 5.557131090415721 0 4 0 3962.7942217375075 100]
	[RESULT 32] [0 5.812602752036464 1 1 19 3995.846270630066 100]
	[RESULT 33] [1 5.209364954258038 0 4 20 3962.6088220240485 100]
	[RESULT 34] [1 5.006755971748407 0 1 0 3998.867075772829 100]
	[RESULT 35] [1 7.97315679885259 0 3 20 3999.999992681879 100]
	[RESULT 36] [1 5.000128275977239 0 4 2 3932.9789026442436 100]
	[RESULT 37] [0 46.03869879029316 0 1 1 3990.838292407983 100]
	[RESULT 38] [1 5.007164740573128 0 4 0 3919.0359343564173 99]
	[RESULT 39] [1 5.003136286285538 0 4 0 3980.5664249233632 87]
	[RESULT 40] [0 5.446674926523273 1 1 0 3995.8431310340357 99]
	[RESULT 41] [1 5.007164740573128 0 4 20 3940.8163358651655 100]
	[RESULT 42] [0 6.712839500826965 1 4 2 3966.1086839186805 100]
	[RESULT 43] [1 5.080508129752375 0 4 17 3973.696653523741 99]
	[RESULT 44] [0 6.741332810224425 1 2 3 3787.7295336438874 100]
	[RESULT 45] [1 5.257472882613831 0 4 4 3975.590126032687 100]
	[RESULT 46] [0 5.312468251445711 1 1 19 3984.638041545327 100]
	[RESULT 47] [1 5.39492206081969 0 4 0 3950.264099340197 100]
	[RESULT 48] [1 5.072873743427002 0 4 19 3983.967489634725 95]
	[RESULT 49] [0 5.228536407289875 1 4 15 3999.0350477035736 100]
	[RESULT 50] [0 31.064808963893494 1 4 5 3718.380034045008 99]
	[RESULT 51] [0 5.291804854137716 0 4 2 3975.5908469243313 100]
	[RESULT 52] [0 5.009350364890932 1 4 1 3966.1086839186805 100]
	[RESULT 53] [0 5.285104441606832 1 4 19 3994.5208237127063 100]
	[RESULT 54] [1 6.735295962178985 0 1 0 3999.7673627459017 100]
	[RESULT 55] [1 8.787421281333241 1 4 2 3951.900404917208 100]
	[RESULT 56] [1 5.045597344017556 0 4 2 3951.900404917208 100]
	[RESULT 57] [1 5.009503489183865 0 4 1 3999.7470684491386 100]
	[RESULT 58] [0 9.135212501210942 0 1 17 3928.3503010173704 100]
	[RESULT 59] [0 5.000128275977239 0 4 2 3927.7398620373815 100]
	[RESULT 60] [1 5.043781078797516 1 4 0 3863.8836140777034 100]
	[RESULT 61] [1 7.966939810021957 1 4 0 3975.590126032687 88]
	[RESULT 62] [1 5.157894227795174 0 3 1 3999.0467136256134 100]
	[RESULT 63] [1 5.003726139758683 0 4 0 3917.4264363661378 99]
	[RESULT 64] [1 9.399985205211689 0 4 0 3967.6756869464016 99]
	[RESULT 65] [0 5.018844547815492 1 2 17 3997.215378236526 100]
	[RESULT 66] [1 5.008715568485099 0 3 20 3919.2907681410693 100]
	[RESULT 67] [1 5.145382659109352 0 3 3 3999.9999987154756 100]
	[RESULT 68] [1 7.250245621348846 0 4 21 3940.8163358651655 100]
	[RESULT 69] [1 5.000173909017563 1 4 1 3922.279142048621 100]
	[RESULT 70] [1 5.003715285285928 1 3 2 3768.910425042786 90]
	[RESULT 71] [1 5.000430385474279 0 4 2 3999.269348476439 100]
	[RESULT 72] [0 46.33029607315066 0 4 18 3947.114436621127 100]
	[RESULT 73] [0 41.77583146645857 1 4 2 3996.262430657709 100]
	[RESULT 74] [1 5.000162076702251 0 1 19 3996.868163652282 93]
	[RESULT 75] [1 5.04934377591885 0 4 7 3999.2245469429668 100]
	[RESULT 76] [1 5.764944090811985 0 1 0 3983.858864656888 100]
	[RESULT 77] [1 5.234274734429382 0 4 0 3962.7942217375075 100]
	[RESULT 78] [1 5.067932757742819 0 4 17 3874.903895750293 100]
	[RESULT 79] [1 5.009027545432049 0 1 0 3999.4615964171135 93]
	[RESULT 80] [1 5.048179343127738 1 4 1 3967.479042738323 100]
	[RESULT 81] [0 5.009894993012333 0 3 17 3975.24524143286 100]
	[RESULT 82] [0 5.119242972240418 0 4 14 3999.870010708436 93]
	[RESULT 83] [1 5.599080530912103 0 1 2 3996.0256371552796 100]
	[RESULT 84] [0 5.949622598843773 0 3 15 3999.9973322769124 100]
	[RESULT 85] [1 5.000047491842775 1 4 20 3700.3034310667213 99]
	[RESULT 86] [0 5.7674168255959195 0 1 5 3999.875637575892 100]
	[RESULT 87] [1 6.693830253607987 0 1 1 3999.967422710484 100]
	[RESULT 88] [1 8.199998498514143 0 3 2 3999.9998061664396 100]
	[RESULT 89] [0 9.135212501210942 0 1 17 3962.4036063631443 100]
	[RESULT 90] [1 11.195088104117032 0 4 15 3982.830595926804 100]
	[RESULT 91] [0 9.953887998321168 0 1 18 3960.2324103346355 98]
	[RESULT 92] [1 6.348349059060295 0 4 0 3999.8124093048013 100]
	[RESULT 93] [1 8.793991870576875 1 4 14 3975.590126032687 100]
	[RESULT 94] [1 5.0046286713947445 0 4 20 3980.541281819685 99]
	[RESULT 95] [1 5.005467811336455 0 1 1 3816.1197125666777 100]
	[RESULT 96] [1 5.014214963200798 0 4 0 3722.4764356338133 100]
	[RESULT 97] [0 32.49499007325305 1 1 20 3985.1072409432522 100]
	[RESULT 98] [0 8.878041579921057 1 1 16 1403.7148997860277 78]
	[RESULT 99] [1 7.428664305360147 0 1 1 3995.5081749286446 100]
	[RESULT 100] [1 5.036623811961601 0 4 17 3782.6815247234076 100]
	[RESULT 101] [1 6.479218920989118 0 4 12 3999.448554797528 100]
	[RESULT 102] [1 13.281552587545338 0 3 0 3964.9987791601225 100]
	[RESULT 103] [1 5.566584380249207 0 4 4 3977.9754139645684 100]
	[RESULT 104] [1 5.000067474886649 1 4 14 3891.4779905054943 100]
	[RESULT 105] [1 5.053110507590924 0 1 1 3999.7141791104714 100]
[OBJECTIVES]
	[RESULT 1] [ 0.02400494 -0.00577952  0.01978447  0.02357083  0.02313976  0.09956893
  0.          0.00021553  0.00978447  0.00956893  0.          0.02700494
 -0.00721059  0.00721553]
	[RESULT 2] [ 0.00898489 -0.01837993  0.01736482  0.01528967  0.02056003  0.09472964
  0.          0.00263518  0.00736482  0.00472964  0.          0.01098489
 -0.01965029  0.00363518]
	[RESULT 3] [3.48604944e-02 4.87253549e-03 1.99879589e-02 1.78378144e-02
 1.78137323e-02 9.99759178e-02 0.00000000e+00 1.20410873e-05
 9.98795891e-03 9.97591783e-03 0.00000000e+00 3.21395056e-02
 5.87253549e-03 4.98795891e-03]
	[RESULT 4] [3.10599676e-02 1.09188559e-03 1.99680821e-02 1.97678931e-02
 1.97040572e-02 9.99361641e-02 0.00000000e+00 3.19179447e-05
 9.96808206e-03 9.93616411e-03 0.00000000e+00 3.40599676e-02
 2.80497042e-05 7.03191794e-03]
	[RESULT 5] [ 2.27373290e-02 -7.26080398e-03  1.99981329e-02  2.36341361e-02
  2.36304020e-02  9.99962659e-02  0.00000000e+00  1.86705487e-06
  9.99813295e-03  9.99626589e-03  0.00000000e+00  2.32373290e-02
 -9.26453809e-03  5.50186705e-03]
	[RESULT 6] [ 0.02876994  0.00280671  0.01596323  0.02307981  0.01884665  0.09192646
  0.          0.00411031  0.00596323  0.00192646  0.          0.03176994
 -0.00126683  0.00603677]
	[RESULT 7] [ 0.0082903  -0.01759137  0.01588167  0.01271765  0.02095432  0.09176334
  0.          0.00411833  0.00588167  0.00176334  0.          0.0107903
 -0.02182803  0.00561833]
	[RESULT 8] [ 0.03463634  0.01010175  0.01526191  0.02467531  0.01519912  0.09052381
  0.          0.00878572  0.00526191  0.00052381  0.          0.03163634
 -0.00037444  0.01173809]
	[RESULT 9] [ 0.02402871 -0.00398302  0.01801173  0.02403195  0.02199151  0.09602346
  0.          0.00198827  0.00801173  0.00602346  0.          0.02452871
 -0.00548302  0.00301173]
	[RESULT 10] [ 0.01733711 -0.01084709  0.0181842   0.02069486  0.02432645  0.0963684
  0.          0.0018158   0.0081842   0.0063684   0.          0.01983711
 -0.01047869  0.0033158 ]
	[RESULT 11] [ 0.02165257 -0.00803809  0.01969067  0.02488771  0.02426905  0.09938134
  0.          0.00030933  0.00969067  0.00938134  0.          0.02465257
 -0.00965676  0.00730933]
	[RESULT 12] [ 0.01230938 -0.01280874  0.01511812  0.01383187  0.02359563  0.09023624
  0.          0.00614564  0.00511812  0.00023624  0.          0.01380938
 -0.0195725   0.00638188]
	[RESULT 13] [ 2.31128179e-02 -6.84244825e-03  1.99552661e-02  2.37606919e-02
  2.36712241e-02  9.99105322e-02  0.00000000e+00  4.47338899e-05
  9.95526611e-03  9.91053222e-03  0.00000000e+00  2.46128179e-02
 -7.34244825e-03  4.95526611e-03]
	[RESULT 14] [ 5.26715388e-03 -2.46522963e-02  1.99194502e-02  1.75127522e-02
  1.76738519e-02  9.98389003e-02  0.00000000e+00  8.05498461e-05
  9.91945015e-03  9.83890031e-03  0.00000000e+00  6.76715388e-03
 -2.51522963e-02  4.91945015e-03]
	[RESULT 15] [ 0.03067643  0.00273582  0.0179406   0.02275088  0.01863209  0.0958812
  0.          0.0020594   0.0079406   0.0058812   0.          0.03117643
 -0.00338297  0.0075594 ]
	[RESULT 16] [ 0.02626779 -0.0032493   0.0195171   0.02284046  0.02187465  0.09903419
  0.          0.0004829   0.0095171   0.00903419  0.          0.02926779
 -0.0022493   0.0045171 ]
	[RESULT 17] [ 2.93199932e-02 -6.79137439e-04  1.99991306e-02  2.05913075e-02
  2.05895687e-02  9.99982612e-02  0.00000000e+00  8.69393892e-07
  9.99913061e-03  9.99826121e-03  0.00000000e+00  3.23199932e-02
 -1.68087623e-03  7.00086939e-03]
	[RESULT 18] [ 0.00629161 -0.02154053  0.01783214  0.01464401  0.01897974  0.09566428
  0.          0.00216786  0.00783214  0.00566428  0.          0.00779161
 -0.02204053  0.00283214]
	[RESULT 19] [3.31373429e-02 3.17291179e-03 1.99644311e-02 1.87346818e-02
 1.86635441e-02 9.99288623e-02 0.00000000e+00 3.55688612e-05
 9.96443114e-03 9.92886228e-03 0.00000000e+00 3.38626571e-02
 4.17291179e-03 4.96443114e-03]
	[RESULT 20] [ 0.01349202 -0.01552259  0.01901461  0.02001793  0.0219887   0.09802923
  0.          0.00098539  0.00901461  0.00802923  0.          0.01549202
 -0.01552259  0.00401461]
	[RESULT 21] [ 2.88549804e-02 -1.12363389e-03  1.99786143e-02  2.08545884e-02
  2.08118169e-02  9.99572286e-02  0.00000000e+00  2.13857176e-05
  9.97861428e-03  9.95722856e-03  0.00000000e+00  3.13549804e-02
 -2.16640533e-03  6.52138572e-03]
	[RESULT 22] [ 2.68990560e-02 -3.08070751e-03  1.99797635e-02  2.18308268e-02
  2.17903538e-02  9.99595270e-02  0.00000000e+00  2.02365178e-05
  9.97976348e-03  9.95952696e-03  0.00000000e+00  2.98990560e-02
 -4.12118054e-03  7.02023652e-03]
	[RESULT 23] [ 0.00467535 -0.02482126  0.01949662  0.0163326   0.01733937  0.09899323
  0.          0.00050338  0.00949662  0.00899323  0.          0.00717535
 -0.02432126  0.00449662]
	[RESULT 24] [ 0.00467867 -0.02464267  0.01932133  0.01607133  0.01742867  0.09864267
  0.          0.00067867  0.00932133  0.00864267  0.          0.00717867
 -0.02414267  0.00432133]
	[RESULT 25] [3.21673313e-02 2.16827180e-03 1.99990595e-02 1.91677451e-02
 1.91658641e-02 9.99981190e-02 0.00000000e+00 9.40493101e-07
 9.99905951e-03 9.99811901e-03 0.00000000e+00 3.48326687e-02
 1.16639082e-03 7.00094049e-03]
	[RESULT 26] [ 2.44781167e-02 -5.51616358e-03  1.99942803e-02  2.30195212e-02
  2.30080818e-02  9.99885606e-02  0.00000000e+00  5.71972136e-06
  9.99428028e-03  9.98856056e-03  0.00000000e+00  2.74781167e-02
 -4.51616358e-03  4.99428028e-03]
	[RESULT 27] [ 2.32629400e-02 -6.73701090e-03  1.99999508e-02  2.36186037e-02
  2.36185054e-02  9.99999017e-02  0.00000000e+00  4.91506088e-08
  9.99995085e-03  9.99990170e-03  0.00000000e+00  2.62629400e-02
 -5.73701090e-03  4.99995085e-03]
	[RESULT 28] [0.01508388 0.0241576  0.01907372 0.00893136 0.0070788  0.09814744
 0.         0.00092628 0.00907372 0.00814744 0.         0.01458388
 0.00101016 0.00642628]
	[RESULT 29] [ 7.80939621e-03 -2.21888942e-02  1.99982904e-02  1.86521337e-02
  1.86555529e-02  9.99965807e-02  0.00000000e+00  1.70962550e-06
  9.99829037e-03  9.99658075e-03  0.00000000e+00  9.30939621e-03
 -2.26888942e-02  4.99829037e-03]
	[RESULT 30] [ 2.63364682e-02 -3.62557142e-03  1.99620396e-02  2.21387064e-02
  2.20627857e-02  9.99240793e-02  0.00000000e+00  3.79603521e-05
  9.96203965e-03  9.92407930e-03  0.00000000e+00  2.93364682e-02
 -2.62557142e-03  4.96203965e-03]
	[RESULT 31] [ 0.02074167 -0.00746937  0.01821103  0.02243738  0.02398468  0.09642207
  0.          0.00178897  0.00821103  0.00642207  0.          0.02374167
 -0.0070473   0.00378897]
	[RESULT 32] [ 0.01580346 -0.01195501  0.01775846  0.01953942  0.0240225   0.09551693
  0.          0.00224154  0.00775846  0.00551693  0.          0.01630346
 -0.01843808  0.00774154]
	[RESULT 33] [ 0.01984816 -0.00928624  0.0191344   0.02337568  0.02489312  0.0982688
  0.          0.0008656   0.0091344   0.0082688   0.          0.02284816
 -0.00828624  0.0041344 ]
	[RESULT 34] [ 5.11736245e-03 -2.48490844e-02  1.99664468e-02  1.72583515e-02
  1.73254578e-02  9.99328937e-02  0.00000000e+00  3.35531744e-05
  9.96644683e-03  9.93289365e-03  0.00000000e+00  6.61736245e-03
 -2.53490844e-02  4.96644683e-03]
	[RESULT 35] [ 0.00774156 -0.01851688  0.01625845  0.01300845  0.02049156  0.09251689
  0.          0.00374155  0.00625845  0.00251689  0.          0.01024156
 -0.02199999  0.00524155]
	[RESULT 36] [ 2.22087206e-02 -7.79063815e-03  1.99993587e-02  2.41466017e-02
  2.41453191e-02  9.99987174e-02  0.00000000e+00  6.41297623e-07
  9.99935870e-03  9.99871740e-03  0.00000000e+00  2.52087206e-02
 -6.79063815e-03  4.99935870e-03]
	[RESULT 37] [ 0.01658572 -0.00853321  0.01511894  0.01597127  0.02426661  0.09023788
  0.          0.00514319  0.00511894  0.00023788  0.          0.01708572
 -0.01529534  0.00538106]
	[RESULT 38] [3.31373429e-02 3.17291179e-03 1.99644311e-02 1.87346818e-02
 1.86635441e-02 9.99288623e-02 0.00000000e+00 3.55688612e-05
 9.96443114e-03 9.92886228e-03 0.00000000e+00 3.38626571e-02
 4.17291179e-03 4.96443114e-03]
	[RESULT 39] [3.35211210e-02 3.53675340e-03 1.99843676e-02 1.85128881e-02
 1.84816233e-02 9.99687352e-02 0.00000000e+00 1.56324037e-05
 9.98436760e-03 9.96873519e-03 0.00000000e+00 3.34788790e-02
 4.53675340e-03 4.98436760e-03]
	[RESULT 40] [ 0.02510803 -0.00334818  0.0184562   0.02476168  0.02167409  0.0969124
  0.          0.0015438   0.0084562   0.0069124   0.          0.02560803
 -0.00843577  0.0070438 ]
	[RESULT 41] [ 2.16113256e-02 -8.35310553e-03  1.99644311e-02  2.44976905e-02
  2.44265528e-02  9.99288623e-02  0.00000000e+00  3.55688612e-05
  9.96443114e-03  9.92886228e-03  0.00000000e+00  2.46113256e-02
 -7.35310553e-03  4.96443114e-03]
	[RESULT 42] [ 0.02754414  0.00070106  0.01684309  0.0240367   0.01964947  0.09368617
  0.          0.00647074  0.00684309  0.00368617  0.          0.02954414
 -0.00761277  0.01015691]
	[RESULT 43] [ 0.02719011 -0.00243735  0.01962745  0.02221377  0.02146867  0.0992549
  0.          0.00037255  0.00962745  0.0092549   0.          0.03019011
 -0.00143735  0.00462745]
	[RESULT 44] [0.03445806 0.00871801 0.01682393 0.02199313 0.01564099 0.09364786
 0.         0.00552821 0.00682393 0.00364786 0.         0.03345806
 0.00036588 0.00917607]
	[RESULT 45] [ 0.01737448 -0.01160175  0.01897623  0.02190158  0.02394912  0.09795246
  0.          0.00102377  0.00897623  0.00795246  0.          0.02037448
 -0.01060175  0.00397623]
	[RESULT 46] [ 0.02070551 -0.00810411  0.01880962  0.02356718  0.02405205  0.09761923
  0.          0.00119038  0.00880962  0.00761923  0.          0.02120551
 -0.01248488  0.00669038]
	[RESULT 47] [ 0.02205279 -0.00653164  0.01858443  0.02365304  0.02351582  0.09716886
  0.          0.00141557  0.00858443  0.00716886  0.          0.02505279
 -0.00553164  0.00358443]
	[RESULT 48] [0.03077446 0.00111408 0.01966038 0.0203722  0.01969296 0.09932076
 0.         0.00033962 0.00966038 0.00932076 0.         0.03377446
 0.00211408 0.00466038]
	[RESULT 49] [ 0.01185921 -0.01721068  0.01906988  0.01953443  0.02139466  0.09813977
  0.          0.00093012  0.00906988  0.00813977  0.          0.01385921
 -0.02107091  0.00793012]
	[RESULT 50] [0.0222231  0.02259216 0.01518474 0.01833444 0.00870392 0.09036948
 0.         0.00855423 0.00518474 0.00036948 0.         0.0202231
 0.01096165 0.01181526]
	[RESULT 51] [ 0.01847997 -0.01039059  0.01887055  0.02254581  0.02480471  0.09774111
  0.          0.00112945  0.00887055  0.00774111  0.          0.02047997
 -0.01039059  0.00387055]
	[RESULT 52] [ 2.44335486e-02 -5.52013267e-03  1.99536813e-02  2.28527038e-02
  2.27600663e-02  9.99073625e-02  0.00000000e+00  4.63187275e-05
  9.95368127e-03  9.90736255e-03  0.00000000e+00  2.64335486e-02
 -7.61277013e-03  7.04631873e-03]
	[RESULT 53] [ 0.01560346 -0.01328727  0.01889073  0.02113783  0.02335636  0.09778147
  0.          0.00110927  0.00889073  0.00778147  0.          0.01760346
 -0.0175058   0.00810927]
	[RESULT 54] [ 0.00740254 -0.01942542  0.01682796  0.0136932   0.02003729  0.09365591
  0.          0.00317204  0.00682796  0.00365591  0.          0.00890254
 -0.02176951  0.00367204]
	[RESULT 55] [ 0.02940562  0.00336121  0.0160444   0.02351941  0.01856939  0.09208881
  0.          0.00886679  0.0060444   0.00208881  0.          0.03240562
 -0.00554998  0.0109556 ]
	[RESULT 56] [ 0.02066807 -0.00911389  0.01978196  0.02475697  0.02480695  0.09956391
  0.          0.00021804  0.00978196  0.00956391  0.          0.02366807
 -0.00811389  0.00478196]
	[RESULT 57] [ 4.29746832e-03 -2.56554616e-02  1.99529299e-02  1.68281290e-02
  1.69222692e-02  9.99058598e-02  0.00000000e+00  4.70701156e-05
  9.95292988e-03  9.90585977e-03  0.00000000e+00  7.29746832e-03
 -2.46554616e-02  4.95292988e-03]
	[RESULT 58] [ 0.02755968  0.00158601  0.01597367  0.02274034  0.019207    0.09194734
  0.          0.00402633  0.00597367  0.00194734  0.          0.02805968
 -0.00346665  0.00452633]
	[RESULT 59] [ 2.35745760e-02 -6.42478273e-03  1.99993587e-02  2.32136740e-02
  2.32123914e-02  9.99987174e-02  0.00000000e+00  6.41297623e-07
  9.99935870e-03  9.99871740e-03  0.00000000e+00  2.55745760e-02
 -6.42478273e-03  4.99935870e-03]
	[RESULT 60] [ 0.03033054  0.00054026  0.01979028  0.02039932  0.01997987  0.09958055
  0.          0.00020972  0.00979028  0.00958055  0.          0.03333054
 -0.00087918  0.00720972]
	[RESULT 61] [0.02644817 0.01729141 0.01626042 0.01908346 0.01160429 0.09252083
 0.         0.00821875 0.00626042 0.00252083 0.         0.02344817
 0.00881224 0.01073958]
	[RESULT 62] [ 0.00560009 -0.0237181   0.01931818  0.01652732  0.01789095  0.09863637
  0.          0.00068182  0.00931818  0.00863637  0.          0.00810009
 -0.0232181   0.00431818]
	[RESULT 63] [3.32085839e-02 3.22714543e-03 1.99814385e-02 1.86735504e-02
 1.86364273e-02 9.99628769e-02 0.00000000e+00 1.85615359e-05
 9.98143846e-03 9.96287693e-03 0.00000000e+00 3.37914161e-02
 4.22714543e-03 4.98143846e-03]
	[RESULT 64] [0.03217119 0.00624526 0.01592593 0.02472449 0.01712737 0.09185186
 0.         0.00422221 0.00592593 0.00185186 0.         0.03482881
 0.00209712 0.00607407]
	[RESULT 65] [ 1.25980223e-02 -1.73094977e-02  1.99075200e-02  2.11602911e-02
  2.13452511e-02  9.98150400e-02  0.00000000e+00  9.24799954e-05
  9.90752000e-03  9.81504001e-03  0.00000000e+00  1.35980223e-02
 -1.94944577e-02  6.09248000e-03]
	[RESULT 66] [ 2.31307565e-02 -6.82604218e-03  1.99567987e-02  2.37494237e-02
  2.36630211e-02  9.99135974e-02  0.00000000e+00  4.32013184e-05
  9.95679868e-03  9.91359736e-03  0.00000000e+00  2.56307565e-02
 -6.32604218e-03  4.95679868e-03]
	[RESULT 67] [ 0.00463465 -0.02473071  0.01936535  0.01611535  0.01738465  0.09873071
  0.          0.00063465  0.00936535  0.00873071  0.          0.00713465
 -0.02423071  0.00436535]
	[RESULT 68] [ 0.02503741 -0.00150093  0.01653835  0.02207622  0.02100047  0.09307669
  0.          0.00346165  0.00653835  0.00307669  0.          0.02803741
 -0.00442424  0.00546165]
	[RESULT 69] [ 2.79164187e-02 -2.08271195e-03  1.99991306e-02  2.12930948e-02
  2.12913560e-02  9.99982612e-02  0.00000000e+00  8.69393892e-07
  9.99913061e-03  9.99826121e-03  0.00000000e+00  3.09164187e-02
 -3.08445074e-03  7.00086939e-03]
	[RESULT 70] [2.02402264e-02 1.97782812e-02 1.99814923e-02 1.03978747e-02
 1.03608594e-02 9.99629847e-02 0.00000000e+00 1.85076652e-05
 9.98149233e-03 9.96298467e-03 0.00000000e+00 1.77402264e-02
 4.25873411e-03 6.51850767e-03]
	[RESULT 71] [ 4.71205483e-03 -2.52857942e-02  1.99978490e-02  1.71028009e-02
  1.71071029e-02  9.99956980e-02  0.00000000e+00  2.15100161e-06
  9.99784900e-03  9.99569800e-03  0.00000000e+00  7.71205483e-03
 -2.42857942e-02  4.99784900e-03]
	[RESULT 72] [ 0.02685729  0.00173917  0.01511812  0.02110582  0.01913042  0.09023624
  0.          0.00664564  0.00511812  0.00023624  0.          0.02885729
 -0.00502459  0.00688188]
	[RESULT 73] [ 0.01811911 -0.00701325  0.01513236  0.01675809  0.02350663  0.09026472
  0.          0.00839708  0.00513236  0.00026472  0.          0.02011911
 -0.01874853  0.01186764]
	[RESULT 74] [ 2.42839883e-02 -5.71520147e-03  1.99991897e-02  2.31092212e-02
  2.31076007e-02  9.99983795e-02  0.00000000e+00  8.10252188e-07
  9.99918975e-03  9.99837950e-03  0.00000000e+00  2.57839883e-02
 -6.21520147e-03  4.99918975e-03]
	[RESULT 75] [ 0.00498724 -0.02477764  0.01976488  0.01689094  0.01736118  0.09952977
  0.          0.00023512  0.00976488  0.00952977  0.          0.00798724
 -0.02377764  0.00476488]
	[RESULT 76] [ 0.01597544 -0.01185751  0.01783295  0.01948715  0.02382125  0.0956659
  0.          0.00216705  0.00783295  0.0056659   0.          0.01747544
 -0.01235751  0.00283295]
	[RESULT 77] [ 0.01990174 -0.00914922  0.01905096  0.02327731  0.02482461  0.09810192
  0.          0.00094904  0.00905096  0.00810192  0.          0.02290174
 -0.00814922  0.00405096]
	[RESULT 78] [ 0.02515406 -0.00452788  0.01968194  0.02315006  0.02251394  0.09936389
  0.          0.00031806  0.00968194  0.00936389  0.          0.02815406
 -0.00352788  0.00468194]
	[RESULT 79] [ 2.20717868e-02 -7.88347932e-03  1.99552661e-02  2.42812074e-02
  2.41917397e-02  9.99105322e-02  0.00000000e+00  4.47338899e-05
  9.95526611e-03  9.91053222e-03  0.00000000e+00  2.35717868e-02
 -8.38347932e-03  4.95526611e-03]
	[RESULT 80] [ 0.02336422 -0.00640596  0.01977018  0.02391263  0.02345298  0.09954035
  0.          0.00022982  0.00977018  0.00954035  0.          0.02636422
 -0.0078656   0.00722982]
	[RESULT 81] [ 1.74873777e-02 -1.24636321e-02  1.99510098e-02  2.36702035e-02
  2.37681839e-02  9.99020196e-02  0.00000000e+00  4.89902073e-05
  9.95100979e-03  9.90201959e-03  0.00000000e+00  1.89873777e-02
 -1.29636321e-02  4.95100979e-03]
	[RESULT 82] [ 0.02316201 -0.00630529  0.01946731  0.02421804  0.02315265  0.09893461
  0.          0.00053269  0.00946731  0.00893461  0.          0.02516201
 -0.00630529  0.00446731]
	[RESULT 83] [ 0.00930241 -0.01882439  0.0181268   0.0165914   0.02033781  0.09625359
  0.          0.0018732   0.0081268   0.00625359  0.          0.01080241
 -0.01932439  0.0031268 ]
	[RESULT 84] [ 0.00743807 -0.02012653  0.0175646   0.01506593  0.01993673  0.0951292
  0.          0.0024354   0.0075646   0.0051292   0.          0.00893807
 -0.02199733  0.0039354 ]
	[RESULT 85] [2.79246366e-02 1.20756008e-02 1.99997626e-02 1.42126745e-02
 1.42121996e-02 9.99995251e-02 0.00000000e+00 2.37447937e-07
 9.99976255e-03 9.99952510e-03 0.00000000e+00 2.49246366e-02
 1.10751259e-02 7.00023745e-03]
	[RESULT 86] [ 0.00729476 -0.02053423  0.01782899  0.01539086  0.01973289  0.09565797
  0.          0.00217101  0.00782899  0.00565797  0.          0.00779476
 -0.02203423  0.00282899]
	[RESULT 87] [ 0.00717644 -0.01967965  0.01685609  0.01362236  0.01991017  0.09371219
  0.          0.00314391  0.00685609  0.00371219  0.          0.00867644
 -0.02196747  0.00364391]
	[RESULT 88] [ 0.00780972 -0.01838076  0.01619048  0.01294057  0.02055962  0.09238095
  0.          0.00380952  0.00619048  0.00238095  0.          0.01030972
 -0.02199981  0.00530952]
	[RESULT 89] [ 0.02404173 -0.00193194  0.01597367  0.02098137  0.02096597  0.09194734
  0.          0.00402633  0.00597367  0.00194734  0.          0.02454173
 -0.0069846   0.00452633]
	[RESULT 90] [ 0.01848391 -0.00721101  0.01569492  0.01753433  0.0238555   0.09138984
  0.          0.00491524  0.00569492  0.00138984  0.          0.02148391
 -0.01182117  0.00630508]
	[RESULT 91] [0.03215634 0.01200387 0.01583979 0.02231849 0.01399806 0.09167957
 0.         0.00416021 0.00583979 0.00167957 0.         0.03165634
 0.00668345 0.00466021]
	[RESULT 92] [ 0.00705704 -0.02007212  0.01712916  0.01397225  0.01971394  0.09425831
  0.          0.00287084  0.00712916  0.00425831  0.          0.01005704
 -0.02181381  0.00487084]
	[RESULT 93] [ 0.02530773 -0.00073524  0.01604297  0.02146833  0.02061762  0.09208594
  0.          0.00887108  0.00604297  0.00208594  0.          0.02830773
 -0.00964929  0.01095703]
	[RESULT 94] [ 2.49650516e-02 -5.01191170e-03  1.99769633e-02  2.28020293e-02
  2.27559558e-02  9.99539265e-02  0.00000000e+00  2.30367275e-05
  9.97696327e-03  9.95392654e-03  0.00000000e+00  2.79650516e-02
 -4.01191170e-03  4.97696327e-03]
	[RESULT 95] [ 2.60350459e-02 -3.93776372e-03  1.99728096e-02  2.22732626e-02
  2.22188819e-02  9.99456192e-02  0.00000000e+00  2.71903848e-05
  9.97280962e-03  9.94561923e-03  0.00000000e+00  2.75350459e-02
 -4.43776372e-03  4.97280962e-03]
	[RESULT 96] [ 2.70041239e-02 -2.92579747e-03  1.99299213e-02  2.18530560e-02
  2.17128987e-02  9.98598427e-02  0.00000000e+00  7.00786506e-05
  9.92992135e-03  9.85984270e-03  0.00000000e+00  3.00041239e-02
 -1.92579747e-03  4.92992135e-03]
	[RESULT 97] [ 0.02415753 -0.00101794  0.01517547  0.01984197  0.02050897  0.09035094
  0.          0.00997359  0.00517547  0.00035094  0.          0.02465753
 -0.012667    0.01032453]
	[RESULT 98] [0.012133 0.018158 0.016025 0.012029 0.004079 0.09205  0.       0.007425
 0.006025 0.00205  0.       0.011633 0.001108 0.009475]
	[RESULT 99] [ 0.01134939 -0.0151089   0.01645829  0.01511214  0.02219555  0.09291659
  0.          0.00354171  0.00645829  0.00291659  0.          0.01284939
 -0.01819231  0.00404171]
	[RESULT 100] [ 0.0265974  -0.00322595  0.01982335  0.02221627  0.02186298  0.0996467
  0.          0.00017665  0.00982335  0.0096467   0.          0.0295974
 -0.00222595  0.00482335]
	[RESULT 101] [ 0.00752278 -0.01949398  0.01701676  0.01403654  0.02000301  0.09403353
  0.          0.00298324  0.00701676  0.00403353  0.          0.01052278
 -0.02146046  0.00498324]
	[RESULT 102] [ 0.02304484 -0.00249386  0.0155387   0.01958048  0.02149693  0.09107741
  0.          0.00488389  0.0055387   0.00107741  0.          0.02554484
 -0.00741645  0.0059613 ]
	[RESULT 103] [ 0.01751742 -0.01067423  0.01819166  0.0207962   0.02441288  0.09638331
  0.          0.00180834  0.00819166  0.00638331  0.          0.02051742
 -0.01029092  0.00380834]
	[RESULT 104] [ 2.93194611e-02 -6.80201523e-04  1.99996626e-02  2.05907755e-02
  2.05901008e-02  9.99993253e-02  0.00000000e+00  3.37351670e-07
  9.99966265e-03  9.99932530e-03  0.00000000e+00  3.23194611e-02
 -1.68087623e-03  7.00033735e-03]
	[RESULT 105] [ 0.00453475 -0.02521309  0.01974784  0.01663913  0.01714346  0.09949568
  0.          0.00025216  0.00974784  0.00949568  0.          0.00603475
 -0.02571309  0.00474784]
