[METRICS]
	[DISEQUILIBRIUM COUNT] 1868
	[MINIMUM S0 sTrt S1 DISTANCE]0.004003561110389242
	[MINIMUM S0 sTrt S21 DISTANCE]-0.025993739007068237
	[MINIMUM S0 sTrt S22 DISTANCE]0.015108733435875155
	[MINIMUM S7 sTrt S6 DISTANCE]0.007926101812185171
	[MINIMUM S7 sTrt S8 DISTANCE]0.0028619059978325923
	[MINIMUM S7 sTrt S21 DISTANCE]0.09021746687175031
	[MINIMUM S7 esTrt S22 DISTANCE]0.0
	[MINIMUM S14 sTrt S13 DISTANCE]1.1045867331915815e-08
	[MINIMUM S14 sTrt S15 DISTANCE]0.005108733435875146
	[MINIMUM S14 sTrt S21 DISTANCE]0.0002174668717502895
	[MINIMUM S14 sTrt S22 DISTANCE]0.0
	[MINIMUM S20 sTrt S19 DISTANCE]0.005503561110389077
	[MINIMUM S20 sTrt S21 DISTANCE]-0.026493739007068244
	[MINIMUM S20 sTrt S22 DISTANCE]0.00279984213503337
	[AVERAGE S0 sTrt S1 DISTANCE]0.0205500735924374
	[AVERAGE S0 sTrt S21 DISTANCE]0.0035987110528011273
	[AVERAGE S0 sTrt S22 DISTANCE]0.01704003309798761
	[AVERAGE S7 sTrt S6 DISTANCE]0.018408090905804125
	[AVERAGE S7 sTrt S8 DISTANCE]0.015572727395652582
	[AVERAGE S7 sTrt S21 DISTANCE]0.09408006619597492
	[AVERAGE S7 sTrt S22 DISTANCE]0.0
	[AVERAGE S14 sTrt S13 DISTANCE]0.004132429465066956
	[AVERAGE S14 sTrt S15 DISTANCE]0.007040033097987603
	[AVERAGE S14 sTrt S21 DISTANCE]0.0040800661959752025
	[AVERAGE S14 sTrt S22 DISTANCE]0.0
	[AVERAGE S20 sTrt S19 DISTANCE]0.02091511401978517
	[AVERAGE S20 sTrt S21 DISTANCE]-0.004293774571365799
	[AVERAGE S20 sTrt S22 DISTANCE]0.00655009999577647
[VARIABLES]
	[RESULT 1] [0 6.116548702409947 0 1 21 3999.913936106012 100]
	[RESULT 2] [0 5.005511320172792 0 1 15 3999.6512046532407 70]
	[RESULT 3] [0 6.178297926604408 0 3 21 3999.948048207275 100]
	[RESULT 4] [1 12.037996835271164 0 1 20 3999.9940182809605 100]
	[RESULT 5] [0 6.6952266936524 1 2 16 3999.977645957977 96]
	[RESULT 6] [1 5.125967178886339 0 1 16 3999.8438431478326 100]
	[RESULT 7] [0 5.00000460271792 1 3 19 3752.628913166585 100]
	[RESULT 8] [1 5.000065244541861 1 1 2 3993.442448975796 100]
	[RESULT 9] [1 5.167011625145935 0 3 15 3891.4951489291343 100]
	[RESULT 10] [1 5.227434343280737 0 4 4 3846.0056639097265 100]
	[RESULT 11] [0 5.030780543711083 0 4 14 3999.9966858012012 100]
	[RESULT 12] [1 29.184786015766758 1 4 16 3838.382488566597 100]
	[RESULT 13] [1 5.051519053179101 0 3 16 3999.985697772574 100]
	[RESULT 14] [0 6.803503563884921 0 4 24 3999.996632812266 97]
	[RESULT 15] [1 5.276475074405127 0 4 11 3997.7419200881286 96]
	[RESULT 16] [1 5.1126338009327 1 3 22 3967.831021982217 100]
	[RESULT 17] [1 14.599877280730716 1 1 14 3999.9975507594327 100]
	[RESULT 18] [1 5.203798123437185 0 3 23 3999.9644394252164 100]
	[RESULT 19] [1 8.648600639921838 0 1 20 3962.669144388313 100]
	[RESULT 20] [1 6.388105380175934 0 1 16 3999.9366065746267 100]
	[RESULT 21] [1 5.038561165112586 0 4 17 3999.9739244618 97]
	[RESULT 22] [0 24.67900766643827 0 1 19 3999.9309289901516 98]
	[RESULT 23] [1 5.002417479460607 0 3 23 3995.8228575360667 77]
	[RESULT 24] [0 5.31350003406803 1 1 20 2682.6760972738266 29]
	[RESULT 25] [1 6.379149959606819 0 4 4 3999.9951057459425 100]
	[RESULT 26] [1 7.175221350740451 0 3 16 3999.985697772574 100]
	[RESULT 27] [1 5.75475806573173 0 4 17 3999.9739244618 97]
	[RESULT 28] [0 5.0114502211445675 1 1 8 3999.5178149697754 26]
	[RESULT 29] [1 6.669137846775408 0 4 4 3791.1565987389313 100]
	[RESULT 30] [1 5.371893955475041 0 3 16 3999.9950071267504 99]
	[RESULT 31] [1 5.221332722195465 0 1 21 3999.958075457459 100]
	[RESULT 32] [1 5.1022344005423665 0 4 6 3999.7820944973078 100]
	[RESULT 33] [0 5.0140619803754936 1 4 16 3991.5758806493554 100]
	[RESULT 34] [0 33.479337159468116 1 1 3 3999.7311492151966 92]
	[RESULT 35] [1 23.624675306436068 1 2 6 3985.617613353058 100]
	[RESULT 36] [1 12.035348325695454 1 1 19 3996.460365315738 99]
	[RESULT 37] [1 5.34100165651121 1 1 20 3959.3261187074268 100]
	[RESULT 38] [0 31.304606062016035 1 1 1 3963.6258476501416 90]
	[RESULT 39] [0 6.403406577600544 0 4 16 3999.995189647002 100]
	[RESULT 40] [0 6.645456130880373 0 1 19 3999.929528428079 100]
	[RESULT 41] [0 8.981128379656036 1 1 17 2169.3665390763504 25]
	[RESULT 42] [1 5.00150986070988 0 3 21 3999.8103032035997 94]
	[RESULT 43] [1 5.3639837306946445 0 2 16 3998.379566244093 99]
	[RESULT 44] [1 5.1442050806803294 0 4 14 3969.303069515678 98]
	[RESULT 45] [1 7.29879271348204 1 4 16 3790.527537257729 100]
	[RESULT 46] [1 5.639795599872165 0 3 14 3993.185392680405 100]
	[RESULT 47] [1 5.175044196770761 0 1 18 3880.565445485257 100]
	[RESULT 48] [1 5.032999740827892 0 3 24 3998.2756790591898 100]
	[RESULT 49] [1 12.997632001584854 0 1 14 3980.4753262584736 100]
	[RESULT 50] [1 5.62951014915401 0 3 16 3990.386295686962 100]
	[RESULT 51] [1 6.122065933894129 0 1 15 3985.375682056382 100]
	[RESULT 52] [1 5.074309044774191 0 4 16 3681.918127296661 100]
	[RESULT 53] [1 5.0072536909642915 0 3 7 3999.5171856910015 100]
	[RESULT 54] [1 5.080553905317526 1 4 22 3987.3953081296054 100]
	[RESULT 55] [0 6.948245374649681 0 3 21 3993.129711685138 100]
	[RESULT 56] [1 5.0114502211445675 1 1 22 3999.5178149697754 26]
	[RESULT 57] [0 12.875861881033483 0 1 16 3940.349533148782 100]
	[RESULT 58] [1 27.06766259908645 0 1 24 3989.988843516793 99]
	[RESULT 59] [1 5.223921754564421 1 3 2 3999.9998538196087 100]
	[RESULT 60] [0 5.0513281487311765 0 1 16 3999.9997652181596 100]
	[RESULT 61] [1 5.083168208645242 0 3 16 3996.524505880501 100]
	[RESULT 62] [1 5.850991356062231 0 3 16 3993.185392680405 100]
	[RESULT 63] [1 5.002405859374896 0 3 20 3999.964429382554 88]
	[RESULT 64] [1 23.361813981354732 1 4 6 3999.9830722284332 97]
	[RESULT 65] [1 5.744751613030109 0 1 18 3999.8378977216344 100]
	[RESULT 66] [1 6.188968173597452 0 3 16 3998.5303998883383 100]
	[RESULT 67] [1 5.207875908208679 0 3 17 3999.467522570252 98]
	[RESULT 68] [1 5.8375930723659435 0 4 11 3997.7419200881286 100]
	[RESULT 69] [0 10.248219619074824 0 1 2 3783.5867843498295 100]
	[RESULT 70] [0 14.536561017588568 0 3 21 2547.538267615166 31]
	[RESULT 71] [1 5.004317118182586 0 3 12 3999.5109645330112 30]
	[RESULT 72] [1 29.681674840377067 0 2 4 3969.774314947007 100]
	[RESULT 73] [0 23.608240251951138 1 2 4 3985.6630869368846 100]
	[RESULT 74] [1 5.132063086571771 0 1 16 3999.3570367940083 100]
	[RESULT 75] [1 12.997632001584854 0 1 15 3989.7036016456236 100]
	[RESULT 76] [0 5.000002209178348 1 3 19 3736.1513473776454 100]
	[RESULT 77] [1 6.108568521065433 0 4 16 3999.968224729176 100]
	[RESULT 78] [1 11.778843917767484 0 3 20 3999.0304840625986 77]
	[RESULT 79] [1 5.232087390230245 0 4 15 3766.6692087984716 100]
	[RESULT 80] [1 5.323349419409333 0 4 16 3681.918127296661 100]
	[RESULT 81] [1 5.9379013805727325 0 3 14 3999.669678283344 100]
	[RESULT 82] [1 24.202559639820016 0 3 17 3790.973783932571 98]
	[RESULT 83] [1 5.026920347972853 0 1 22 3999.8438431478326 100]
	[RESULT 84] [1 5.061860362270702 1 1 18 3999.9297091122035 100]
	[RESULT 85] [0 6.7915400762643285 0 4 16 3997.414700426639 100]
	[RESULT 86] [1 5.138263017506121 0 3 17 3999.467522570252 100]
	[RESULT 87] [0 9.177019765525063 0 1 15 3999.6512046532407 70]
	[RESULT 88] [1 5.352897732218452 0 4 4 3964.450488591363 100]
	[RESULT 89] [1 23.361813981354732 1 4 6 3744.002663444391 97]
	[RESULT 90] [0 5.215873911123773 0 1 19 3983.092878169528 100]
	[RESULT 91] [0 5.24475021268943 0 1 20 3999.931764877205 100]
	[RESULT 92] [1 5.276475074405127 0 4 11 3979.9582474573717 96]
	[RESULT 93] [0 5.2451426387375495 0 1 23 3999.9981256607457 98]
	[RESULT 94] [1 6.030078653877567 0 1 16 3999.987858911109 100]
	[RESULT 95] [1 5.002405859374896 0 3 20 3666.469639214998 88]
	[RESULT 96] [1 12.0145350415051 0 1 18 3880.1397374994817 100]
	[RESULT 97] [0 7.588269477316704 0 1 16 3973.605156831378 100]
	[RESULT 98] [1 5.076469211847218 0 1 20 3999.99440349868 100]
	[RESULT 99] [0 6.196383554704496 1 2 16 3788.6996786318805 96]
	[RESULT 100] [1 5.20226278493299 0 3 7 3975.30688690168 98]
	[RESULT 101] [1 7.014960341215175 1 3 22 3937.3321493342696 100]
	[RESULT 102] [1 6.658590949644691 0 1 24 3998.809240185577 100]
	[RESULT 103] [0 5.1138912649985295 0 1 12 3990.562832619601 100]
	[RESULT 104] [1 5.186109072297937 0 3 23 3999.9830666622315 95]
	[RESULT 105] [1 6.896002552177059 0 1 14 3999.997792048599 100]
[OBJECTIVES]
	[RESULT 1] [ 0.00772343 -0.0196389   0.01736234  0.01490522  0.02018055  0.09472467
  0.          0.00263766  0.00736234  0.00472467  0.          0.00822343
 -0.02191423  0.00313766]
	[RESULT 2] [ 2.47262402e-02 -5.24635419e-03  1.99725944e-02  2.26779882e-02
  2.26231771e-02  9.99451889e-02  0.00000000e+00  2.74055600e-05
  9.97259444e-03  9.94518888e-03  0.00000000e+00  2.52262402e-02
 -6.74635419e-03  4.97259444e-03]
	[RESULT 3] [ 0.00775647 -0.0195389   0.01729537  0.01482129  0.02023055  0.09459074
  0.          0.00270463  0.00729537  0.00459074  0.          0.00925647
 -0.02194816  0.00420463]
	[RESULT 4] [ 0.00838393 -0.01723811  0.01562205  0.01237504  0.02113094  0.09124409
  0.          0.00437795  0.00562205  0.00124409  0.          0.00988393
 -0.02199402  0.00487795]
	[RESULT 5] [ 0.0291672   0.00231207  0.01685513  0.0248663   0.01884396  0.09371026
  0.          0.00543461  0.00685513  0.00371026  0.          0.0301672
 -0.00597767  0.00914487]
	[RESULT 6] [ 0.00471456 -0.02472607  0.01944063  0.01626822  0.01738697  0.09888125
  0.          0.00055937  0.00944063  0.00888125  0.          0.00621456
 -0.02522607  0.00444063]
	[RESULT 7] [3.27053595e-02 2.70538250e-03 1.99999770e-02 1.86473548e-02
 1.86473088e-02 9.99999540e-02 0.00000000e+00 2.30134837e-08
 9.99997699e-03 9.99995397e-03 0.00000000e+00 3.42053595e-02
 7.05336468e-04 6.50002301e-03]
	[RESULT 8] [ 1.41952406e-02 -1.58044332e-02  1.99996738e-02  2.18471310e-02
  2.18477834e-02  9.99993476e-02  0.00000000e+00  3.26201426e-07
  9.99967380e-03  9.99934760e-03  0.00000000e+00  1.56952406e-02
 -1.68050856e-02  5.50032620e-03]
	[RESULT 9] [ 0.02503407 -0.00425037  0.01928445  0.02380629  0.02237519  0.09856889
  0.          0.00071555  0.00928445  0.00856889  0.          0.02753407
 -0.00375037  0.00428445]
	[RESULT 10] [ 0.02643473 -0.00263881  0.01907354  0.02342233  0.0215694   0.09814708
  0.          0.00092646  0.00907354  0.00814708  0.          0.02943473
 -0.00163881  0.00407354]
	[RESULT 11] [ 0.00515262 -0.02469807  0.01985069  0.01735235  0.01765096  0.09970139
  0.          0.00014931  0.00985069  0.00970139  0.          0.00715262
 -0.02469807  0.00485069]
	[RESULT 12] [ 0.03454763  0.01025384  0.01519853  0.02472602  0.01512308  0.09039707
  0.          0.0085956   0.00519853  0.00039707  0.          0.03154763
 -0.0003491   0.01180147]
	[RESULT 13] [ 0.00425927 -0.02549576  0.01975503  0.01651217  0.01700212  0.09951005
  0.          0.00024497  0.00975503  0.00951005  0.          0.00675927
 -0.02499576  0.00475503]
	[RESULT 14] [ 0.02321988 -0.0035636   0.01678348  0.02178517  0.0217818   0.09356697
  0.          0.00321652  0.00678348  0.00356697  0.          0.02521988
 -0.00699663  0.00521652]
	[RESULT 15] [ 0.02315398 -0.00576305  0.01891704  0.02470255  0.02313153  0.09783407
  0.          0.00108296  0.00891704  0.00783407  0.          0.02615398
 -0.00476305  0.00391704]
	[RESULT 16] [ 0.02357366 -0.00592019  0.01949384  0.02422241  0.02321009  0.09898768
  0.          0.00050616  0.00949384  0.00898768  0.          0.02607366
 -0.0079325   0.00700616]
	[RESULT 17] [ 0.01353075 -0.01194096  0.0154717   0.01472293  0.02377952  0.09094341
  0.          0.00908489  0.0054717   0.00094341  0.          0.01503075
 -0.02199755  0.0100283 ]
	[RESULT 18] [ 0.00488199 -0.02427153  0.01915352  0.01592128  0.01761423  0.09830704
  0.          0.00084648  0.00915352  0.00830704  0.          0.00738199
 -0.02377153  0.00415352]
	[RESULT 19] [ 0.02289727 -0.00317832  0.01607559  0.02031202  0.02183916  0.09215119
  0.          0.00392441  0.00607559  0.00215119  0.          0.02439727
 -0.00702714  0.00442441]
	[RESULT 20] [ 0.00696952 -0.02012419  0.01709371  0.01387533  0.01968791  0.09418742
  0.          0.00290629  0.00709371  0.00418742  0.          0.00846952
 -0.02193677  0.00340629]
	[RESULT 21] [ 0.0192117  -0.01060266  0.01981435  0.02407738  0.02444867  0.09962871
  0.          0.00018565  0.00981435  0.00962871  0.          0.0222117
 -0.00960266  0.00481435]
	[RESULT 22] [ 0.02316042 -0.00208137  0.01524179  0.0194429   0.02104068  0.09048358
  0.          0.00477463  0.00524179  0.00048358  0.          0.02366042
 -0.00859779  0.00525821]
	[RESULT 23] [ 2.67578472e-02 -3.23009453e-03  1.99879418e-02  2.18891638e-02
  2.18650473e-02  9.99758835e-02  0.00000000e+00  1.20582467e-05
  9.98794175e-03  9.97588351e-03  0.00000000e+00  2.92578472e-02
 -2.73009453e-03  4.98794175e-03]
	[RESULT 24] [0.01455001 0.02335664 0.01880662 0.00906507 0.00667832 0.09761325
 0.         0.00119338 0.00880662 0.00761325 0.         0.01405001
 0.00074339 0.00669338]
	[RESULT 25] [ 0.0069033  -0.02019829  0.01710159  0.01385404  0.01965086  0.09420318
  0.          0.00289841  0.00710159  0.00420318  0.          0.0099033
 -0.02199511  0.00489841]
	[RESULT 26] [ 0.0074396  -0.01913509  0.01657469  0.01333184  0.02018245  0.09314939
  0.          0.00342531  0.00657469  0.00314939  0.          0.0099396
 -0.02198571  0.00492531]
	[RESULT 27] [ 0.02117665 -0.00667274  0.0178494   0.02211242  0.02358637  0.09569879
  0.          0.0021506   0.0078494   0.00569879  0.          0.02417665
 -0.00697395  0.0041506 ]
	[RESULT 28] [ 3.02629972e-02  3.19600226e-04  1.99433970e-02  1.99534059e-02
  1.98401999e-02  9.98867940e-02  0.00000000e+00  5.66029890e-05
  9.94339701e-03  9.88679402e-03  0.00000000e+00  3.07629972e-02
 -1.79360575e-03  5.55660299e-03]
	[RESULT 29] [0.02945401 0.00258074 0.01687326 0.0247869  0.01895963 0.09374653
 0.         0.00312674 0.00687326 0.00374653 0.         0.03245401
 0.00032727 0.00512674]
	[RESULT 30] [ 0.0153604  -0.0132842   0.0186446   0.02039709  0.0231079   0.09728919
  0.          0.0013554   0.0086446   0.00728919  0.          0.0178604
 -0.0127842   0.0036446 ]
	[RESULT 31] [ 0.00494797 -0.02414592  0.01909389  0.01586482  0.01767704  0.09818778
  0.          0.00090611  0.00909389  0.00818778  0.          0.00644797
 -0.02464592  0.00409389]
	[RESULT 32] [ 0.00467978 -0.02485646  0.01953624  0.01639425  0.01732177  0.09907248
  0.          0.00046376  0.00953624  0.00907248  0.          0.00767978
 -0.02385646  0.00453624]
	[RESULT 33] [ 1.63702633e-02 -1.35604017e-02  1.99306651e-02  2.30811293e-02
  2.32197991e-02  9.98613302e-02  0.00000000e+00  6.93349157e-05
  9.93066508e-03  9.86133017e-03  0.00000000e+00  1.83702633e-02
 -1.56990716e-02  7.06933492e-03]
	[RESULT 34] [ 0.03287416  0.00770455  0.01516961  0.02419149  0.01614773  0.09033922
  0.          0.00999117  0.00516961  0.00033922  0.          0.03337416
 -0.00395623  0.01033039]
	[RESULT 35] [ 0.02287518 -0.0023796   0.01525478  0.01906976  0.0214398   0.09050956
  0.          0.00976434  0.00525478  0.00050956  0.          0.02487518
 -0.01287004  0.01074522]
	[RESULT 36] [ 0.02647838  0.00085613  0.01562225  0.02142257  0.01982194  0.0912445
  0.          0.00863325  0.00562225  0.0012445   0.          0.02797838
 -0.00889937  0.00987775]
	[RESULT 37] [ 0.02575472 -0.00297383  0.01872856  0.0242798   0.02173692  0.09745711
  0.          0.00127144  0.00872856  0.00745711  0.          0.02725472
 -0.00651672  0.00677144]
	[RESULT 38] [0.02218474 0.02263214 0.01518312 0.01831769 0.00868393 0.09036624
 0.         0.00995064 0.00518312 0.00036624 0.         0.02168474
 0.01099838 0.01031688]
	[RESULT 39] [ 0.00792443 -0.01915595  0.01708038  0.01458279  0.02042202  0.09416076
  0.          0.00291962  0.00708038  0.00416076  0.          0.00992443
 -0.02199519  0.00491962]
	[RESULT 40] [ 0.00818024 -0.01870979  0.01689003  0.01442517  0.0206451   0.09378007
  0.          0.00310997  0.00689003  0.00378007  0.          0.00868024
 -0.02192973  0.00360997]
	[RESULT 41] [0.01160376 0.01760755 0.01600379 0.0117962  0.00380377 0.09200758
 0.         0.00748863 0.00600379 0.00200758 0.         0.01110376
 0.00059997 0.00949621]
	[RESULT 42] [ 2.13386633e-02 -8.65379877e-03  1.99924621e-02  2.45919752e-02
  2.45768994e-02  9.99849242e-02  0.00000000e+00  7.53792234e-06
  9.99246208e-03  9.98492416e-03  0.00000000e+00  2.38386633e-02
 -8.15379877e-03  4.99246208e-03]
	[RESULT 43] [ 0.01685606 -0.01180967  0.01866573  0.02117663  0.02384516  0.09733147
  0.          0.00133427  0.00866573  0.00733147  0.          0.01885606
 -0.01180967  0.00366573]
	[RESULT 44] [0.03174204 0.0023722  0.01936985 0.02032421 0.0190639  0.09873969
 0.         0.00063015 0.00936985 0.00873969 0.         0.03474204
 0.0033722  0.00436985]
	[RESULT 45] [0.03481874 0.00830303 0.01651571 0.02306707 0.01609849 0.09303141
 0.         0.00745288 0.00651571 0.00303141 0.         0.03218126
 0.00033444 0.01048429]
	[RESULT 46] [ 0.01130578 -0.01674339  0.01804916  0.01747663  0.02137831  0.09609832
  0.          0.00195084  0.00804916  0.00609832  0.          0.01380578
 -0.01664506  0.00345084]
	[RESULT 47] [ 0.02541762 -0.00383754  0.01925516  0.02365845  0.02216877  0.09851032
  0.          0.00074484  0.00925516  0.00851032  0.          0.02691762
 -0.00433754  0.00425516]
	[RESULT 48] [ 0.00577279 -0.02406748  0.01984027  0.0173968   0.01771626  0.09968054
  0.          0.00015973  0.00984027  0.00968054  0.          0.00827279
 -0.02356748  0.00484027]
	[RESULT 49] [ 0.01940714 -0.00614856  0.0155557   0.01778712  0.02332428  0.0911114
  0.          0.0044443   0.0055557   0.0011114   0.          0.02090714
 -0.01103716  0.0049443 ]
	[RESULT 50] [ 0.01287516 -0.01519325  0.01806841  0.01829019  0.02215338  0.09613681
  0.          0.00193159  0.00806841  0.00613681  0.          0.01537516
 -0.01505643  0.00343159]
	[RESULT 51] [ 0.01587066 -0.01148553  0.01735619  0.01871962  0.02400723  0.09471239
  0.          0.00264381  0.00735619  0.00471239  0.          0.01737066
 -0.01277314  0.00314381]
	[RESULT 52] [ 0.02752412 -0.00213003  0.01965415  0.02200671  0.02131502  0.09930831
  0.          0.00034585  0.00965415  0.00930831  0.          0.03052412
 -0.00113003  0.00465415]
	[RESULT 53] [ 4.50967386e-03 -2.54543189e-02  1.99639927e-02  1.69508260e-02
  1.70228406e-02  9.99279855e-02  0.00000000e+00  3.60072692e-05
  9.96399273e-03  9.92798546e-03  0.00000000e+00  7.00967386e-03
 -2.49543189e-02  4.96399273e-03]
	[RESULT 54] [ 0.01775248 -0.01187478  0.01962726  0.02306712  0.02381261  0.09925451
  0.          0.00037274  0.00962726  0.00925451  0.          0.02075248
 -0.01362027  0.00737274]
	[RESULT 55] [ 0.01369333 -0.01300259  0.01669592  0.01689055  0.02349871  0.09339185
  0.          0.00330408  0.00669592  0.00339185  0.          0.01519333
 -0.01661074  0.00480408]
	[RESULT 56] [ 2.92629972e-02 -6.80399774e-04  1.99433970e-02  2.07034059e-02
  2.05901999e-02  9.98867940e-02  0.00000000e+00  5.66029890e-05
  9.94339701e-03  9.88679402e-03  0.00000000e+00  3.07629972e-02
 -1.79360575e-03  5.55660299e-03]
	[RESULT 57] [ 0.02705337  0.00149005  0.01556333  0.02187167  0.01925498  0.09112665
  0.          0.00443667  0.00556333  0.00112665  0.          0.02755337
 -0.0043833   0.00493667]
	[RESULT 58] [ 0.02593179  0.00071504  0.01521675  0.02054103  0.01989248  0.09043351
  0.          0.00484974  0.00521675  0.00043351  0.          0.02743179
 -0.00485145  0.00528325]
	[RESULT 59] [ 0.00991492 -0.01917031  0.01908523  0.0183353   0.02016484  0.09817046
  0.          0.00091477  0.00908523  0.00817046  0.          0.01241492
 -0.02199985  0.00741477]
	[RESULT 60] [ 0.00524435 -0.02451154  0.01975589  0.01725601  0.01774423  0.09951178
  0.          0.00024411  0.00975589  0.00951178  0.          0.00574435
 -0.02601154  0.00475589]
	[RESULT 61] [ 0.00743521 -0.02218087  0.01961609  0.01789174  0.01865956  0.09923218
  0.          0.00038391  0.00961609  0.00923218  0.          0.00993521
 -0.02168087  0.00461609]
	[RESULT 62] [ 0.01165368 -0.01604757  0.01770126  0.01712872  0.02172621  0.09540251
  0.          0.00229874  0.00770126  0.00540251  0.          0.01415368
 -0.01664506  0.00379874]
	[RESULT 63] [ 2.25090590e-02 -7.47894061e-03  1.99879996e-02  2.40134712e-02
  2.39894703e-02  9.99759991e-02  0.00000000e+00  1.20004255e-05
  9.98799957e-03  9.97599915e-03  0.00000000e+00  2.50090590e-02
 -6.97894061e-03  4.98799957e-03]
	[RESULT 64] [ 0.02875868  0.00350044  0.01525824  0.0220167   0.01849978  0.09051648
  0.          0.00877472  0.00525824  0.00051648  0.          0.03175868
 -0.00698308  0.01174176]
	[RESULT 65] [ 0.00629532 -0.02157042  0.01786574  0.01469627  0.01896479  0.09573147
  0.          0.00213426  0.00786574  0.00573147  0.          0.00779532
 -0.02207042  0.00286574]
	[RESULT 66] [ 0.00810383 -0.01918035  0.01728418  0.01472818  0.02015982  0.09456836
  0.          0.00271582  0.00728418  0.00456836  0.          0.01060383
 -0.02061199  0.00421582]
	[RESULT 67] [ 0.01871521 -0.01042429  0.0191395   0.02281685  0.02453785  0.098279
  0.          0.0008605   0.0091395   0.008279    0.          0.02121521
 -0.00992429  0.0041395 ]
	[RESULT 68] [ 0.00835007 -0.01937088  0.01772095  0.01550646  0.02006456  0.0954419
  0.          0.00227905  0.00772095  0.0054419   0.          0.01135007
 -0.01992898  0.00427905]
	[RESULT 69] [0.03161085 0.00581062 0.01580023 0.02450577 0.01709469 0.09160046
 0.         0.00419977 0.00580023 0.00160046 0.         0.03211085
 0.00041108 0.00469977]
	[RESULT 70] [0.01618328 0.02165781 0.01547454 0.01487983 0.00582891 0.09094908
 0.         0.00507639 0.00547454 0.00094908 0.         0.01468328
 0.00070874 0.00602546]
	[RESULT 71] [ 2.42194554e-02 -5.75905175e-03  1.99785072e-02  2.31725115e-02
  2.31295259e-02  9.99570144e-02  0.00000000e+00  2.14928039e-05
  9.97850720e-03  9.95701439e-03  0.00000000e+00  2.67194554e-02
 -5.25905175e-03  4.97850720e-03]
	[RESULT 72] [ 0.02248811 -0.00270658  0.01519469  0.01878609  0.02160329  0.09038938
  0.          0.00541593  0.00519469  0.00038938  0.          0.02448811
 -0.0083172   0.00580531]
	[RESULT 73] [ 0.02385662 -0.00139837  0.01525499  0.0198108   0.02069919  0.09050999
  0.          0.00976498  0.00525499  0.00050999  0.          0.02485662
 -0.01288838  0.01074501]
	[RESULT 74] [ 0.00521013 -0.02420659  0.01941671  0.01648014  0.01764671  0.09883343
  0.          0.00058329  0.00941671  0.00883343  0.          0.00671013
 -0.02470659  0.00441671]
	[RESULT 75] [ 0.01573711 -0.00981859  0.0155557   0.01595211  0.0248407   0.0911114
  0.          0.0044443   0.0055557   0.0011114   0.          0.01723711
 -0.01470719  0.0049443 ]
	[RESULT 76] [3.28362481e-02 2.83625919e-03 1.99999890e-02 1.85818925e-02
 1.85818704e-02 9.99999779e-02 0.00000000e+00 1.10458673e-08
 9.99998895e-03 9.99997791e-03 0.00000000e+00 3.43362481e-02
 8.36237094e-04 6.50001105e-03]
	[RESULT 77] [ 0.00666046 -0.02071082  0.01737128  0.01413714  0.01939459  0.09474255
  0.          0.00262872  0.00737128  0.00474255  0.          0.00966046
 -0.02196827  0.00462872]
	[RESULT 78] [ 0.02845722  0.00281445  0.01564277  0.02244276  0.01884278  0.09128554
  0.          0.00457169  0.00564277  0.00128554  0.          0.03095722
 -0.00190001  0.00585723]
	[RESULT 79] [ 0.02752247 -0.00153569  0.01905815  0.02290154  0.02101784  0.09811631
  0.          0.00094185  0.00905815  0.00811631  0.          0.03052247
 -0.00053569  0.00405815]
	[RESULT 80] [ 0.02839999 -0.00037831  0.01877829  0.02288257  0.02043915  0.09755658
  0.          0.00122171  0.00877829  0.00755658  0.          0.03139999
  0.00062169  0.00377829]
	[RESULT 81] [ 0.0067459  -0.02083421  0.01758011  0.01449312  0.0193329   0.09516022
  0.          0.00241989  0.00758011  0.00516022  0.          0.0092459
 -0.02167399  0.00391989]
	[RESULT 82] [0.0255848  0.01916771 0.01524749 0.02017116 0.01066615 0.09049499
 0.         0.00575752 0.00524749 0.00049499 0.         0.0230848
 0.00933731 0.00625251]
	[RESULT 83] [ 0.00428626 -0.02558267  0.01986893  0.01669652  0.01695867  0.09973785
  0.          0.00013107  0.00986893  0.00973785  0.          0.00578626
 -0.02608267  0.00486893]
	[RESULT 84] [ 0.00936138 -0.02034734  0.01970872  0.01899376  0.01957633  0.09941743
  0.          0.00029128  0.00970872  0.00941743  0.          0.01086138
 -0.02192991  0.00579128]
	[RESULT 85] [ 0.01055188 -0.01623925  0.01679113  0.01546263  0.02188038  0.09358225
  0.          0.00320887  0.00679113  0.00358225  0.          0.01255188
 -0.019657    0.00520887]
	[RESULT 86] [ 0.00512871 -0.02426394  0.01939266  0.01640334  0.01761803  0.09878532
  0.          0.00060734  0.00939266  0.00878532  0.          0.00762871
 -0.02376394  0.00439266]
	[RESULT 87] [ 0.02873303  0.00276722  0.01596581  0.02331522  0.01861639  0.09193161
  0.          0.00403419  0.00596581  0.00193161  0.          0.02923303
 -0.00230117  0.00453419]
	[RESULT 88] [ 0.0199821  -0.00871367  0.01869577  0.02278471  0.02460684  0.09739154
  0.          0.00130423  0.00869577  0.00739154  0.          0.0229821
 -0.00771367  0.00369577]
	[RESULT 89] [0.01848246 0.0237407  0.01525824 0.01660387 0.00712035 0.09051648
 0.         0.00877472 0.00525824 0.00051648 0.         0.01548246
 0.00722422 0.01174176]
	[RESULT 90] [ 0.0159738  -0.01313847  0.01911227  0.0216553   0.02343077  0.09822454
  0.          0.00088773  0.00911227  0.00822454  0.          0.0164738
 -0.01463847  0.00411227]
	[RESULT 91] [ 0.00605118 -0.02296569  0.01901687  0.01655089  0.01851715  0.09803374
  0.          0.00098313  0.00901687  0.00803374  0.          0.00655118
 -0.02446569  0.00401687]
	[RESULT 92] [0.03220695 0.00328991 0.01891704 0.02077097 0.01860504 0.09783407
 0.         0.00108296 0.00891704 0.00783407 0.         0.03479305
 0.00428991 0.00391704]
	[RESULT 93] [ 0.0193196  -0.009696    0.0190156   0.02318321  0.024848    0.09803121
  0.          0.0009844   0.0090156   0.00803121  0.          0.0198196
 -0.011196    0.0040156 ]
	[RESULT 94] [ 0.00654918 -0.02091378  0.01746296  0.01421903  0.01929311  0.09492592
  0.          0.00253704  0.00746296  0.00492592  0.          0.00804918
 -0.02198786  0.00303704]
	[RESULT 95] [2.42696887e-02 1.57423118e-02 1.99879996e-02 1.24028450e-02
 1.23788441e-02 9.99759991e-02 0.00000000e+00 1.20004255e-05
 9.98799957e-03 9.97599915e-03 0.00000000e+00 2.17696887e-02
 6.75768823e-03 4.98799957e-03]
	[RESULT 96] [ 0.02906163  0.00343776  0.01562387  0.02271662  0.01853112  0.09124773
  0.          0.00437613  0.00562387  0.00124773  0.          0.03056163
 -0.0013145   0.00487613]
	[RESULT 97] [ 0.02144582 -0.00494761  0.01639343  0.02031305  0.02247381  0.09278686
  0.          0.00360657  0.00639343  0.00278686  0.          0.02194582
 -0.00916075  0.00410657]
	[RESULT 98] [ 0.00436078 -0.02528403  0.01964481  0.01639761  0.01710798  0.09928963
  0.          0.00035519  0.00964481  0.00928963  0.          0.00586078
 -0.02578403  0.00464481]
	[RESULT 99] [0.01892141 0.02380212 0.01727647 0.013546   0.00809894 0.09455294
 0.         0.00417059 0.00727647 0.00455294 0.         0.01792141
 0.00664494 0.00872353]
	[RESULT 100] [0.03059731 0.00143849 0.01915882 0.02121311 0.01953076 0.09831765
 0.         0.00084118 0.00915882 0.00831765 0.         0.03309731
 0.00193849 0.00415882]
	[RESULT 101] [ 0.03021242  0.00355403  0.0166584   0.02484381  0.01847299  0.09331679
  0.          0.00652481  0.0066584   0.00331679  0.          0.03271242
 -0.00412918  0.0098416 ]
	[RESULT 102] [ 0.00825593 -0.01862477  0.0168807   0.01419901  0.02043762  0.09376139
  0.          0.0031193   0.0068807   0.00376139  0.          0.00975593
 -0.02086338  0.0036193 ]
	[RESULT 103] [ 0.01236224 -0.01712653  0.01948877  0.02041427  0.02143673  0.09897754
  0.          0.00051123  0.00948877  0.00897754  0.          0.01286224
 -0.01862653  0.00448877]
	[RESULT 104] [ 0.02146812 -0.00774734  0.01921546  0.02430726  0.02412367  0.09843093
  0.          0.00078454  0.00921546  0.00843093  0.          0.02396812
 -0.00724734  0.00421546]
	[RESULT 105] [ 0.00727569 -0.01945083  0.01672652  0.01347762  0.02002459  0.09345304
  0.          0.00327348  0.00672652  0.00345304  0.          0.00877569
 -0.02199779  0.00377348]
