[METRICS]
	[DISEQUILIBRIUM COUNT] 1848
	[MINIMUM S0 sTrt S1 DISTANCE]0.00402292522312564
	[MINIMUM S0 sTrt S21 DISTANCE]-0.025961732543238566
	[MINIMUM S0 sTrt S22 DISTANCE]0.015108696220422019
	[MINIMUM S7 sTrt S6 DISTANCE]0.00797863178984487
	[MINIMUM S7 sTrt S8 DISTANCE]0.00283132487661103
	[MINIMUM S7 sTrt S21 DISTANCE]0.090217392440844
	[MINIMUM S7 esTrt S22 DISTANCE]0.0
	[MINIMUM S14 sTrt S13 DISTANCE]9.821829460854303e-10
	[MINIMUM S14 sTrt S15 DISTANCE]0.005108696220421982
	[MINIMUM S14 sTrt S21 DISTANCE]0.00021739244084398313
	[MINIMUM S14 sTrt S22 DISTANCE]0.0
	[MINIMUM S20 sTrt S19 DISTANCE]0.005516207467331391
	[MINIMUM S20 sTrt S21 DISTANCE]-0.02647676235818778
	[MINIMUM S20 sTrt S22 DISTANCE]0.0027526613295708116
	[AVERAGE S0 sTrt S1 DISTANCE]0.02120072213355155
	[AVERAGE S0 sTrt S21 DISTANCE]0.0032159623444649103
	[AVERAGE S0 sTrt S22 DISTANCE]0.017350522218035066
	[AVERAGE S7 sTrt S6 DISTANCE]0.018673352289543248
	[AVERAGE S7 sTrt S8 DISTANCE]0.016019660312281102
	[AVERAGE S7 sTrt S21 DISTANCE]0.09470104443607037
	[AVERAGE S7 sTrt S22 DISTANCE]0.0
	[AVERAGE S14 sTrt S13 DISTANCE]0.00365430661708627
	[AVERAGE S14 sTrt S15 DISTANCE]0.0073505222180351255
	[AVERAGE S14 sTrt S21 DISTANCE]0.004701044436070224
	[AVERAGE S14 sTrt S22 DISTANCE]0.0
	[AVERAGE S20 sTrt S19 DISTANCE]0.02163022442918049
	[AVERAGE S20 sTrt S21 DISTANCE]-0.0038966976702070736
	[AVERAGE S20 sTrt S22 DISTANCE]0.006433734356418965
[VARIABLES]
	[RESULT 1] [0 41.47682186356911 1 2 14 3979.757310973539 100]
	[RESULT 2] [1 47.078447641662756 1 4 18 3837.5561005324394 100]
	[RESULT 3] [0 5.706812487569529 1 4 11 3699.4196478735735 100]
	[RESULT 4] [1 5.218045822540933 0 4 8 3999.9935324073763 100]
	[RESULT 5] [1 5.046911086044528 0 4 18 3999.2901414005973 100]
	[RESULT 6] [1 5.000587172541037 1 4 11 3999.533334496293 1]
	[RESULT 7] [1 5.0848074663582965 1 2 11 3963.5805387120768 100]
	[RESULT 8] [1 5.131924986489817 0 4 15 3977.9937490302823 100]
	[RESULT 9] [1 5.000587172541037 1 4 11 3999.533334496293 98]
	[RESULT 10] [1 6.075958234966926 0 3 19 3999.2992862491114 100]
	[RESULT 11] [1 8.037491612175051 1 4 21 3962.0586975071783 100]
	[RESULT 12] [0 5.766321698827971 0 1 18 3999.6388896865255 96]
	[RESULT 13] [0 5.483261367127079 0 4 16 3988.674145073878 100]
	[RESULT 14] [0 5.011540730887286 0 1 18 3983.364603664781 99]
	[RESULT 15] [0 6.482906684466943 0 2 11 3984.5263968400977 100]
	[RESULT 16] [1 5.072792714035921 0 4 16 3999.8827485631555 100]
	[RESULT 17] [1 6.934011586460617 0 1 13 3999.907337973052 100]
	[RESULT 18] [1 5.04675111530718 0 4 13 3998.0877762006144 100]
	[RESULT 19] [1 5.0612374040479144 0 1 20 3999.97332177798 100]
	[RESULT 20] [1 5.02680890537947 0 2 21 3999.1003257167113 100]
	[RESULT 21] [1 5.166819676744874 0 2 14 3999.9908861601125 100]
	[RESULT 22] [1 5.00001224331 0 1 13 3970.2772693101365 94]
	[RESULT 23] [0 5.533818773468804 1 2 18 3997.044804760198 100]
	[RESULT 24] [1 5.205946902039443 0 4 19 3882.1249356088365 100]
	[RESULT 25] [1 5.001441683669106 0 1 13 3970.1495371625138 94]
	[RESULT 26] [1 5.0000030063124274 0 4 13 3970.331780644027 94]
	[RESULT 27] [1 5.15392069010606 0 4 18 3999.9443190002416 85]
	[RESULT 28] [1 5.176787075244217 0 2 14 3931.2617566840545 100]
	[RESULT 29] [1 5.000010369281237 0 4 12 3970.2772693101365 94]
	[RESULT 30] [1 5.19250017176092 0 4 9 3999.9935324073763 100]
	[RESULT 31] [1 5.001402411084414 0 1 13 3970.2772693101365 94]
	[RESULT 32] [1 5.000000316235541 0 4 12 3970.2772693101365 94]
	[RESULT 33] [1 5.077798405909842 0 2 13 3999.9501190517935 100]
	[RESULT 34] [0 48.50136797757169 0 1 18 3982.0537509447317 100]
	[RESULT 35] [1 5.000587172541037 1 2 12 3999.9456057304915 1]
	[RESULT 36] [1 5.1409124451634085 0 4 9 3999.9935324073763 100]
	[RESULT 37] [1 5.01778911336281 1 4 12 3984.534042874953 100]
	[RESULT 38] [1 5.216549254193288 0 4 19 3952.5798818177727 100]
	[RESULT 39] [1 5.087228949716102 0 4 15 3991.1323088774175 100]
	[RESULT 40] [1 5.000797460901492 0 4 11 3985.438051701712 92]
	[RESULT 41] [0 5.000045299178679 1 4 17 3997.2216671785372 100]
	[RESULT 42] [0 9.855192772367651 0 1 11 3999.9953806937733 97]
	[RESULT 43] [1 5.00081743188298 1 4 12 3814.95728893796 100]
	[RESULT 44] [1 8.037491612175051 1 2 21 3961.156493178497 97]
	[RESULT 45] [1 5.196703795015689 1 4 13 3999.9786816701967 100]
	[RESULT 46] [1 5.627409377843957 0 1 20 3992.624930054714 100]
	[RESULT 47] [1 5.0102765772792575 0 4 18 3835.161887032503 100]
	[RESULT 48] [1 5.875608878927546 0 4 13 3999.9996141710294 100]
	[RESULT 49] [1 5.84103046833656 0 1 15 3999.9576160079573 100]
	[RESULT 50] [1 5.000753603846549 1 4 18 3954.1672047735824 100]
	[RESULT 51] [0 5.000053299323642 1 4 21 3980.0707499774653 100]
	[RESULT 52] [0 6.695502640449557 0 4 10 3999.9683057703455 100]
	[RESULT 53] [1 5.00008083437096 1 4 13 3943.7166757429222 100]
	[RESULT 54] [1 5.004366763514011 0 2 22 3999.1003257167113 100]
	[RESULT 55] [1 6.371169266666244 0 1 8 3999.993969093641 100]
	[RESULT 56] [1 5.172110959381466 0 2 7 3999.9979749929134 100]
	[RESULT 57] [0 10.403293625134932 0 2 7 3996.838232268959 100]
	[RESULT 58] [1 5.000016289649983 0 4 7 3970.2772693101365 94]
	[RESULT 59] [1 5.163460791060394 0 4 9 3999.9987098345805 100]
	[RESULT 60] [0 5.000423570153211 1 3 11 3999.792919486353 2]
	[RESULT 61] [1 5.020565517160555 0 4 8 3999.9739565047544 100]
	[RESULT 62] [1 5.013144657708896 1 3 17 3926.7715114054386 100]
	[RESULT 63] [1 9.418564803610264 0 2 15 3683.0658481767596 2]
	[RESULT 64] [1 6.555094856138582 0 4 18 3779.164851382769 100]
	[RESULT 65] [0 6.235905901805619 0 1 11 3999.970488704851 100]
	[RESULT 66] [0 5.546133808961229 1 2 13 3999.7754677262765 85]
	[RESULT 67] [1 5.6901915939003915 0 4 1 3999.9936947081187 96]
	[RESULT 68] [1 5.0803085543159465 0 2 13 3999.4648867678347 100]
	[RESULT 69] [0 5.841892839263091 0 1 20 3999.932375546308 100]
	[RESULT 70] [0 5.19468311124038 0 1 19 3999.7950131427856 100]
	[RESULT 71] [1 5.305230733830911 0 3 22 3980.510820095625 100]
	[RESULT 72] [1 6.875334384566675 0 4 11 3997.7898714353905 100]
	[RESULT 73] [1 47.710056276012004 0 4 11 3990.6717645914036 100]
	[RESULT 74] [1 5.396584859468704 0 3 8 3968.098499798024 100]
	[RESULT 75] [0 5.000743667859466 1 4 14 3964.2099239754352 100]
	[RESULT 76] [1 5.1254527948153115 1 4 18 3984.534042874953 100]
	[RESULT 77] [1 5.735478805226115 1 1 20 2692.0093316569946 5]
	[RESULT 78] [0 8.001213145713361 0 4 16 3992.068321059702 100]
	[RESULT 79] [1 5.001178907787107 0 4 13 3962.2346608704656 100]
	[RESULT 80] [1 5.056471958249017 0 4 18 3999.2901414005973 100]
	[RESULT 81] [1 10.378547400641718 0 2 11 3996.838232268959 3]
	[RESULT 82] [1 5.120688736522214 0 4 12 3970.2772693101365 100]
	[RESULT 83] [1 5.07649425722579 0 4 7 3773.3950611007517 100]
	[RESULT 84] [1 5.000753603846549 0 4 18 3955.2434911834016 100]
	[RESULT 85] [1 5.00081743188298 1 4 12 3706.3892561280404 100]
	[RESULT 86] [1 12.829004302387412 1 1 18 3999.9463395740977 100]
	[RESULT 87] [0 9.854631861451697 1 1 20 2575.8699511779564 6]
	[RESULT 88] [1 5.131858716241861 1 4 18 3972.4926108579443 100]
	[RESULT 89] [1 5.327885321385627 1 4 13 3984.534042874953 100]
	[RESULT 90] [1 47.710056276012004 0 4 11 3969.239671210748 100]
	[RESULT 91] [1 5.000002762204933 0 4 13 3990.7342459684846 85]
	[RESULT 92] [1 5.305230733830911 0 3 7 3662.924477235866 100]
	[RESULT 93] [0 6.9314666207002755 1 1 12 3932.726506313321 100]
	[RESULT 94] [1 7.299520423398176 0 2 9 3999.994109536629 100]
	[RESULT 95] [0 5.018581831244515 0 4 17 3789.643664947114 85]
	[RESULT 96] [0 5.018466105752364 0 4 18 3999.998851510956 85]
	[RESULT 97] [1 5.000016289649983 0 4 14 3972.031572499227 94]
	[RESULT 98] [1 8.511926453212583 0 4 11 3999.8489367512616 92]
	[RESULT 99] [0 5.769586769508305 1 1 12 3979.4865399389755 100]
	[RESULT 100] [1 12.5264734218792 0 1 12 3999.998791019107 100]
	[RESULT 101] [1 5.563623527091599 0 4 18 3999.952163551657 100]
	[RESULT 102] [1 5.0000409110692114 1 4 12 3970.440316478452 94]
	[RESULT 103] [1 5.304950959563112 0 4 22 3989.2433606378295 94]
	[RESULT 104] [1 6.414374131051624 0 4 19 3999.9953891650894 100]
	[RESULT 105] [1 48.23997471735218 0 4 14 3984.191676804255 99]
[OBJECTIVES]
	[RESULT 1] [ 0.0260522   0.00091878  0.01513342  0.02072622  0.01954061  0.09026683
  0.          0.00940025  0.00513342  0.00026683  0.          0.0270522
 -0.01081439  0.01086658]
	[RESULT 2] [ 0.0344504   0.01043353  0.01511607  0.0248011   0.01503323  0.09023213
  0.          0.0083482   0.00511607  0.00023213  0.          0.0314504
 -0.00033433  0.01188393]
	[RESULT 3] [0.03484909 0.00722148 0.01792944 0.02053039 0.01638926 0.09585887
 0.         0.00321169 0.00792944 0.00585887 0.         0.03284909
 0.00108035 0.00907056]
	[RESULT 4] [ 0.00490153 -0.02420341  0.01910494  0.01585817  0.0176483   0.09820987
  0.          0.00089506  0.00910494  0.00820987  0.          0.00790153
 -0.02320341  0.00410494]
	[RESULT 5] [ 0.0049143  -0.02486165  0.01977595  0.01687108  0.01731917  0.09955191
  0.          0.00022405  0.00977595  0.00955191  0.          0.0079143
 -0.02386165  0.00477595]
	[RESULT 6] [ 2.92610482e-02 -7.36017658e-04  1.99970659e-02  2.06238771e-02
  2.06180088e-02  9.99941317e-02  0.00000000e+00  2.93413986e-06
  9.99706586e-03  9.99413172e-03  0.00000000e+00  3.22610482e-02
 -1.74188594e-03  7.00293414e-03]
	[RESULT 7] [ 0.02421496 -0.00539415  0.01960911  0.02372885  0.02294708  0.09921823
  0.          0.00039089  0.00960911  0.00921823  0.          0.02621496
 -0.00717593  0.00639089]
	[RESULT 8] [ 0.01628664 -0.01313061  0.01941725  0.0220192   0.02318469  0.09883451
  0.          0.00058275  0.00941725  0.00883451  0.          0.01928664
 -0.01213061  0.00441725]
	[RESULT 9] [ 2.27943815e-02 -7.20268432e-03  1.99970659e-02  2.38572104e-02
  2.38513422e-02  9.99941317e-02  0.00000000e+00  2.93413986e-06
  9.99706586e-03  9.99413172e-03  0.00000000e+00  2.57943815e-02
 -8.20855260e-03  7.00293414e-03]
	[RESULT 10] [ 0.00727308 -0.02013544  0.01740853  0.01449933  0.01968228  0.09481705
  0.          0.00259147  0.00740853  0.00481705  0.          0.00977308
 -0.02131839  0.00409147]
	[RESULT 11] [ 0.02783172  0.00159333  0.01623839  0.02302345  0.01945334  0.09247679
  0.          0.00828482  0.00623839  0.00247679  0.          0.03083172
 -0.00692989  0.01076161]
	[RESULT 12] [ 0.02352523 -0.00430551  0.01783074  0.02350873  0.02215276  0.09566148
  0.          0.00216926  0.00783074  0.00566148  0.          0.02402523
 -0.00580551  0.00283074]
	[RESULT 13] [ 0.01442367 -0.01394728  0.01837095  0.01976826  0.02302636  0.0967419
  0.          0.00162905  0.00837095  0.0067419   0.          0.01642367
 -0.01420538  0.00362905]
	[RESULT 14] [ 2.50457795e-02 -4.89717515e-03  1.99429547e-02  2.25626782e-02
  2.24485876e-02  9.98859094e-02  0.00000000e+00  5.70453099e-05
  9.94295469e-03  9.88590938e-03  0.00000000e+00  2.55457795e-02
 -6.39717515e-03  4.94295469e-03]
	[RESULT 15] [ 0.01754407 -0.0094697   0.01701377  0.01929269  0.02473485  0.09402754
  0.          0.00298623  0.00701377  0.00402754  0.          0.01854407
 -0.01244216  0.00398623]
	[RESULT 16] [ 0.00445597 -0.02520476  0.01966073  0.01646908  0.01714762  0.09932147
  0.          0.00033927  0.00966073  0.00932147  0.          0.00745597
 -0.02420476  0.00466073]
	[RESULT 17] [ 0.00738817 -0.01931598  0.01670415  0.01350031  0.02009201  0.0934083
  0.          0.00329585  0.00670415  0.0034083   0.          0.00888817
 -0.02190768  0.00379585]
	[RESULT 18] [ 0.00599967 -0.02377702  0.01977668  0.01741486  0.01786149  0.09955337
  0.          0.00022332  0.00977668  0.00955337  0.          0.00899967
 -0.02277702  0.00477668]
	[RESULT 19] [ 0.00431517 -0.02539631  0.01971148  0.01647481  0.01705184  0.09942296
  0.          0.00028852  0.00971148  0.00942296  0.          0.00581517
 -0.02589631  0.00471148]
	[RESULT 20] [ 0.00499897 -0.02487049  0.01986946  0.01705367  0.01731476  0.09973891
  0.          0.00013054  0.00986946  0.00973891  0.          0.00699897
 -0.02487049  0.00486946]
	[RESULT 21] [ 0.00472396 -0.02456119  0.01928515  0.01603971  0.0174694   0.0985703
  0.          0.00071485  0.00928515  0.0085703   0.          0.00672396
 -0.02456119  0.00428515]
	[RESULT 22] [3.47217047e-02 4.72176590e-03 1.99999388e-02 1.78892395e-02
 1.78891170e-02 9.99998776e-02 0.00000000e+00 6.12158005e-08
 9.99993878e-03 9.99987757e-03 0.00000000e+00 3.37782953e-02
 4.22176590e-03 4.99993878e-03]
	[RESULT 23] [ 0.01438296 -0.01387688  0.01825984  0.01958124  0.02306156  0.09651968
  0.          0.00174016  0.00825984  0.00651968  0.          0.01538296
 -0.0193572   0.00774016]
	[RESULT 24] [ 0.02547943 -0.00366669  0.01914612  0.02379111  0.02208335  0.09829224
  0.          0.00085388  0.00914612  0.00829224  0.          0.02847943
 -0.00266669  0.00414612]
	[RESULT 25] [3.47554385e-02 4.76263652e-03 1.99928020e-02 1.78830778e-02
 1.78686817e-02 9.99856039e-02 0.00000000e+00 7.19804105e-06
 9.99280196e-03 9.98560392e-03 0.00000000e+00 3.37445615e-02
 4.26263652e-03 4.99280196e-03]
	[RESULT 26] [3.47102701e-02 4.71028510e-03 1.99999850e-02 1.78948875e-02
 1.78948575e-02 9.99999699e-02 0.00000000e+00 1.50315169e-08
 9.99998497e-03 9.99996994e-03 0.00000000e+00 3.22897299e-02
 5.71028510e-03 4.99998497e-03]
	[RESULT 27] [ 0.0234725  -0.00586055  0.01933305  0.02451417  0.02318027  0.09866611
  0.          0.00066695  0.00933305  0.00866611  0.          0.0264725
 -0.00486055  0.00433305]
	[RESULT 28] [ 0.02308364 -0.00616522  0.01924886  0.02483489  0.02333261  0.09849771
  0.          0.00075114  0.00924886  0.00849771  0.          0.02508364
 -0.00616522  0.00424886]
	[RESULT 29] [3.47216953e-02 4.72174716e-03 1.99999482e-02 1.78892301e-02
 1.78891264e-02 9.99998963e-02 0.00000000e+00 5.18458686e-08
 9.99994815e-03 9.99989631e-03 0.00000000e+00 3.22783047e-02
 5.72174716e-03 4.99994815e-03]
	[RESULT 30] [ 0.00481359 -0.02437928  0.01919287  0.0159461   0.01756036  0.09838574
  0.          0.00080713  0.00919287  0.00838574  0.          0.00781359
 -0.02337928  0.00419287]
	[RESULT 31] [3.47286457e-02 4.73564794e-03 1.99929978e-02 1.78961805e-02
 1.78821760e-02 9.99859955e-02 0.00000000e+00 7.00223541e-06
 9.99299776e-03 9.98599553e-03 0.00000000e+00 3.37713543e-02
 4.23564794e-03 4.99299776e-03]
	[RESULT 32] [3.47216451e-02 4.72164663e-03 1.99999984e-02 1.78891798e-02
 1.78891767e-02 9.99999968e-02 0.00000000e+00 1.58117719e-09
 9.99999842e-03 9.99999684e-03 0.00000000e+00 3.22783549e-02
 5.72164663e-03 4.99999842e-03]
	[RESULT 33] [ 0.0044107  -0.02522839  0.01963909  0.01641398  0.0171358   0.09927817
  0.          0.00036091  0.00963909  0.00927817  0.          0.0064107
 -0.02522839  0.00463909]
	[RESULT 34] [ 0.02033457 -0.00477779  0.01511236  0.01783582  0.02238889  0.09022471
  0.          0.00516293  0.00511236  0.00022471  0.          0.02083457
 -0.01155308  0.00538764]
	[RESULT 35] [ 2.88572103e-02 -1.13985554e-03  1.99970659e-02  2.08257961e-02
  2.08199278e-02  9.99941317e-02  0.00000000e+00  2.93413986e-06
  9.99706586e-03  9.99413172e-03  0.00000000e+00  3.08572103e-02
 -2.14572382e-03  6.00293414e-03]
	[RESULT 36] [ 0.00462401 -0.02475845  0.01938246  0.01613569  0.01737078  0.09876491
  0.          0.00061754  0.00938246  0.00876491  0.          0.00762401
 -0.02375845  0.00438246]
	[RESULT 37] [ 1.86423096e-02 -1.12702994e-02  1.99126090e-02  2.39400684e-02
  2.41148503e-02  9.98252181e-02  0.00000000e+00  8.73909591e-05
  9.91260904e-03  9.82521808e-03  0.00000000e+00  2.16423096e-02
 -1.24450814e-02  7.08739096e-03]
	[RESULT 38] [ 0.02125982 -0.00785017  0.01910999  0.02404489  0.02417508  0.09821997
  0.          0.00089001  0.00910999  0.00821997  0.          0.02425982
 -0.00685017  0.00410999]
	[RESULT 39] [ 0.01094699 -0.01865186  0.01959885  0.01962176  0.02042407  0.09919769
  0.          0.00040115  0.00959885  0.00919769  0.          0.01394699
 -0.01765186  0.00459885]
	[RESULT 40] [3.09837533e-02 9.87737418e-04 1.99960159e-02 1.97640995e-02
 1.97561313e-02 9.99920317e-02 0.00000000e+00 3.98412732e-06
 9.99601587e-03 9.99203175e-03 0.00000000e+00 3.39837533e-02
 1.98773742e-03 4.99601587e-03]
	[RESULT 41] [ 1.25006761e-02 -1.74990975e-02  1.99997735e-02  2.12499983e-02
  2.12504513e-02  9.99995470e-02  0.00000000e+00  2.26485634e-07
  9.99977351e-03  9.99954703e-03  0.00000000e+00  1.45006761e-02
 -1.94995504e-02  7.00022649e-03]
	[RESULT 42] [ 0.02415068 -0.00170327  0.01585394  0.02085625  0.02085163  0.09170789
  0.          0.00414606  0.00585394  0.00170789  0.          0.02465068
 -0.00699538  0.00464606]
	[RESULT 43] [3.10284985e-02 1.03258236e-03 1.99959162e-02 1.97418765e-02
 1.97337088e-02 9.99918324e-02 0.00000000e+00 4.08382117e-06
 9.99591618e-03 9.99183236e-03 0.00000000e+00 3.40284985e-02
 2.44147162e-05 7.00408382e-03]
	[RESULT 44] [0.02702796 0.01673365 0.01623839 0.01940639 0.01188317 0.09247679
 0.         0.00728482 0.00623839 0.00247679 0.         0.02502796
 0.00821044 0.00976161]
	[RESULT 45] [ 0.00984316 -0.01933499  0.01917814  0.01843879  0.02008251  0.09835629
  0.          0.00082186  0.00917814  0.00835629  0.          0.01284316
 -0.0219787   0.00782186]
	[RESULT 46] [ 0.01162265 -0.01644971  0.01807237  0.01766988  0.02152514  0.09614474
  0.          0.00192763  0.00807237  0.00614474  0.          0.01312265
 -0.01694971  0.00307237]
	[RESULT 47] [ 2.57585814e-02 -4.19055839e-03  1.99491398e-02  2.24469996e-02
  2.23452792e-02  9.98982796e-02  0.00000000e+00  5.08602174e-05
  9.94913978e-03  9.89827957e-03  0.00000000e+00  2.87585814e-02
 -3.19055839e-03  4.94913978e-03]
	[RESULT 48] [ 0.00633458 -0.02133122  0.0176658   0.01441599  0.01908439  0.0953316
  0.          0.0023342   0.0076658   0.0053316   0.          0.00933458
 -0.02199961  0.0043342 ]
	[RESULT 49] [ 0.00632644 -0.02138943  0.01771587  0.01448703  0.01905529  0.09543174
  0.          0.00228413  0.00771587  0.00543174  0.          0.00782644
 -0.02195769  0.00278413]
	[RESULT 50] [ 2.51801687e-02 -4.81606608e-03  1.99962348e-02  2.26655634e-02
  2.26580330e-02  9.99924696e-02  0.00000000e+00  3.76518178e-06
  9.99623482e-03  9.99246964e-03  0.00000000e+00  2.81801687e-02
 -5.82359644e-03  7.00376518e-03]
	[RESULT 51] [ 2.10895068e-02 -8.91022672e-03  1.99997335e-02  2.44556463e-02
  2.44551134e-02  9.99994670e-02  0.00000000e+00  2.66482415e-07
  9.99973352e-03  9.99946704e-03  0.00000000e+00  2.30895068e-02
 -1.09107597e-02  7.00026648e-03]
	[RESULT 52] [ 0.00817671 -0.01867823  0.01685494  0.01437077  0.02066089  0.09370988
  0.          0.00314506  0.00685494  0.00370988  0.          0.01017671
 -0.02196835  0.00514506]
	[RESULT 53] [ 2.63112501e-02 -3.68834575e-03  1.99995959e-02  2.20949812e-02
  2.20941729e-02  9.99991917e-02  0.00000000e+00  4.04139186e-07
  9.99959586e-03  9.99919172e-03  0.00000000e+00  2.93112501e-02
 -4.68915403e-03  7.00040414e-03]
	[RESULT 54] [ 4.89016128e-03 -2.50880998e-02  1.99782611e-02  1.71624723e-02
  1.72059501e-02  9.99565222e-02  0.00000000e+00  2.17388890e-05
  9.97826111e-03  9.95652222e-03  0.00000000e+00  6.89016128e-03
 -2.50880998e-02  4.97826111e-03]
	[RESULT 55] [ 0.00689737 -0.0202113   0.01710866  0.01386168  0.01964435  0.09421733
  0.          0.00289134  0.00710866  0.00421733  0.          0.00839737
 -0.02199397  0.00339134]
	[RESULT 56] [ 0.00473622 -0.02452959  0.01926581  0.01601682  0.0174852   0.09853162
  0.          0.00073419  0.00926581  0.00853162  0.          0.00673622
 -0.02452959  0.00426581]
	[RESULT 57] [ 0.01202594 -0.01375491  0.01578085  0.01468424  0.02312255  0.0915617
  0.          0.00421915  0.00578085  0.0015617   0.          0.01302594
 -0.01919321  0.00521915]
	[RESULT 58] [3.47217249e-02 4.72180636e-03 1.99999186e-02 1.78892597e-02
 1.78890968e-02 9.99998371e-02 0.00000000e+00 8.14469232e-08
 9.99991855e-03 9.99983711e-03 0.00000000e+00 3.22782751e-02
 5.72180636e-03 4.99991855e-03]
	[RESULT 59] [ 0.00470377 -0.02459376  0.01929752  0.01604817  0.01745312  0.09859505
  0.          0.00070248  0.00929752  0.00859505  0.          0.00770377
 -0.02359376  0.00429752]
	[RESULT 60] [ 3.00054761e-02  7.59301767e-06  1.99978830e-02  2.00004374e-02
  1.99962035e-02  9.99957661e-02  0.00000000e+00  2.11695409e-06
  9.99788305e-03  9.99576609e-03  0.00000000e+00  3.15054761e-02
 -1.99664089e-03  6.50211695e-03]
	[RESULT 61] [ 0.00412677 -0.02577247  0.01989924  0.01666225  0.01686376  0.09979849
  0.          0.00010076  0.00989924  0.00979849  0.          0.00712677
 -0.02477247  0.00489924]
	[RESULT 62] [ 2.77021543e-02 -2.23297507e-03  1.99351294e-02  2.14962287e-02
  2.13664875e-02  9.98702588e-02  0.00000000e+00  6.48705869e-05
  9.93512941e-03  9.87025883e-03  0.00000000e+00  3.02021543e-02
 -3.36271624e-03  6.56487059e-03]
	[RESULT 63] [0.01895261 0.02487536 0.01592275 0.01584218 0.00768768 0.09184551
 0.         0.00407725 0.00592275 0.00184551 0.         0.01695261
 0.00202986 0.00507725]
	[RESULT 64] [0.02950077 0.0025439  0.01695687 0.0249357  0.01897805 0.09391375
 0.         0.00304313 0.00695687 0.00391375 0.         0.03250077
 0.00045765 0.00504313]
	[RESULT 65] [ 0.00779325 -0.01944298  0.01723623  0.01475097  0.02027851  0.09447246
  0.          0.00276377  0.00723623  0.00447246  0.          0.00829325
 -0.02197052  0.00326377]
	[RESULT 66] [ 0.03073866  0.00250479  0.01823387  0.02227986  0.01874761  0.09646775
  0.          0.00176613  0.00823387  0.00646775  0.          0.03173866
 -0.00302747  0.00776613]
	[RESULT 67] [ 0.02204806 -0.00591019  0.01795824  0.0227114   0.02320509  0.09591649
  0.          0.00204176  0.00795824  0.00591649  0.          0.02504806
 -0.0059937   0.00404176]
	[RESULT 68] [ 0.00489559 -0.02473272  0.01962831  0.01664026  0.01738364  0.09925661
  0.          0.00037169  0.00962831  0.00925661  0.          0.00689559
 -0.02473272  0.00462831]
	[RESULT 69] [ 0.00735284 -0.02036176  0.0177146   0.01524832  0.01981912  0.0954292
  0.          0.0022854   0.0077146   0.0054292   0.          0.00785284
 -0.02193256  0.0027854 ]
	[RESULT 70] [ 0.00601811 -0.0231671   0.01918521  0.01678687  0.01841645  0.09837042
  0.          0.00081479  0.00918521  0.00837042  0.          0.00651811
 -0.0246671   0.00418521]
	[RESULT 71] [ 0.0161209  -0.01270984  0.01883074  0.02105656  0.02339508  0.09766148
  0.          0.00116926  0.00883074  0.00766148  0.          0.0186209
 -0.01220984  0.00383074]
	[RESULT 72] [ 0.00929168 -0.01744724  0.01673893  0.01450423  0.02102638  0.09347786
  0.          0.00326107  0.00673893  0.00347786  0.          0.01229168
 -0.01996939  0.00526107]
	[RESULT 73] [ 0.01567902 -0.00943537  0.01511439  0.0152611   0.02496768  0.09022878
  0.          0.00665683  0.00511439  0.00022878  0.          0.01867902
 -0.01520659  0.00688561]
	[RESULT 74] [ 0.01943594 -0.00914422  0.01858016  0.02233822  0.02482211  0.09716032
  0.          0.00141984  0.00858016  0.00716032  0.          0.02193594
 -0.00864422  0.00358016]
	[RESULT 75] [ 2.47224322e-02 -5.27385226e-03  1.99962844e-02  2.26443573e-02
  2.26369261e-02  9.99925688e-02  0.00000000e+00  3.71557614e-06
  9.99628442e-03  9.99256885e-03  0.00000000e+00  2.67224322e-02
 -7.28128341e-03  7.00371558e-03]
	[RESULT 76] [ 0.01911226 -0.01033039  0.01944266  0.02347012  0.0245848   0.09888531
  0.          0.00055734  0.00944266  0.00888531  0.          0.02211226
 -0.01244508  0.00755734]
	[RESULT 77] [0.01455825 0.0224393  0.01788105 0.01070755 0.00646965 0.0957621
 0.         0.00211895 0.00788105 0.0057621  0.         0.01305825
 0.0006772  0.00761895]
	[RESULT 78] [ 0.01477169 -0.01147793  0.01624962  0.01676028  0.02426104  0.09249924
  0.          0.00375038  0.00624962  0.00249924  0.          0.01677169
 -0.01597869  0.00575038]
	[RESULT 79] [ 1.90481624e-02 -1.09459500e-02  1.99941124e-02  2.42652498e-02
  2.42770250e-02  9.99882248e-02  0.00000000e+00  5.88759800e-06
  9.99411240e-03  9.98822480e-03  0.00000000e+00  2.20481624e-02
 -9.94595002e-03  4.99411240e-03]
	[RESULT 80] [ 0.00495753 -0.02477521  0.01973273  0.01682786  0.0173624   0.09946547
  0.          0.00026727  0.00973273  0.00946547  0.          0.00795753
 -0.02377521  0.00473273]
	[RESULT 81] [0.03081883 0.00503495 0.01578388 0.02383523 0.01773252 0.09156776
 0.         0.00421612 0.00578388 0.00156776 0.         0.03281883
 0.00060271 0.00521612]
	[RESULT 82] [ 0.01811724 -0.0113443   0.01946154  0.02300094  0.02407785  0.09892308
  0.          0.00053846  0.00946154  0.00892308  0.          0.02111724
 -0.0103443   0.00446154]
	[RESULT 83] [ 0.02687124 -0.00277347  0.01964471  0.02234732  0.02163673  0.09928941
  0.          0.00035529  0.00964471  0.00928941  0.          0.02987124
 -0.00177347  0.00464471]
	[RESULT 84] [ 2.00440278e-02 -9.95220702e-03  1.99962348e-02  2.47663661e-02
  2.47738965e-02  9.99924696e-02  0.00000000e+00  3.76518178e-06
  9.99623482e-03  9.99246964e-03  0.00000000e+00  2.30440278e-02
 -8.95220702e-03  4.99623482e-03]
	[RESULT 85] [3.20424425e-02 2.04652632e-03 1.99959162e-02 1.92349045e-02
 1.92267368e-02 9.99918324e-02 0.00000000e+00 4.08382117e-06
 9.99591618e-03 9.99183236e-03 0.00000000e+00 3.49575575e-02
 1.03835868e-03 7.00408382e-03]
	[RESULT 86] [ 0.01348723 -0.01207909  0.01556632  0.01484309  0.02371046  0.09113263
  0.          0.00880105  0.00556632  0.00113263  0.          0.01498723
 -0.02194645  0.00993368]
	[RESULT 87] [0.01149584 0.01734987 0.01585402 0.01196689 0.00367493 0.09170805
 0.         0.00793793 0.00585402 0.00170805 0.         0.01099584
 0.00064182 0.00964598]
	[RESULT 88] [ 0.0226794  -0.00673811  0.01941751  0.02478403  0.02361906  0.09883502
  0.          0.00058249  0.00941751  0.00883502  0.          0.0256794
 -0.00890309  0.00758249]
	[RESULT 89] [ 0.01978953 -0.00897585  0.01876539  0.02279284  0.02473793  0.09753077
  0.          0.00123461  0.00876539  0.00753077  0.          0.02278953
 -0.01244508  0.00823461]
	[RESULT 90] [ 0.02267692 -0.00243747  0.01511439  0.01876005  0.02146873  0.09022878
  0.          0.00665683  0.00511439  0.00022878  0.          0.02567692
 -0.00820869  0.00688561]
	[RESULT 91] [ 2.95102284e-02 -4.89757775e-04  1.99999862e-02  2.04949065e-02
  2.04948789e-02  9.99999724e-02  0.00000000e+00  1.38109865e-08
  9.99998619e-03  9.99997238e-03  0.00000000e+00  3.25102284e-02
  5.10242225e-04  4.99998619e-03]
	[RESULT 92] [ 0.0284431  -0.00038764  0.01883074  0.02278234  0.02044382  0.09766148
  0.          0.00116926  0.00883074  0.00766148  0.          0.0309431
  0.00011236  0.00383074]
	[RESULT 93] [ 0.03152103  0.0048154   0.01670563  0.02418104  0.0175923   0.09341126
  0.          0.00538311  0.00670563  0.00341126  0.          0.03202103
 -0.00377334  0.00879437]
	[RESULT 94] [ 0.00749052 -0.01902485  0.01651537  0.01326832  0.02023757  0.09303074
  0.          0.00348463  0.00651537  0.00303074  0.          0.00949052
 -0.02199411  0.00448463]
	[RESULT 95] [2.38143336e-02 1.62768806e-02 1.99087858e-02 1.20439881e-02
 1.18615597e-02 9.98175715e-02 0.00000000e+00 9.12142288e-05
 9.90878577e-03 9.81757154e-03 0.00000000e+00 2.18143336e-02
 6.72311935e-03 4.90878577e-03]
	[RESULT 96] [ 2.38418049e-02 -6.06753865e-03  1.99093435e-02  2.32150822e-02
  2.30337693e-02  9.98186871e-02  0.00000000e+00  9.06564570e-05
  9.90934354e-03  9.81868709e-03  0.00000000e+00  2.58418049e-02
 -6.06753865e-03  4.90934354e-03]
	[RESULT 97] [3.43434567e-02 4.34353817e-03 1.99999186e-02 1.80783938e-02
 1.80782309e-02 9.99998371e-02 0.00000000e+00 8.14469232e-08
 9.99991855e-03 9.99983711e-03 0.00000000e+00 3.26565433e-02
 5.34353817e-03 4.99991855e-03]
	[RESULT 98] [ 0.02581976 -0.00028841  0.01610817  0.02182214  0.02039421  0.09221635
  0.          0.00389183  0.00610817  0.00221635  0.          0.02881976
 -0.00407207  0.00589183]
	[RESULT 99] [ 0.02344228 -0.00438324  0.01782552  0.02345942  0.02219162  0.09565104
  0.          0.00217448  0.00782552  0.00565104  0.          0.02394228
 -0.0107322   0.00767448]
	[RESULT 100] [ 0.0084148  -0.01717161  0.01558641  0.01233701  0.0211642   0.09117282
  0.          0.00441359  0.00558641  0.00117282  0.          0.0099148
 -0.02199879  0.00491359]
	[RESULT 101] [ 0.00585004 -0.02234766  0.0181977   0.01497157  0.01857617  0.0963954
  0.          0.0018023   0.0081977   0.0063954   0.          0.00885004
 -0.02195225  0.0038023 ]
	[RESULT 102] [3.03122833e-02 9.68792120e-03 1.99997955e-02 1.54064485e-02
 1.54060394e-02 9.99995909e-02 0.00000000e+00 2.04546978e-07
 9.99979545e-03 9.99959091e-03 0.00000000e+00 2.73122833e-02
 8.68751210e-03 7.00020455e-03]
	[RESULT 103] [0.02983202 0.00100046 0.01883156 0.02208665 0.01974977 0.09766312
 0.         0.00116844 0.00883156 0.00766312 0.         0.03283202
 0.00200046 0.00383156]
	[RESULT 104] [ 0.00693368 -0.02013725  0.01707093  0.01382324  0.01968137  0.09414186
  0.          0.00292907  0.00707093  0.00414186  0.          0.00993368
 -0.02199539  0.00492907]
	[RESULT 105] [ 0.02857148  0.00345846  0.01511302  0.02170527  0.01852077  0.09022604
  0.          0.00666094  0.00511302  0.00022604  0.          0.03157148
 -0.0023155   0.00688698]
