[METRICS]
	[DISEQUILIBRIUM COUNT] 1196
	[MINIMUM S0 sTrt S1 DISTANCE]0.004023056942390579
	[MINIMUM S0 sTrt S21 DISTANCE]-0.02597235764931409
	[MINIMUM S0 sTrt S22 DISTANCE]0.015109572873272775
	[MINIMUM S7 sTrt S6 DISTANCE]0.007788727545333163
	[MINIMUM S7 sTrt S8 DISTANCE]0.002887003332363136
	[MINIMUM S7 sTrt S21 DISTANCE]0.09021914574654552
	[MINIMUM S7 esTrt S22 DISTANCE]0.0
	[MINIMUM S14 sTrt S13 DISTANCE]1.0643747166971806e-07
	[MINIMUM S14 sTrt S15 DISTANCE]0.005109572873272739
	[MINIMUM S14 sTrt S21 DISTANCE]0.0002191457465455099
	[MINIMUM S14 sTrt S22 DISTANCE]0.0
	[MINIMUM S20 sTrt S19 DISTANCE]0.005605940866119097
	[MINIMUM S20 sTrt S21 DISTANCE]-0.02638851263084587
	[MINIMUM S20 sTrt S22 DISTANCE]0.002757397321037601
	[AVERAGE S0 sTrt S1 DISTANCE]0.020872099141088812
	[AVERAGE S0 sTrt S21 DISTANCE]0.00942095410964717
	[AVERAGE S0 sTrt S22 DISTANCE]0.01700658362039226
	[AVERAGE S7 sTrt S6 DISTANCE]0.01735355358999873
	[AVERAGE S7 sTrt S8 DISTANCE]0.013184177952018462
	[AVERAGE S7 sTrt S21 DISTANCE]0.09401316724078412
	[AVERAGE S7 sTrt S22 DISTANCE]0.0
	[AVERAGE S14 sTrt S13 DISTANCE]0.004277444539595913
	[AVERAGE S14 sTrt S15 DISTANCE]0.007006583620392248
	[AVERAGE S14 sTrt S21 DISTANCE]0.004013167240784461
	[AVERAGE S14 sTrt S22 DISTANCE]0.0
	[AVERAGE S20 sTrt S19 DISTANCE]0.020573182719477525
	[AVERAGE S20 sTrt S21 DISTANCE]-0.0012947717011846285
	[AVERAGE S20 sTrt S22 DISTANCE]0.006878511075360601
[VARIABLES]
	[RESULT 1] [1 5.066728663313132 0 4 22 3991.4072593899 7]
	[RESULT 2] [1 5.78598127097682 1 4 15 3689.7482821576427 100]
	[RESULT 3] [1 5.344949650460438 1 4 21 3965.1616274899184 100]
	[RESULT 4] [1 5.014129995207676 0 1 3 3998.5075772366145 100]
	[RESULT 5] [1 5.089628937448921 1 4 23 3997.009728067479 99]
	[RESULT 6] [1 5.00178538023165 0 1 10 3999.691395395462 100]
	[RESULT 7] [1 5.713277033663539 0 2 7 3979.6774141298565 100]
	[RESULT 8] [1 5.361557176039683 1 4 19 3999.610955972431 100]
	[RESULT 9] [0 8.850709220649268 1 4 2 3815.7459938171423 100]
	[RESULT 10] [1 5.157307865313616 0 4 5 3961.4498435925566 100]
	[RESULT 11] [0 6.711495600784751 0 4 7 3961.9279940094543 100]
	[RESULT 12] [1 5.0011441666366085 0 4 9 3998.618977703336 100]
	[RESULT 13] [0 5.480517157630504 1 2 8 3991.618948270467 100]
	[RESULT 14] [1 6.858789772572347 0 4 18 3999.9469289180656 100]
	[RESULT 15] [0 5.282580493973406 0 1 4 3999.786137210855 99]
	[RESULT 16] [0 8.422305835626002 1 1 1 2611.727448354929 20]
	[RESULT 17] [1 5.0047440764354505 0 2 8 3999.036256586283 100]
	[RESULT 18] [1 5.0020480267955225 1 4 5 3924.326552249843 100]
	[RESULT 19] [1 5.000508285931673 0 1 10 3942.7873169614327 100]
	[RESULT 20] [1 7.701734180425408 0 4 18 3999.9473100005785 100]
	[RESULT 21] [1 12.207810642471607 0 2 12 3999.805745384707 100]
	[RESULT 22] [0 5.000122446110472 0 1 6 3932.3001118820025 100]
	[RESULT 23] [1 5.412678523561658 1 4 24 3933.2703435846993 100]
	[RESULT 24] [0 7.288203303415231 0 4 10 3996.772491968583 100]
	[RESULT 25] [1 5.014260121804666 0 1 3 3998.5075772366145 100]
	[RESULT 26] [1 5.000228449067355 0 1 17 3891.997606521839 100]
	[RESULT 27] [1 5.0146500346169045 0 1 12 3979.7923092535407 100]
	[RESULT 28] [1 11.792257070895236 1 1 9 3974.199461695016 100]
	[RESULT 29] [1 5.09063618618105 0 3 19 3999.610955972431 100]
	[RESULT 30] [1 6.362442419849486 0 4 16 3999.9267761470373 100]
	[RESULT 31] [1 11.379517579301327 0 2 12 3999.9738133219803 99]
	[RESULT 32] [1 5.000021287947498 0 3 12 3973.076607202673 95]
	[RESULT 33] [1 8.443372395118642 0 1 3 3999.9193071755494 97]
	[RESULT 34] [1 6.055533778831892 0 2 7 3984.101873445534 100]
	[RESULT 35] [1 6.531536872996308 0 1 6 3999.9777811509903 100]
	[RESULT 36] [0 35.90551112374343 0 4 15 3971.7076037595716 100]
	[RESULT 37] [1 5.06062829075206 0 4 5 3940.366863770103 99]
	[RESULT 38] [1 5.006008918827006 0 2 21 3892.094737980646 100]
	[RESULT 39] [1 5.000122446110472 0 1 6 3932.3001118820025 100]
	[RESULT 40] [1 5.964551198446512 0 4 23 3999.9267761470373 100]
	[RESULT 41] [0 36.181434654973856 1 2 1 3842.3969011301288 97]
	[RESULT 42] [0 10.803242837217326 0 1 11 3968.4996251386506 100]
	[RESULT 43] [1 5.138656921381751 0 3 19 3969.0057158048376 100]
	[RESULT 44] [1 5.072955483673828 1 4 12 3999.977179368518 98]
	[RESULT 45] [1 5.364436084543564 0 4 9 3934.916489007391 100]
	[RESULT 46] [0 36.89296342759025 0 2 10 3991.618948270467 100]
	[RESULT 47] [1 5.06062829075206 0 4 21 3962.4576474615137 99]
	[RESULT 48] [1 5.155709434073088 0 4 22 3992.371602571415 100]
	[RESULT 49] [0 6.435500060750593 0 1 7 3999.6776168708943 100]
	[RESULT 50] [1 5.000371706657493 0 4 5 3934.916489007391 100]
	[RESULT 51] [0 38.43161642781669 1 1 15 3987.6449365189346 100]
	[RESULT 52] [1 9.54251505158058 0 2 20 1777.4448726275352 18]
	[RESULT 53] [1 5.063840292663104 0 2 15 3999.772390536067 100]
	[RESULT 54] [1 5.022095904288491 1 1 21 1415.35395287689 22]
	[RESULT 55] [1 5.20329445735372 1 4 3 3972.36420422612 100]
	[RESULT 56] [0 5.000543788013946 0 1 15 3995.934530164619 100]
	[RESULT 57] [1 5.0146742603686185 0 4 18 3995.8849515259453 98]
	[RESULT 58] [1 5.089807381185225 1 4 22 3997.8227397635083 99]
	[RESULT 59] [1 5.155085530022334 1 4 22 3972.36420422612 100]
	[RESULT 60] [0 8.12895750105523 0 4 24 3910.8456775668446 100]
	[RESULT 61] [1 5.0083347312580795 1 4 20 3999.7000155024307 100]
	[RESULT 62] [1 5.00293387534967 0 2 10 3911.0411931978783 100]
	[RESULT 63] [0 33.78431090989939 1 1 10 3995.77897821027 100]
	[RESULT 64] [1 5.145760910290487 0 4 6 3792.2593638352755 100]
	[RESULT 65] [1 5.156875965520401 1 3 22 3972.36420422612 100]
	[RESULT 66] [1 6.303021499426585 0 1 3 3998.509212045737 100]
	[RESULT 67] [0 39.12042761263143 1 1 15 3998.9087065894214 100]
	[RESULT 68] [1 5.000536592158891 0 3 12 3973.076607202673 95]
	[RESULT 69] [1 5.396093182826557 0 2 8 3995.858930775406 100]
	[RESULT 70] [1 5.07027264516317 1 4 21 3965.1616274899184 100]
	[RESULT 71] [1 5.8292776845625465 0 4 10 3999.8119075762093 100]
	[RESULT 72] [1 5.00062190636976 0 1 9 3884.908739820014 86]
	[RESULT 73] [1 5.000061204756972 0 1 6 3935.266041227212 100]
	[RESULT 74] [1 5.416348786328995 1 4 13 3740.356653505609 95]
	[RESULT 75] [1 5.098460497122671 0 2 9 3999.8686060750306 100]
	[RESULT 76] [0 37.5898787812623 0 1 20 3834.5181005405966 100]
	[RESULT 77] [1 6.886127649367251 0 1 16 3993.6856469489144 100]
	[RESULT 78] [1 12.40502050687797 1 4 9 3964.9216050454916 100]
	[RESULT 79] [1 5.364436084543564 0 4 9 3844.976655575752 100]
	[RESULT 80] [1 11.323917191478241 1 4 22 3998.7866927772775 99]
	[RESULT 81] [1 5.61426899430742 0 1 17 3891.997606521839 100]
	[RESULT 82] [1 5.0019030428310645 0 4 16 3792.903340324491 100]
	[RESULT 83] [1 6.086095863737307 0 1 3 3998.651003466204 100]
	[RESULT 84] [1 5.156753593793892 0 4 5 3926.6391939208893 100]
	[RESULT 85] [1 7.079350726870211 0 1 8 3999.9208569034377 100]
	[RESULT 86] [1 5.0670735388000026 0 1 9 3999.753152858558 100]
	[RESULT 87] [1 5.775650759864314 0 2 8 3957.8598015083853 100]
	[RESULT 88] [1 5.085099396476505 0 4 16 3999.987340125317 100]
	[RESULT 89] [1 6.104692820438809 0 1 8 3999.9986916321886 100]
	[RESULT 90] [1 6.169534614766583 0 1 12 3999.5932678137206 100]
	[RESULT 91] [1 5.045274973891648 0 4 23 3968.583570992519 100]
	[RESULT 92] [1 5.557806548754355 0 4 5 3956.891197826024 100]
	[RESULT 93] [1 5.001110532521388 0 1 9 3999.8992008502582 100]
	[RESULT 94] [0 9.970801218608731 0 1 7 3888.989274404443 98]
	[RESULT 95] [1 36.92928989054042 1 4 5 3987.668067890359 100]
	[RESULT 96] [1 5.222235263132763 0 2 12 3999.9738133219803 100]
	[RESULT 97] [1 5.000196270169371 0 4 5 3957.2929059680932 100]
	[RESULT 98] [1 5.03706642649289 0 1 11 3999.978300314652 100]
	[RESULT 99] [1 5.0037781066518185 0 4 22 3961.2056149308523 100]
	[RESULT 100] [1 5.00091792346985 0 4 22 3999.9815148079106 100]
	[RESULT 101] [1 35.13392895146785 0 1 8 3947.106567175151 100]
	[RESULT 102] [0 32.06297555176942 1 1 11 3999.7860150967076 97]
	[RESULT 103] [1 5.014260121804666 0 4 3 3999.2713337961304 100]
	[RESULT 104] [1 5.078211353282337 0 3 19 3999.9155722452956 100]
	[RESULT 105] [1 5.016518595405752 0 1 4 3999.561715165869 100]
[OBJECTIVES]
	[RESULT 1] [0.0304948  0.00080757 0.01968723 0.02047176 0.01984622 0.09937446
 0.         0.00031277 0.00968723 0.00937446 0.         0.0334948
 0.00180757 0.00468723]
	[RESULT 2] [0.03433615 0.00653657 0.01779958 0.02138255 0.01698172 0.09559916
 0.         0.00360126 0.00779958 0.00559916 0.         0.03266385
 0.00113573 0.00920042]
	[RESULT 3] [ 0.02483759 -0.00388003  0.01871761  0.02475479  0.02219001  0.09743522
  0.          0.00128239  0.00871761  0.00743522  0.          0.02783759
 -0.0074448   0.00828239]
	[RESULT 4] [ 5.47801430e-03 -2.44523201e-02  1.99303344e-02  1.73845087e-02
  1.75238400e-02  9.98606688e-02  0.00000000e+00  6.96656014e-05
  9.93033440e-03  9.86066880e-03  0.00000000e+00  6.97801430e-03
 -2.49523201e-02  4.93033440e-03]
	[RESULT 5] [ 0.0220821  -0.00750662  0.01958872  0.02482588  0.02400331  0.09917744
  0.          0.00041128  0.00958872  0.00917744  0.          0.0250821
 -0.00932919  0.00741128]
	[RESULT 6] [ 4.31375258e-03 -2.56773364e-02  1.99910890e-02  1.68935098e-02
  1.69113318e-02  9.99821780e-02  0.00000000e+00  8.91099165e-06
  9.99108901e-03  9.98217802e-03  0.00000000e+00  5.81375258e-03
 -2.61773364e-02  4.99108901e-03]
	[RESULT 7] [ 0.01729158 -0.0106268   0.01791838  0.02027337  0.0244366   0.09583677
  0.          0.00208162  0.00791838  0.00583677  0.          0.01929158
 -0.01079003  0.00308162]
	[RESULT 8] [ 0.01071082 -0.01796145  0.01867227  0.01811381  0.02076928  0.09734453
  0.          0.00132773  0.00867227  0.00734453  0.          0.01371082
 -0.02161692  0.00832773]
	[RESULT 9] [3.40175777e-02 9.95164515e-03 1.60307771e-02 2.29626232e-02
 1.50241774e-02 9.20615542e-02 0.00000000e+00 8.90766869e-03
 6.03077710e-03 2.06155421e-03 0.00000000e+00 3.20175777e-02
 1.31993580e-05 1.09692229e-02]
	[RESULT 10] [ 0.01984488 -0.00947549  0.01932037  0.023653    0.02498775  0.09864074
  0.          0.00067963  0.00932037  0.00864074  0.          0.02284488
 -0.00847549  0.00432037]
	[RESULT 11] [ 0.02324669 -0.00359731  0.016844    0.02188935  0.02179866  0.093688
  0.          0.003156    0.006844    0.003688    0.          0.02524669
 -0.00690931  0.005156  ]
	[RESULT 12] [ 5.31444134e-03 -2.46798444e-02  1.99942857e-02  1.73986492e-02
  1.74100778e-02  9.99885714e-02  0.00000000e+00  5.71429508e-06
  9.99428570e-03  9.98857141e-03  0.00000000e+00  8.31444134e-03
 -2.36798444e-02  4.99428570e-03]
	[RESULT 13] [ 0.0178996  -0.01047759  0.0183772   0.0215156   0.0247612   0.0967544
  0.          0.0016228   0.0083772   0.0067544   0.          0.0188996
 -0.0157232   0.0076228 ]
	[RESULT 14] [ 0.00730397 -0.01944503  0.01674899  0.01352547  0.02002749  0.09349798
  0.          0.00325101  0.00674899  0.00349798  0.          0.01030397
 -0.02194704  0.00525101]
	[RESULT 15] [ 0.01631366 -0.01258473  0.01889839  0.02150442  0.02370763  0.09779678
  0.          0.00110161  0.00889839  0.00779678  0.          0.01681366
 -0.01408473  0.00389839]
	[RESULT 16] [0.01181978 0.01795041 0.01613063 0.01171394 0.00397521 0.09226126
 0.         0.0071081  0.00613063 0.00226126 0.         0.01131978
 0.00068915 0.00936937]
	[RESULT 17] [ 4.95157878e-03 -2.50248128e-02  1.99763916e-02  1.71903768e-02
  1.72375936e-02  9.99527832e-02  0.00000000e+00  2.36083822e-05
  9.97639162e-03  9.95278324e-03  0.00000000e+00  6.95157878e-03
 -2.50248128e-02  4.97639162e-03]
	[RESULT 18] [ 2.78020281e-02 -2.18775267e-03  1.99897808e-02  2.13643147e-02
  2.13438763e-02  9.99795616e-02  0.00000000e+00  1.02192048e-05
  9.98978080e-03  9.97956159e-03  0.00000000e+00  3.08020281e-02
 -3.20819108e-03  7.01021920e-03]
	[RESULT 19] [ 2.14003068e-02 -8.59715306e-03  1.99974599e-02  2.45536568e-02
  2.45485765e-02  9.99949197e-02  0.00000000e+00  2.54013854e-06
  9.99745986e-03  9.99491972e-03  0.00000000e+00  2.29003068e-02
 -9.09715306e-03  4.99745986e-03]
	[RESULT 20] [ 0.00770186 -0.01864886  0.01635072  0.01312701  0.02042557  0.09270144
  0.          0.00364928  0.00635072  0.00270144  0.          0.01070186
 -0.02194742  0.00564928]
	[RESULT 21] [ 0.00858358 -0.01702559  0.01560918  0.01245555  0.0212372   0.09121835
  0.          0.00439082  0.00560918  0.00121835  0.          0.01058358
 -0.02180724  0.00539082]
	[RESULT 22] [ 2.32584249e-02 -6.74096290e-03  1.99993878e-02  2.33717058e-02
  2.33704814e-02  9.99987757e-02  0.00000000e+00  6.12155596e-07
  9.99938784e-03  9.99877569e-03  0.00000000e+00  2.37584249e-02
 -8.24096290e-03  4.99938784e-03]
	[RESULT 23] [ 0.02864712  0.00010775  0.01853938  0.02311737  0.02019613  0.09707875
  0.          0.00146062  0.00853938  0.00707875  0.          0.03164712
 -0.0038135   0.00846062]
	[RESULT 24] [ 0.01133789 -0.0151827   0.01652059  0.01544983  0.02240865  0.09304117
  0.          0.00347941  0.00652059  0.00304117  0.          0.01333789
 -0.01914152  0.00547941]
	[RESULT 25] [ 5.47864685e-03 -2.44510550e-02  1.99297019e-02  1.73838762e-02
  1.75244725e-02  9.98594037e-02  0.00000000e+00  7.02981489e-05
  9.92970185e-03  9.85940370e-03  0.00000000e+00  6.97864685e-03
 -2.49510550e-02  4.92970185e-03]
	[RESULT 26] [ 2.43019784e-02 -5.69687958e-03  1.99988580e-02  2.31007238e-02
  2.30984398e-02  9.99977160e-02  0.00000000e+00  1.14198445e-06
  9.99885802e-03  9.99771603e-03  0.00000000e+00  2.58019784e-02
 -6.19687958e-03  4.99885802e-03]
	[RESULT 27] [ 1.52471112e-02 -1.46806962e-02  1.99278075e-02  2.22652668e-02
  2.24096519e-02  9.98556149e-02  0.00000000e+00  7.21925497e-05
  9.92780745e-03  9.85561490e-03  0.00000000e+00  1.67471112e-02
 -1.51806962e-02  4.92780745e-03]
	[RESULT 28] [ 0.02605532  0.00041366  0.01564166  0.02124015  0.02004317  0.09128333
  0.          0.00857501  0.00564166  0.00128333  0.          0.02755532
 -0.00930302  0.00985834]
	[RESULT 29] [ 0.0047986  -0.02478588  0.01958448  0.01652602  0.01735706  0.09916896
  0.          0.00041552  0.00958448  0.00916896  0.          0.0072986
 -0.02428588  0.00458448]
	[RESULT 30] [ 0.00695656 -0.0201599   0.01711645  0.01390296  0.01967005  0.09423291
  0.          0.00288355  0.00711645  0.00423291  0.          0.00995656
 -0.02192699  0.00488355]
	[RESULT 31] [ 0.01834861 -0.00732894  0.01567755  0.01744063  0.02391447  0.0913551
  0.          0.00432245  0.00567755  0.0013551   0.          0.02034861
 -0.01197384  0.00532245]
	[RESULT 32] [3.36298093e-02 3.62991573e-03 1.99998936e-02 1.84352550e-02
 1.84350421e-02 9.99997871e-02 0.00000000e+00 1.06437472e-07
 9.99989356e-03 9.99978713e-03 0.00000000e+00 3.38701907e-02
 4.12991573e-03 4.99989356e-03]
	[RESULT 33] [ 0.02295516 -0.00317011  0.01612527  0.02041549  0.02183505  0.09225054
  0.          0.00387473  0.00612527  0.00225054  0.          0.02445516
 -0.00691957  0.00437473]
	[RESULT 34] [ 0.01628567 -0.01114679  0.01743246  0.01904152  0.02417661  0.09486492
  0.          0.00256754  0.00743246  0.00486492  0.          0.01828567
 -0.01228187  0.00356754]
	[RESULT 35] [ 0.00704711 -0.01992797  0.01697508  0.01373618  0.01978601  0.09395017
  0.          0.00302492  0.00697508  0.00395017  0.          0.00854711
 -0.0219778   0.00352492]
	[RESULT 36] [ 0.02311554 -0.00204118  0.01515671  0.01929284  0.02102059  0.09031343
  0.          0.00652986  0.00515671  0.00031343  0.          0.02511554
 -0.00872775  0.00684329]
	[RESULT 37] [0.031901   0.00218681 0.01971419 0.01972822 0.01915659 0.09942837
 0.         0.00028581 0.00971419 0.00942837 0.         0.034901
 0.00318681 0.00471419]
	[RESULT 38] [ 2.43272673e-02 -5.64286758e-03  1.99701349e-02  2.31311641e-02
  2.30714338e-02  9.99402697e-02  0.00000000e+00  2.98651370e-05
  9.97013486e-03  9.94026973e-03  0.00000000e+00  2.63272673e-02
 -5.64286758e-03  4.97013486e-03]
	[RESULT 39] [ 2.22584249e-02 -7.74096290e-03  1.99993878e-02  2.41217058e-02
  2.41204814e-02  9.99987757e-02  0.00000000e+00  6.12155596e-07
  9.99938784e-03  9.99877569e-03  0.00000000e+00  2.37584249e-02
 -8.24096290e-03  4.99938784e-03]
	[RESULT 40] [ 0.0065279  -0.02101721  0.01754511  0.01433162  0.01924139  0.09509022
  0.          0.00245489  0.00754511  0.00509022  0.          0.0095279
 -0.02192699  0.00445489]
	[RESULT 41] [0.01857809 0.02373346 0.01515537 0.01655599 0.00686673 0.09031074
 0.         0.00946611 0.00515537 0.00031074 0.         0.01757809
 0.00842272 0.01084463]
	[RESULT 42] [ 0.02320318 -0.00253176  0.01573494  0.02020401  0.02126588  0.09146989
  0.          0.00426506  0.00573494  0.00146989  0.          0.02370318
 -0.00806187  0.00476506]
	[RESULT 43] [ 0.01844701 -0.01094413  0.01939114  0.02306021  0.02427793  0.09878228
  0.          0.00060886  0.00939114  0.00878228  0.          0.02094701
 -0.01044413  0.00439114]
	[RESULT 44] [ 0.02269611 -0.00696392  0.01966003  0.02441191  0.02373196  0.09932005
  0.          0.00033997  0.00966003  0.00932005  0.          0.02569611
 -0.00864387  0.00733997]
	[RESULT 45] [ 0.02339748 -0.00526704  0.01866452  0.02444551  0.02288352  0.09732904
  0.          0.00133548  0.00866452  0.00732904  0.          0.02639748
 -0.00426704  0.00366452]
	[RESULT 46] [ 0.0161248  -0.00902721  0.01515201  0.01579041  0.02451361  0.09030402
  0.          0.00554398  0.00515201  0.00030402  0.          0.0171248
 -0.0157232   0.00584799]
	[RESULT 47] [ 0.02929258 -0.0004216   0.01971419  0.02103243  0.0204608   0.09942837
  0.          0.00028581  0.00971419  0.00942837  0.          0.03229258
  0.0005784   0.00471419]
	[RESULT 48] [ 0.01051856 -0.01880779  0.01932635  0.0189988   0.02034611  0.09865269
  0.          0.00067365  0.00932635  0.00865269  0.          0.01351856
 -0.01780779  0.00432635]
	[RESULT 49] [ 0.00826531 -0.01878765  0.01705297  0.01471211  0.02060617  0.09410593
  0.          0.00294703  0.00705297  0.00410593  0.          0.00876531
 -0.02168172  0.00344703]
	[RESULT 50] [ 2.20638512e-02 -7.93429098e-03  1.99981422e-02  2.42208612e-02
  2.42171455e-02  9.99962843e-02  0.00000000e+00  1.85784271e-06
  9.99814216e-03  9.99628431e-03  0.00000000e+00  2.50638512e-02
 -6.93429098e-03  4.99814216e-03]
	[RESULT 51] [ 0.02312345 -0.00202176  0.01514522  0.01927955  0.02101088  0.09029043
  0.          0.00993565  0.00514522  0.00029043  0.          0.02362345
 -0.01373133  0.01035478]
	[RESULT 52] [0.01742116 0.02332328 0.01590212 0.0151074  0.00691164 0.09180424
 0.         0.00409788 0.00590212 0.00180424 0.         0.01542116
 0.00051904 0.00509788]
	[RESULT 53] [ 0.0045256  -0.02517435  0.01969995  0.01656273  0.01716282  0.09939991
  0.          0.00030005  0.00969995  0.00939991  0.          0.0065256
 -0.02517435  0.00469995]
	[RESULT 54] [0.01638457 0.02372352 0.01989191 0.00860442 0.00838824 0.09978382
 0.         0.00010809 0.00989191 0.00978382 0.         0.01488457
 0.00049266 0.00560809]
	[RESULT 55] [ 0.02297069 -0.00618457  0.01915526  0.02496823  0.02334228  0.09831052
  0.          0.00084474  0.00915526  0.00831052  0.          0.02597069
 -0.00887405  0.00784474]
	[RESULT 56] [ 8.49953848e-03 -2.14977441e-02  1.99972825e-02  1.92456930e-02
  1.92511280e-02  9.99945651e-02  0.00000000e+00  2.71746235e-06
  9.99728254e-03  9.99456508e-03  0.00000000e+00  8.99953848e-03
 -2.29977441e-02  4.99728254e-03]
	[RESULT 57] [ 2.09390813e-02 -8.98860849e-03  1.99276898e-02  2.48889247e-02
  2.47443042e-02  9.98553796e-02  0.00000000e+00  7.23102031e-05
  9.92768980e-03  9.85537959e-03  0.00000000e+00  2.39390813e-02
 -7.98860849e-03  4.92768980e-03]
	[RESULT 58] [ 0.02141487 -0.0081731   0.01958797  0.02483938  0.02433655  0.09917593
  0.          0.00041203  0.00958797  0.00917593  0.          0.02441487
 -0.00999717  0.00741203]
	[RESULT 59] [ 0.02279727 -0.00653142  0.01932868  0.02485834  0.02351571  0.09865737
  0.          0.00067132  0.00932868  0.00865737  0.          0.02579727
 -0.00887405  0.00767132]
	[RESULT 60] [ 0.028314    0.00210304  0.01621096  0.02347344  0.01894848  0.09242192
  0.          0.00378904  0.00621096  0.00242192  0.          0.030314
 -0.00247504  0.00578904]
	[RESULT 61] [ 9.33775674e-03 -2.06209141e-02  1.99586708e-02  1.93568846e-02
  1.94395430e-02  9.99173416e-02  0.00000000e+00  4.13291886e-05
  9.95867081e-03  9.91734162e-03  0.00000000e+00  1.23377567e-02
 -2.17035724e-02  7.04132919e-03]
	[RESULT 62] [ 2.35301886e-02 -6.45518498e-03  1.99853735e-02  2.35068454e-02
  2.34775925e-02  9.99707471e-02  0.00000000e+00  1.46264645e-05
  9.98537354e-03  9.97074707e-03  0.00000000e+00  2.55301886e-02
 -6.45518498e-03  4.98537354e-03]
	[RESULT 63] [ 0.01844342 -0.00672446  0.01516787  0.01697352  0.02336223  0.09033575
  0.          0.00999638  0.00516787  0.00033575  0.          0.01894342
 -0.01838871  0.01033213]
	[RESULT 64] [ 0.0269507  -0.00241322  0.01936391  0.02272878  0.02145661  0.09872782
  0.          0.00063609  0.00936391  0.00872782  0.          0.0299507
 -0.00141322  0.00436391]
	[RESULT 65] [ 0.02280397 -0.00651802  0.01932198  0.02486504  0.02350901  0.09864397
  0.          0.00067802  0.00932198  0.00864397  0.          0.02530397
 -0.00887405  0.00717802]
	[RESULT 66] [ 0.00823583 -0.01893523  0.01717106  0.01462451  0.02028239  0.09434212
  0.          0.00282894  0.00717106  0.00434212  0.          0.00973583
 -0.02059311  0.00332894]
	[RESULT 67] [ 0.01590328 -0.00923909  0.01514237  0.01566519  0.02461954  0.09028473
  0.          0.0099271   0.00514237  0.00028473  0.          0.01640328
 -0.02095435  0.01035763]
	[RESULT 68] [3.36323844e-02 3.63506590e-03 1.99973185e-02 1.84378301e-02
 1.84324670e-02 9.99946370e-02 0.00000000e+00 2.68152191e-06
 9.99731848e-03 9.99463696e-03 0.00000000e+00 3.38676156e-02
 4.13506590e-03 4.99731848e-03]
	[RESULT 69] [ 0.00897118 -0.01961024  0.01858142  0.01710773  0.01994488  0.09716285
  0.          0.00141858  0.00858142  0.00716285  0.          0.01097118
 -0.01961024  0.00358142]
	[RESULT 70] [ 0.02388349 -0.00578822  0.01967171  0.02380069  0.02314411  0.09934341
  0.          0.00032829  0.00967171  0.00934341  0.          0.02688349
 -0.0074448   0.00732829]
	[RESULT 71] [ 0.00645337 -0.02127995  0.01773332  0.01457666  0.01911002  0.09546664
  0.          0.00226668  0.00773332  0.00546664  0.          0.00945337
 -0.02181331  0.00426668]
	[RESULT 72] [2.67916033e-02 1.32115043e-02 1.99968924e-02 1.36504630e-02
 1.36442478e-02 9.99937848e-02 0.00000000e+00 3.10759921e-06
 9.99689240e-03 9.99378480e-03 0.00000000e+00 2.52916033e-02
 1.02884957e-02 4.99689240e-03]
	[RESULT 73] [ 2.20352728e-02 -7.96442117e-03  1.99996940e-02  2.42328226e-02
  2.42322106e-02  9.99993880e-02  0.00000000e+00  3.06005056e-07
  9.99969399e-03  9.99938799e-03  0.00000000e+00  2.35352728e-02
 -8.46442117e-03  4.99969399e-03]
	[RESULT 74] [0.02005927 0.02141053 0.0185302  0.01248433 0.00954474 0.09706041
 0.         0.0014698  0.0085302  0.00706041 0.         0.01705927
 0.00552906 0.0084698 ]
	[RESULT 75] [ 0.00457888 -0.02497294  0.01955183  0.01636718  0.01726353  0.09910365
  0.          0.00044817  0.00955183  0.00910365  0.          0.00657888
 -0.02497294  0.00455183]
	[RESULT 76] [ 0.03156999  0.00642114  0.01514885  0.02350828  0.01678943  0.09029771
  0.          0.00505344  0.00514885  0.00029771  0.          0.03206999
 -0.00028115  0.00535115]
	[RESULT 77] [ 0.01230868 -0.01442375  0.01673243  0.01600298  0.02253813  0.09346485
  0.          0.00326757  0.00673243  0.00346485  0.          0.01380868
 -0.0169589   0.00376757]
	[RESULT 78] [ 0.02800204  0.00240716  0.01559488  0.02214335  0.01904642  0.09118977
  0.          0.00978465  0.00559488  0.00118977  0.          0.03100204
 -0.00740307  0.01140512]
	[RESULT 79] [ 0.02686371 -0.00180081  0.01866452  0.02382137  0.0211504   0.09732904
  0.          0.00133548  0.00866452  0.00732904  0.          0.02986371
 -0.00080081  0.00366452]
	[RESULT 80] [ 0.02447445 -0.00120824  0.01568269  0.02051127  0.02085412  0.09136539
  0.          0.00995192  0.00568269  0.00136539  0.          0.02747445
 -0.01084285  0.01131731]
	[RESULT 81] [ 0.02620346 -0.00189392  0.01809738  0.0249978   0.02119696  0.09619475
  0.          0.00190262  0.00809738  0.00619475  0.          0.02770346
 -0.00239392  0.00309738]
	[RESULT 82] [ 2.63166536e-02 -3.67384930e-03  1.99905029e-02  2.21059189e-02
  2.20869246e-02  9.99810057e-02  0.00000000e+00  9.49714069e-06
  9.99050286e-03  9.98100572e-03  0.00000000e+00  2.93166536e-02
 -2.67384930e-03  4.99050286e-03]
	[RESULT 83] [ 0.00788311 -0.01951371  0.01739682  0.01478679  0.01999314  0.09479364
  0.          0.00260318  0.00739682  0.00479364  0.          0.00938311
 -0.02072007  0.00310318]
	[RESULT 84] [ 0.0233234  -0.00599904  0.01932244  0.02460464  0.02324952  0.09864488
  0.          0.00067756  0.00932244  0.00864488  0.          0.0263234
 -0.00499904  0.00432244]
	[RESULT 85] [ 0.00745517 -0.01916854  0.01662372  0.01341317  0.02016573  0.09324744
  0.          0.00337628  0.00662372  0.00324744  0.          0.00895517
 -0.02192111  0.00387628]
	[RESULT 86] [ 0.00455872 -0.02512699  0.01968571  0.01655793  0.0171865   0.09937143
  0.          0.00031429  0.00968571  0.00937143  0.          0.00605872
 -0.02562699  0.00468571]
	[RESULT 87] [ 0.02187525 -0.00594062  0.01781587  0.02241143  0.02322031  0.09563174
  0.          0.00218413  0.00781587  0.00563174  0.          0.02387525
 -0.00630888  0.00318413]
	[RESULT 88] [ 0.00440478 -0.02520309  0.01960787  0.0163642   0.01714845  0.09921575
  0.          0.00039213  0.00960787  0.00921575  0.          0.00740478
 -0.02420309  0.00460787]
	[RESULT 89] [ 0.00662566 -0.02074998  0.01737564  0.0141263   0.01937501  0.09475129
  0.          0.00262436  0.00737564  0.00475129  0.          0.00812566
 -0.02199869  0.00312436]
	[RESULT 90] [ 0.00709558 -0.02020906  0.01730464  0.01425475  0.01964547  0.09460928
  0.          0.00269536  0.00730464  0.00460928  0.          0.00859558
 -0.02159978  0.00319536]
	[RESULT 91] [ 0.01813824 -0.01164519  0.01978343  0.02349426  0.0239274   0.09956686
  0.          0.00021657  0.00978343  0.00956686  0.          0.02113824
 -0.01064519  0.00478343]
	[RESULT 92] [ 0.02161387 -0.00659578  0.01820964  0.02287139  0.02354789  0.09641928
  0.          0.00179036  0.00820964  0.00641928  0.          0.02461387
 -0.00617649  0.00379036]
	[RESULT 93] [ 4.10594087e-03 -2.58885126e-02  1.99944535e-02  1.67946507e-02
  1.68057437e-02  9.99889070e-02  0.00000000e+00  5.54650303e-06
  9.99445350e-03  9.98890699e-03  0.00000000e+00  5.60594087e-03
 -2.63885126e-02  4.99445350e-03]
	[RESULT 94] [0.0270993  0.01706329 0.01583741 0.01979354 0.01146835 0.09167482
 0.         0.00416259 0.00583741 0.00167482 0.         0.0265993
 0.01126189 0.00466259]
	[RESULT 95] [ 0.02210646 -0.00304538  0.01515184  0.01853099  0.02177269  0.09030368
  0.          0.00845552  0.00515184  0.00030368  0.          0.02510646
 -0.0137417   0.01184816]
	[RESULT 96] [ 0.00493529 -0.02415557  0.01909087  0.01585395  0.01767221  0.09818173
  0.          0.00090913  0.00909087  0.00818173  0.          0.00693529
 -0.02415557  0.00409087]
	[RESULT 97] [ 1.97700430e-02 -1.02289759e-02  1.99990188e-02  2.46335497e-02
  2.46355121e-02  9.99980377e-02  0.00000000e+00  9.81158275e-07
  9.99901884e-03  9.99803768e-03  0.00000000e+00  2.27700430e-02
 -9.22897587e-03  4.99901884e-03]
	[RESULT 98] [ 0.00420039 -0.0256209   0.01982129  0.01658213  0.01693955  0.09964258
  0.          0.00017871  0.00982129  0.00964258  0.          0.00570039
 -0.0261209   0.00482129]
	[RESULT 99] [ 1.92217190e-02 -1.07594616e-02  1.99811806e-02  2.43326303e-02
  2.43702692e-02  9.99623611e-02  0.00000000e+00  1.88194314e-05
  9.98118057e-03  9.96236114e-03  0.00000000e+00  2.22217190e-02
 -9.75946161e-03  4.98118057e-03]
	[RESULT 100] [ 4.02305694e-03 -2.59723576e-02  1.99954146e-02  1.67546504e-02
  1.67638212e-02  9.99908292e-02  0.00000000e+00  4.58540830e-06
  9.99541459e-03  9.99082918e-03  0.00000000e+00  7.02305694e-03
 -2.49723576e-02  4.99541459e-03]
	[RESULT 101] [ 0.02581562  0.00065502  0.0151606   0.02039871  0.01992249  0.09032119
  0.          0.00501821  0.0051606   0.00032119  0.          0.02731562
 -0.00502378  0.0053394 ]
	[RESULT 102] [ 0.030034    0.00485583  0.01517817  0.02278426  0.01757209  0.09035634
  0.          0.00996549  0.00517817  0.00035634  0.          0.030534
 -0.00678783  0.01032183]
	[RESULT 103] [ 4.77832767e-03 -2.51513742e-02  1.99297019e-02  1.70337166e-02
  1.71743129e-02  9.98594037e-02  0.00000000e+00  7.02981489e-05
  9.92970185e-03  9.85940370e-03  0.00000000e+00  7.77832767e-03
 -2.41513742e-02  4.92970185e-03]
	[RESULT 104] [ 0.00444683 -0.02519048  0.01963731  0.01642938  0.01715476  0.09927462
  0.          0.00036269  0.00963731  0.00927462  0.          0.00694683
 -0.02469048  0.00463731]
	[RESULT 105] [ 4.51198430e-03 -2.54067649e-02  1.99187492e-02  1.68841159e-02
  1.70466176e-02  9.98374983e-02  0.00000000e+00  8.12508275e-05
  9.91874917e-03  9.83749835e-03  0.00000000e+00  6.01198430e-03
 -2.59067649e-02  4.91874917e-03]
