[METRICS]
	[DISEQUILIBRIUM COUNT] 1615
	[MINIMUM S0 sTrt S1 DISTANCE]0.004001151281973647
	[MINIMUM S0 sTrt S21 DISTANCE]-0.02599875246274573
	[MINIMUM S0 sTrt S22 DISTANCE]0.015108696889715084
	[MINIMUM S7 sTrt S6 DISTANCE]0.007780010681757155
	[MINIMUM S7 sTrt S8 DISTANCE]0.0028497298578548103
	[MINIMUM S7 sTrt S21 DISTANCE]0.09021739377943011
	[MINIMUM S7 esTrt S22 DISTANCE]0.0
	[MINIMUM S14 sTrt S13 DISTANCE]2.7604931673863575e-09
	[MINIMUM S14 sTrt S15 DISTANCE]0.0051086968897150475
	[MINIMUM S14 sTrt S21 DISTANCE]0.00021739377943010701
	[MINIMUM S14 sTrt S22 DISTANCE]0.0
	[MINIMUM S20 sTrt S19 DISTANCE]0.005502925864114716
	[MINIMUM S20 sTrt S21 DISTANCE]-0.026495191847368538
	[MINIMUM S20 sTrt S22 DISTANCE]0.0027664023903379784
	[AVERAGE S0 sTrt S1 DISTANCE]0.02120739387285429
	[AVERAGE S0 sTrt S21 DISTANCE]0.005252463234717718
	[AVERAGE S0 sTrt S22 DISTANCE]0.017106694776848244
	[AVERAGE S7 sTrt S6 DISTANCE]0.018379884747417426
	[AVERAGE S7 sTrt S8 DISTANCE]0.015101569826089893
	[AVERAGE S7 sTrt S21 DISTANCE]0.09421338955369632
	[AVERAGE S7 sTrt S22 DISTANCE]0.0
	[AVERAGE S14 sTrt S13 DISTANCE]0.0037396752868130863
	[AVERAGE S14 sTrt S15 DISTANCE]0.007106694776848227
	[AVERAGE S14 sTrt S21 DISTANCE]0.004213389553696444
	[AVERAGE S14 sTrt S22 DISTANCE]0.0
	[AVERAGE S20 sTrt S19 DISTANCE]0.021435387770668283
	[AVERAGE S20 sTrt S21 DISTANCE]-0.0031453807274598243
	[AVERAGE S20 sTrt S22 DISTANCE]0.00604590469468012
[VARIABLES]
	[RESULT 1] [1 42.06901430543568 1 3 7 3845.267015707688 100]
	[RESULT 2] [0 5.418117874771765 0 3 13 3981.756129979266 100]
	[RESULT 3] [0 7.183108238395008 0 4 16 3997.0198657557826 100]
	[RESULT 4] [1 5.000650857055894 0 4 4 3947.126171981507 99]
	[RESULT 5] [1 6.606848633953394 0 3 9 3999.913019882864 100]
	[RESULT 6] [1 5.097232753074566 1 3 11 3967.0562062401054 100]
	[RESULT 7] [1 5.276115732806771 0 3 18 3981.8028342013113 100]
	[RESULT 8] [0 6.230941342585108 0 1 7 3999.982556309631 100]
	[RESULT 9] [0 5.257223204156329 1 1 10 3986.951167361473 100]
	[RESULT 10] [0 7.04831816495617 0 3 7 3964.673257766309 100]
	[RESULT 11] [0 5.531050821598937 1 1 13 3997.6123345042224 98]
	[RESULT 12] [1 5.2713352388960875 0 1 20 3986.0906257778684 100]
	[RESULT 13] [1 5.093774322041967 0 4 21 3999.3443939386625 100]
	[RESULT 14] [1 5.04100627656938 0 3 21 3999.1719198739734 100]
	[RESULT 15] [0 6.394087289340966 0 3 21 3999.999315146291 100]
	[RESULT 16] [0 5.107260364828876 0 1 8 3993.358427013241 30]
	[RESULT 17] [1 5.091283344015847 0 1 20 3999.7746388831974 100]
	[RESULT 18] [1 6.356151357161281 0 3 21 3998.614576512543 100]
	[RESULT 19] [0 5.000182830734171 0 3 1 3999.975642976493 100]
	[RESULT 20] [1 5.005016724563114 1 3 13 3996.140102823489 97]
	[RESULT 21] [1 5.029806676412082 0 1 17 3999.9249441763995 100]
	[RESULT 22] [1 5.000016852787023 0 3 1 3999.9882043839175 84]
	[RESULT 23] [0 5.000002989888873 0 3 1 3999.9915909291653 84]
	[RESULT 24] [1 8.072109365532372 1 3 8 3919.3281848067613 100]
	[RESULT 25] [1 5.000557759926623 0 3 8 3900.5823730234565 100]
	[RESULT 26] [1 5.162594319069465 1 3 9 3964.4436814369583 100]
	[RESULT 27] [1 5.144877318051874 0 4 1 3999.85559506563 84]
	[RESULT 28] [1 7.527467626810819 1 3 21 3999.6978067563814 98]
	[RESULT 29] [1 24.510592805118762 0 4 13 3828.7671394587223 100]
	[RESULT 30] [1 5.805071850891145 0 3 12 3999.210240117614 100]
	[RESULT 31] [1 5.097232753074566 1 3 10 3967.0562062401054 100]
	[RESULT 32] [1 5.179996735189211 0 3 11 3999.9919102830527 100]
	[RESULT 33] [1 5.0003173761292725 0 3 20 3981.8028342013113 100]
	[RESULT 34] [1 5.145097459911486 0 1 17 3999.7625908609207 100]
	[RESULT 35] [1 5.017561143013233 0 3 20 3999.773432352704 100]
	[RESULT 36] [1 6.7541503619253005 0 1 12 3999.300795631079 100]
	[RESULT 37] [1 27.49372795921662 0 1 3 3994.5872896386127 100]
	[RESULT 38] [1 5.485522899104158 1 3 7 3845.267015707688 100]
	[RESULT 39] [1 5.051893418037969 0 3 4 3954.558408221756 100]
	[RESULT 40] [1 5.291610081541489 1 1 9 3999.9969455693367 100]
	[RESULT 41] [1 13.024779376471304 1 1 17 3981.8028342013113 100]
	[RESULT 42] [1 5.00016426088725 0 1 14 3740.066721675628 100]
	[RESULT 43] [1 6.052400861948591 0 1 20 3999.9999870582246 100]
	[RESULT 44] [1 5.0276169059118665 0 1 16 3999.210240117614 100]
	[RESULT 45] [1 26.575461763182503 0 3 9 3899.4665312928378 99]
	[RESULT 46] [0 5.005595678162633 1 1 8 1470.1806896142557 24]
	[RESULT 47] [1 5.002471316090421 1 3 18 3768.0132301057083 100]
	[RESULT 48] [0 5.000002989888873 0 3 1 3999.9950795123486 84]
	[RESULT 49] [1 5.1200869414732795 0 3 14 3999.9919102830527 100]
	[RESULT 50] [1 5.015260402046881 1 3 11 3967.0562062401054 100]
	[RESULT 51] [1 6.247832035561036 0 4 21 3999.702459655826 100]
	[RESULT 52] [1 33.863837905364264 0 3 9 3999.913019882864 99]
	[RESULT 53] [1 5.000251535067493 0 4 4 3998.0010253493474 94]
	[RESULT 54] [0 23.018914571535362 1 1 9 3999.9909781278984 98]
	[RESULT 55] [1 5.097232753074566 1 3 11 3969.3234069139708 100]
	[RESULT 56] [1 7.175964180231256 0 3 12 3999.96521981183 100]
	[RESULT 57] [1 5.026394026734874 0 1 16 3999.355461030203 100]
	[RESULT 58] [1 5.006868601648695 0 3 18 3998.479392098457 100]
	[RESULT 59] [1 5.994025817046243 0 3 21 3999.6451389008976 100]
	[RESULT 60] [1 5.4989550554499065 0 4 13 3964.9747240602837 100]
	[RESULT 61] [1 5.0268527699440435 0 4 4 3963.0160205538273 100]
	[RESULT 62] [1 7.097236149660729 1 1 17 3999.8557425297613 92]
	[RESULT 63] [1 5.180505439589709 0 3 1 3999.9922467052975 90]
	[RESULT 64] [1 6.733229719790351 0 1 20 3987.784097183071 100]
	[RESULT 65] [0 5.080784904102703 1 1 8 3999.4201317068405 98]
	[RESULT 66] [1 15.307492953506856 0 3 7 3964.5452092315436 100]
	[RESULT 67] [0 5.518273806714648 0 4 4 3993.415359806536 100]
	[RESULT 68] [1 8.469417537807068 0 3 1 3999.99224450868 90]
	[RESULT 69] [1 5.054098421794026 0 3 11 3999.929986594673 100]
	[RESULT 70] [1 5.0056261173658125 0 3 19 3945.2037091985217 100]
	[RESULT 71] [1 5.219401072227728 0 3 12 3735.31194970229 100]
	[RESULT 72] [1 5.004350954825773 0 3 12 3999.133980000729 100]
	[RESULT 73] [1 14.23187555428782 0 1 17 3999.8764235232525 100]
	[RESULT 74] [1 5.116337102580728 0 1 18 3999.954584646487 100]
	[RESULT 75] [1 5.019999449065682 1 1 9 3999.9969455693367 100]
	[RESULT 76] [1 5.526547567652968 0 3 4 3954.558408221756 100]
	[RESULT 77] [1 5.051735335072271 0 3 9 3999.994603580871 100]
	[RESULT 78] [1 5.453359808431775 0 1 9 3999.99927284558 100]
	[RESULT 79] [0 6.313851018164169 0 3 21 3753.1049084698043 100]
	[RESULT 80] [1 5.118315105715786 0 4 4 3970.4419916133643 100]
	[RESULT 81] [0 32.569076561064065 0 1 9 3999.9997775295 98]
	[RESULT 82] [1 5.043583927814508 0 1 21 3891.9305212602194 100]
	[RESULT 83] [0 5.545567345509303 1 1 13 1599.59131023502 98]
	[RESULT 84] [0 34.07237195402081 0 3 9 3998.5616719998566 100]
	[RESULT 85] [1 5.093616547994199 0 4 22 3999.98923900206 100]
	[RESULT 86] [1 5.322678149111326 0 4 1 3999.855756878457 84]
	[RESULT 87] [0 5.000002989888873 0 3 12 3999.834430688345 84]
	[RESULT 88] [1 6.576961962237323 0 1 20 3999.9999870582246 100]
	[RESULT 89] [1 5.0003244023473385 0 3 8 3987.5389934285167 100]
	[RESULT 90] [1 5.144877318051874 0 4 1 3997.998171764878 84]
	[RESULT 91] [1 12.316307531633178 0 2 20 3990.5404802778316 100]
	[RESULT 92] [1 5.211038041135476 0 3 8 2171.6265056460225 100]
	[RESULT 93] [1 25.841782146987725 1 4 12 3828.7671394587223 92]
	[RESULT 94] [1 5.000650857055894 0 4 16 3970.1072142457115 99]
	[RESULT 95] [0 5.483820003249841 0 1 8 3987.867061410482 100]
	[RESULT 96] [1 5.755183571275781 0 1 11 3995.7672855067035 100]
	[RESULT 97] [1 5.0268527699440435 0 4 4 3815.6138269689973 100]
	[RESULT 98] [1 5.028624606244585 0 3 14 3998.3309322511273 100]
	[RESULT 99] [0 9.306071944909194 1 1 8 1208.5337307097072 24]
	[RESULT 100] [1 5.000571204101367 0 3 9 3913.726123898425 96]
	[RESULT 101] [1 5.051131514729251 0 3 21 3999.2699007773367 100]
	[RESULT 102] [1 5.1488880428089505 0 3 3 3999.98951644251 92]
	[RESULT 103] [1 5.007800114608911 0 1 4 3999.355461030203 100]
	[RESULT 104] [1 5.000650857055894 1 3 11 3968.4425300796283 100]
	[RESULT 105] [1 5.054098421794026 0 1 11 3999.9015206661015 100]
[OBJECTIVES]
	[RESULT 1] [ 0.03460872  0.01025994  0.01513134  0.02485735  0.01512003  0.09026268
  0.          0.00889402  0.00513134  0.00026268  0.          0.03210872
 -0.00047738  0.01136866]
	[RESULT 2] [ 0.01702128 -0.01150452  0.0185258   0.02129934  0.02424774  0.0970516
  0.          0.0014742   0.0085258   0.0070516   0.          0.01852128
 -0.01200452  0.0035258 ]
	[RESULT 3] [ 0.01109193 -0.01547886  0.01657079  0.01540215  0.02226057  0.09314158
  0.          0.00342921  0.00657079  0.00314158  0.          0.01309193
 -0.01933728  0.00542921]
	[RESULT 4] [3.09774492e-02 9.80701370e-04 1.99967478e-02 1.97661537e-02
 1.97596493e-02 9.99934957e-02 0.00000000e+00 3.25216858e-06
 9.99674783e-03 9.99349566e-03 0.00000000e+00 3.39774492e-02
 1.98070137e-03 4.99674783e-03]
	[RESULT 5] [ 0.00716865 -0.01974937  0.01691802  0.01371136  0.01987531  0.09383605
  0.          0.00308198  0.00691802  0.00383605  0.          0.00966865
 -0.02191332  0.00458198]
	[RESULT 6] [ 0.02365677 -0.00590015  0.01955692  0.02408624  0.02320008  0.09911384
  0.          0.00044308  0.00955692  0.00911384  0.          0.02615677
 -0.00778631  0.00694308]
	[RESULT 7] [ 0.01561332 -0.01330482  0.01891814  0.02093387  0.02309759  0.09783628
  0.          0.00108186  0.00891814  0.00783628  0.          0.01811332
 -0.01280482  0.00391814]
	[RESULT 8] [ 0.00777623 -0.01946498  0.01724121  0.01474992  0.02026751  0.09448241
  0.          0.00275879  0.00724121  0.00448241  0.          0.00827623
 -0.02198257  0.00325879]
	[RESULT 9] [ 0.01959672 -0.0093803   0.01897702  0.02326389  0.02469015  0.09795404
  0.          0.00102298  0.00897702  0.00795404  0.          0.02009672
 -0.01342626  0.00652298]
	[RESULT 10] [ 0.0229995  -0.00364075  0.01664025  0.02146012  0.02182037  0.0932805
  0.          0.00335975  0.00664025  0.0032805   0.          0.0244995
 -0.00736025  0.00485975]
	[RESULT 11] [ 0.02724711 -0.00101862  0.01826573  0.02397785  0.02050931  0.09653146
  0.          0.00173427  0.00826573  0.00653146  0.          0.02774711
 -0.00648716  0.00723427]
	[RESULT 12] [ 0.01400416 -0.01492871  0.01893287  0.02015139  0.02228564  0.09786575
  0.          0.00106713  0.00893287  0.00786575  0.          0.01550416
 -0.01542871  0.00393287]
	[RESULT 13] [ 0.00506753 -0.0245038   0.01957133  0.01664075  0.0174981   0.09914265
  0.          0.00042867  0.00957133  0.00914265  0.          0.00806753
 -0.0235038   0.00457133]
	[RESULT 14] [ 0.00499849 -0.02480456  0.01980305  0.01695381  0.01734772  0.09960609
  0.          0.00019695  0.00980305  0.00960609  0.          0.00749849
 -0.02430456  0.00480305]
	[RESULT 15] [ 0.00791221 -0.01917627  0.01708848  0.01458882  0.02041186  0.09417696
  0.          0.00291152  0.00708848  0.00417696  0.          0.00941221
 -0.02199932  0.00441152]
	[RESULT 16] [ 0.03045017  0.00093452  0.01951565  0.02050144  0.01953274  0.0990313
  0.          0.00048435  0.00951565  0.0090313   0.          0.03095017
 -0.00056548  0.00451565]
	[RESULT 17] [ 0.00464159 -0.02494018  0.01958176  0.01644344  0.01727991  0.09916352
  0.          0.00041824  0.00958176  0.00916352  0.          0.00614159
 -0.02544018  0.00458176]
	[RESULT 18] [ 0.00819057 -0.01893153  0.0171221   0.01452844  0.02028423  0.09424421
  0.          0.0028779   0.0071221   0.00424421  0.          0.01069057
 -0.02068732  0.0043779 ]
	[RESULT 19] [ 5.02524730e-03 -2.49738387e-02  1.99990860e-02  1.75112527e-02
  1.75130806e-02  9.99981720e-02  0.00000000e+00  9.13986566e-07
  9.99908601e-03  9.99817203e-03  0.00000000e+00  6.52524730e-03
 -2.54738387e-02  4.99908601e-03]
	[RESULT 20] [ 2.73686096e-02 -2.60643199e-03  1.99750416e-02  2.16031328e-02
  2.15532160e-02  9.99500832e-02  0.00000000e+00  2.49584133e-05
  9.97504159e-03  9.95008317e-03  0.00000000e+00  2.98686096e-02
 -3.65634881e-03  6.52495841e-03]
	[RESULT 21] [ 0.00421955 -0.02563573  0.01985528  0.0166427   0.01693214  0.09971056
  0.          0.00014472  0.00985528  0.00971056  0.          0.00571955
 -0.02613573  0.00485528]
	[RESULT 22] [ 2.28354037e-02 -7.16451201e-03  1.99999157e-02  2.38324245e-02
  2.38322560e-02  9.99998315e-02  0.00000000e+00  8.42625151e-08
  9.99991574e-03  9.99983147e-03  0.00000000e+00  2.53354037e-02
 -6.66451201e-03  4.99991574e-03]
	[RESULT 23] [ 2.38319506e-02 -6.16803445e-03  1.99999851e-02  2.30840471e-02
  2.30840172e-02  9.99999701e-02  0.00000000e+00  1.49493997e-08
  9.99998505e-03  9.99997010e-03  0.00000000e+00  2.53319506e-02
 -6.66803445e-03  4.99998505e-03]
	[RESULT 24] [ 0.0318576   0.00562973  0.01622786  0.0249794   0.01743513  0.09245573
  0.          0.00781641  0.00622786  0.00245573  0.          0.0343576
 -0.00291454  0.01027214]
	[RESULT 25] [ 2.39793833e-02 -6.01782947e-03  1.99972128e-02  2.32644892e-02
  2.32589147e-02  9.99944255e-02  0.00000000e+00  2.78724502e-06
  9.99721275e-03  9.99442551e-03  0.00000000e+00  2.64793833e-02
 -5.51782947e-03  4.99721275e-03]
	[RESULT 26] [ 0.0243783  -0.00492242  0.01930073  0.02410976  0.02271121  0.09860145
  0.          0.00069927  0.00930073  0.00860145  0.          0.0268783
 -0.00732097  0.00719927]
	[RESULT 27] [ 0.02359982 -0.00576746  0.01936728  0.02439917  0.02313373  0.09873456
  0.          0.00063272  0.00936728  0.00873456  0.          0.02659982
 -0.00476746  0.00436728]
	[RESULT 28] [ 0.02621447 -0.00020298  0.01641745  0.02248341  0.02035149  0.09283489
  0.          0.00724766  0.00641745  0.00283489  0.          0.02871447
 -0.00836808  0.01008255]
	[RESULT 29] [ 0.03057123  0.00532746  0.01524378  0.02290128  0.01758627  0.09048755
  0.          0.00626867  0.00524378  0.00048755  0.          0.03357123
 -0.00018499  0.00675622]
	[RESULT 30] [ 0.0069956  -0.02077437  0.01776997  0.01490276  0.01936281  0.09553995
  0.          0.00223003  0.00776997  0.00553995  0.          0.0094956
 -0.02123442  0.00373003]
	[RESULT 31] [ 0.02365677 -0.00590015  0.01955692  0.02408624  0.02320008  0.09911384
  0.          0.00044308  0.00955692  0.00911384  0.          0.02615677
 -0.00778631  0.00694308]
	[RESULT 32] [ 0.00477079 -0.02446651  0.0192373   0.01599134  0.01751674  0.0984746
  0.          0.0007627   0.0092373   0.0084746   0.          0.00727079
 -0.02396651  0.0042373 ]
	[RESULT 33] [ 1.45330446e-02 -1.54653691e-02  1.99984136e-02  2.20141427e-02
  2.20173155e-02  9.99968272e-02  0.00000000e+00  1.58637717e-06
  9.99841362e-03  9.99682725e-03  0.00000000e+00  1.70330446e-02
 -1.49653691e-02  4.99841362e-03]
	[RESULT 34] [ 0.00486874 -0.02449771  0.01936644  0.01623403  0.01750115  0.09873288
  0.          0.00063356  0.00936644  0.00873288  0.          0.00636874
 -0.02499771  0.00436644]
	[RESULT 35] [ 4.31082313e-03 -2.56028865e-02  1.99137096e-02  1.67759760e-02
  1.69485567e-02  9.98274193e-02  0.00000000e+00  8.62903578e-05
  9.91370964e-03  9.82741928e-03  0.00000000e+00  6.81082313e-03
 -2.51028865e-02  4.91370964e-03]
	[RESULT 36] [ 0.00786474 -0.0189507   0.01681544  0.01390553  0.02027465  0.09363088
  0.          0.00318456  0.00681544  0.00363088  0.          0.00936474
 -0.02131982  0.00368456]
	[RESULT 37] [ 0.01323656 -0.01197626  0.01521282  0.01418751  0.02376187  0.09042565
  0.          0.00486153  0.00521282  0.00042565  0.          0.01473656
 -0.01755062  0.00528718]
	[RESULT 38] [ 0.0321568   0.00379098  0.01836582  0.02162287  0.01835451  0.09673164
  0.          0.00163418  0.00836582  0.00673164  0.          0.0346568
 -0.00047738  0.00813418]
	[RESULT 39] [ 0.02037407 -0.00937927  0.01975333  0.02456703  0.02493963  0.09950667
  0.          0.00024667  0.00975333  0.00950667  0.          0.02287407
 -0.00887927  0.00475333]
	[RESULT 40] [ 0.01013192 -0.01873922  0.01887114  0.01812266  0.02038039  0.09774227
  0.          0.00112886  0.00887114  0.00774227  0.          0.01163192
 -0.02199695  0.00662886]
	[RESULT 41] [ 0.02397743 -0.0015766   0.01555403  0.02006976  0.0210383   0.09110806
  0.          0.00883791  0.00555403  0.00110806  0.          0.02547743
 -0.01146854  0.00994597]
	[RESULT 42] [ 2.68073252e-02 -3.19185364e-03  1.99991788e-02  2.18475692e-02
  2.18459268e-02  9.99983577e-02  0.00000000e+00  8.21169550e-07
  9.99917883e-03  9.99835766e-03  0.00000000e+00  2.83073252e-02
 -3.69185364e-03  4.99917883e-03]
	[RESULT 43] [ 0.00656384 -0.02087233  0.01743617  0.01418618  0.01931384  0.09487234
  0.          0.00256383  0.00743617  0.00487234  0.          0.00806384
 -0.02199999  0.00306383]
	[RESULT 44] [ 0.00489995 -0.02496568  0.01986563  0.01699841  0.01726716  0.09973125
  0.          0.00013437  0.00986563  0.00973125  0.          0.00639995
 -0.02546568  0.00486563]
	[RESULT 45] [0.03120023 0.01357829 0.01522148 0.0230179  0.01346086 0.09044296
 0.         0.00583556 0.00522148 0.00044296 0.         0.02870023
 0.00802125 0.00627852]
	[RESULT 46] [1.54765533e-02 2.45512695e-02 1.99721773e-02 7.78001068e-03
 7.72436527e-03 9.99443546e-02 0.00000000e+00 2.78227039e-05
 9.97217730e-03 9.94435459e-03 0.00000000e+00 1.49765533e-02
 5.04375956e-04 5.52782270e-03]
	[RESULT 47] [3.15802943e-02 1.59262042e-03 1.99876739e-02 1.94783420e-02
 1.94536898e-02 9.99753478e-02 0.00000000e+00 1.23261187e-05
 9.98767388e-03 9.97534776e-03 0.00000000e+00 3.40802943e-02
 5.67968187e-04 6.51232612e-03]
	[RESULT 48] [ 2.38284639e-02 -6.17152117e-03  1.99999851e-02  2.30857905e-02
  2.30857606e-02  9.99999701e-02  0.00000000e+00  1.49493997e-08
  9.99998505e-03  9.99997010e-03  0.00000000e+00  2.53284639e-02
 -6.67152117e-03  4.99998505e-03]
	[RESULT 49] [ 0.00454415 -0.02491979  0.01946394  0.01621798  0.0172901   0.09892788
  0.          0.00053606  0.00946394  0.00892788  0.          0.00704415
 -0.02441979  0.00446394]
	[RESULT 50] [ 2.32888403e-02 -6.63600457e-03  1.99248449e-02  2.37183125e-02
  2.35680023e-02  9.98496898e-02  0.00000000e+00  7.51551130e-05
  9.92484489e-03  9.84968977e-03  0.00000000e+00  2.57888403e-02
 -7.78631480e-03  6.57515511e-03]
	[RESULT 51] [ 0.00706968 -0.02015469  0.01722437  0.01412139  0.01967265  0.09444873
  0.          0.00277563  0.00722437  0.00444873  0.          0.01006968
 -0.02170596  0.00477563]
	[RESULT 52] [ 0.01891925 -0.00624817  0.01516743  0.01696077  0.02337409  0.09033485
  0.          0.00599772  0.00516743  0.00033485  0.          0.02141925
 -0.01191332  0.00633257]
	[RESULT 53] [ 2.29950872e-02 -7.00365539e-03  1.99987426e-02  2.37543424e-02
  2.37518277e-02  9.99974853e-02  0.00000000e+00  1.25735907e-06
  9.99874264e-03  9.99748528e-03  0.00000000e+00  2.59950872e-02
 -6.00365539e-03  4.99874264e-03]
	[RESULT 54] [ 0.02807946  0.00281656  0.0152629   0.02193407  0.01859172  0.09052579
  0.          0.00971131  0.0052629   0.00052579  0.          0.02857946
 -0.00865765  0.0102371 ]
	[RESULT 55] [ 0.02321754 -0.00633938  0.01955692  0.02430585  0.02341969  0.09911384
  0.          0.00044308  0.00955692  0.00911384  0.          0.02571754
 -0.00822554  0.00694308]
	[RESULT 56] [ 0.00746041 -0.01911392  0.01657433  0.01334169  0.02019304  0.09314865
  0.          0.00342567  0.00657433  0.00314865  0.          0.00996041
 -0.02196527  0.00492567]
	[RESULT 57] [ 0.00475692 -0.02511451  0.01987142  0.01693559  0.01719275  0.09974285
  0.          0.00012858  0.00987142  0.00974285  0.          0.00625692
 -0.02561451  0.00487142]
	[RESULT 58] [ 5.46752978e-03 -2.44983615e-02  1.99658913e-02  1.74326018e-02
  1.75008193e-02  9.99317825e-02  0.00000000e+00  3.41087290e-05
  9.96589127e-03  9.93178254e-03  0.00000000e+00  7.96752978e-03
 -2.39983615e-02  4.96589127e-03]
	[RESULT 59] [ 0.0068424  -0.02066509  0.01750749  0.01443244  0.01941746  0.09501498
  0.          0.00249251  0.00750749  0.00501498  0.          0.0093424
 -0.02165011  0.00399251]
	[RESULT 60] [ 0.02025206 -0.00808359  0.01833566  0.02237952  0.0242918   0.09667131
  0.          0.00166434  0.00833566  0.00667131  0.          0.02325206
 -0.00741228  0.00366434]
	[RESULT 61] [ 0.0190475  -0.01082175  0.01986925  0.02407762  0.02433913  0.09973849
  0.          0.00013075  0.00986925  0.00973849  0.          0.0220475
 -0.00982175  0.00486925]
	[RESULT 62] [ 0.03030687  0.00369252  0.01661434  0.02482495  0.01840374  0.09322869
  0.          0.00565697  0.00661434  0.00322869  0.          0.03180687
 -0.00407879  0.00888566]
	[RESULT 63] [ 0.0229541  -0.00628138  0.01923547  0.02491974  0.02339069  0.09847095
  0.          0.00076453  0.00923547  0.00847095  0.          0.0254541
 -0.00578138  0.00423547]
	[RESULT 64] [ 0.01537677 -0.01145257  0.01682934  0.01768239  0.02402371  0.09365868
  0.          0.00317066  0.00682934  0.00365868  0.          0.01687677
 -0.0137939   0.00367066]
	[RESULT 65] [ 0.02427379 -0.00535248  0.01962627  0.0234237   0.02267624  0.09925253
  0.          0.00037373  0.00962627  0.00925253  0.          0.02477379
 -0.00809994  0.00587373]
	[RESULT 66] [ 0.02321951 -0.00222267  0.01544218  0.01952303  0.02136134  0.09088437
  0.          0.00517345  0.00544218  0.00088437  0.          0.02571951
 -0.0073383   0.00605782]
	[RESULT 67] [ 0.01191869 -0.01637453  0.01829321  0.01839916  0.02181274  0.09658643
  0.          0.00170679  0.00829321  0.00658643  0.          0.01391869
 -0.0167881   0.00370679]
	[RESULT 68] [ 2.60708573e-02 -4.78567448e-05  1.61187140e-02  2.19634996e-02
  2.02739284e-02  9.22374280e-02  0.00000000e+00  3.88128599e-03
  6.11871401e-03  2.23742801e-03  0.00000000e+00  2.85708573e-02
 -3.81042873e-03  5.38128599e-03]
	[RESULT 69] [ 0.00432643 -0.02541696  0.01974339  0.0165283   0.01704152  0.09948678
  0.          0.00025661  0.00974339  0.00948678  0.          0.00682643
 -0.02491696  0.00474339]
	[RESULT 70] [ 2.11955289e-02 -8.77649785e-03  1.99720268e-02  2.46941953e-02
  2.46382489e-02  9.99440536e-02  0.00000000e+00  2.79732063e-05
  9.97202679e-03  9.94405359e-03  0.00000000e+00  2.36955289e-02
 -8.27649785e-03  4.97202679e-03]
	[RESULT 71] [ 0.02774213 -0.00135824  0.01910037  0.02272837  0.02092912  0.09820075
  0.          0.00089963  0.00910037  0.00820075  0.          0.03024213
 -0.00085824  0.00410037]
	[RESULT 72] [ 4.85868532e-03 -2.51196541e-02  1.99783395e-02  1.71468519e-02
  1.71901729e-02  9.99566789e-02  0.00000000e+00  2.16605301e-05
  9.97833947e-03  9.95667894e-03  0.00000000e+00  7.35868532e-03
 -2.46196541e-02  4.97833947e-03]
	[RESULT 73] [ 0.0086343  -0.01685437  0.01548867  0.01230015  0.02132282  0.09097734
  0.          0.00451133  0.00548867  0.00097734  0.          0.0101343
 -0.02187703  0.00501133]
	[RESULT 74] [ 0.0045664  -0.02491253  0.01947893  0.0162516   0.01729373  0.09895787
  0.          0.00052107  0.00947893  0.00895787  0.          0.0060664
 -0.02541253  0.00447893]
	[RESULT 75] [ 9.10109063e-03 -2.08008728e-02  1.99019634e-02  1.91534905e-02
  1.93495636e-02  9.98039269e-02  0.00000000e+00  9.80365680e-05
  9.90196343e-03  9.80392686e-03  0.00000000e+00  1.06010906e-02
 -2.19969459e-02  5.59803657e-03]
	[RESULT 76] [ 0.02185204 -0.00642333  0.01827536  0.02308907  0.02346166  0.09655073
  0.          0.00172464  0.00827536  0.00655073  0.          0.02435204
 -0.00592333  0.00327536]
	[RESULT 77] [ 0.00425135 -0.0255027   0.01975405  0.01650675  0.01699865  0.0995081
  0.          0.00024595  0.00975405  0.0095081   0.          0.00675135
 -0.0250027   0.00475405]
	[RESULT 78] [ 0.00556042 -0.02287988  0.0184403   0.01519067  0.01831006  0.09688061
  0.          0.0015597   0.0084403   0.00688061  0.          0.00706042
 -0.02337988  0.0034403 ]
	[RESULT 79] [0.03054042 0.00337952 0.0171609  0.02398844 0.01831024 0.0943218
 0.         0.0028391  0.0071609  0.0043218  0.         0.03204042
 0.00070132 0.0043391 ]
	[RESULT 80] [ 0.01807329 -0.01139772  0.01947101  0.02299316  0.02405114  0.09894202
  0.          0.00052899  0.00947101  0.00894202  0.          0.02107329
 -0.01039772  0.00447101]
	[RESULT 81] [ 0.02315854 -0.00201647  0.01517501  0.01934179  0.02100824  0.09035003
  0.          0.00497496  0.00517501  0.00035003  0.          0.02365854
 -0.00866644  0.00532499]
	[RESULT 82] [ 0.02451202 -0.00527916  0.01979118  0.02330722  0.02288958  0.09958236
  0.          0.00020882  0.00979118  0.00958236  0.          0.02601202
 -0.00577916  0.00479118]
	[RESULT 83] [0.02015941 0.02160553 0.01823506 0.01272712 0.00919724 0.09647012
 0.         0.00176494 0.00823506 0.00647012 0.         0.01965941
 0.00692436 0.00726494]
	[RESULT 84] [ 0.01119381 -0.01397245  0.01516627  0.0133463   0.02301377  0.09033253
  0.          0.0060012   0.00516627  0.00033253  0.          0.01269381
 -0.02063992  0.00633373]
	[RESULT 85] [ 0.00443877 -0.02513322  0.01957199  0.01632736  0.01718339  0.09914397
  0.          0.00042801  0.00957199  0.00914397  0.          0.00743877
 -0.02413322  0.00457199]
	[RESULT 86] [ 0.02418674 -0.00459347  0.01878021  0.02498632  0.02254674  0.09756042
  0.          0.00121979  0.00878021  0.00756042  0.          0.02718674
 -0.00359347  0.00378021]
	[RESULT 87] [ 2.39880244e-02 -6.01196069e-03  1.99999851e-02  2.30060102e-02
  2.30059803e-02  9.99999701e-02  0.00000000e+00  1.49493997e-08
  9.99998505e-03  9.99997010e-03  0.00000000e+00  2.54880244e-02
 -6.51196069e-03  4.99998505e-03]
	[RESULT 88] [ 0.00705974 -0.01988053  0.01694027  0.01369028  0.01980974  0.09388054
  0.          0.00305973  0.00694027  0.00388054  0.          0.00855974
 -0.02199999  0.00355973]
	[RESULT 89] [ 1.23176064e-02 -1.76807721e-02  1.99983785e-02  2.09063710e-02
  2.09096139e-02  9.99967570e-02  0.00000000e+00  1.62148572e-06
  9.99837851e-03  9.99675703e-03  0.00000000e+00  1.48176064e-02
 -1.71807721e-02  4.99837851e-03]
	[RESULT 90] [ 0.02530967 -0.00405761  0.01936728  0.02354425  0.02227881  0.09873456
  0.          0.00063272  0.00936728  0.00873456  0.          0.02830967
 -0.00305761  0.00436728]
	[RESULT 91] [ 0.01526155 -0.01033968  0.01560123  0.01578262  0.02458016  0.09120246
  0.          0.00439877  0.00560123  0.00120246  0.          0.01726155
 -0.01513722  0.00539877]
	[RESULT 92] [0.02953409 0.0004054  0.01912869 0.02178992 0.0200473  0.09825738
 0.         0.00087131 0.00912869 0.00825738 0.         0.03203409
 0.0009054  0.00412869]
	[RESULT 93] [0.01663613 0.02186505 0.01522892 0.01572469 0.00618253 0.09045784
 0.         0.00868676 0.00522892 0.00045784 0.         0.01363613
 0.00540721 0.01177108]
	[RESULT 94] [ 2.76174208e-02 -2.37932700e-03  1.99967478e-02  2.14461678e-02
  2.14396635e-02  9.99934957e-02  0.00000000e+00  3.25216858e-06
  9.99674783e-03  9.99349566e-03  0.00000000e+00  3.06174208e-02
 -1.37932700e-03  4.99674783e-03]
	[RESULT 95] [ 0.0147989  -0.01357078  0.01836968  0.01995397  0.02321461  0.09673936
  0.          0.00163032  0.00836968  0.00673936  0.          0.0152989
 -0.01507078  0.00336968]
	[RESULT 96] [ 0.00977114 -0.01807757  0.0178487   0.01640863  0.02071122  0.09569741
  0.          0.0021513   0.0078487   0.00569741  0.          0.01127114
 -0.01857757  0.0028487 ]
	[RESULT 97] [ 0.02614584 -0.00372341  0.01986925  0.02237321  0.0221117   0.09973849
  0.          0.00013075  0.00986925  0.00973849  0.          0.02914584
 -0.00272341  0.00486925]
	[RESULT 98] [ 0.00570375 -0.02415711  0.01986086  0.01739316  0.01767145  0.09972172
  0.          0.00013914  0.00986086  0.00972172  0.          0.00820375
 -0.02365711  0.00486086]
	[RESULT 99] [0.01142397 0.01736628 0.01594232 0.01179851 0.00368314 0.09188463
 0.         0.00767305 0.00594232 0.00188463 0.         0.01092397
 0.00048165 0.00955768]
	[RESULT 100] [3.06139177e-02 9.38893670e-03 1.99971456e-02 1.55612404e-02
 1.55555316e-02 9.99942912e-02 0.00000000e+00 2.85439007e-06
 9.99714561e-03 9.99429122e-03 0.00000000e+00 2.81139177e-02
 9.88893670e-03 4.99714561e-03]
	[RESULT 101] [ 0.0049526  -0.02480417  0.01975678  0.01686147  0.01734791  0.09951356
  0.          0.00024322  0.00975678  0.00951356  0.          0.0074526
 -0.02430417  0.00475678]
	[RESULT 102] [ 0.02243622 -0.00691581  0.01935203  0.02499616  0.02370791  0.09870407
  0.          0.00064797  0.00935203  0.00870407  0.          0.02493622
 -0.00641581  0.00435203]
	[RESULT 103] [ 4.66703812e-03 -2.52942632e-02  1.99613013e-02  1.70254710e-02
  1.71028684e-02  9.99226026e-02  0.00000000e+00  3.86987186e-05
  9.96130128e-03  9.92260256e-03  0.00000000e+00  6.16703812e-03
 -2.57942632e-02  4.96130128e-03]
	[RESULT 104] [ 2.29525457e-02 -7.04420215e-03  1.99967478e-02  2.37786054e-02
  2.37721011e-02  9.99934957e-02  0.00000000e+00  3.25216858e-06
  9.99674783e-03  9.99349566e-03  0.00000000e+00  2.54525457e-02
 -8.05070649e-03  6.50325217e-03]
	[RESULT 105] [ 0.0043547  -0.02538869  0.01974339  0.01654244  0.01705566  0.09948678
  0.          0.00025661  0.00974339  0.00948678  0.          0.0058547
 -0.02588869  0.00474339]
