[METRICS]
	[DISEQUILIBRIUM COUNT] 648
	[MINIMUM S0 sTrt S1 DISTANCE]0.004037880683948281
	[MINIMUM S0 sTrt S21 DISTANCE]-0.025951846470294276
	[MINIMUM S0 sTrt S22 DISTANCE]0.015108699798591696
	[MINIMUM S7 sTrt S6 DISTANCE]0.007774459877750495
	[MINIMUM S7 sTrt S8 DISTANCE]0.0028260893598574532
	[MINIMUM S7 sTrt S21 DISTANCE]0.09021739959718339
	[MINIMUM S7 esTrt S22 DISTANCE]0.0
	[MINIMUM S14 sTrt S13 DISTANCE]7.019106068595349e-08
	[MINIMUM S14 sTrt S15 DISTANCE]0.005108699798591687
	[MINIMUM S14 sTrt S21 DISTANCE]0.00021739959718337226
	[MINIMUM S14 sTrt S22 DISTANCE]0.0
	[MINIMUM S20 sTrt S19 DISTANCE]0.005537880683948115
	[MINIMUM S20 sTrt S21 DISTANCE]-0.02645184647029427
	[MINIMUM S20 sTrt S22 DISTANCE]0.0027541784765531194
	[AVERAGE S0 sTrt S1 DISTANCE]0.020163766252677216
	[AVERAGE S0 sTrt S21 DISTANCE]0.013367908705258547
	[AVERAGE S0 sTrt S22 DISTANCE]0.016792962846485075
	[AVERAGE S7 sTrt S6 DISTANCE]0.016461717108072427
	[AVERAGE S7 sTrt S8 DISTANCE]0.010946370145630902
	[AVERAGE S7 sTrt S21 DISTANCE]0.0935859256929702
	[AVERAGE S7 sTrt S22 DISTANCE]0.0
	[AVERAGE S14 sTrt S13 DISTANCE]0.00466523345291741
	[AVERAGE S14 sTrt S15 DISTANCE]0.006792962846485006
	[AVERAGE S14 sTrt S21 DISTANCE]0.003585925692970024
	[AVERAGE S14 sTrt S22 DISTANCE]0.0
	[AVERAGE S20 sTrt S19 DISTANCE]0.0193796501357244
	[AVERAGE S20 sTrt S21 DISTANCE]0.00042709650257333746
	[AVERAGE S20 sTrt S22 DISTANCE]0.00713585770676995
[VARIABLES]
	[RESULT 1] [1 37.092197281363546 1 4 5 3836.808499132044 100]
	[RESULT 2] [1 6.883458433532092 0 1 19 3999.461091689265 100]
	[RESULT 3] [0 5.149038365533718 0 1 12 3996.7753238479804 100]
	[RESULT 4] [0 6.329874387980942 1 4 10 3759.7699157516186 100]
	[RESULT 5] [1 5.000402014008154 1 1 19 3535.8186375401956 100]
	[RESULT 6] [1 17.722909755094406 0 1 17 3989.535289425988 100]
	[RESULT 7] [1 6.0326383015895075 0 4 8 3999.20635717762 100]
	[RESULT 8] [1 5.0130148335489295 0 4 16 3884.492739175309 100]
	[RESULT 9] [1 5.000402014008154 1 1 19 3275.1842064174116 100]
	[RESULT 10] [1 5.607199883067303 0 4 17 3964.1203063998682 100]
	[RESULT 11] [1 5.000014281583922 1 2 13 3787.062886863778 100]
	[RESULT 12] [1 5.103515632605551 0 1 19 3999.9522573004606 100]
	[RESULT 13] [0 5.054472540152638 0 1 12 3795.9354844726877 100]
	[RESULT 14] [0 7.970748496154618 1 1 4 1320.67030162523 23]
	[RESULT 15] [1 5.169528948672561 0 4 17 3966.528216358224 100]
	[RESULT 16] [1 5.247947539292744 1 1 6 3958.177774849638 100]
	[RESULT 17] [0 8.869732783861846 1 1 13 3931.4561345261413 100]
	[RESULT 18] [1 5.073092188591661 1 4 21 3998.4508683851327 99]
	[RESULT 19] [0 5.525621838736004 1 1 3 3999.451140160088 22]
	[RESULT 20] [1 5.0100857489507105 0 2 14 3999.8111601870487 99]
	[RESULT 21] [1 5.0003582947057605 1 1 19 3970.1810998289957 100]
	[RESULT 22] [1 5.308943890743192 0 4 13 3126.165679329304 100]
	[RESULT 23] [1 5.151837475446439 1 4 19 3997.201291648121 99]
	[RESULT 24] [1 5.291394368032092 1 1 20 3998.378817290934 92]
	[RESULT 25] [1 5.004480886082645 1 1 19 3905.6082652344335 100]
	[RESULT 26] [1 5.002288347509995 0 1 20 3999.2339431990904 100]
	[RESULT 27] [1 6.9212075338666565 0 1 19 3999.9522573004606 100]
	[RESULT 28] [1 5.074340797721549 1 3 10 3969.5230513705865 100]
	[RESULT 29] [1 5.017214599292266 0 2 21 3982.5534636007956 97]
	[RESULT 30] [0 5.190887314243106 1 1 4 1299.0384822162507 23]
	[RESULT 31] [1 5.312882898504264 0 2 19 3998.6652366575904 99]
	[RESULT 32] [1 5.100697291100143 0 1 8 3999.2339431990904 100]
	[RESULT 33] [1 5.829326510804551 0 1 19 3994.4514305051375 100]
	[RESULT 34] [1 11.753821562177981 0 1 16 3997.5045938774892 100]
	[RESULT 35] [1 6.4978016216578185 1 1 17 3957.8236418728793 100]
	[RESULT 36] [1 5.001074812415565 1 4 19 3885.9160710649767 100]
	[RESULT 37] [1 6.809644793101839 0 3 19 3999.960343729743 100]
	[RESULT 38] [0 16.58682976016621 0 1 19 3905.308428235405 100]
	[RESULT 39] [1 5.019821085920424 0 1 19 3999.9522573004606 100]
	[RESULT 40] [1 5.086720416173138 0 1 19 3999.461091689265 100]
	[RESULT 41] [1 5.001796276944742 0 2 19 3999.5577717910155 95]
	[RESULT 42] [1 5.866124124843196 0 1 13 3999.9735712699157 100]
	[RESULT 43] [1 5.510688970417155 0 1 14 3996.44481962812 100]
	[RESULT 44] [1 5.334466765733356 0 4 19 3835.8811308129643 100]
	[RESULT 45] [1 5.013150625388405 0 1 18 3999.6364114143007 100]
	[RESULT 46] [1 5.017214599292266 0 2 19 3997.479860396714 97]
	[RESULT 47] [1 5.404509222853088 0 4 18 3769.101662008271 100]
	[RESULT 48] [1 5.000402014008154 1 1 19 3880.856771119531 100]
	[RESULT 49] [1 5.045087694347214 0 4 20 3999.2220422699315 100]
	[RESULT 50] [1 20.39083220750819 1 4 19 3999.9230268356873 99]
	[RESULT 51] [1 5.006681047360486 0 2 19 3998.6652366575904 100]
	[RESULT 52] [1 5.004564797279115 0 1 15 3879.076844854827 100]
	[RESULT 53] [1 5.655421924489479 0 3 16 3991.8025696378536 100]
	[RESULT 54] [1 5.151837475446439 1 4 19 3997.753706662524 99]
	[RESULT 55] [1 9.753584887768287 1 3 12 3999.90259166516 100]
	[RESULT 56] [1 5.367127727971208 1 3 18 3991.350608406678 100]
	[RESULT 57] [1 12.327266858601373 0 1 14 3964.184896917059 100]
	[RESULT 58] [0 6.262302884624916 0 1 4 1299.0384822162507 21]
	[RESULT 59] [1 5.059483327555587 0 4 20 3999.984049916182 100]
	[RESULT 60] [1 5.873083619974744 0 4 8 3999.5324908186617 100]
	[RESULT 61] [1 5.0034321141747675 0 4 19 3999.8980095895035 100]
	[RESULT 62] [0 9.550896019127253 0 1 17 3696.3921510509526 100]
	[RESULT 63] [1 6.211631164694972 0 1 13 3984.8360937200955 100]
	[RESULT 64] [1 5.000014281583922 1 2 19 3894.1554658096525 100]
	[RESULT 65] [1 5.000402014008154 0 1 19 3935.0340721634716 100]
	[RESULT 66] [1 5.142533158259239 0 4 13 3131.57939584758 100]
	[RESULT 67] [1 5.0003450996169345 1 1 19 3393.613653291026 100]
	[RESULT 68] [1 5.223865598363302 0 1 17 3947.012819161492 100]
	[RESULT 69] [1 6.4911630935995746 0 1 16 3999.8229830812797 100]
	[RESULT 70] [1 5.418540989841435 0 4 17 3966.528216358224 100]
	[RESULT 71] [1 5.152733146692366 1 1 7 3998.507578878412 100]
	[RESULT 72] [1 6.519674282078786 0 4 12 3840.1427336761044 100]
	[RESULT 73] [1 5.139976345856361 0 4 21 3999.9874454948517 100]
	[RESULT 74] [1 17.71404634215608 0 1 19 3999.6975388194014 100]
	[RESULT 75] [1 5.000643614977242 1 4 19 3997.479860396714 97]
	[RESULT 76] [1 5.087391159661173 1 4 21 3999.9874454948517 99]
	[RESULT 77] [1 9.278998880317856 0 1 19 3992.3502296433253 100]
	[RESULT 78] [1 5.51257627999573 0 1 14 3999.461091689265 100]
	[RESULT 79] [1 6.718788252843021 1 4 5 3937.1263137722053 100]
	[RESULT 80] [1 5.311449762406279 1 4 14 3274.48943086078 100]
	[RESULT 81] [1 5.93466095141082 0 4 8 3999.9526048831653 100]
	[RESULT 82] [1 5.018751378163457 0 1 19 3976.0197748421347 100]
	[RESULT 83] [1 8.48336235654407 1 4 19 3885.9160710649767 49]
	[RESULT 84] [1 5.000392550091553 1 1 19 3535.8186375401956 100]
	[RESULT 85] [1 5.156093727202514 1 1 14 3995.1868886713523 100]
	[RESULT 86] [1 5.315397705945728 1 4 17 3999.9942054990966 99]
	[RESULT 87] [0 5.068798336704369 0 1 15 1204.3476876002671 44]
	[RESULT 88] [1 6.569628055332698 0 4 12 3999.3106539751707 100]
	[RESULT 89] [1 5.169528948672561 0 4 19 3831.044488893425 100]
	[RESULT 90] [1 5.250082678651685 1 4 17 3884.492739175309 99]
	[RESULT 91] [1 5.198280556551364 0 4 14 3884.492739175309 100]
	[RESULT 92] [1 7.011028276874217 0 1 19 3996.44481962812 100]
	[RESULT 93] [1 5.047605873551322 0 1 12 3999.9735712699157 100]
	[RESULT 94] [1 6.030258394189374 0 3 16 3991.8025696378536 100]
	[RESULT 95] [1 5.000402014008154 0 1 19 3895.005295168494 100]
	[RESULT 96] [1 5.758159029920574 0 1 19 3990.390711550744 100]
	[RESULT 97] [1 7.412803761271265 0 4 8 3999.901455319503 100]
	[RESULT 98] [1 5.59034749075426 1 1 4 3999.9962951642356 100]
	[RESULT 99] [1 14.343232411933213 0 1 14 3964.108564203271 100]
	[RESULT 100] [1 17.279508930477956 0 2 19 3997.8287196595534 95]
	[RESULT 101] [1 5.075813186814931 0 4 7 3674.1116097199374 100]
	[RESULT 102] [0 8.817681037035184 0 1 14 3999.6318445591173 93]
	[RESULT 103] [1 6.049552167136398 1 4 14 3752.46915216276 99]
	[RESULT 104] [1 5.334466765733356 0 4 17 3971.364805516388 100]
	[RESULT 105] [1 5.0003582947057605 1 4 19 3970.575898093062 100]
[OBJECTIVES]
	[RESULT 1] [ 0.03447218  0.01037673  0.01515109  0.02475945  0.01506164  0.09030219
  0.          0.00845328  0.00515109  0.00030219  0.          0.03147218
 -0.00032109  0.01184891]
	[RESULT 2] [ 0.00779351 -0.01894052  0.01673403  0.0137478   0.02027974  0.09346806
  0.          0.00326597  0.00673403  0.00346806  0.          0.00929351
 -0.02147246  0.00376597]
	[RESULT 3] [ 0.00850479 -0.02084667  0.01935146  0.01827959  0.01957666  0.09870293
  0.          0.00064854  0.00935146  0.00870293  0.          0.00900479
 -0.02234667  0.00435146]
	[RESULT 4] [0.03450248 0.00835148 0.01714604 0.02153218 0.01582426 0.09429208
 0.         0.00556188 0.00714604 0.00429208 0.         0.03250248
 0.00064356 0.00985396]
	[RESULT 5] [3.27243645e-02 2.72637377e-03 1.99979907e-02 1.88908316e-02
 1.88868131e-02 9.99959815e-02 0.00000000e+00 2.00926229e-06
 9.99799074e-03 9.99598148e-03 0.00000000e+00 3.42243645e-02
 1.72235525e-03 5.50200926e-03]
	[RESULT 6] [ 0.01601249 -0.00935186  0.01536435  0.01580278  0.02492593  0.09072871
  0.          0.00463565  0.00536435  0.00072871  0.          0.01751249
 -0.01462315  0.00513565]
	[RESULT 7] [ 0.00730937 -0.02015049  0.01745986  0.01459447  0.01967475  0.09491971
  0.          0.00254014  0.00745986  0.00491971  0.          0.01030937
 -0.02123078  0.00454014]
	[RESULT 8] [ 2.46160694e-02 -5.31969246e-03  1.99357619e-02  2.30383225e-02
  2.29098462e-02  9.98715238e-02  0.00000000e+00  6.42381193e-05
  9.93576188e-03  9.87152376e-03  0.00000000e+00  2.76160694e-02
 -4.31969246e-03  4.93576188e-03]
	[RESULT 9] [3.31684712e-02 3.17048047e-03 1.99979907e-02 1.86687783e-02
 1.86647598e-02 9.99959815e-02 0.00000000e+00 2.00926229e-06
 9.99799074e-03 9.99598148e-03 0.00000000e+00 3.46684712e-02
 2.16646194e-03 5.50200926e-03]
	[RESULT 10] [ 0.02062285 -0.00748815  0.018111    0.02222793  0.02399408  0.096222
  0.          0.001889    0.008111    0.006222    0.          0.02362285
 -0.00726615  0.003889  ]
	[RESULT 11] [3.13733269e-02 1.37339833e-03 1.99999286e-02 1.95634437e-02
 1.95633008e-02 9.99998572e-02 0.00000000e+00 7.14068998e-08
 9.99992859e-03 9.99985719e-03 0.00000000e+00 3.33733269e-02
 3.73255514e-04 6.00007141e-03]
	[RESULT 12] [ 0.00451668 -0.0250143   0.01953097  0.0163048   0.01724285  0.09906195
  0.          0.00046903  0.00953097  0.00906195  0.          0.00601668
 -0.0255143   0.00453097]
	[RESULT 13] [ 0.0275298  -0.0022119   0.01974171  0.02162254  0.02110595  0.09948341
  0.          0.00025829  0.00974171  0.00948341  0.          0.0280298
 -0.0037119   0.00474171]
	[RESULT 14] [0.01174673 0.01800594 0.01625921 0.01148455 0.00400297 0.09251842
 0.         0.00672237 0.00625921 0.00251842 0.         0.01124673
 0.00048752 0.00924079]
	[RESULT 15] [ 0.01903586 -0.01023937  0.01927523  0.02318077  0.02463032  0.09855045
  0.          0.00072477  0.00927523  0.00855045  0.          0.02203586
 -0.00923937  0.00427523]
	[RESULT 16] [ 0.02564025 -0.00336633  0.01900658  0.02392001  0.02193317  0.09801316
  0.          0.00099342  0.00900658  0.00801316  0.          0.02714025
 -0.00635318  0.00649342]
	[RESULT 17] [ 0.03229189  0.00626514  0.01602675  0.02481393  0.01686743  0.0920535
  0.          0.00741975  0.00602675  0.0020535   0.          0.03279189
 -0.00368136  0.00947325]
	[RESULT 18] [ 0.02079931 -0.00886012  0.01965943  0.0246388   0.02468006  0.09931886
  0.          0.00034057  0.00965943  0.00931886  0.          0.02379931
 -0.01054126  0.00734057]
	[RESULT 19] [ 0.03200655  0.0037292   0.01827735  0.0215807   0.0181354   0.0965547
  0.          0.00172265  0.00827735  0.0065547   0.          0.03250655
 -0.0017161   0.00722265]
	[RESULT 20] [ 1.42373493e-02 -1.57127255e-02  1.99500748e-02  2.17937868e-02
  2.18936373e-02  9.99001496e-02  0.00000000e+00  4.99252116e-05
  9.95007479e-03  9.90014958e-03  0.00000000e+00  1.62373493e-02
 -1.57127255e-02  4.95007479e-03]
	[RESULT 21] [ 2.26006135e-02 -7.39759563e-03  1.99982092e-02  2.39523795e-02
  2.39487978e-02  9.99964183e-02  0.00000000e+00  1.79083188e-06
  9.99820917e-03  9.99641834e-03  0.00000000e+00  2.41006135e-02
 -8.40117730e-03  5.50179083e-03]
	[RESULT 22] [0.02948478 0.00066491 0.01881987 0.0222778  0.01991755 0.09763975
 0.         0.00118013 0.00881987 0.00763975 0.         0.03248478
 0.00166491 0.00381987]
	[RESULT 23] [ 0.02217605 -0.00716484  0.01934089  0.02484936  0.02383242  0.09868178
  0.          0.00065911  0.00934089  0.00868178  0.          0.02517605
 -0.00948306  0.00765911]
	[RESULT 24] [ 0.02942845  0.00055667  0.01887178  0.0222281   0.01997167  0.09774357
  0.          0.00112822  0.00887178  0.00774357  0.          0.03092845
 -0.00269977  0.00662822]
	[RESULT 25] [ 2.87874363e-02 -1.19025926e-03  1.99776955e-02  2.08897386e-02
  2.08451296e-02  9.99553910e-02  0.00000000e+00  2.23044865e-05
  9.97769551e-03  9.95539103e-03  0.00000000e+00  3.02874363e-02
 -2.23486824e-03  5.52230449e-03]
	[RESULT 26] [ 4.75469660e-03 -2.52338878e-02  1.99885844e-02  1.71102249e-02
  1.71330561e-02  9.99771688e-02  0.00000000e+00  1.14156147e-05
  9.98858439e-03  9.97716877e-03  0.00000000e+00  6.25469660e-03
 -2.57338878e-02  4.98858439e-03]
	[RESULT 27] [ 0.00733603 -0.01937559  0.01671162  0.01348545  0.0200622   0.09342324
  0.          0.00328838  0.00671162  0.00342324  0.          0.00883603
 -0.02195235  0.00378838]
	[RESULT 28] [ 0.02308004 -0.00657397  0.01965402  0.02422895  0.02353699  0.09930803
  0.          0.00034598  0.00965402  0.00930803  0.          0.02558004
 -0.00826594  0.00684598]
	[RESULT 29] [ 2.93602112e-02 -5.55172450e-04  1.99153836e-02  2.06968189e-02
  2.05275862e-02  9.98307673e-02  0.00000000e+00  8.46163597e-05
  9.91538364e-03  9.83076728e-03  0.00000000e+00  3.13602112e-02
 -5.55172450e-04  4.91538364e-03]
	[RESULT 30] [0.01468424 0.02388279 0.01919855 0.00854429 0.00694139 0.0983971
 0.         0.00080145 0.00919855 0.0083971  0.         0.01418424
 0.00048569 0.00630145]
	[RESULT 31] [ 0.0164587  -0.01234971  0.01880841  0.02119197  0.02357514  0.09761683
  0.          0.00119159  0.00880841  0.00761683  0.          0.0184587
 -0.01234971  0.00380841]
	[RESULT 32] [ 0.00520071 -0.02434187  0.01954258  0.01666422  0.01757907  0.09908515
  0.          0.00045742  0.00954258  0.00908515  0.          0.00670071
 -0.02484187  0.00454258]
	[RESULT 33] [ 0.01080753 -0.01692572  0.01773325  0.01675363  0.02128714  0.09546649
  0.          0.00226675  0.00773325  0.00546649  0.          0.01230753
 -0.01745922  0.00276675]
	[RESULT 34] [ 0.01062409 -0.01502076  0.01564484  0.01352931  0.02223962  0.09128969
  0.          0.00435516  0.00564484  0.00128969  0.          0.01212409
 -0.01973107  0.00485516]
	[RESULT 35] [ 0.02769437  0.00069261  0.01700176  0.02409983  0.01990369  0.09400352
  0.          0.00449472  0.00700176  0.00400352  0.          0.02919437
 -0.00630387  0.00849824]
	[RESULT 36] [ 2.95116787e-02 -4.82952980e-04  1.99946317e-02  2.05022131e-02
  2.04914765e-02  9.99892634e-02  0.00000000e+00  5.36829217e-06
  9.99463171e-03  9.98926342e-03  0.00000000e+00  3.25116787e-02
 -1.49368956e-03  7.00536829e-03]
	[RESULT 37] [ 0.00726001 -0.01951958  0.01677958  0.01354938  0.01999021  0.09355917
  0.          0.00322042  0.00677958  0.00355917  0.          0.00976001
 -0.02196041  0.00472042]
	[RESULT 38] [ 0.029381    0.00398376  0.01539724  0.02278636  0.01800812  0.09079448
  0.          0.00460276  0.00539724  0.00079448  0.          0.029881
 -0.00222175  0.00510276]
	[RESULT 39] [ 4.14483093e-03 -2.57579898e-02  1.99028208e-02  1.66766466e-02
  1.68710051e-02  9.98056415e-02  0.00000000e+00  9.71792317e-05
  9.90282077e-03  9.80564154e-03  0.00000000e+00  5.64483093e-03
 -2.62579898e-02  4.90282077e-03]
	[RESULT 40] [ 0.00492654 -0.02467446  0.019601    0.01661477  0.01741277  0.099202
  0.          0.000399    0.009601    0.009202    0.          0.00642654
 -0.02517446  0.004601  ]
	[RESULT 41] [ 2.11101735e-02 -8.88086122e-03  1.99910347e-02  2.47083612e-02
  2.46904306e-02  9.99820694e-02  0.00000000e+00  8.96528060e-06
  9.99103472e-03  9.98206944e-03  0.00000000e+00  2.31101735e-02
 -8.88086122e-03  4.99103472e-03]
	[RESULT 42] [ 0.00634705 -0.0213323   0.01767935  0.01444255  0.01908385  0.0953587
  0.          0.00232065  0.00767935  0.0053587   0.          0.00784705
 -0.0219736   0.00282065]
	[RESULT 43] [ 0.0088028  -0.01950694  0.01830975  0.01661602  0.01999653  0.0966195
  0.          0.00169025  0.00830975  0.0066195   0.          0.0103028
 -0.02000694  0.00330975]
	[RESULT 44] [ 0.02694839 -0.00179843  0.01874681  0.02365558  0.02114921  0.09749363
  0.          0.00125319  0.00874681  0.00749363  0.          0.02994839
 -0.00079843  0.00374681]
	[RESULT 45] [ 4.42327618e-03 -2.55118242e-02  1.99351003e-02  1.68642886e-02
  1.69940879e-02  9.98702007e-02  0.00000000e+00  6.48996559e-05
  9.93510034e-03  9.87020069e-03  0.00000000e+00  5.92327618e-03
 -2.60118242e-02  4.93510034e-03]
	[RESULT 46] [ 2.13739758e-02 -8.54140789e-03  1.99153836e-02  2.46899367e-02
  2.45207039e-02  9.98307673e-02  0.00000000e+00  8.46163597e-05
  9.91538364e-03  9.83076728e-03  0.00000000e+00  2.33739758e-02
 -8.54140789e-03  4.91538364e-03]
	[RESULT 47] [ 0.02799766 -0.0005623   0.01855996  0.02341123  0.02053115  0.09711992
  0.          0.00144004  0.00855996  0.00711992  0.          0.03099766
  0.0004377   0.00355996]
	[RESULT 48] [ 2.96660442e-02 -3.31946507e-04  1.99979907e-02  2.04199918e-02
  2.04159733e-02  9.99959815e-02  0.00000000e+00  2.00926229e-06
  9.99799074e-03  9.99598148e-03  0.00000000e+00  3.11660442e-02
 -1.33596503e-03  5.50200926e-03]
	[RESULT 49] [ 0.00497019 -0.0248141   0.01978429  0.01691153  0.01734295  0.09956858
  0.          0.00021571  0.00978429  0.00956858  0.          0.00797019
 -0.0238141   0.00478429]
	[RESULT 50] [ 0.02377169 -0.00153336  0.01530505  0.01959342  0.02101668  0.0906101
  0.          0.00891515  0.00530505  0.0006101   0.          0.02677169
 -0.01192326  0.01169495]
	[RESULT 51] [ 5.30029511e-03 -2.46665213e-02  1.99668165e-02  1.73503723e-02
  1.74167393e-02  9.99336329e-02  0.00000000e+00  3.31835360e-05
  9.96681646e-03  9.93363293e-03  0.00000000e+00  7.30029511e-03
 -2.46665213e-02  4.96681646e-03]
	[RESULT 52] [ 2.47396440e-02 -5.23763570e-03  1.99772797e-02  2.29142584e-02
  2.28688179e-02  9.99545595e-02  0.00000000e+00  2.27202730e-05
  9.97727973e-03  9.95455945e-03  0.00000000e+00  2.62396440e-02
 -5.73763570e-03  4.97727973e-03]
	[RESULT 53] [ 0.01215286 -0.01586751  0.01802038  0.017857    0.02181624  0.09604076
  0.          0.00197962  0.00802038  0.00604076  0.          0.01465286
 -0.01582676  0.00347962]
	[RESULT 54] [ 0.02172021 -0.00762068  0.01934089  0.02462144  0.02406034  0.09868178
  0.          0.00065911  0.00934089  0.00868178  0.          0.02472021
 -0.0099389   0.00765911]
	[RESULT 55] [ 0.01322801 -0.01264102  0.01586902  0.01516754  0.02342949  0.09173805
  0.          0.00889293  0.00586902  0.00173805  0.          0.01572801
 -0.02190297  0.01063098]
	[RESULT 56] [ 0.01676881 -0.01188849  0.0186573   0.02112036  0.02380575  0.09731461
  0.          0.0013427   0.0086573   0.00731461  0.          0.01926881
 -0.01557389  0.0078427 ]
	[RESULT 57] [ 0.02312251 -0.00247793  0.01560044  0.01971191  0.02148896  0.09120087
  0.          0.00439956  0.00560044  0.00120087  0.          0.02462251
 -0.00727705  0.00489956]
	[RESULT 58] [0.01768941 0.02489955 0.01721014 0.0130295  0.00744978 0.09442027
 0.         0.00278986 0.00721014 0.00442027 0.         0.01718941
 0.00047928 0.00328986]
	[RESULT 59] [ 0.00429666 -0.02542262  0.01971928  0.01647725  0.01703869  0.09943856
  0.          0.00028072  0.00971928  0.00943856  0.          0.00729666
 -0.02442262  0.00471928]
	[RESULT 60] [ 0.00678953 -0.02087986  0.01766939  0.01464886  0.01931007  0.09533879
  0.          0.00233061  0.00766939  0.00533879  0.          0.00978953
 -0.02154107  0.00433061]
	[RESULT 61] [ 4.11867789e-03 -2.58642202e-02  1.99828981e-02  1.67836861e-02
  1.68178899e-02  9.99657962e-02  0.00000000e+00  1.71018753e-05
  9.98289812e-03  9.96579625e-03  0.00000000e+00  7.11867789e-03
 -2.48642202e-02  4.98289812e-03]
	[RESULT 62] [0.03219728 0.00629653 0.01590076 0.02494977 0.01685174 0.09180151
 0.         0.00409924 0.00590076 0.00180151 0.         0.03269728
 0.00109804 0.00459924]
	[RESULT 63] [ 0.01617799 -0.01108278  0.01726077  0.01873016  0.02420861  0.09452155
  0.          0.00273923  0.00726077  0.00452155  0.          0.01767799
 -0.01256124  0.00323923]
	[RESULT 64] [ 2.92234103e-02 -7.76518312e-04  1.99999286e-02  2.06384020e-02
  2.06382592e-02  9.99998572e-02  0.00000000e+00  7.14068998e-08
  9.99992859e-03  9.99985719e-03  0.00000000e+00  3.12234103e-02
 -1.77666113e-03  6.00007141e-03]
	[RESULT 65] [ 2.20549348e-02 -7.94305594e-03  1.99979907e-02  2.42255465e-02
  2.42215280e-02  9.99959815e-02  0.00000000e+00  2.00926229e-06
  9.99799074e-03  9.99598148e-03  0.00000000e+00  2.35549348e-02
 -8.44305594e-03  4.99799074e-03]
	[RESULT 66] [ 0.0289242  -0.00045204  0.01937624  0.02172354  0.02047602  0.09875248
  0.          0.00062376  0.00937624  0.00875248  0.          0.0319242
  0.00054796  0.00437624]
	[RESULT 67] [3.30118397e-02 3.01356461e-03 1.99982751e-02 1.87466675e-02
 1.87432177e-02 9.99965502e-02 0.00000000e+00 1.72490282e-06
 9.99827510e-03 9.99655019e-03 0.00000000e+00 3.45118397e-02
 2.01011480e-03 5.50172490e-03]
	[RESULT 68] [ 0.02190045 -0.00718497  0.01908542  0.02432835  0.02384248  0.09817083
  0.          0.00091458  0.00908542  0.00817083  0.          0.02340045
 -0.00768497  0.00408542]
	[RESULT 69] [ 0.00716868 -0.01983842  0.01700709  0.01384498  0.01983079  0.09401419
  0.          0.00299291  0.00700709  0.00401419  0.          0.00866868
 -0.02182423  0.00349291]
	[RESULT 70] [ 0.01978634 -0.00873841  0.01852475  0.02243029  0.02461921  0.0970495
  0.          0.00147525  0.00852475  0.0070495   0.          0.02278634
 -0.00773841  0.00352475]
	[RESULT 71] [ 0.01107083 -0.01826669  0.01933752  0.01929169  0.02061666  0.09867503
  0.          0.00066248  0.00933752  0.00867503  0.          0.01257083
 -0.02059165  0.00616248]
	[RESULT 72] [ 0.02863463  0.00165025  0.01698438  0.02454389  0.01942488  0.09396877
  0.          0.00301562  0.00698438  0.00396877  0.          0.03163463
 -0.00038099  0.00501562]
	[RESULT 73] [ 0.00462649 -0.02475956  0.01938606  0.01614233  0.01737022  0.09877211
  0.          0.00061394  0.00938606  0.00877211  0.          0.00762649
 -0.02375956  0.00438606]
	[RESULT 74] [ 0.00893426 -0.01643033  0.01536459  0.01226401  0.02153483  0.09072918
  0.          0.00463541  0.00536459  0.00072918  0.          0.01043426
 -0.02170115  0.00513541]
	[RESULT 75] [ 2.62925754e-02 -3.70420860e-03  1.99967840e-02  2.21085363e-02
  2.21021043e-02  9.99935680e-02  0.00000000e+00  3.21600502e-06
  9.99678399e-03  9.99356799e-03  0.00000000e+00  2.92925754e-02
 -4.71064061e-03  7.00321601e-03]
	[RESULT 76] [ 0.01941439 -0.01018377  0.01959816  0.02385444  0.02465811  0.09919632
  0.          0.00040184  0.00959816  0.00919632  0.          0.02241439
 -0.01198745  0.00740184]
	[RESULT 77] [ 0.0139103  -0.01203685  0.01594715  0.01562587  0.02373157  0.0918943
  0.          0.00405285  0.00594715  0.0018943   0.          0.0154103
 -0.01614255  0.00455285]
	[RESULT 78] [ 0.00622192 -0.0220837   0.01830562  0.01531939  0.01870815  0.09661124
  0.          0.00169438  0.00830562  0.00661124  0.          0.00772192
 -0.0225837   0.00330562]
	[RESULT 79] [ 0.03004846  0.00320941  0.01683905  0.02496719  0.0186453   0.09367811
  0.          0.00648284  0.00683905  0.00367811  0.          0.03304846
 -0.00411248  0.01016095]
	[RESULT 80] [0.03435466 0.00554208 0.01881257 0.01985381 0.01747896 0.09762515
 0.         0.00118743 0.00881257 0.00762515 0.         0.03264534
 0.00216723 0.00818743]
	[RESULT 81] [ 0.00646287 -0.02112156  0.01758443  0.01435808  0.01918922  0.09516886
  0.          0.00241557  0.00758443  0.00516886  0.          0.00946287
 -0.02195269  0.00441557]
	[RESULT 82] [ 1.63317795e-02 -1.35761893e-02  1.99079688e-02  2.27778430e-02
  2.29619053e-02  9.98159376e-02  0.00000000e+00  9.20311794e-05
  9.90796882e-03  9.81593764e-03  0.00000000e+00  1.78317795e-02
 -1.40761893e-02  4.90796882e-03]
	[RESULT 83] [0.01699354 0.02310877 0.01611523 0.01457392 0.00680439 0.09223047
 0.         0.0086543  0.00611523 0.00223047 0.         0.01399354
 0.0048783  0.01088477]
	[RESULT 84] [3.27243172e-02 2.72627921e-03 1.99980380e-02 1.88907844e-02
 1.88868604e-02 9.99960760e-02 0.00000000e+00 1.96198028e-06
 9.99803802e-03 9.99607604e-03 0.00000000e+00 3.42243172e-02
 1.72235525e-03 5.50196198e-03]
	[RESULT 85] [ 0.01371116 -0.01561375  0.01932491  0.02059294  0.02194313  0.09864982
  0.          0.00067509  0.00932491  0.00864982  0.          0.01521116
 -0.01796393  0.00617509]
	[RESULT 86] [ 0.02020466 -0.00859647  0.01880113  0.02305403  0.02454824  0.09760226
  0.          0.00119887  0.00880113  0.00760226  0.          0.02320466
 -0.01199421  0.00819887]
	[RESULT 87] [0.02025061 0.02007124 0.01967815 0.01060808 0.00996438 0.0993563
 0.         0.00032185 0.00967815 0.0093563  0.         0.01975061
 0.00442876 0.00467815]
	[RESULT 88] [ 0.00772504 -0.01922077  0.01694581  0.01403123  0.02013962  0.09389161
  0.          0.00305419  0.00694581  0.00389161  0.          0.01072504
 -0.02132915  0.00505419]
	[RESULT 89] [ 0.02650239 -0.00277284  0.01927523  0.02308597  0.02163642  0.09855045
  0.          0.00072477  0.00927523  0.00855045  0.          0.02950239
 -0.00177284  0.00427523]
	[RESULT 90] [0.0294479  0.01155236 0.01899974 0.01647435 0.01447382 0.09799947
 0.         0.00100026 0.00899974 0.00799947 0.         0.0264479
 0.00855183 0.00800026]
	[RESULT 91] [ 0.02537919 -0.00379346  0.01917265  0.02380144  0.02214673  0.09834529
  0.          0.00082735  0.00917265  0.00834529  0.          0.02837919
 -0.00279346  0.00417265]
	[RESULT 92] [ 0.01045199 -0.01620857  0.01666056  0.01496684  0.02164571  0.09332112
  0.          0.00333944  0.00666056  0.00332112  0.          0.01195199
 -0.01888745  0.00383944]
	[RESULT 93] [ 0.00425361 -0.02551917  0.01977279  0.01653599  0.01699041  0.09954557
  0.          0.00022721  0.00977279  0.00954557  0.          0.00575361
 -0.02601917  0.00477279]
	[RESULT 94] [ 0.0127105  -0.01475224  0.01746274  0.01729936  0.02237388  0.09492548
  0.          0.00253726  0.00746274  0.00492548  0.          0.0152105
 -0.01582676  0.00403726]
	[RESULT 95] [ 2.41941211e-02 -5.80386962e-03  1.99979907e-02  2.31559533e-02
  2.31519348e-02  9.99959815e-02  0.00000000e+00  2.00926229e-06
  9.99799074e-03  9.99598148e-03  0.00000000e+00  2.56941211e-02
 -6.30386962e-03  4.99799074e-03]
	[RESULT 96] [ 0.01309738 -0.0147465   0.01784388  0.01806452  0.02237675  0.09568777
  0.          0.00215612  0.00784388  0.00568777  0.          0.01459738
 -0.0152465   0.00284388]
	[RESULT 97] [ 0.00763309 -0.01883198  0.01646507  0.01326415  0.02033401  0.09293014
  0.          0.00353493  0.00646507  0.00293014  0.          0.01063309
 -0.02190184  0.00553493]
	[RESULT 98] [ 0.01085974 -0.01728423  0.01814397  0.01739582  0.02110789  0.09628793
  0.          0.00185603  0.00814397  0.00628793  0.          0.01235974
 -0.0219963   0.00735603]
	[RESULT 99] [ 0.02325242 -0.00223098  0.01548341  0.01960132  0.02136549  0.09096682
  0.          0.00451659  0.00548341  0.00096682  0.          0.02475242
 -0.00726417  0.00501659]
	[RESULT 100] [ 0.02728792  0.0019114   0.01537652  0.02145874  0.0192943   0.09075304
  0.          0.00487044  0.00537652  0.00075304  0.          0.02928792
 -0.00333556  0.00562348]
	[RESULT 101] [ 0.02757116 -0.00207649  0.01964765  0.02199295  0.02128824  0.09929529
  0.          0.00035235  0.00964765  0.00929529  0.          0.03057116
 -0.00107649  0.00464765]
	[RESULT 102] [ 0.02682497  0.00078713  0.01603784  0.02246925  0.01960644  0.09207569
  0.          0.00396216  0.00603784  0.00207569  0.          0.02732497
 -0.00413719  0.00446216]
	[RESULT 103] [0.02573288 0.01682757 0.01743956 0.0169571  0.01183622 0.09487911
 0.         0.00468133 0.00743956 0.00487911 0.         0.02273288
 0.01070668 0.00956044]
	[RESULT 104] [ 0.01860039 -0.01014643  0.01874681  0.02217042  0.02467679  0.09749363
  0.          0.00125319  0.00874681  0.00749363  0.          0.02160039
 -0.00914643  0.00374681]
	[RESULT 105] [ 2.25179082e-02 -7.48030099e-03  1.99982092e-02  2.39937322e-02
  2.39901505e-02  9.99964183e-02  0.00000000e+00  1.79083188e-06
  9.99820917e-03  9.99641834e-03  0.00000000e+00  2.55179082e-02
 -8.48388266e-03  7.00179083e-03]
