[METRICS]
	[DISEQUILIBRIUM COUNT] 1878
	[MINIMUM S0 sTrt S1 DISTANCE]0.00401683137761788
	[MINIMUM S0 sTrt S21 DISTANCE]-0.025969134376356007
	[MINIMUM S0 sTrt S22 DISTANCE]0.01510871992920182
	[MINIMUM S7 sTrt S6 DISTANCE]0.007874309825277703
	[MINIMUM S7 sTrt S8 DISTANCE]0.0028436719214580686
	[MINIMUM S7 sTrt S21 DISTANCE]0.09021743985840358
	[MINIMUM S7 esTrt S22 DISTANCE]0.0
	[MINIMUM S14 sTrt S13 DISTANCE]5.0662716577498657e-08
	[MINIMUM S14 sTrt S15 DISTANCE]0.00510871992920181
	[MINIMUM S14 sTrt S21 DISTANCE]0.0002174398584035772
	[MINIMUM S14 sTrt S22 DISTANCE]0.0
	[MINIMUM S20 sTrt S19 DISTANCE]0.005527331705488137
	[MINIMUM S20 sTrt S21 DISTANCE]-0.026448017963270835
	[MINIMUM S20 sTrt S22 DISTANCE]0.002772118662458911
	[AVERAGE S0 sTrt S1 DISTANCE]0.020768319092720963
	[AVERAGE S0 sTrt S21 DISTANCE]0.0034260867305356832
	[AVERAGE S0 sTrt S22 DISTANCE]0.017200963442921727
	[AVERAGE S7 sTrt S6 DISTANCE]0.018434018573469307
	[AVERAGE S7 sTrt S8 DISTANCE]0.01578468363250203
	[AVERAGE S7 sTrt S21 DISTANCE]0.09440192688584358
	[AVERAGE S7 sTrt S22 DISTANCE]0.0
	[AVERAGE S14 sTrt S13 DISTANCE]0.0038268871945919395
	[AVERAGE S14 sTrt S15 DISTANCE]0.007200963442921756
	[AVERAGE S14 sTrt S21 DISTANCE]0.004401926885843488
	[AVERAGE S14 sTrt S22 DISTANCE]0.0
	[AVERAGE S20 sTrt S19 DISTANCE]0.021248994335246085
	[AVERAGE S20 sTrt S21 DISTANCE]-0.0041048327948990946
	[AVERAGE S20 sTrt S22 DISTANCE]0.006462952169103081
[VARIABLES]
	[RESULT 1] [1 5.130226944285797 1 3 1 3996.9927082596832 100]
	[RESULT 2] [1 12.686908471311483 0 1 14 3999.997318338131 100]
	[RESULT 3] [1 5.0592796408307805 1 3 19 3996.3229760926197 99]
	[RESULT 4] [0 5.509534341688545 0 3 7 3947.8026137124366 100]
	[RESULT 5] [1 5.059506586808646 0 1 15 3998.95577168273 100]
	[RESULT 6] [1 5.868472057394492 0 4 20 3999.6353490407323 100]
	[RESULT 7] [0 6.598058796092233 0 2 14 3999.945069977217 100]
	[RESULT 8] [1 5.127083015147522 0 4 16 3999.573103752205 100]
	[RESULT 9] [1 5.374656794894634 0 3 19 3999.7470674162532 99]
	[RESULT 10] [1 5.062501825727402 0 4 19 3999.9871666171994 100]
	[RESULT 11] [1 7.076042045054457 0 4 23 3999.708756685918 100]
	[RESULT 12] [0 5.377099407503333 1 1 18 3999.9863564254383 88]
	[RESULT 13] [0 21.918558337874817 1 1 0 3968.7957531302545 100]
	[RESULT 14] [1 5.0001768672433045 0 3 20 3925.58842438057 100]
	[RESULT 15] [1 6.564281531768923 0 4 22 3999.0275653447297 100]
	[RESULT 16] [1 5.048537708909209 0 2 4 3999.9652148307496 100]
	[RESULT 17] [1 5.007744719256882 0 1 3 3999.137078896145 100]
	[RESULT 18] [0 5.005316576607647 0 1 19 3999.686311787989 11]
	[RESULT 19] [1 6.421517738196153 0 3 19 3999.9907151970806 100]
	[RESULT 20] [1 5.0001768672433045 0 3 20 3932.5929120808405 100]
	[RESULT 21] [1 5.011501759273207 1 3 19 3999.980024537746 97]
	[RESULT 22] [1 5.245456537603504 0 3 15 3978.101127549618 100]
	[RESULT 23] [1 5.492615522646285 0 4 24 3974.1084748376893 100]
	[RESULT 24] [0 5.000083524761551 0 3 19 3932.978678543148 100]
	[RESULT 25] [1 5.104199376393909 0 3 18 3946.53114734404 100]
	[RESULT 26] [1 5.14808153747959 0 3 20 3999.992112916398 100]
	[RESULT 27] [1 5.127341033046674 0 4 16 3999.6182768954045 100]
	[RESULT 28] [1 5.573218283985081 0 3 17 3999.7470674162532 99]
	[RESULT 29] [1 5.369056859236318 1 1 0 3989.0187440706163 100]
	[RESULT 30] [1 5.099719774063344 0 1 1 3999.780571867471 100]
	[RESULT 31] [1 6.262147954682794 0 2 13 3999.452192342504 100]
	[RESULT 32] [1 5.021406656554417 0 4 15 3999.9209765369224 100]
	[RESULT 33] [0 5.000862879481162 0 2 12 3999.3361841716587 100]
	[RESULT 34] [1 5.0058114112075325 0 3 19 3999.19582771773 100]
	[RESULT 35] [1 6.021775540512933 0 3 18 3999.9976160482415 100]
	[RESULT 36] [1 7.710131229435653 1 3 19 3996.3229760926197 97]
	[RESULT 37] [1 6.675792782188997 0 4 7 3900.145672073027 100]
	[RESULT 38] [1 25.28527739970003 1 4 9 3824.8310413634317 100]
	[RESULT 39] [1 5.027636520074308 1 3 20 3925.58842438057 100]
	[RESULT 40] [1 5.2256403667862354 0 4 19 3920.8533960992772 100]
	[RESULT 41] [0 5.639409927499961 1 3 2 1230.6802451057224 8]
	[RESULT 42] [1 5.106410296411014 0 3 14 3999.998094208987 100]
	[RESULT 43] [0 20.22003100947993 1 1 0 3987.0206832290614 100]
	[RESULT 44] [1 5.000842789476223 0 2 20 3942.6862075242593 98]
	[RESULT 45] [0 17.239860091817192 0 3 2 3991.2314979971843 100]
	[RESULT 46] [1 5.078673159021082 0 4 19 3962.4311236743156 99]
	[RESULT 47] [1 5.000502390277257 1 3 19 3996.3353273865287 99]
	[RESULT 48] [1 5.008121845168598 1 3 7 3828.903055642909 93]
	[RESULT 49] [1 5.00495449222308 0 1 22 3999.997318338131 100]
	[RESULT 50] [0 18.84335026963734 0 1 4 3966.339130543718 100]
	[RESULT 51] [1 5.520425995100517 0 2 19 3994.5883437566467 100]
	[RESULT 52] [1 5.929789234566443 0 4 21 3994.854059064588 100]
	[RESULT 53] [1 5.001800450203296 0 3 7 3892.88016290637 100]
	[RESULT 54] [1 19.13517037480756 0 3 18 3967.6146909242075 100]
	[RESULT 55] [1 5.061955518037545 0 1 19 3999.9994094113313 100]
	[RESULT 56] [1 5.103801071400696 0 4 19 3999.9730695719145 100]
	[RESULT 57] [0 8.015382691922712 0 1 19 2208.069216756788 20]
	[RESULT 58] [1 5.2073397864933435 0 2 22 3943.667832278136 100]
	[RESULT 59] [0 5.000285762918852 1 3 12 3713.9051255291943 100]
	[RESULT 60] [1 5.077614702825275 0 4 13 3999.6182768954045 100]
	[RESULT 61] [1 5.820733738118835 0 3 6 3999.7228044131266 100]
	[RESULT 62] [0 5.000173267483381 0 3 7 3932.978678543148 100]
	[RESULT 63] [1 5.195051248197685 0 3 19 3999.9670756123446 100]
	[RESULT 64] [1 5.000244115042797 1 3 18 3684.4168662093493 100]
	[RESULT 65] [1 5.001800450203296 1 3 7 3893.1036357322755 100]
	[RESULT 66] [1 5.02341802515898 0 4 16 3469.507835194276 100]
	[RESULT 67] [0 5.11449278874801 1 3 18 3982.6482984794065 100]
	[RESULT 68] [0 19.968844954285437 0 1 0 3999.3013635569323 91]
	[RESULT 69] [1 5.000087124521473 0 3 18 3999.9871542763613 95]
	[RESULT 70] [1 5.2818134910537 0 3 6 3999.986781804556 100]
	[RESULT 71] [1 5.011857251070814 0 3 21 3999.804523878602 94]
	[RESULT 72] [1 10.94801225495204 0 2 20 3942.6862075242593 98]
	[RESULT 73] [1 5.13860502724662 0 3 3 3997.443057448336 100]
	[RESULT 74] [0 8.672699146467236 1 1 19 2208.069216756788 99]
	[RESULT 75] [1 5.245456537603504 0 3 17 3830.565399065878 100]
	[RESULT 76] [1 5.000356523261581 1 3 20 3712.9230869937196 100]
	[RESULT 77] [1 5.375291586351023 1 3 19 3903.1449489789006 100]
	[RESULT 78] [1 5.230175295788469 0 3 13 3986.276814235442 95]
	[RESULT 79] [0 5.000646366959438 1 3 12 3726.593216010718 100]
	[RESULT 80] [1 5.094790619157158 0 3 16 3858.886089152311 100]
	[RESULT 81] [1 6.087218795285254 0 4 23 3999.708756685918 100]
	[RESULT 82] [1 5.003409120443718 0 1 19 3980.53540448043 100]
	[RESULT 83] [1 22.5088264248024 1 1 1 3999.9959259177945 100]
	[RESULT 84] [1 5.0282571053416705 0 3 19 3999.9942593913597 100]
	[RESULT 85] [1 7.008329504317452 0 2 4 3999.965236988855 39]
	[RESULT 86] [1 5.245456537603504 1 3 15 3999.75568134981 100]
	[RESULT 87] [1 18.430616398209484 1 4 9 3982.9714645099675 100]
	[RESULT 88] [1 5.362528087476664 0 4 8 3899.4134602261443 100]
	[RESULT 89] [1 5.000244115042797 1 3 18 3761.4538562652133 100]
	[RESULT 90] [0 10.40001838596586 0 3 18 3997.5329693933713 100]
	[RESULT 91] [1 7.051923331053739 0 3 20 3999.9760727433263 100]
	[RESULT 92] [1 5.000015620493242 0 4 20 3925.1713360756066 100]
	[RESULT 93] [1 5.2256403667862354 0 4 19 3967.3733069862647 100]
	[RESULT 94] [1 5.000218244274155 1 3 21 3829.8032483513407 100]
	[RESULT 95] [1 16.985045072670996 0 3 19 3999.990505347981 91]
	[RESULT 96] [1 5.01644998704478 1 3 18 3941.060093237403 95]
	[RESULT 97] [0 8.328022448783187 1 1 18 2148.1722077933737 20]
	[RESULT 98] [1 5.000018640886745 1 3 15 3574.6848105578674 100]
	[RESULT 99] [1 5.029895512071539 1 3 16 3999.9588565607373 100]
	[RESULT 100] [1 5.284740727877862 1 3 24 3999.698670129887 98]
	[RESULT 101] [1 7.232300317143445 0 3 22 3999.8781578009543 99]
	[RESULT 102] [1 14.597834526982242 0 1 1 3715.4680144451863 100]
	[RESULT 103] [1 5.003702957024453 0 3 7 3999.9589503834154 95]
	[RESULT 104] [1 5.377099407503333 1 1 18 3994.0197714706424 100]
	[RESULT 105] [1 5.095662978276886 0 1 18 3999.9866695991645 100]
[OBJECTIVES]
	[RESULT 1] [ 0.01226049 -0.0171634   0.01942389  0.02001608  0.0211683   0.09884778
  0.          0.00057611  0.00942389  0.00884778  0.          0.01476049
 -0.01931562  0.00707611]
	[RESULT 2] [ 0.0084271  -0.01714848  0.01557558  0.01232692  0.02117576  0.09115116
  0.          0.00442442  0.00557558  0.00115116  0.          0.0099271
 -0.02199732  0.00492442]
	[RESULT 3] [ 0.02248536 -0.00723483  0.01972019  0.02442704  0.02386741  0.09944038
  0.          0.00027981  0.00972019  0.00944038  0.          0.02498536
 -0.00879445  0.00677981]
	[RESULT 4] [ 0.02359159 -0.00472069  0.01831228  0.02426422  0.02236034  0.09662456
  0.          0.00168772  0.00831228  0.00662456  0.          0.02509159
 -0.00522069  0.00331228]
	[RESULT 5] [ 0.00528318 -0.024436    0.01971918  0.01697036  0.017532    0.09943836
  0.          0.00028082  0.00971918  0.00943836  0.          0.00678318
 -0.024936    0.00471918]
	[RESULT 6] [ 0.00668343 -0.02099256  0.01767598  0.01460569  0.01925372  0.09535197
  0.          0.00232402  0.00767598  0.00535197  0.          0.00968343
 -0.02164059  0.00432402]
	[RESULT 7] [ 0.0081303  -0.01879422  0.01692451  0.01445192  0.02060289  0.09384903
  0.          0.00307549  0.00692451  0.00384903  0.          0.0091303
 -0.02194519  0.00407549]
	[RESULT 8] [ 0.0049835  -0.02445273  0.01943623  0.01639609  0.01752363  0.09887246
  0.          0.00056377  0.00943623  0.00887246  0.          0.0079835
 -0.02345273  0.00443623]
	[RESULT 9] [ 0.01561313 -0.01302414  0.01863727  0.02051247  0.02323793  0.09727454
  0.          0.00136273  0.00863727  0.00727454  0.          0.01811313
 -0.01252414  0.00363727]
	[RESULT 10] [ 0.00430695 -0.02539892  0.01970587  0.01646229  0.01705054  0.09941175
  0.          0.00029413  0.00970587  0.00941175  0.          0.00730695
 -0.02439892  0.00470587]
	[RESULT 11] [ 0.00766242 -0.01896304  0.01662547  0.01351941  0.02026848  0.09325093
  0.          0.00337453  0.00662547  0.00325093  0.          0.01066242
 -0.02171211  0.00537453]
	[RESULT 12] [ 0.02984435  0.00121353  0.01863082  0.02213159  0.01939323  0.09726164
  0.          0.00136918  0.00863082  0.00726164  0.          0.03034435
 -0.00352483  0.00686918]
	[RESULT 13] [ 0.0286008   0.00332176  0.01527904  0.02221896  0.01833912  0.09055808
  0.          0.00966288  0.00527904  0.00055808  0.          0.0291008
 -0.00812016  0.01022096]
	[RESULT 14] [ 2.27138900e-02 -7.28522585e-03  1.99991158e-02  2.38943813e-02
  2.38926129e-02  9.99982316e-02  0.00000000e+00  8.84179834e-07
  9.99911582e-03  9.99823164e-03  0.00000000e+00  2.52138900e-02
 -6.78522585e-03  4.99911582e-03]
	[RESULT 15] [ 0.00798616 -0.0189637   0.01694986  0.01416788  0.02026815  0.09389973
  0.          0.00305014  0.00694986  0.00389973  0.          0.01098616
 -0.02106397  0.00505014]
	[RESULT 16] [ 0.00426619 -0.02550235  0.01976855  0.01653591  0.01699882  0.09953709
  0.          0.00023145  0.00976855  0.00953709  0.          0.00626619
 -0.02550235  0.00476855]
	[RESULT 17] [ 4.87255558e-03 -2.50890184e-02  1.99615740e-02  1.71286388e-02
  1.72054908e-02  9.99231480e-02  0.00000000e+00  3.84259977e-05
  9.96157400e-03  9.92314800e-03  0.00000000e+00  6.37255558e-03
 -2.55890184e-02  4.96157400e-03]
	[RESULT 18] [ 2.51140211e-02 -4.85953665e-03  1.99735577e-02  2.24826529e-02
  2.24297683e-02  9.99471154e-02  0.00000000e+00  2.64423005e-05
  9.97355770e-03  9.94711540e-03  0.00000000e+00  2.56140211e-02
 -6.35953665e-03  4.97355770e-03]
	[RESULT 19] [ 0.00694446 -0.02012036  0.01706482  0.01381946  0.01968982  0.09412964
  0.          0.00293518  0.00706482  0.00412964  0.          0.00944446
 -0.02199072  0.00443518]
	[RESULT 20] [ 2.22373337e-02 -7.76178208e-03  1.99991158e-02  2.41326594e-02
  2.41308910e-02  9.99982316e-02  0.00000000e+00  8.84179834e-07
  9.99911582e-03  9.99823164e-03  0.00000000e+00  2.47373337e-02
 -7.26178208e-03  4.99911582e-03]
	[RESULT 21] [ 2.40768144e-02 -5.86633075e-03  1.99431451e-02  2.32968751e-02
  2.31831654e-02  9.98862903e-02  0.00000000e+00  5.68548654e-05
  9.94314513e-03  9.88629027e-03  0.00000000e+00  2.65768144e-02
 -6.98004049e-03  6.55685487e-03]
	[RESULT 22] [ 0.01665886 -0.01235573  0.01901459  0.02160132  0.02357213  0.09802918
  0.          0.00098541  0.00901459  0.00802918  0.          0.01915886
 -0.01185573  0.00401459]
	[RESULT 23] [ 0.01836915 -0.00998067  0.01834982  0.02145931  0.02475966  0.09669965
  0.          0.00165018  0.00834982  0.00669965  0.          0.02136915
 -0.00928102  0.00365018]
	[RESULT 24] [ 2.32085134e-02 -6.79106903e-03  1.99995824e-02  2.33963697e-02
  2.33955345e-02  9.99991648e-02  0.00000000e+00  4.17588929e-07
  9.99958241e-03  9.99916482e-03  0.00000000e+00  2.47085134e-02
 -7.29106903e-03  4.99958241e-03]
	[RESULT 25] [ 0.02150689 -0.00802128  0.01952817  0.0247957   0.02426064  0.09905634
  0.          0.00047183  0.00952817  0.00905634  0.          0.02400689
 -0.00752128  0.00452817]
	[RESULT 26] [ 0.00465279 -0.0247023   0.01935509  0.01610903  0.01739885  0.09871018
  0.          0.00064491  0.00935509  0.00871018  0.          0.00715279
 -0.0242023   0.00435509]
	[RESULT 27] [ 0.00494077 -0.02449445  0.01943522  0.01637321  0.01750278  0.09887043
  0.          0.00056478  0.00943522  0.00887043  0.          0.00794077
 -0.02349445  0.00443522]
	[RESULT 28] [ 0.0160722 -0.012106   0.0181782  0.0200534  0.023697   0.0963564
  0.         0.0018218  0.0081782  0.0063564  0.         0.0185722
 -0.0117496  0.0033218]
	[RESULT 29] [ 0.0179777  -0.01067445  0.01865215  0.02171707  0.02441277  0.0973043
  0.          0.00134785  0.00865215  0.0073043   0.          0.0194777
 -0.01437016  0.00684785]
	[RESULT 30] [ 0.00467091 -0.02487571  0.01954661  0.01640537  0.01731215  0.09909323
  0.          0.00045339  0.00954661  0.00909323  0.          0.00617091
 -0.02537571  0.00454661]
	[RESULT 31] [ 0.00732577 -0.01988452  0.01721029  0.01422832  0.01980774  0.09442058
  0.          0.00278971  0.00721029  0.00442058  0.          0.00932577
 -0.02146394  0.00378971]
	[RESULT 32] [ 0.00418356 -0.02571165  0.01989521  0.0166846   0.01689418  0.09979042
  0.          0.00010479  0.00989521  0.00979042  0.          0.00718356
 -0.02471165  0.00489521]
	[RESULT 33] [ 5.65095636e-03 -2.43447330e-02  1.99956893e-02  1.78190122e-02
  1.78276335e-02  9.99913786e-02  0.00000000e+00  4.31067781e-06
  9.99568932e-03  9.99137864e-03  0.00000000e+00  6.65095636e-03
 -2.53447330e-02  4.99568932e-03]
	[RESULT 34] [ 4.80799988e-03 -2.51631109e-02  1.99711108e-02  1.71106662e-02
  1.71684445e-02  9.99422217e-02  0.00000000e+00  2.88891692e-05
  9.97111083e-03  9.94222166e-03  0.00000000e+00  7.30799988e-03
 -2.46631109e-02  4.97111083e-03]
	[RESULT 35] [ 0.00652931 -0.02094376  0.01747307  0.01422427  0.01927812  0.09494615
  0.          0.00252693  0.00747307  0.00494615  0.          0.00902931
 -0.02199762  0.00402693]
	[RESULT 36] [ 0.03085789  0.00451023  0.01634766  0.02470044  0.01799489  0.09269532
  0.          0.00745702  0.00634766  0.00269532  0.          0.03335789
 -0.00379445  0.01015234]
	[RESULT 37] [ 0.02712556  0.00025696  0.01686861  0.02361569  0.02012152  0.09373721
  0.          0.00313139  0.00686861  0.00373721  0.          0.03012556
 -0.00200583  0.00513139]
	[RESULT 38] [ 0.03435727  0.01040783  0.0152349   0.02457628  0.01504609  0.09046981
  0.          0.00870471  0.0052349   0.00046981  0.          0.03135727
 -0.00012236  0.0117651 ]
	[RESULT 39] [ 0.02784747 -0.00201806  0.01986553  0.02152796  0.02125903  0.09973107
  0.          0.00013447  0.00986553  0.00973107  0.          0.03034747
 -0.00328699  0.00663447]
	[RESULT 40] [ 0.02391934 -0.00516016  0.0190795   0.02467108  0.02283008  0.098159
  0.          0.0009205   0.0090795   0.008159    0.          0.02691934
 -0.00416016  0.0040795 ]
	[RESULT 41] [0.0134886  0.02153848 0.01804988 0.00966948 0.00576924 0.09609976
 0.         0.00235037 0.00804988 0.00609976 0.         0.0119886
 0.00043872 0.00845012]
	[RESULT 42] [ 0.00448279 -0.02503633  0.01951912  0.01627007  0.01723183  0.09903824
  0.          0.00048088  0.00951912  0.00903824  0.          0.00698279
 -0.02453633  0.00451912]
	[RESULT 43] [ 0.02323541 -0.00207285  0.01530826  0.0195801   0.02103642  0.09061652
  0.          0.00957522  0.00530826  0.00061652  0.          0.02373541
 -0.01345633  0.01019174]
	[RESULT 44] [3.47446485e-02 4.74885893e-03 1.99957896e-02 1.78839913e-02
 1.78755705e-02 9.99915792e-02 0.00000000e+00 4.21039890e-06
 9.99578960e-03 9.99157920e-03 0.00000000e+00 3.32553515e-02
 4.74885893e-03 4.99578960e-03]
	[RESULT 45] [ 0.01611398 -0.00926367  0.01537765  0.01612346  0.02463183  0.09075529
  0.          0.00536706  0.00537765  0.00075529  0.          0.01761398
 -0.01550837  0.00612235]
	[RESULT 46] [ 0.02937568 -0.00025964  0.01963532  0.02110917  0.02037982  0.09927065
  0.          0.00036468  0.00963532  0.00927065  0.          0.03237568
  0.00074036  0.00463532]
	[RESULT 47] [ 2.21986684e-02 -7.79882088e-03  1.99974893e-02  2.41544318e-02
  2.41494104e-02  9.99949786e-02  0.00000000e+00  2.51069004e-06
  9.99748931e-03  9.99497862e-03  0.00000000e+00  2.46986684e-02
 -8.80384226e-03  6.50251069e-03]
	[RESULT 48] [2.16469170e-02 1.83933650e-02 1.99597179e-02 1.11338816e-02
 1.10533175e-02 9.99194359e-02 0.00000000e+00 4.02820612e-05
 9.95971794e-03 9.91943588e-03 0.00000000e+00 1.91469170e-02
 5.68719908e-03 6.54028206e-03]
	[RESULT 49] [ 4.02733171e-03 -2.59480180e-02  1.99753497e-02  1.67266904e-02
  1.67759910e-02  9.99506993e-02  0.00000000e+00  2.46503312e-05
  9.97534967e-03  9.95069934e-03  0.00000000e+00  5.52733171e-03
 -2.64480180e-02  4.97534967e-03]
	[RESULT 50] [ 0.02400869 -0.00132816  0.01533685  0.02000962  0.02066408  0.0906737
  0.          0.00466315  0.00533685  0.0006737   0.          0.02450869
 -0.00765446  0.00516315]
	[RESULT 51] [ 0.01016012 -0.01812843  0.01828855  0.01726289  0.02068578  0.0965771
  0.          0.00171145  0.00828855  0.0065771   0.          0.01216012
 -0.01812843  0.00328855]
	[RESULT 52] [ 0.01067657 -0.01691439  0.01759096  0.01647472  0.02129281  0.09518191
  0.          0.00240904  0.00759096  0.00518191  0.          0.01367657
 -0.01773248  0.00440904]
	[RESULT 53] [ 2.42784323e-02 -5.71258168e-03  1.99910139e-02  2.31242630e-02
  2.31062908e-02  9.99820279e-02  0.00000000e+00  8.98607204e-06
  9.99101393e-03  9.98202786e-03  0.00000000e+00  2.67784323e-02
 -5.21258168e-03  4.99101393e-03]
	[RESULT 54] [ 0.02277835 -0.002552    0.01533036  0.01913471  0.021526    0.09066071
  0.          0.00550893  0.00533036  0.00066071  0.          0.02527835
 -0.00789129  0.00616964]
	[RESULT 55] [ 0.0042923  -0.025416    0.0197083   0.01645859  0.017042    0.09941659
  0.          0.0002917   0.0097083   0.00941659  0.          0.0057923
 -0.025916    0.0047083 ]
	[RESULT 56] [ 0.0044971  -0.0250327   0.0195298   0.01629325  0.01723365  0.0990596
  0.          0.0004702   0.0095298   0.0090596   0.          0.0074971
 -0.0240327   0.0045298 ]
	[RESULT 57] [0.01683611 0.02308132 0.01624521 0.01405024 0.00654066 0.09249042
 0.         0.00375479 0.00624521 0.00249042 0.         0.01633611
 0.0005909  0.00425479]
	[RESULT 58] [ 0.02217413 -0.00696721  0.01914134  0.02454907  0.0237336   0.09828267
  0.          0.00085866  0.00914134  0.00828267  0.          0.02417413
 -0.00696721  0.00414134]
	[RESULT 59] [3.29923950e-02 2.99382339e-03 1.99985716e-02 1.85059451e-02
 1.85030883e-02 9.99971432e-02 0.00000000e+00 1.42840641e-06
 9.99857159e-03 9.99714319e-03 0.00000000e+00 3.44923950e-02
 9.90966579e-04 6.50142841e-03]
	[RESULT 60] [ 0.0047361  -0.02490377  0.01963988  0.01657787  0.01729811  0.09927975
  0.          0.00036012  0.00963988  0.00927975  0.          0.0077361
 -0.02390377  0.00463988]
	[RESULT 61] [ 0.00652801 -0.02121814  0.01774615  0.01463322  0.01914093  0.09549229
  0.          0.00225385  0.00774615  0.00549229  0.          0.00902801
 -0.02172584  0.00375385]
	[RESULT 62] [ 2.32089620e-02 -6.79017183e-03  1.99991338e-02  2.33968183e-02
  2.33950859e-02  9.99982676e-02  0.00000000e+00  8.66187335e-07
  9.99913381e-03  9.99826763e-03  0.00000000e+00  2.47089620e-02
 -7.29017183e-03  4.99913381e-03]
	[RESULT 63] [ 0.00484896 -0.02433496  0.01918392  0.01595036  0.01758252  0.09836784
  0.          0.00081608  0.00918392  0.00836784  0.          0.00734896
 -0.02383496  0.00418392]
	[RESULT 64] [3.21661323e-02 2.16735262e-03 1.99987797e-02 1.91687642e-02
 1.91663237e-02 9.99975594e-02 0.00000000e+00 1.22027733e-06
 9.99877972e-03 9.99755945e-03 0.00000000e+00 3.46661323e-02
 1.16491206e-03 6.50122028e-03]
	[RESULT 65] [ 2.92704172e-02 -7.20596682e-04  1.99910139e-02  2.06282705e-02
  2.06102983e-02  9.99820279e-02  0.00000000e+00  8.98607204e-06
  9.99101393e-03  9.98202786e-03  0.00000000e+00  3.17704172e-02
 -1.73856883e-03  6.50898607e-03]
	[RESULT 66] [ 0.02798928 -0.00189631  0.01988559  0.02142698  0.02119815  0.09977118
  0.          0.00011441  0.00988559  0.00977118  0.          0.03098928
 -0.00089631  0.00488559]
	[RESULT 67] [ 0.02075628 -0.00873007  0.01948635  0.02460766  0.02436503  0.09897269
  0.          0.00051365  0.00948635  0.00897269  0.          0.02225628
 -0.01175738  0.00701365]
	[RESULT 68] [ 0.02836653  0.00305342  0.01531311  0.02215293  0.01847329  0.09062622
  0.          0.00468689  0.00531311  0.00062622  0.          0.02886653
 -0.00332036  0.00518689]
	[RESULT 69] [ 2.06799414e-02 -9.31962304e-03  1.99995644e-02  2.49106827e-02
  2.49098115e-02  9.99991288e-02  0.00000000e+00  4.35584657e-07
  9.99956442e-03  9.99912883e-03  0.00000000e+00  2.31799414e-02
 -8.81962304e-03  4.99956442e-03]
	[RESULT 70] [ 0.00511249 -0.02378824  0.01890072  0.01565733  0.01785588  0.09780145
  0.          0.00109928  0.00890072  0.00780145  0.          0.00761249
 -0.02328824  0.00390072]
	[RESULT 71] [ 2.13954082e-02 -8.54600027e-03  1.99414085e-02  2.46401832e-02
  2.45230001e-02  9.98828170e-02  0.00000000e+00  5.85915210e-05
  9.94140848e-03  9.88281696e-03  0.00000000e+00  2.38954082e-02
 -8.04600027e-03  4.94140848e-03]
	[RESULT 72] [0.03097919 0.01330118 0.01571963 0.02216015 0.01359941 0.09143926
 0.         0.00428037 0.00571963 0.00143926 0.         0.02897919
 0.00874044 0.00528037]
	[RESULT 73] [ 0.00692835 -0.02246299  0.01939134  0.01730118  0.01851851  0.09878268
  0.          0.00060866  0.00939134  0.00878268  0.          0.00942835
 -0.02196299  0.00439134]
	[RESULT 74] [0.02141403 0.02251592 0.01607005 0.01660195 0.00874204 0.09214009
 0.         0.00728986 0.00607005 0.00214009 0.         0.02091403
 0.01034399 0.00942995]
	[RESULT 75] [ 0.02677096 -0.00224363  0.01901459  0.02334263  0.02137182  0.09802918
  0.          0.00098541  0.00901459  0.00802918  0.          0.02927096
 -0.00174363  0.00401459]
	[RESULT 76] [3.19990706e-02 2.00085253e-03 1.99982180e-02 1.92531377e-02
 1.92495737e-02 9.99964360e-02 0.00000000e+00 1.78198099e-06
 9.99821802e-03 9.99643604e-03 0.00000000e+00 3.44990706e-02
 9.97288572e-04 6.50178198e-03]
	[RESULT 77] [ 0.03023536  0.00159977  0.01863559  0.02217893  0.01945011  0.09727119
  0.          0.00136441  0.00863559  0.00727119  0.          0.03273536
 -0.00212904  0.00786441]
	[RESULT 78] [0.030462   0.00139754 0.01906446 0.02142231 0.01955123 0.09812892
 0.         0.00093554 0.00906446 0.00812892 0.         0.032962
 0.00189754 0.00406446]
	[RESULT 79] [3.29087733e-02 2.91200309e-03 1.99967703e-02 1.85504579e-02
 1.85439985e-02 9.99935405e-02 0.00000000e+00 3.22974720e-06
 9.99677025e-03 9.99354051e-03 0.00000000e+00 3.44087733e-02
 9.05543595e-04 6.50322975e-03]
	[RESULT 80] [ 0.02567044 -0.00389665  0.01956708  0.02306416  0.02219832  0.09913417
  0.          0.00043292  0.00956708  0.00913417  0.          0.02817044
 -0.00339665  0.00456708]
	[RESULT 81] [ 0.00689236 -0.02050318  0.01739553  0.01428948  0.01949841  0.09479106
  0.          0.00260447  0.00739553  0.00479106  0.          0.00989236
 -0.02171211  0.00460447]
	[RESULT 82] [ 1.49608607e-02 -1.50221516e-02  1.99830123e-02  2.22049488e-02
  2.22389242e-02  9.99660246e-02  0.00000000e+00  1.69876891e-05
  9.98301231e-03  9.96602462e-03  0.00000000e+00  1.64608607e-02
 -1.55221516e-02  4.98301231e-03]
	[RESULT 83] [ 0.01373393 -0.01153621  0.01527014  0.01452218  0.0239819   0.09054028
  0.          0.00968958  0.00527014  0.00054028  0.          0.01523393
 -0.02199593  0.01022986]
	[RESULT 84] [ 0.00414314 -0.02571945  0.0198626   0.01661547  0.01689027  0.09972519
  0.          0.0001374   0.0098626   0.00972519  0.          0.00664314
 -0.02521945  0.0048626 ]
	[RESULT 85] [ 0.02705008  0.00038803  0.01666205  0.02326812  0.02005598  0.0933241
  0.          0.00333795  0.00666205  0.0033241   0.          0.02905008
 -0.00228787  0.00433795]
	[RESULT 86] [ 0.01022736 -0.01878723  0.01901459  0.01838557  0.02035638  0.09802918
  0.          0.00098541  0.00901459  0.00802918  0.          0.01272736
 -0.02175805  0.00748541]
	[RESULT 87] [ 0.02378267 -0.00156382  0.01534649  0.01966106  0.02103191  0.09069297
  0.          0.00903946  0.00534649  0.00069297  0.          0.02678267
 -0.01187085  0.01165351]
	[RESULT 88] [ 0.0253537  -0.00331595  0.01866965  0.02456867  0.02190797  0.0973393
  0.          0.00133035  0.00866965  0.0073393   0.          0.0283537
 -0.00231595  0.00366965]
	[RESULT 89] [3.16297191e-02 1.63093934e-03 1.99987797e-02 1.94369709e-02
 1.94345303e-02 9.99975594e-02 0.00000000e+00 1.22027733e-06
 9.99877972e-03 9.99755945e-03 0.00000000e+00 3.41297191e-02
 6.28498785e-04 6.50122028e-03]
	[RESULT 90] [ 0.0114642  -0.01431705  0.01578125  0.01440397  0.02284148  0.0915625
  0.          0.00421875  0.00578125  0.0015625   0.          0.0129642
 -0.01975455  0.00571875]
	[RESULT 91] [ 0.00738559 -0.01925272  0.01663831  0.01340026  0.02012364  0.09327662
  0.          0.00336169  0.00663831  0.00327662  0.          0.00988559
 -0.0219761   0.00486169]
	[RESULT 92] [ 2.27393512e-02 -7.26057068e-03  1.99999219e-02  2.38804415e-02
  2.38802853e-02  9.99998438e-02  0.00000000e+00  7.81012462e-08
  9.99992190e-03  9.99984380e-03  0.00000000e+00  2.57393512e-02
 -6.26057068e-03  4.99992190e-03]
	[RESULT 93] [ 0.01907483 -0.01000467  0.0190795   0.02290667  0.02474767  0.098159
  0.          0.0009205   0.0090795   0.008159    0.          0.02207483
 -0.00900467  0.0040795 ]
	[RESULT 94] [ 3.07991934e-02  8.00284421e-04  1.99989090e-02  1.98520398e-02
  1.98498578e-02  9.99978180e-02  0.00000000e+00  1.09098327e-06
  9.99890902e-03  9.99781803e-03  0.00000000e+00  3.32991934e-02
 -2.01897546e-04  6.50109098e-03]
	[RESULT 95] [ 0.02662443  0.00123937  0.01538506  0.0211398   0.01963031  0.09077012
  0.          0.00534482  0.00538506  0.00077012  0.          0.02912443
 -0.00399051  0.00611494]
	[RESULT 96] [2.66982174e-02 1.33827014e-02 1.99190812e-02 1.37204869e-02
 1.35586493e-02 9.98381624e-02 0.00000000e+00 8.09188217e-05
 9.91908118e-03 9.83816236e-03 0.00000000e+00 2.41982174e-02
 1.07791362e-02 6.58091882e-03]
	[RESULT 97] [0.01173518 0.01789045 0.01615526 0.0116347  0.00394522 0.09231052
 0.         0.00703421 0.00615526 0.00231052 0.         0.01123518
 0.00057992 0.00934474]
	[RESULT 98] [3.26121764e-02 2.61226964e-03 1.99999068e-02 1.89440516e-02
 1.89438652e-02 9.99998136e-02 0.00000000e+00 9.32026963e-08
 9.99990680e-03 9.99981359e-03 0.00000000e+00 3.48878236e-02
 1.61208324e-03 6.50009320e-03]
	[RESULT 99] [ 0.00918621 -0.02066865  0.01985486  0.0191254   0.01941568  0.09970972
  0.          0.00014514  0.00985486  0.00970972  0.          0.01168621
 -0.02195892  0.00664514]
	[RESULT 100] [ 0.02373924 -0.0051526   0.01889184  0.02495737  0.0228263   0.09778367
  0.          0.00110816  0.00889184  0.00778367  0.          0.02623924
 -0.00836893  0.00760816]
	[RESULT 101] [ 0.01757437 -0.00897252  0.01654689  0.01835751  0.02473626  0.09309377
  0.          0.00345311  0.00654689  0.00309377  0.          0.02007437
 -0.01187875  0.00495311]
	[RESULT 102] [0.03150903 0.00603723 0.01547179 0.02371221 0.01723138 0.09094359
 0.         0.00452821 0.00547179 0.00094359 0.         0.03300903
 0.00098082 0.00502821]
	[RESULT 103] [ 2.07260955e-02 -9.25545805e-03  1.99815535e-02  2.49146220e-02
  2.48777290e-02  9.99631070e-02  0.00000000e+00  1.84464786e-05
  9.98155352e-03  9.96310704e-03  0.00000000e+00  2.32260955e-02
 -8.75545805e-03  4.98155352e-03]
	[RESULT 104] [ 0.01519502 -0.0134358   0.01863082  0.02029374  0.0230321   0.09726164
  0.          0.00136918  0.00863082  0.00726164  0.          0.01669502
 -0.01717416  0.00686918]
	[RESULT 105] [ 0.00444988 -0.02511357  0.01956345  0.01632011  0.01719321  0.09912689
  0.          0.00043655  0.00956345  0.00912689  0.          0.00594988
 -0.02561357  0.00456345]
