[METRICS]
	[DISEQUILIBRIUM COUNT] 1739
	[MINIMUM S0 sTrt S1 DISTANCE]0.004018868842491807
	[MINIMUM S0 sTrt S21 DISTANCE]-0.025978818909717302
	[MINIMUM S0 sTrt S22 DISTANCE]0.015108718817325367
	[MINIMUM S7 sTrt S6 DISTANCE]0.008082363301395556
	[MINIMUM S7 sTrt S8 DISTANCE]0.0028659849780577895
	[MINIMUM S7 sTrt S21 DISTANCE]0.0902174376346507
	[MINIMUM S7 esTrt S22 DISTANCE]0.0
	[MINIMUM S14 sTrt S13 DISTANCE]1.9357204728009947e-10
	[MINIMUM S14 sTrt S15 DISTANCE]0.005108718817325386
	[MINIMUM S14 sTrt S21 DISTANCE]0.000217437634650694
	[MINIMUM S14 sTrt S22 DISTANCE]0.0
	[MINIMUM S20 sTrt S19 DISTANCE]0.005533996572121391
	[MINIMUM S20 sTrt S21 DISTANCE]-0.026464727469180264
	[MINIMUM S20 sTrt S22 DISTANCE]0.0027510825887291854
	[AVERAGE S0 sTrt S1 DISTANCE]0.020425041699111416
	[AVERAGE S0 sTrt S21 DISTANCE]0.004170365062315157
	[AVERAGE S0 sTrt S22 DISTANCE]0.017070167710495014
	[AVERAGE S7 sTrt S6 DISTANCE]0.018428590428790026
	[AVERAGE S7 sTrt S8 DISTANCE]0.015168304238015757
	[AVERAGE S7 sTrt S21 DISTANCE]0.09414033542099016
	[AVERAGE S7 sTrt S22 DISTANCE]0.0
	[AVERAGE S14 sTrt S13 DISTANCE]0.004119721733777512
	[AVERAGE S14 sTrt S15 DISTANCE]0.007070167710495005
	[AVERAGE S14 sTrt S21 DISTANCE]0.004140335420990006
	[AVERAGE S14 sTrt S22 DISTANCE]0.0
	[AVERAGE S20 sTrt S19 DISTANCE]0.020745733063322974
	[AVERAGE S20 sTrt S21 DISTANCE]-0.0038817430065434394
	[AVERAGE S20 sTrt S22 DISTANCE]0.006566864423103346
[VARIABLES]
	[RESULT 1] [1 39.77886159886405 1 4 5 3998.1022176573742 46]
	[RESULT 2] [0 5.582277660212867 1 4 7 1711.8385125255772 50]
	[RESULT 3] [1 5.604995141828111 0 2 0 3992.3812196557374 100]
	[RESULT 4] [0 5.163802647258969 0 4 20 3999.8810678447176 96]
	[RESULT 5] [1 5.05452665564443 1 4 19 3968.7774309814636 100]
	[RESULT 6] [1 6.36143737139324 1 1 0 3944.037963644549 100]
	[RESULT 7] [1 45.92730204129779 0 1 1 3999.9412725752627 99]
	[RESULT 8] [1 5.225838005318544 0 4 0 3976.6604777098996 99]
	[RESULT 9] [1 5.062330570936352 0 4 2 3999.9975145713606 100]
	[RESULT 10] [1 5.006854131472449 0 4 0 3942.760597738349 99]
	[RESULT 11] [1 5.4209663551293765 0 4 16 3946.6907035746194 100]
	[RESULT 12] [0 5.783327851926654 1 1 17 3978.994967274735 100]
	[RESULT 13] [0 5.389362399394791 1 4 21 3997.3876518805528 99]
	[RESULT 14] [1 5.0000506760741965 1 4 6 3949.0019318044633 100]
	[RESULT 15] [1 5.125714966314913 0 4 0 3999.99073234314 100]
	[RESULT 16] [0 46.99803953910322 1 1 6 3999.9991844006313 99]
	[RESULT 17] [1 6.001580042827544 0 2 14 3999.943186679831 100]
	[RESULT 18] [1 35.671214796199784 0 2 15 3968.7774309814636 100]
	[RESULT 19] [1 7.278470216212166 0 1 17 3999.9746994138586 100]
	[RESULT 20] [1 5.010172139538078 0 4 0 3998.6703936689173 100]
	[RESULT 21] [1 46.85021592741986 0 1 2 3995.1129930429543 100]
	[RESULT 22] [1 6.361376030015346 0 1 0 3999.9904509990065 100]
	[RESULT 23] [1 5.093886203651426 0 4 8 3999.3471898269145 100]
	[RESULT 24] [1 5.004431992373743 0 4 18 3999.429875916928 100]
	[RESULT 25] [1 5.048472653620682 0 1 19 3999.996203069904 100]
	[RESULT 26] [1 5.000040036170199 1 4 8 3973.944586269261 100]
	[RESULT 27] [1 5.000232413023857 0 4 5 3940.3604183748034 100]
	[RESULT 28] [1 5.105571894720868 0 2 7 3999.962862918286 100]
	[RESULT 29] [1 5.000232413023857 0 4 5 3957.0686870820005 100]
	[RESULT 30] [1 5.163110857131684 0 2 16 3970.986205742831 100]
	[RESULT 31] [1 6.058700055571295 0 4 2 3998.5670497256606 100]
	[RESULT 32] [1 5.11160149108466 0 1 17 3999.2745771793852 100]
	[RESULT 33] [0 5.478197191745213 0 1 6 3980.9692962838403 100]
	[RESULT 34] [0 40.792545804079 0 1 15 3999.996285368343 98]
	[RESULT 35] [1 6.632486940309558 0 1 11 3995.1184462572487 100]
	[RESULT 36] [1 5.746027223371151 0 4 0 3964.9554489396974 100]
	[RESULT 37] [1 5.000427145239144 1 4 6 3947.8417153351074 100]
	[RESULT 38] [1 5.2510342201783216 0 1 4 3999.99168839746 100]
	[RESULT 39] [1 5.128329470422602 0 4 2 3947.760249602893 99]
	[RESULT 40] [1 5.001432011579565 0 2 14 3892.7385324441457 100]
	[RESULT 41] [1 5.077593479074949 0 2 7 3999.962862918286 100]
	[RESULT 42] [0 5.002817182110508 0 4 17 2355.8773885750898 100]
	[RESULT 43] [1 5.0000186500831525 1 4 0 3977.902159911471 100]
	[RESULT 44] [1 5.006605511881802 0 1 0 3998.613307981665 100]
	[RESULT 45] [1 5.2275745649356615 0 4 0 3607.4205405005287 100]
	[RESULT 46] [1 42.97059952303002 1 4 19 3984.1215300525505 100]
	[RESULT 47] [1 5.8483167461578525 0 1 0 3999.999117773226 100]
	[RESULT 48] [1 6.293835488754457 0 2 20 3999.322117032345 100]
	[RESULT 49] [1 5.047714579161297 0 2 0 3983.100292512181 100]
	[RESULT 50] [1 5.486174193333007 0 1 11 3988.593898031813 100]
	[RESULT 51] [1 5.799893288517459 0 4 1 3998.826958965029 100]
	[RESULT 52] [1 5.41512611635136 0 4 0 3883.4710415403506 100]
	[RESULT 53] [0 5.163802647258969 1 4 20 3997.1562525510312 96]
	[RESULT 54] [1 5.000210977014196 0 4 0 3942.760597738349 100]
	[RESULT 55] [1 9.023719742688229 0 2 17 3942.456591017703 100]
	[RESULT 56] [0 6.39322178541402 0 1 2 3999.9604484008546 100]
	[RESULT 57] [1 5.004114351639961 0 1 0 3999.590396799394 100]
	[RESULT 58] [1 6.058700055571295 1 4 19 3982.260568853212 4]
	[RESULT 59] [1 5.6545689869075115 0 2 0 3973.2942848049597 5]
	[RESULT 60] [1 5.149226222859433 0 1 0 3999.9992070648864 100]
	[RESULT 61] [1 47.749464930284354 1 1 7 3999.9987339402783 100]
	[RESULT 62] [1 5.0993344801526925 0 2 20 3999.322117032345 100]
	[RESULT 63] [0 5.0012858469307515 0 1 16 3999.959325851995 100]
	[RESULT 64] [1 5.59649693650874 1 1 0 3802.935420390567 94]
	[RESULT 65] [1 5.000294281180575 1 2 20 3966.6880126972933 100]
	[RESULT 66] [1 5.1041290794780325 0 4 2 3977.3604838935844 100]
	[RESULT 67] [1 5.940795666190865 0 2 5 3998.523645001833 100]
	[RESULT 68] [1 5.0000186500831525 0 4 0 3999.7176179012895 95]
	[RESULT 69] [1 5.0000506760741965 1 4 7 3939.6516118799013 100]
	[RESULT 70] [1 5.0826272095162075 1 2 17 3999.9461708645827 100]
	[RESULT 71] [1 10.56587689315034 1 4 7 3872.6931573353536 82]
	[RESULT 72] [1 6.847254453250151 0 2 16 3991.329559334039 100]
	[RESULT 73] [1 5.106897359276964 0 4 17 3999.9878453368497 97]
	[RESULT 74] [1 7.572039423517609 0 1 4 3999.995461633166 99]
	[RESULT 75] [1 5.07839175111232 0 4 19 3848.6507932582813 100]
	[RESULT 76] [0 5.42200238236388 0 4 0 3983.2521698141336 100]
	[RESULT 77] [1 5.30795165649122 1 2 0 3999.9646297093054 100]
	[RESULT 78] [1 5.0000506760741965 1 4 6 3895.45727961815 100]
	[RESULT 79] [0 5.489219736704392 0 2 14 3999.372408738133 100]
	[RESULT 80] [0 12.484673139302775 0 1 19 1986.5044889667229 9]
	[RESULT 81] [1 5.213225427319093 0 4 20 3999.9024397940298 100]
	[RESULT 82] [0 5.001455933106397 0 1 15 3913.1691975378703 100]
	[RESULT 83] [1 11.774881728563678 1 4 20 3556.856448232309 99]
	[RESULT 84] [1 8.404661736912379 1 4 6 3948.145749745737 100]
	[RESULT 85] [1 5.130790357323806 0 4 1 3995.857792796394 100]
	[RESULT 86] [1 9.253216663615202 0 1 19 3999.996203069904 100]
	[RESULT 87] [1 5.019209148883997 0 2 19 3999.815031293608 100]
	[RESULT 88] [0 6.978285914137596 0 1 0 3962.597744004017 100]
	[RESULT 89] [1 5.000552356418601 1 4 20 3951.758413128265 100]
	[RESULT 90] [1 6.31544526700735 0 4 20 3999.5841589178794 100]
	[RESULT 91] [1 5.009979678654355 0 4 7 3998.990342865676 100]
	[RESULT 92] [1 5.0000506760741965 1 4 0 3741.6266760268436 100]
	[RESULT 93] [0 37.32013593854494 0 1 7 3999.9953541287477 92]
	[RESULT 94] [1 5.000122024713934 1 4 20 3961.155319568732 100]
	[RESULT 95] [1 5.0000506760741965 1 4 15 3782.1175346296664 100]
	[RESULT 96] [0 8.773753297562461 1 1 18 1880.132376459949 17]
	[RESULT 97] [1 5.671793972339637 0 4 0 3978.0506585904363 100]
	[RESULT 98] [0 5.0000506760741965 1 4 6 3949.0019318044633 100]
	[RESULT 99] [1 5.035621854393929 0 4 1 3898.1913888299346 100]
	[RESULT 100] [1 5.04629862861746 0 2 1 3990.0068824706395 100]
	[RESULT 101] [1 5.208179426071949 0 2 3 3999.4648877182067 100]
	[RESULT 102] [1 5.524252944334714 0 2 4 3993.59183483554 100]
	[RESULT 103] [1 5.000314455478093 1 4 0 3939.4171484549943 100]
	[RESULT 104] [1 47.70007942445397 0 4 8 3834.600019887559 100]
	[RESULT 105] [0 5.000040036170199 1 1 8 3986.209057335508 99]
[OBJECTIVES]
	[RESULT 1] [ 0.0347395   0.01012075  0.01513975  0.02491013  0.01518962  0.09027949
  0.          0.00841924  0.00513975  0.00027949  0.          0.0317395
 -0.00059975  0.01186025]
	[RESULT 2] [0.01382235 0.02198235 0.01816    0.00967117 0.00599118 0.09632
 0.         0.00252    0.00816    0.00632    0.         0.01182235
 0.00066235 0.00884   ]
	[RESULT 3] [ 0.01172398 -0.01639129  0.01811527  0.0177849   0.02155436  0.09623055
  0.          0.00188473  0.00811527  0.00623055  0.          0.01372398
 -0.01639129  0.00311527]
	[RESULT 4] [ 0.02182211 -0.00747415  0.01929626  0.02485545  0.02373708  0.09859252
  0.          0.00070374  0.00929626  0.00859252  0.          0.02382211
 -0.00747415  0.00429626]
	[RESULT 5] [ 0.023142   -0.00659946  0.01974146  0.0240668   0.02354973  0.09948293
  0.          0.00025854  0.00974146  0.00948293  0.          0.026142
 -0.00811653  0.00725854]
	[RESULT 6] [ 0.02916298  0.00204562  0.01711735  0.02499248  0.01922719  0.09423471
  0.          0.00414794  0.00711735  0.00423471  0.          0.03066298
 -0.00471967  0.00838265]
	[RESULT 7] [ 0.01893934 -0.00617992  0.01511925  0.01689855  0.02333996  0.09023851
  0.          0.00514224  0.00511925  0.00023851  0.          0.02043934
 -0.01194141  0.00538075]
	[RESULT 8] [ 0.02699178 -0.00208706  0.01907884  0.02313585  0.02129353  0.09815768
  0.          0.00092116  0.00907884  0.00815768  0.          0.02999178
 -0.00108706  0.00407884]
	[RESULT 9] [ 0.00429585 -0.02541078  0.01970663  0.01645788  0.01704461  0.09941327
  0.          0.00029337  0.00970663  0.00941327  0.          0.00729585
 -0.02441078  0.00470663]
	[RESULT 10] [3.14342740e-02 1.46831131e-03 1.99659626e-02 1.95839191e-02
 1.95158443e-02 9.99319253e-02 0.00000000e+00 3.40373608e-05
 9.96596264e-03 9.93192528e-03 0.00000000e+00 3.44342740e-02
 2.46831131e-03 4.96596264e-03]
	[RESULT 11] [ 0.0225001  -0.00601864  0.01851873  0.02377815  0.02325932  0.09703746
  0.          0.00148127  0.00851873  0.00703746  0.          0.0255001
 -0.00501864  0.00351873]
	[RESULT 12] [ 0.02361078 -0.00419296  0.01780375  0.02351101  0.02209648  0.09560749
  0.          0.00219625  0.00780375  0.00560749  0.          0.02411078
 -0.01058547  0.00769625]
	[RESULT 13] [ 0.02376643 -0.00483235  0.01859877  0.02478137  0.02241617  0.09719755
  0.          0.00140123  0.00859877  0.00719755  0.          0.02576643
 -0.0096348   0.00840123]
	[RESULT 14] [ 2.57763601e-02 -4.22338651e-03  1.99997466e-02  2.23622000e-02
  2.23616933e-02  9.99994933e-02  0.00000000e+00  2.53367531e-07
  9.99974663e-03  9.99949326e-03  0.00000000e+00  2.87763601e-02
 -5.22389325e-03  7.00025337e-03]
	[RESULT 15] [ 0.00456764 -0.02487398  0.01944162  0.01619625  0.01731301  0.09888324
  0.          0.00055838  0.00944162  0.00888324  0.          0.00756764
 -0.02387398  0.00444162]
	[RESULT 16] [ 0.02488453 -0.00023175  0.01511628  0.02011669  0.02011588  0.09023257
  0.          0.00984885  0.00511628  0.00023257  0.          0.02538453
 -0.01199918  0.01038372]
	[RESULT 17] [ 0.00655866 -0.02093937  0.01749803  0.01427637  0.01928032  0.09499605
  0.          0.00250197  0.00749803  0.00499605  0.          0.00855866
 -0.02194332  0.00350197]
	[RESULT 18] [ 0.0227256  -0.00243228  0.01515787  0.01884961  0.02146614  0.09031574
  0.          0.00552638  0.00515787  0.00031574  0.          0.0247256
 -0.00811653  0.00584213]
	[RESULT 19] [ 0.00750017 -0.01902493  0.0165251   0.01328774  0.02023754  0.0930502
  0.          0.0034749   0.0065251   0.0030502   0.          0.00900017
 -0.02197472  0.0039749 ]
	[RESULT 20] [ 5.31281172e-03 -2.46368397e-02  1.99496515e-02  1.73308830e-02
  1.74315801e-02  9.98993029e-02  0.00000000e+00  5.03485453e-05
  9.94965145e-03  9.89930291e-03  0.00000000e+00  8.31281172e-03
 -2.36368397e-02  4.94965145e-03]
	[RESULT 21] [ 0.01297122 -0.01214547  0.01511669  0.01391064  0.02367727  0.09023337
  0.          0.00514994  0.00511669  0.00023337  0.          0.01447122
 -0.0179121   0.00538331]
	[RESULT 22] [ 0.00689214 -0.02022527  0.01711741  0.01387218  0.01963736  0.09423482
  0.          0.00288259  0.00711741  0.00423482  0.          0.00839214
 -0.02199045  0.00338259]
	[RESULT 23] [ 0.00506534 -0.02450552  0.01957086  0.01663896  0.01749724  0.09914172
  0.          0.00042914  0.00957086  0.00914172  0.          0.00806534
 -0.02350552  0.00457086]
	[RESULT 24] [ 4.57947450e-03 -2.53984633e-02  1.99779378e-02  1.70066440e-02
  1.70507683e-02  9.99558756e-02  0.00000000e+00  2.20621824e-05
  9.97793782e-03  9.95587564e-03  0.00000000e+00  7.57947450e-03
 -2.43984633e-02  4.97793782e-03]
	[RESULT 25] [ 0.00423495 -0.02553389  0.01976884  0.01652074  0.01698306  0.09953768
  0.          0.00023116  0.00976884  0.00953768  0.          0.00573495
 -0.02603389  0.00476884]
	[RESULT 26] [ 2.17585992e-02 -8.24120058e-03  1.99997998e-02  2.43710006e-02
  2.43706003e-02  9.99995997e-02  0.00000000e+00  2.00172837e-07
  9.99979983e-03  9.99959965e-03  0.00000000e+00  2.47585992e-02
 -9.24160093e-03  7.00020017e-03]
	[RESULT 27] [ 2.16169098e-02 -8.38192841e-03  1.99988382e-02  2.44432878e-02
  2.44409642e-02  9.99976764e-02  0.00000000e+00  1.16179510e-06
  9.99883820e-03  9.99767641e-03  0.00000000e+00  2.46169098e-02
 -7.38192841e-03  4.99883820e-03]
	[RESULT 28] [ 0.00451454 -0.02500801  0.01952255  0.01629109  0.01724599  0.09904509
  0.          0.00047745  0.00952255  0.00904509  0.          0.00651454
 -0.02500801  0.00452255]
	[RESULT 29] [ 1.98006919e-02 -1.01981463e-02  1.99988382e-02  2.46486033e-02
  2.46509268e-02  9.99976764e-02  0.00000000e+00  1.16179510e-06
  9.99883820e-03  9.99767641e-03  0.00000000e+00  2.28006919e-02
 -9.19814631e-03  4.99883820e-03]
	[RESULT 30] [ 0.01813007 -0.01116875  0.01929882  0.02276326  0.02416562  0.09859763
  0.          0.00070118  0.00929882  0.00859763  0.          0.02013007
 -0.01116875  0.00429882]
	[RESULT 31] [ 0.00792655 -0.01950217  0.01742872  0.01485635  0.01999892  0.09485743
  0.          0.00257128  0.00742872  0.00485743  0.          0.01092655
 -0.02064473  0.00457128]
	[RESULT 32] [ 0.00520695 -0.02429106  0.01949801  0.0166005   0.01760447  0.09899603
  0.          0.00050199  0.00949801  0.00899603  0.          0.00670695
 -0.02479106  0.00449801]
	[RESULT 33] [ 0.01742286 -0.01095964  0.0183825   0.02128518  0.02452018  0.096765
  0.          0.0016175   0.0083825   0.006765    0.          0.01792286
 -0.01245964  0.0033825 ]
	[RESULT 34] [ 0.02320115 -0.00193475  0.0151359   0.01930442  0.02096737  0.09027179
  0.          0.00509231  0.0051359   0.00027179  0.          0.02370115
 -0.00866295  0.0053641 ]
	[RESULT 35] [ 0.01118474 -0.0157146   0.01689934  0.01569139  0.0218927   0.09379869
  0.          0.00310066  0.00689934  0.00379869  0.          0.01268474
 -0.01791591  0.00360066]
	[RESULT 36] [ 0.02072742 -0.00713623  0.01786364  0.02190917  0.02381811  0.09572729
  0.          0.00213636  0.00786364  0.00572729  0.          0.02372742
 -0.00740894  0.00413636]
	[RESULT 37] [ 2.59019029e-02 -4.09596229e-03  1.99978652e-02  2.23022508e-02
  2.22979811e-02  9.99957304e-02  0.00000000e+00  2.13481432e-06
  9.99786519e-03  9.99573037e-03  0.00000000e+00  2.89019029e-02
 -5.10023192e-03  7.00213481e-03]
	[RESULT 38] [ 0.00501162 -0.02398508  0.01899669  0.01575085  0.01775746  0.09799339
  0.          0.00100331  0.00899669  0.00799339  0.          0.00651162
 -0.02448508  0.00399669]
	[RESULT 39] [0.03147698 0.00204565 0.01943133 0.02036451 0.01922717 0.09886266
 0.         0.00056867 0.00943133 0.00886266 0.         0.03447698
 0.00304565 0.00443133]
	[RESULT 40] [ 2.42816617e-02 -5.71118853e-03  1.99928502e-02  2.31198939e-02
  2.31055943e-02  9.99857004e-02  0.00000000e+00  7.14981927e-06
  9.99285018e-03  9.98570036e-03  0.00000000e+00  2.62816617e-02
 -5.71118853e-03  4.99285018e-03]
	[RESULT 41] [ 0.00439711 -0.02524286  0.01963997  0.01640851  0.01712857  0.09927994
  0.          0.00036003  0.00963997  0.00927994  0.          0.00639711
 -0.02524286  0.00463997]
	[RESULT 42] [ 2.96395981e-02 -3.46355547e-04  1.99859537e-02  2.02012705e-02
  2.01731778e-02  9.99719073e-02  0.00000000e+00  1.40463395e-05
  9.98595366e-03  9.97190732e-03  0.00000000e+00  3.16395981e-02
 -3.46355547e-04  4.98595366e-03]
	[RESULT 43] [ 2.07298456e-02 -9.27006112e-03  1.99999068e-02  2.48852171e-02
  2.48850306e-02  9.99998135e-02  0.00000000e+00  9.32486767e-08
  9.99990675e-03  9.99981350e-03  0.00000000e+00  2.37298456e-02
 -1.02702476e-02  7.00009325e-03]
	[RESULT 44] [ 5.34662843e-03 -2.46205607e-02  1.99671892e-02  1.73740980e-02
  1.74397196e-02  9.99343783e-02  0.00000000e+00  3.28108271e-05
  9.96718917e-03  9.93437835e-03  0.00000000e+00  6.84662843e-03
 -2.51205607e-02  4.96718917e-03]
	[RESULT 45] [ 0.02843021 -0.00064287  0.01907307  0.02242529  0.02057143  0.09814614
  0.          0.00092693  0.00907307  0.00814614  0.          0.03143021
  0.00035713  0.00407307]
	[RESULT 46] [ 0.02358248 -0.00154583  0.0151283   0.01923369  0.02102291  0.0902566
  0.          0.00838491  0.0051283   0.0002566   0.          0.02658248
 -0.01228922  0.0118717 ]
	[RESULT 47] [ 0.00629572 -0.02140945  0.01770516  0.01445561  0.01904528  0.09541033
  0.          0.00229484  0.00770516  0.00541033  0.          0.00779572
 -0.02199912  0.00279484]
	[RESULT 48] [ 0.00748023 -0.01969952  0.01717976  0.01425975  0.01990024  0.09435951
  0.          0.00282024  0.00717976  0.00435951  0.          0.00948023
 -0.02134001  0.00382024]
	[RESULT 49] [ 0.01431114 -0.01546116  0.01977229  0.02156401  0.02201942  0.09954458
  0.          0.00022771  0.00977229  0.00954458  0.          0.01631114
 -0.01546116  0.00477229]
	[RESULT 50] [ 0.01346821 -0.01489614  0.01836434  0.01903062  0.02230193  0.09672869
  0.          0.00163566  0.00836434  0.00672869  0.          0.01496821
 -0.01539614  0.00336434]
	[RESULT 51] [ 0.00734252 -0.02043542  0.01777794  0.01508818  0.01953229  0.09555588
  0.          0.00222206  0.00777794  0.00555588  0.          0.01034252
 -0.02087953  0.00422206]
	[RESULT 52] [ 0.02605069 -0.00248257  0.01853325  0.02442477  0.02149128  0.09706651
  0.          0.00146675  0.00853325  0.00706651  0.          0.02905069
 -0.00148257  0.00353325]
	[RESULT 53] [ 2.92570478e-02 -3.92132986e-05  1.92962611e-02  2.14270845e-02
  2.00196066e-02  9.85925221e-02  0.00000000e+00  7.03738936e-04
  9.29626106e-03  8.59252213e-03  0.00000000e+00  3.12570478e-02
 -3.44669117e-03  7.70373894e-03]
	[RESULT 54] [ 2.14012913e-02 -8.59765408e-03  1.99989453e-02  2.45509364e-02
  2.45488270e-02  9.99978907e-02  0.00000000e+00  1.05466256e-06
  9.99894534e-03  9.99789067e-03  0.00000000e+00  2.44012913e-02
 -7.59765408e-03  4.99894534e-03]
	[RESULT 55] [ 0.02543295 -0.00056233  0.01599528  0.02145939  0.02053117  0.09199056
  0.          0.00400472  0.00599528  0.00199056  0.          0.02743295
 -0.00457177  0.00500472]
	[RESULT 56] [ 0.00795026 -0.01913898  0.01708923  0.01460898  0.02043051  0.09417847
  0.          0.00291077  0.00708923  0.00417847  0.          0.00845026
 -0.02196051  0.00341077]
	[RESULT 57] [ 4.42348786e-03 -2.55560247e-02  1.99795125e-02  1.69310127e-02
  1.69719877e-02  9.99590251e-02  0.00000000e+00  2.04874656e-05
  9.97951253e-03  9.95902507e-03  0.00000000e+00  5.92348786e-03
 -2.60560247e-02  4.97951253e-03]
	[RESULT 58] [0.0282584  0.01431288 0.01742872 0.01823612 0.01309356 0.09485743
 0.         0.00471385 0.00742872 0.00485743 0.         0.0252584
 0.00817032 0.00957128]
	[RESULT 59] [0.03131791 0.01066016 0.01802194 0.01887605 0.01491992 0.09604387
 0.         0.00197806 0.00802194 0.00604387 0.         0.02931791
 0.01066016 0.00302194]
	[RESULT 60] [ 0.00465004 -0.02470071  0.01935075  0.01610115  0.01739964  0.09870151
  0.          0.00064925  0.00935075  0.00870151  0.          0.00615004
 -0.02520071  0.00435075]
	[RESULT 61] [ 0.01388698 -0.01122731  0.01511429  0.01436492  0.02413635  0.09022857
  0.          0.00984286  0.00511429  0.00022857  0.          0.01538698
 -0.02199873  0.01038571]
	[RESULT 62] [ 0.00511178 -0.02443643  0.01954821  0.0166282   0.01753179  0.09909641
  0.          0.00045179  0.00954821  0.00909641  0.          0.00711178
 -0.02443643  0.00454821]
	[RESULT 63] [ 5.04702906e-03 -2.49465500e-02  1.99935790e-02  1.75138831e-02
  1.75267250e-02  9.99871580e-02  0.00000000e+00  6.42097826e-06
  9.99357902e-03  9.98715804e-03  0.00000000e+00  5.54702906e-03
 -2.64465500e-02  4.99357902e-03]
	[RESULT 64] [0.0198035  0.02206465 0.01813186 0.01295396 0.00921768 0.09626371
 0.         0.00186814 0.00813186 0.00626371 0.         0.0183035
 0.00567164 0.00736814]
	[RESULT 65] [ 2.32832631e-02 -6.71526590e-03  1.99985290e-02  2.36105749e-02
  2.36076330e-02  9.99970581e-02  0.00000000e+00  1.47097302e-06
  9.99852903e-03  9.99705805e-03  0.00000000e+00  2.52832631e-02
 -7.71820785e-03  6.00147097e-03]
	[RESULT 66] [ 0.01635218 -0.01317627  0.01952846  0.02221878  0.02316186  0.09905691
  0.          0.00047154  0.00952846  0.00905691  0.          0.01935218
 -0.01217627  0.00452846]
	[RESULT 67] [ 0.00781777 -0.01975849  0.01757626  0.01502328  0.01987075  0.09515253
  0.          0.00242374  0.00757626  0.00515253  0.          0.00981777
 -0.02060597  0.00342374]
	[RESULT 68] [ 2.09459881e-02 -9.05391870e-03  1.99999068e-02  2.47771458e-02
  2.47769593e-02  9.99998135e-02  0.00000000e+00  9.32486767e-08
  9.99990675e-03  9.99981350e-03  0.00000000e+00  2.39459881e-02
 -8.05391870e-03  4.99990675e-03]
	[RESULT 69] [ 2.66773266e-02 -3.32242008e-03  1.99997466e-02  2.19117168e-02
  2.19112100e-02  9.99994933e-02  0.00000000e+00  2.53367531e-07
  9.99974663e-03  9.99949326e-03  0.00000000e+00  2.96773266e-02
 -4.32292682e-03  7.00025337e-03]
	[RESULT 70] [ 0.00943532 -0.02018308  0.01961839  0.01889525  0.01965846  0.09923679
  0.          0.00038161  0.00961839  0.00923679  0.          0.01143532
 -0.02194629  0.00638161]
	[RESULT 71] [0.0169177  0.02267922 0.01576151 0.01506658 0.00658961 0.09152303
 0.         0.00971546 0.00576151 0.00152303 0.         0.0139177
 0.00515619 0.01123849]
	[RESULT 72] [ 0.01368165 -0.01307443  0.01675608  0.01672494  0.02321278  0.09351216
  0.          0.00324392  0.00675608  0.00351216  0.          0.01568165
 -0.01556228  0.00424392]
	[RESULT 73] [ 0.01949502 -0.01002211  0.01951713  0.02377321  0.02473894  0.09903426
  0.          0.00048287  0.00951713  0.00903426  0.          0.02249502
 -0.00902211  0.00451713]
	[RESULT 74] [ 0.01760478 -0.00879498  0.01639976  0.01815203  0.02464749  0.09279952
  0.          0.00360024  0.00639976  0.00279952  0.          0.01910478
 -0.01199546  0.00410024]
	[RESULT 75] [ 0.02581936 -0.00381717  0.01963653  0.02288552  0.02215859  0.09927307
  0.          0.00036347  0.00963653  0.00927307  0.          0.02881936
 -0.00281717  0.00463653]
	[RESULT 76] [ 0.01651299 -0.01200317  0.01851617  0.02103075  0.02399841  0.09703234
  0.          0.00148383  0.00851617  0.00703234  0.          0.01851299
 -0.01200317  0.00351617]
	[RESULT 77] [ 0.01021255 -0.01861022  0.01882277  0.01809043  0.02044489  0.09764554
  0.          0.00117723  0.00882277  0.00764554  0.          0.01221255
 -0.02196468  0.00717723]
	[RESULT 78] [ 2.91755901e-02 -8.24156497e-04  1.99997466e-02  2.06625850e-02
  2.06620782e-02  9.99994933e-02  0.00000000e+00  2.53367531e-07
  9.99974663e-03  9.99949326e-03  0.00000000e+00  3.21755901e-02
 -1.82466323e-03  7.00025337e-03]
	[RESULT 79] [ 0.00725476 -0.0211027   0.01835746  0.01616357  0.01944865  0.09671493
  0.          0.00164254  0.00835746  0.00671493  0.          0.00825476
 -0.0221027   0.00335746]
	[RESULT 80] [0.01611329 0.02170259 0.0155893  0.0146727  0.00585129 0.0911786
 0.         0.0044107  0.0055893  0.0011786  0.         0.01561329
 0.00052399 0.0049107 ]
	[RESULT 81] [ 0.00497594 -0.02414531  0.01912125  0.01591984  0.01767734  0.09824249
  0.          0.00087875  0.00912125  0.00824249  0.          0.00797594
 -0.02314531  0.00412125]
	[RESULT 82] [ 2.44184690e-02 -5.57426194e-03  1.99927309e-02  2.28016691e-02
  2.27871310e-02  9.99854618e-02  0.00000000e+00  7.26908223e-06
  9.99273092e-03  9.98546184e-03  0.00000000e+00  2.49184690e-02
 -7.07426194e-03  4.99273092e-03]
	[RESULT 83] [0.02297816 0.02137875 0.0156431  0.01827443 0.00956063 0.09128619
 0.         0.00992929 0.0056431  0.00128619 0.         0.01997816
 0.01133506 0.0113569 ]
	[RESULT 84] [ 0.02973256  0.0035974   0.01613516  0.02381902  0.0184513   0.09227032
  0.          0.00859452  0.00613516  0.00227032  0.          0.03273256
 -0.00513228  0.01086484]
	[RESULT 85] [ 0.00813176 -0.02128993  0.01942169  0.01794841  0.01910504  0.09884337
  0.          0.00057831  0.00942169  0.00884337  0.          0.01113176
 -0.02028993  0.00442169]
	[RESULT 86] [ 0.008052  -0.0178998  0.0159518  0.0127037  0.0208001  0.0919036
  0.         0.0040482  0.0059518  0.0019036  0.         0.009552
 -0.0219962  0.0045482]
	[RESULT 87] [ 4.27784578e-03 -2.56279187e-02  1.99057644e-02  1.67475696e-02
  1.69360407e-02  9.98115289e-02  0.00000000e+00  9.42355595e-05
  9.90576444e-03  9.81152888e-03  0.00000000e+00  6.27784578e-03
 -2.56279187e-02  4.90576444e-03]
	[RESULT 88] [ 0.02330552 -0.0033733   0.01667882  0.02167099  0.02168665  0.09335764
  0.          0.00332118  0.00667882  0.00335764  0.          0.02380552
 -0.00701566  0.00382118]
	[RESULT 89] [ 2.54693569e-02 -4.52788280e-03  1.99972397e-02  2.25194619e-02
  2.25139414e-02  9.99944795e-02  0.00000000e+00  2.76025745e-06
  9.99723974e-03  9.99447949e-03  0.00000000e+00  2.84693569e-02
 -5.53340331e-03  7.00276026e-03]
	[RESULT 90] [ 0.00724963 -0.01990979  0.01715941  0.01411393  0.01979511  0.09431882
  0.          0.00284059  0.00715941  0.00431882  0.          0.01024963
 -0.02159096  0.00484059]
	[RESULT 91] [ 5.01986905e-03 -2.49307256e-02  1.99505947e-02  1.71858265e-02
  1.72846372e-02  9.99011893e-02  0.00000000e+00  4.94053438e-05
  9.95059466e-03  9.90118931e-03  0.00000000e+00  8.01986905e-03
 -2.39307256e-02  4.95059466e-03]
	[RESULT 92] [3.17946823e-02 1.79493568e-03 1.99997466e-02 1.93530389e-02
 1.93525322e-02 9.99994933e-02 0.00000000e+00 2.53367531e-07
 9.99974663e-03 9.99949326e-03 0.00000000e+00 3.47946823e-02
 7.94428949e-04 7.00025337e-03]
	[RESULT 93] [ 0.02763236  0.0024823   0.01515006  0.02154127  0.01875885  0.09030012
  0.          0.00504982  0.00515006  0.00030012  0.          0.02813236
 -0.00421758  0.00534994]
	[RESULT 94] [ 2.42112275e-02 -5.78816244e-03  1.99993900e-02  2.31453013e-02
  2.31440812e-02  9.99987799e-02  0.00000000e+00  6.10049129e-07
  9.99938995e-03  9.99877990e-03  0.00000000e+00  2.72112275e-02
 -6.78938254e-03  7.00061005e-03]
	[RESULT 95] [3.14269923e-02 1.42724564e-03 1.99997466e-02 1.95368839e-02
 1.95363772e-02 9.99994933e-02 0.00000000e+00 2.53367531e-07
 9.99974663e-03 9.99949326e-03 0.00000000e+00 3.44269923e-02
 4.26738900e-04 7.00025337e-03]
	[RESULT 96] [0.01157688 0.01762428 0.01604739 0.01171735 0.00381214 0.09209479
 0.         0.00735782 0.00604739 0.00209479 0.         0.01107688
 0.00052949 0.00945261]
	[RESULT 97] [ 0.01769698 -0.01029382  0.0179908   0.02058469  0.02460309  0.0959816
  0.          0.0020092   0.0079908   0.0059816   0.          0.02069698
 -0.01031222  0.0040092 ]
	[RESULT 98] [ 2.67763601e-02 -3.22338651e-03  1.99997466e-02  2.16122000e-02
  2.16116933e-02  9.99994933e-02  0.00000000e+00  2.53367531e-07
  9.99974663e-03  9.99949326e-03  0.00000000e+00  2.87763601e-02
 -5.22389325e-03  7.00025337e-03]
	[RESULT 99] [ 0.0242433  -0.00558472  0.01982802  0.02338633  0.02304236  0.09965603
  0.          0.00017198  0.00982802  0.00965603  0.          0.0272433
 -0.00458472  0.00482802]
	[RESULT 100] [ 0.01136059 -0.01841816  0.01977875  0.02009842  0.02054092  0.0995575
  0.          0.00022125  0.00977875  0.0095575   0.          0.01336059
 -0.01841816  0.00477875]
	[RESULT 101] [ 0.00538544 -0.02375302  0.01913846  0.01615041  0.01787349  0.09827692
  0.          0.00086154  0.00913846  0.00827692  0.          0.00738544
 -0.02375302  0.00413846]
	[RESULT 102] [ 0.01082042 -0.01745987  0.0182803   0.01758065  0.02102006  0.09656059
  0.          0.0017197   0.0082803   0.00656059  0.          0.01282042
 -0.01745987  0.0032803 ]
	[RESULT 103] [ 2.66987069e-02 -3.29972130e-03  1.99984282e-02  2.19030042e-02
  2.18998607e-02  9.99968564e-02  0.00000000e+00  1.57178313e-06
  9.99842822e-03  9.99685643e-03  0.00000000e+00  2.96987069e-02
 -4.30286487e-03  7.00157178e-03]
	[RESULT 104] [ 0.03060302  0.0054886   0.01511442  0.02272313  0.0175057   0.09022883
  0.          0.00665675  0.00511442  0.00022883  0.          0.03360302
 -0.00028256  0.00688558]
	[RESULT 105] [ 2.88881916e-02 -1.11160821e-03  1.99997998e-02  2.05562044e-02
  2.05558041e-02  9.99995997e-02  0.00000000e+00  2.00172837e-07
  9.99979983e-03  9.99959965e-03  0.00000000e+00  2.93881916e-02
 -3.11200855e-03  5.50020017e-03]
