[METRICS]
	[DISEQUILIBRIUM COUNT] 1312
	[MINIMUM S0 sTrt S1 DISTANCE]0.0040141840939863505
	[MINIMUM S0 sTrt S21 DISTANCE]-0.025982757564249365
	[MINIMUM S0 sTrt S22 DISTANCE]0.015108695710341735
	[MINIMUM S7 sTrt S6 DISTANCE]0.007759632712496356
	[MINIMUM S7 sTrt S8 DISTANCE]0.0028247874004000972
	[MINIMUM S7 sTrt S21 DISTANCE]0.09021739142068343
	[MINIMUM S7 esTrt S22 DISTANCE]0.0
	[MINIMUM S14 sTrt S13 DISTANCE]5.164643793187373e-07
	[MINIMUM S14 sTrt S15 DISTANCE]0.005108695710341726
	[MINIMUM S14 sTrt S21 DISTANCE]0.000217391420683416
	[MINIMUM S14 sTrt S22 DISTANCE]0.0
	[MINIMUM S20 sTrt S19 DISTANCE]0.005625216182981396
	[MINIMUM S20 sTrt S21 DISTANCE]-0.02634593395858891
	[MINIMUM S20 sTrt S22 DISTANCE]0.00275234664912985
	[AVERAGE S0 sTrt S1 DISTANCE]0.020569937967647882
	[AVERAGE S0 sTrt S21 DISTANCE]0.008632762668751499
	[AVERAGE S0 sTrt S22 DISTANCE]0.017109407641436515
	[AVERAGE S7 sTrt S6 DISTANCE]0.017373290029501914
	[AVERAGE S7 sTrt S8 DISTANCE]0.013523825728254692
	[AVERAGE S7 sTrt S21 DISTANCE]0.09421881528287318
	[AVERAGE S7 sTrt S22 DISTANCE]0.0
	[AVERAGE S14 sTrt S13 DISTANCE]0.004128493445017454
	[AVERAGE S14 sTrt S15 DISTANCE]0.007109407641436478
	[AVERAGE S14 sTrt S21 DISTANCE]0.004218815282872921
	[AVERAGE S14 sTrt S22 DISTANCE]0.0
	[AVERAGE S20 sTrt S19 DISTANCE]0.020390325217127362
	[AVERAGE S20 sTrt S21 DISTANCE]-0.0015915255453352864
	[AVERAGE S20 sTrt S22 DISTANCE]0.006899183416658554
[VARIABLES]
	[RESULT 1] [1 6.053673597052738 0 1 24 3999.7055181380997 100]
	[RESULT 2] [1 5.486532135321484 1 2 0 3996.5605264654228 100]
	[RESULT 3] [1 6.946579104586575 0 1 11 3999.4489673920225 100]
	[RESULT 4] [1 5.016431563616258 0 4 4 3790.600912236578 100]
	[RESULT 5] [1 5.175575292586714 0 2 7 3999.97383489264 100]
	[RESULT 6] [1 6.100201483686966 0 3 11 3999.9385487779373 100]
	[RESULT 7] [1 5.321930383627295 0 3 2 3998.4611813801025 97]
	[RESULT 8] [1 5.121466838930959 0 1 7 3999.9940988239755 100]
	[RESULT 9] [1 10.4584916239417 1 4 12 3825.6435074192864 100]
	[RESULT 10] [1 5.124822733913733 0 4 0 3999.9382895983326 100]
	[RESULT 11] [1 7.5179156919020524 0 1 2 3999.6163662102945 97]
	[RESULT 12] [1 5.11958702526317 0 3 2 3998.9430769377627 97]
	[RESULT 13] [1 6.337000925761771 0 1 9 3999.9982427724394 100]
	[RESULT 14] [1 5.374991704081813 1 1 11 3968.2838825048816 100]
	[RESULT 15] [1 5.574279753048255 0 3 11 3999.9385487779373 98]
	[RESULT 16] [1 5.177017262232763 1 4 11 3972.4322677727346 100]
	[RESULT 17] [1 5.479952321265295 0 1 12 3999.9940988239755 99]
	[RESULT 18] [1 5.121339773724478 1 4 12 3978.5917352287374 100]
	[RESULT 19] [1 5.063238580538742 0 4 3 3999.802401783933 100]
	[RESULT 20] [1 5.004109704811121 1 4 22 3999.693747747845 98]
	[RESULT 21] [1 5.2636851401119955 0 1 7 3922.2428052100195 100]
	[RESULT 22] [1 5.002505390268168 0 2 7 3999.988869294279 100]
	[RESULT 23] [1 5.0775517197444735 0 3 9 3999.6838684252793 100]
	[RESULT 24] [1 5.000378404636129 1 4 13 3998.1898702434464 64]
	[RESULT 25] [1 5.000205639958255 1 4 10 3998.1898702434464 96]
	[RESULT 26] [1 5.004484771975638 0 4 10 3999.6349056002305 90]
	[RESULT 27] [1 5.568053960786761 0 4 24 3964.92299766615 100]
	[RESULT 28] [1 5.275989407353213 0 3 9 3999.0148649339276 98]
	[RESULT 29] [0 5.045910526465338 0 1 16 3999.9909240552056 100]
	[RESULT 30] [1 5.324182962793608 1 4 22 3999.693747747845 98]
	[RESULT 31] [1 5.050209530937034 0 4 5 3596.038775758094 100]
	[RESULT 32] [1 49.0601111353044 1 4 14 3987.582248754888 100]
	[RESULT 33] [1 34.27102497627758 0 1 12 3999.945692184343 97]
	[RESULT 34] [1 6.554135990089842 0 4 23 3999.950232357179 100]
	[RESULT 35] [1 5.0006120427200305 0 3 7 3999.988869294279 100]
	[RESULT 36] [1 6.247655308768416 0 3 6 3999.1178247761213 100]
	[RESULT 37] [1 12.493662425496113 0 1 24 3991.219942043884 98]
	[RESULT 38] [1 10.577188817643849 0 1 21 3999.7757186250633 100]
	[RESULT 39] [1 5.2784619157445345 0 4 11 3646.0922081826016 100]
	[RESULT 40] [0 8.997516514494457 1 1 3 1640.0029993105627 3]
	[RESULT 41] [1 5.000205639958255 0 4 6 3963.957488847688 98]
	[RESULT 42] [0 10.732820293525585 1 2 7 3985.7613042719545 100]
	[RESULT 43] [1 5.000263954078725 1 4 7 3998.7021638693477 64]
	[RESULT 44] [0 7.9017789874562 1 1 13 3968.9088089883344 100]
	[RESULT 45] [1 6.862060383937057 0 4 5 3974.7369139392085 100]
	[RESULT 46] [1 5.256586708420146 0 4 22 3999.9304342791543 90]
	[RESULT 47] [1 5.145882717226462 0 4 24 3998.2289394777326 100]
	[RESULT 48] [1 5.044108753367418 0 3 7 3999.7905213628096 100]
	[RESULT 49] [1 5.032898706213885 0 3 20 3999.7657456087672 100]
	[RESULT 50] [1 5.023681306401636 0 1 23 3999.7055181380997 100]
	[RESULT 51] [1 5.141313681518346 0 4 11 3992.731278190387 100]
	[RESULT 52] [1 6.683717120075001 1 3 12 3999.9994600943282 100]
	[RESULT 53] [0 5.007601386719647 1 1 5 3831.1938795077476 100]
	[RESULT 54] [1 7.572295506640299 0 4 7 3999.964463756935 100]
	[RESULT 55] [1 5.125181658339756 1 3 12 3981.049973208912 100]
	[RESULT 56] [0 6.041390187505281 1 1 10 3611.52066583181 100]
	[RESULT 57] [1 6.9306659262463395 0 1 11 3999.9032607793224 100]
	[RESULT 58] [1 5.000154615396477 1 4 9 3998.6568901955834 64]
	[RESULT 59] [1 5.123492993055327 0 2 7 3999.97383489264 100]
	[RESULT 60] [1 17.610251779523704 0 3 22 3999.16500763732 98]
	[RESULT 61] [1 5.801996130956806 0 2 12 3999.802401783933 100]
	[RESULT 62] [1 5.134495922916639 0 3 4 3999.9998057190487 100]
	[RESULT 63] [1 5.256586708420146 0 4 22 3989.6890881782156 90]
	[RESULT 64] [1 6.140579781177696 0 4 11 3990.957758437098 100]
	[RESULT 65] [1 5.095754189633179 1 4 7 3986.464730207075 100]
	[RESULT 66] [1 10.693209586840723 1 3 2 3998.4611813801025 96]
	[RESULT 67] [0 5.2068805712646276 0 1 24 1250.1265176098598 5]
	[RESULT 68] [1 49.334120151644974 0 3 23 3999.7657456087672 100]
	[RESULT 69] [1 5.133467522076143 0 3 4 3999.9300440228876 100]
	[RESULT 70] [1 8.963415102232785 0 2 24 3829.8745586258037 100]
	[RESULT 71] [1 5.160209057815308 0 3 12 3999.7623123748026 98]
	[RESULT 72] [1 5.026513879586063 0 4 11 3946.986016875915 100]
	[RESULT 73] [1 5.001702542814333 0 3 24 3998.4611813801025 100]
	[RESULT 74] [1 6.292563013258767 0 3 14 3999.998062372588 100]
	[RESULT 75] [1 5.566069276193852 0 4 22 3986.934782835818 100]
	[RESULT 76] [1 5.049022542906306 0 4 0 3999.918622610512 100]
	[RESULT 77] [1 5.125761567343454 0 4 23 3999.988388611359 100]
	[RESULT 78] [1 7.70935793790588 0 4 11 3987.653338184281 100]
	[RESULT 79] [1 5.257163368851505 1 2 22 3999.802401783933 100]
	[RESULT 80] [1 5.002506556281804 1 4 9 3952.7304510014046 64]
	[RESULT 81] [1 5.04690050787106 1 4 24 3999.998742199375 95]
	[RESULT 82] [1 5.0058034574711865 0 1 11 3999.9032607793224 100]
	[RESULT 83] [1 5.462754255376591 1 3 20 3999.8348939564357 51]
	[RESULT 84] [1 7.005244525680326 1 4 3 3999.5954505392856 97]
	[RESULT 85] [1 6.298375922899788 0 4 12 3997.4422804768496 100]
	[RESULT 86] [1 5.043140601695098 0 4 11 3987.653338184281 100]
	[RESULT 87] [1 5.124924594754807 0 4 2 3887.2334126925552 100]
	[RESULT 88] [1 40.188181667090106 0 2 2 3995.6747391144104 100]
	[RESULT 89] [0 5.005042339570695 1 1 5 3998.852108519459 100]
	[RESULT 90] [1 33.407909247340875 0 1 13 3850.234971695122 64]
	[RESULT 91] [1 5.017029134799094 0 4 4 3999.971592550457 100]
	[RESULT 92] [1 5.07742469837899 1 4 24 1541.8207761779447 100]
	[RESULT 93] [1 5.000263954078725 1 4 7 3998.6801326529676 64]
	[RESULT 94] [0 10.829052020879104 1 4 22 3940.3745265813495 95]
	[RESULT 95] [1 5.12206600237147 0 1 6 3999.7055181380997 100]
	[RESULT 96] [1 5.12609269863962 0 3 12 3981.049973208912 97]
	[RESULT 97] [1 9.39470372913044 0 1 8 3924.637124198015 100]
	[RESULT 98] [1 7.188159331925192 0 3 6 3999.6838684252793 100]
	[RESULT 99] [1 5.002506556281804 0 4 1 3888.9033798353717 100]
	[RESULT 100] [1 5.076545472049486 0 3 22 3998.447654130246 98]
	[RESULT 101] [1 5.000263954078725 1 4 5 3999.53271232586 64]
	[RESULT 102] [1 49.53207710561125 0 4 13 3987.5038403180015 97]
	[RESULT 103] [0 6.4202117365354034 0 1 0 3915.776539012825 3]
	[RESULT 104] [1 5.366901568520895 0 2 0 3996.5605264654228 100]
	[RESULT 105] [1 49.609107974698155 1 1 23 3999.97943684338 100]
[OBJECTIVES]
	[RESULT 1] [ 0.00685639 -0.02057827  0.01743466  0.01433019  0.01946087  0.09486932
  0.          0.00256534  0.00743466  0.00486932  0.          0.00835639
 -0.02170895  0.00306534]
	[RESULT 2] [ 0.01365997 -0.01470356  0.01836353  0.01912528  0.02239822  0.09672707
  0.          0.00163647  0.00836353  0.00672707  0.          0.01565997
 -0.0189765   0.00763647]
	[RESULT 3] [ 0.00784227 -0.01885462  0.01669688  0.01371646  0.02032269  0.09339377
  0.          0.00330312  0.00669688  0.00339377  0.          0.00934227
 -0.02146085  0.00380312]
	[RESULT 4] [ 2.64144370e-02 -3.50473331e-03  1.99191703e-02  2.21640260e-02
  2.20023667e-02  9.98383407e-02  0.00000000e+00  8.08296604e-05
  9.91917034e-03  9.83834068e-03  0.00000000e+00  2.94144370e-02
 -2.50473331e-03  4.91917034e-03]
	[RESULT 5] [ 0.0047729  -0.02448034  0.01925324  0.01601631  0.01750983  0.09850647
  0.          0.00074676  0.00925324  0.00850647  0.          0.0067729
 -0.02448034  0.00425324]
	[RESULT 6] [ 0.00668058 -0.02070015  0.01738072  0.01416137  0.01939993  0.09476145
  0.          0.00261928  0.00738072  0.00476145  0.          0.00918058
 -0.0219387   0.00411928]
	[RESULT 7] [ 0.02166724 -0.0071151   0.01878235  0.02375714  0.02380755  0.09756469
  0.          0.00121765  0.00878235  0.00756469  0.          0.02416724
 -0.0066151   0.00378235]
	[RESULT 8] [ 0.00454745 -0.02491099  0.01945845  0.0162114   0.0172945   0.09891689
  0.          0.00054155  0.00945845  0.00891689  0.          0.00604745
 -0.02541099  0.00445845]
	[RESULT 9] [ 0.03490926  0.00931656  0.01577417  0.02404337  0.01559172  0.09154835
  0.          0.00967748  0.00577417  0.00154835  0.          0.03190926
 -0.00013509  0.01122583]
	[RESULT 10] [ 0.00461641 -0.02482873  0.01944514  0.01622592  0.01733563  0.09889029
  0.          0.00055486  0.00944514  0.00889029  0.          0.00761641
 -0.02382873  0.00444514]
	[RESULT 11] [ 0.02295654 -0.00346476  0.0164213   0.02086021  0.02198238  0.09284259
  0.          0.0035787   0.0064213   0.00284259  0.          0.02445654
 -0.00662216  0.0040787 ]
	[RESULT 12] [ 0.02054812 -0.00891781  0.01946593  0.02422296  0.02470891  0.09893186
  0.          0.00053407  0.00946593  0.00893186  0.          0.02304812
 -0.00841781  0.00446593]
	[RESULT 13] [ 0.00686226 -0.02027723  0.01713949  0.01389037  0.01961138  0.09427899
  0.          0.00286051  0.00713949  0.00427899  0.          0.00836226
 -0.02199824  0.00336051]
	[RESULT 14] [ 0.02434382 -0.00429257  0.01863639  0.02487649  0.02239628  0.09727277
  0.          0.00136361  0.00863639  0.00727277  0.          0.02584382
 -0.0080198   0.00686361]
	[RESULT 15] [ 0.01921858 -0.00895748  0.01817606  0.02162337  0.02472874  0.09635211
  0.          0.00182394  0.00817606  0.00635211  0.          0.02171858
 -0.00860537  0.00332394]
	[RESULT 16] [ 0.02286255 -0.00638548  0.01924803  0.02494669  0.02344274  0.09849605
  0.          0.00075197  0.00924803  0.00849605  0.          0.02586255
 -0.00888942  0.00775197]
	[RESULT 17] [ 0.01562741 -0.01275107  0.01837849  0.02013144  0.02337446  0.09675697
  0.          0.00162151  0.00837849  0.00675697  0.          0.01712741
 -0.01325107  0.00337849]
	[RESULT 18] [ 0.02107362 -0.00838533  0.01945895  0.02447524  0.02444267  0.0989179
  0.          0.00054105  0.00945895  0.0089179   0.          0.02407362
 -0.01046743  0.00754105]
	[RESULT 19] [ 0.00449344 -0.02520918  0.01970261  0.01655064  0.01714541  0.09940523
  0.          0.00029739  0.00970261  0.00940523  0.          0.00749344
 -0.02420918  0.00470261]
	[RESULT 20] [ 2.26563438e-02 -7.32319179e-03  1.99795356e-02  2.39525247e-02
  2.39115959e-02  9.99590712e-02  0.00000000e+00  2.04644213e-05
  9.97953558e-03  9.95907116e-03  0.00000000e+00  2.56563438e-02
 -8.36412063e-03  7.02046442e-03]
	[RESULT 21] [ 0.02396102 -0.00499566  0.01895668  0.02483447  0.02274783  0.09791336
  0.          0.00104332  0.00895668  0.00791336  0.          0.02546102
 -0.00549566  0.00395668]
	[RESULT 22] [ 4.02362140e-03 -2.59638830e-02  1.99875044e-02  1.67430672e-02
  1.67680585e-02  9.99750087e-02  0.00000000e+00  1.24956449e-05
  9.98750436e-03  9.97500871e-03  0.00000000e+00  6.02362140e-03
 -2.59638830e-02  4.98750436e-03]
	[RESULT 23] [ 0.00467204 -0.02496811  0.01964015  0.01654624  0.01726594  0.0992803
  0.          0.00035985  0.00964015  0.0092803   0.          0.00717204
 -0.02446811  0.00464015]
	[RESULT 24] [ 3.01492667e-02  1.51157960e-04  1.99981087e-02  2.01782036e-02
  2.01744210e-02  9.99962174e-02  0.00000000e+00  1.89130750e-06
  9.99810869e-03  9.99621738e-03  0.00000000e+00  3.31492667e-02
 -8.52624655e-04  7.00189131e-03]
	[RESULT 25] [ 2.66889439e-02 -3.31002814e-03  1.99989720e-02  2.19070700e-02
  2.19050141e-02  9.99979440e-02  0.00000000e+00  1.02798840e-06
  9.99897201e-03  9.99794402e-03  0.00000000e+00  2.96889439e-02
 -4.31208411e-03  7.00102799e-03]
	[RESULT 26] [ 2.25639813e-02 -7.41369495e-03  1.99776763e-02  2.40014950e-02
  2.39568475e-02  9.99553525e-02  0.00000000e+00  2.23237430e-05
  9.97767626e-03  9.95535251e-03  0.00000000e+00  2.55639813e-02
 -6.41369495e-03  4.97767626e-03]
	[RESULT 27] [ 0.02040802 -0.00778065  0.01818867  0.02223701  0.02414032  0.09637733
  0.          0.00181133  0.00818867  0.00637733  0.          0.02340802
 -0.00740332  0.00381133]
	[RESULT 28] [ 0.01936259 -0.00955594  0.01891853  0.02280909  0.02497203  0.09783706
  0.          0.00108147  0.00891853  0.00783706  0.          0.02186259
 -0.00905594  0.00391853]
	[RESULT 29] [ 0.00522855 -0.02455197  0.01978052  0.01728506  0.01772401  0.09956105
  0.          0.00021948  0.00978052  0.00956105  0.          0.00572855
 -0.02605197  0.00478052]
	[RESULT 30] [ 0.02385997 -0.00491595  0.01877591  0.02484385  0.02270797  0.09755183
  0.          0.00122409  0.00877591  0.00755183  0.          0.02685997
 -0.00836412  0.00822409]
	[RESULT 31] [ 0.02778204 -0.00197892  0.01976095  0.02171755  0.02123946  0.09952191
  0.          0.00023905  0.00976095  0.00952191  0.          0.03078204
 -0.00097892  0.00476095]
	[RESULT 32] [ 0.02218574 -0.00292523  0.01511096  0.01850931  0.02171261  0.09022193
  0.          0.00833289  0.00511096  0.00022193  0.          0.02518574
 -0.0137033   0.01188904]
	[RESULT 33] [ 0.02388902 -0.00127616  0.01516517  0.01944227  0.02088808  0.09033035
  0.          0.00500448  0.00516517  0.00033035  0.          0.02538902
 -0.00694581  0.00533483]
	[RESULT 34] [ 0.00709206 -0.01986555  0.01695761  0.01373244  0.01981723  0.09391522
  0.          0.00304239  0.00695761  0.00391522  0.          0.01009206
 -0.02195033  0.00504239]
	[RESULT 35] [ 4.01418409e-03 -2.59827576e-02  1.99969417e-02  1.67525045e-02
  1.67586212e-02  9.99938833e-02  0.00000000e+00  3.05834176e-06
  9.99694166e-03  9.99388332e-03  0.00000000e+00  6.51418409e-03
 -2.54827576e-02  4.99694166e-03]
	[RESULT 36] [ 0.00762757 -0.01959697  0.01722454  0.01440059  0.01995151  0.09444908
  0.          0.00277546  0.00722454  0.00444908  0.          0.01012757
 -0.02114789  0.00427546]
	[RESULT 37] [ 0.02824262  0.00265394  0.01558867  0.02225432  0.01892303  0.09117735
  0.          0.00441133  0.00558867  0.00117735  0.          0.02974262
 -0.00216871  0.00491133]
	[RESULT 38] [ 0.00846208 -0.01729812  0.0157602   0.01262135  0.02110094  0.09152041
  0.          0.0042398   0.0057602   0.00152041  0.          0.00996208
 -0.02177771  0.0047398 ]
	[RESULT 39] [ 0.02843957 -0.00047138  0.01891095  0.02266379  0.02048569  0.0978219
  0.          0.00108905  0.00891095  0.0078219   0.          0.03143957
  0.00052862  0.00391095]
	[RESULT 40] [0.01146663 0.01746713 0.0160005  0.01173257 0.00373357 0.09200099
 0.         0.00749851 0.0060005  0.00200099 0.         0.01096663
 0.00046614 0.0094995 ]
	[RESULT 41] [3.20955951e-02 2.09662311e-03 1.99989720e-02 1.92037444e-02
 1.92016884e-02 9.99979440e-02 0.00000000e+00 1.02798840e-06
 9.99897201e-03 9.99794402e-03 0.00000000e+00 3.49044049e-02
 3.09662311e-03 4.99897201e-03]
	[RESULT 42] [ 0.02332921 -0.00241342  0.01574263  0.02027855  0.02120671  0.09148526
  0.          0.00877211  0.00574263  0.00148526  0.          0.02432921
 -0.01292815  0.01025737]
	[RESULT 43] [ 2.96945649e-02 -3.04115650e-04  1.99986806e-02  2.04046967e-02
  2.04020578e-02  9.99973612e-02  0.00000000e+00  1.31942213e-06
  9.99868058e-03  9.99736116e-03  0.00000000e+00  3.26945649e-02
 -1.30675449e-03  7.00131942e-03]
	[RESULT 44] [ 0.02757596  0.0012945   0.01628147  0.02321018  0.01935275  0.09256293
  0.          0.0066556   0.00628147  0.00256293  0.          0.02807596
 -0.00814257  0.00921853]
	[RESULT 45] [ 0.01981843 -0.00692856  0.01674699  0.01977971  0.02371428  0.09349399
  0.          0.00325301  0.00674699  0.00349399  0.          0.02281843
 -0.00943457  0.00525301]
	[RESULT 46] [ 0.02327216 -0.00570688  0.01897903  0.02485463  0.02310344  0.09795807
  0.          0.00102097  0.00897903  0.00795807  0.          0.02627216
 -0.00470688  0.00397903]
	[RESULT 47] [ 0.00629045 -0.023073    0.01936345  0.0169404   0.0182135   0.0987269
  0.          0.00063655  0.00936345  0.0087269   0.          0.00929045
 -0.022073    0.00436345]
	[RESULT 48] [ 0.00441896 -0.02536981  0.01978877  0.01664264  0.0170651   0.09957755
  0.          0.00021123  0.00978877  0.00957755  0.          0.00691896
 -0.02486981  0.00478877]
	[RESULT 49] [ 0.00439133 -0.02544941  0.01984075  0.01670679  0.01702529  0.09968149
  0.          0.00015925  0.00984075  0.00968149  0.          0.00689133
 -0.02494941  0.00484075]
	[RESULT 50] [ 0.00440672 -0.02547761  0.01988433  0.01677986  0.01701119  0.09976867
  0.          0.00011567  0.00988433  0.00976867  0.          0.00590672
 -0.02597761  0.00488433]
	[RESULT 51] [ 0.01025048 -0.01913043  0.01938092  0.01894662  0.02018478  0.09876183
  0.          0.00061908  0.00938092  0.00876183  0.          0.01325048
 -0.01813043  0.00438092]
	[RESULT 52] [ 0.01213745 -0.01472564  0.01686309  0.01611336  0.02238718  0.09372618
  0.          0.00591074  0.00686309  0.00372618  0.          0.01463745
 -0.02199946  0.00963691]
	[RESULT 53] [ 3.18128479e-02  1.85056806e-03  1.99622798e-02  1.91501564e-02
  1.90747160e-02  9.99245596e-02  0.00000000e+00  3.77202077e-05
  9.96227979e-03  9.92455958e-03  0.00000000e+00  3.23128479e-02
 -2.24872354e-04  5.53772021e-03]
	[RESULT 54] [ 0.00763583 -0.01876383  0.01639966  0.0131674   0.02036808  0.09279932
  0.          0.00360034  0.00639966  0.00279932  0.          0.01063583
 -0.02196451  0.00560034]
	[RESULT 55] [ 0.02033558 -0.00910815  0.01944373  0.02408338  0.02480408  0.09888745
  0.          0.00055627  0.00944373  0.00888745  0.          0.02283558
 -0.0112207   0.00705627]
	[RESULT 56] [0.03396087 0.00858981 0.01744931 0.02080647 0.01570509 0.09489862
 0.         0.00315207 0.00744931 0.00489862 0.         0.03346087
 0.00148844 0.00805069]
	[RESULT 57] [ 0.00739027 -0.01931583  0.0167061   0.01350428  0.02009209  0.09341219
  0.          0.0032939   0.0067061   0.00341219  0.          0.00889027
 -0.02190363  0.0037939 ]
	[RESULT 58] [ 2.97348634e-02 -2.64363598e-04  1.99992270e-02  2.03837277e-02
  2.03821818e-02  9.99984541e-02  0.00000000e+00  7.72957471e-07
  9.99922704e-03  9.99845409e-03  0.00000000e+00  3.27348634e-02
 -1.26590951e-03  7.00077296e-03]
	[RESULT 59] [ 0.00457573 -0.02487467  0.01945041  0.01621347  0.01731266  0.09890081
  0.          0.00054959  0.00945041  0.00890081  0.          0.00657573
 -0.02487467  0.00445041]
	[RESULT 60] [ 0.02277397 -0.0025934   0.01536737  0.01918804  0.0215467   0.09073474
  0.          0.00539789  0.00536737  0.00073474  0.          0.02527397
 -0.00785866  0.00613263]
	[RESULT 61] [ 0.00642135 -0.02135335  0.0177747   0.01462273  0.01907332  0.0955494
  0.          0.0022253   0.0077747   0.0055494   0.          0.00842135
 -0.02180395  0.0032253 ]
	[RESULT 62] [ 0.00459295 -0.02481429  0.01940724  0.01615734  0.01734285  0.09881449
  0.          0.00059276  0.00940724  0.00881449  0.          0.00709295
 -0.02431429  0.00440724]
	[RESULT 63] [0.03050287 0.00152384 0.01897903 0.02153001 0.01948808 0.09795807
 0.         0.00102097 0.00897903 0.00795807 0.         0.03350287
 0.00252384 0.00397903]
	[RESULT 64] [ 0.01330464 -0.01403117  0.01733582  0.01740604  0.02273441  0.09467163
  0.          0.00266418  0.00733582  0.00467163  0.          0.01630464
 -0.01535954  0.00466418]
	[RESULT 65] [ 0.01821802 -0.01134504  0.01956307  0.02320361  0.02407748  0.09912613
  0.          0.00043693  0.00956307  0.00912613  0.          0.02121802
 -0.01321891  0.00743693]
	[RESULT 66] [ 0.03070257  0.00495554  0.01574703  0.02372182  0.01777223  0.09149405
  0.          0.00925892  0.00574703  0.00149405  0.          0.03320257
 -0.00455041  0.01075297]
	[RESULT 67] [0.01957648 0.02128061 0.01914291 0.01107387 0.0093597  0.09828582
 0.         0.00085709 0.00914291 0.00828582 0.         0.01907648
 0.00321939 0.00414291]
	[RESULT 68] [ 0.00912179 -0.0159885   0.01511029  0.01197633  0.02175575  0.09022058
  0.          0.00616912  0.00511029  0.00022058  0.          0.01162179
 -0.02176792  0.00638971]
	[RESULT 69] [ 0.00465852 -0.02475272  0.01941124  0.01619612  0.01737364  0.09882248
  0.          0.00058876  0.00941124  0.00882248  0.          0.00715852
 -0.02425272  0.00441124]
	[RESULT 70] [ 0.02978956  0.00378219  0.01600737  0.02365584  0.0183589   0.09201474
  0.          0.00399263  0.00600737  0.00201474  0.          0.03178956
 -0.00020307  0.00499263]
	[RESULT 71] [ 0.01825921 -0.01105035  0.01930957  0.02284396  0.02422482  0.09861914
  0.          0.00069043  0.00930957  0.00861914  0.          0.02075921
 -0.01055035  0.00430957]
	[RESULT 72] [ 0.02111776 -0.00875309  0.01987085  0.02488484  0.02462655  0.09974171
  0.          0.00012915  0.00987085  0.00974171  0.          0.02411776
 -0.00775309  0.00487085]
	[RESULT 73] [ 5.45809048e-03 -2.45334113e-02  1.99915018e-02  1.74662979e-02
  1.74832944e-02  9.99830035e-02  0.00000000e+00  8.49824544e-06
  9.99150175e-03  9.98300351e-03  0.00000000e+00  7.95809048e-03
 -2.40334113e-02  4.99150175e-03]
	[RESULT 74] [ 0.00682097 -0.02035999  0.01718097  0.01393193  0.01957     0.09436193
  0.          0.00281903  0.00718097  0.00436193  0.          0.00932097
 -0.02199806  0.00431903]
	[RESULT 75] [ 0.0143881  -0.0138046   0.01819271  0.01923311  0.0228477   0.09638541
  0.          0.00180729  0.00819271  0.00638541  0.          0.0173881
 -0.01341919  0.00380729]
	[RESULT 76] [ 0.00431477 -0.02545157  0.01976634  0.0165569   0.01702421  0.09953268
  0.          0.00023366  0.00976634  0.00953268  0.          0.00731477
 -0.02445157  0.00476634]
	[RESULT 77] [ 0.00457017 -0.02487127  0.01944144  0.01619724  0.01731437  0.09888288
  0.          0.00055856  0.00944144  0.00888288  0.          0.00757017
 -0.02387127  0.00444144]
	[RESULT 78] [ 0.01591696 -0.01043098  0.01634794  0.01723039  0.02453451  0.09269588
  0.          0.00365206  0.00634794  0.00269588  0.          0.01891696
 -0.0137351   0.00565206]
	[RESULT 79] [ 0.01021884 -0.01875837  0.01897721  0.01832523  0.02037082  0.09795442
  0.          0.00102279  0.00897721  0.00795442  0.          0.01221884
 -0.02180395  0.00702279]
	[RESULT 80] [2.51762182e-02 1.48362833e-02 1.99874986e-02 1.28568612e-02
 1.28318584e-02 9.99749971e-02 0.00000000e+00 1.25014458e-05
 9.98749855e-03 9.97499711e-03 0.00000000e+00 2.21762182e-02
 9.18871960e-03 7.01250145e-03]
	[RESULT 81] [ 0.02589192 -0.00388408  0.019776    0.02264003  0.02219204  0.09955201
  0.          0.000224    0.009776    0.00955201  0.          0.02889192
 -0.00533208  0.007224  ]
	[RESULT 82] [ 4.12521618e-03 -2.58459340e-02  1.99711501e-02  1.67693333e-02
  1.68270330e-02  9.99423003e-02  0.00000000e+00  2.88498584e-05
  9.97115014e-03  9.94230028e-03  0.00000000e+00  5.62521618e-03
 -2.63459340e-02  4.97115014e-03]
	[RESULT 83] [ 0.03034581  0.0019276   0.01841821  0.02244978  0.0192862   0.09683642
  0.          0.00158179  0.00841821  0.00683642  0.          0.03284581
 -0.00223598  0.00808179]
	[RESULT 84] [ 0.02773435  0.00107059  0.01666376  0.02361281  0.0197147   0.09332752
  0.          0.00700873  0.00666376  0.00332752  0.          0.03073435
 -0.00660189  0.01033624]
	[RESULT 85] [ 0.00914488 -0.01803057  0.01717545  0.01508561  0.02073472  0.0943509
  0.          0.00282455  0.00717545  0.0043509   0.          0.01214488
 -0.01967967  0.00482455]
	[RESULT 86] [ 0.01247169 -0.01732153  0.01979322  0.02067567  0.02108923  0.09958644
  0.          0.00020678  0.00979322  0.00958644  0.          0.01547169
 -0.01632153  0.00479322]
	[RESULT 87] [ 0.0250186  -0.00442614  0.01944474  0.02357359  0.02246307  0.09888948
  0.          0.00055526  0.00944474  0.00888948  0.          0.0280186
 -0.00342614  0.00444474]
	[RESULT 88] [ 0.01254915 -0.01258902  0.01513817  0.01373182  0.02345549  0.09027633
  0.          0.0055855   0.00513817  0.00027633  0.          0.01454915
 -0.01831268  0.00586183]
	[RESULT 89] [ 1.11225843e-02 -1.88523305e-02  1.99749148e-02  2.05236643e-02
  2.05738348e-02  9.99498296e-02  0.00000000e+00  2.50852097e-05
  9.97491479e-03  9.94982958e-03  0.00000000e+00  1.16225843e-02
 -2.09025009e-02  5.52508521e-03]
	[RESULT 90] [0.02028679 0.02454318 0.01517002 0.01763836 0.00797841 0.09034004
 0.         0.00498993 0.00517002 0.00034004 0.         0.01878679
 0.00411677 0.00532998]
	[RESULT 91] [ 4.11209520e-03 -2.58041848e-02  1.99162800e-02  1.66804676e-02
  1.68479076e-02  9.98325600e-02  0.00000000e+00  8.37199949e-05
  9.91628001e-03  9.83256001e-03  0.00000000e+00  7.11209520e-03
 -2.48041848e-02  4.91628001e-03]
	[RESULT 92] [0.03410761 0.00446692 0.0196407  0.01873515 0.01801654 0.09928139
 0.         0.0003593  0.0096407  0.00928139 0.         0.03289239
 0.00274831 0.0073593 ]
	[RESULT 93] [ 2.97144586e-02 -2.84221986e-04  1.99986806e-02  2.03947498e-02
  2.03921110e-02  9.99973612e-02  0.00000000e+00  1.31942213e-06
  9.99868058e-03  9.99736116e-03  0.00000000e+00  3.27144586e-02
 -1.28686083e-03  7.00131942e-03]
	[RESULT 94] [0.02145098 0.02281685 0.01573217 0.01712724 0.00859157 0.09146433
 0.         0.0098035  0.00573217 0.00146433 0.         0.01945098
 0.01071882 0.01126783]
	[RESULT 95] [ 0.00483499 -0.02462108  0.01945607  0.01635159  0.01743946  0.09891213
  0.          0.00054393  0.00945607  0.00891213  0.          0.00633499
 -0.02512108  0.00445607]
	[RESULT 96] [0.03033917 0.00089904 0.01944013 0.02092022 0.01980048 0.09888026
 0.         0.00055987 0.00944013 0.00888026 0.         0.03283917
 0.00139904 0.00444013]
	[RESULT 97] [ 0.02684576  0.00091893  0.01592683  0.02206313  0.01979054  0.09185367
  0.          0.00407317  0.00592683  0.00185367  0.          0.02834576
 -0.0032274   0.00457317]
	[RESULT 98] [ 0.00774388 -0.01882442  0.0165683   0.0134744   0.02033779  0.09313661
  0.          0.0034317   0.0065683   0.00313661  0.          0.01024388
 -0.02168782  0.0049317 ]
	[RESULT 99] [ 2.44201758e-02 -5.56732276e-03  1.99874986e-02  2.30586643e-02
  2.30336614e-02  9.99749971e-02  0.00000000e+00  1.25014458e-05
  9.98749855e-03  9.97499711e-03  0.00000000e+00  2.74201758e-02
 -4.56732276e-03  4.98749855e-03]
	[RESULT 100] [ 0.01915044 -0.01049405  0.01964449  0.02379195  0.02450298  0.09928897
  0.          0.00035551  0.00964449  0.00928897  0.          0.02165044
 -0.00999405  0.00464449]
	[RESULT 101] [ 2.89194925e-02 -1.07918807e-03  1.99986806e-02  2.07922329e-02
  2.07895940e-02  9.99973612e-02  0.00000000e+00  1.31942213e-06
  9.99868058e-03  9.99736116e-03  0.00000000e+00  3.19194925e-02
 -2.08182692e-03  7.00131942e-03]
	[RESULT 102] [0.03222181 0.007112   0.01510981 0.02352563 0.016694   0.09021963
 0.         0.00667056 0.00510981 0.00021963 0.         0.03477819
 0.00133163 0.00689019]
	[RESULT 103] [0.02299223 0.01994183 0.01706593 0.01589721 0.01002908 0.09413187
 0.         0.00293407 0.00706593 0.00413187 0.         0.02249223
 0.0059263  0.00343407]
	[RESULT 104] [ 0.0083656  -0.02029231  0.01865791  0.01691966  0.01960384  0.09731582
  0.          0.00134209  0.00865791  0.00731582  0.          0.0103656
 -0.02029231  0.00365791]
	[RESULT 105] [ 0.01391092 -0.01119871  0.01510963  0.0143699   0.02415065  0.09021925
  0.          0.00982888  0.00510963  0.00021925  0.          0.01541092
 -0.02197945  0.01039037]
