[METRICS]
	[DISEQUILIBRIUM COUNT] 1709
	[MINIMUM S0 sTrt S1 DISTANCE]0.004044885150747968
	[MINIMUM S0 sTrt S21 DISTANCE]-0.025929659211622325
	[MINIMUM S0 sTrt S22 DISTANCE]0.015108743363697164
	[MINIMUM S7 sTrt S6 DISTANCE]0.007785082105452368
	[MINIMUM S7 sTrt S8 DISTANCE]0.0028585240134215706
	[MINIMUM S7 sTrt S21 DISTANCE]0.09021748672739428
	[MINIMUM S7 esTrt S22 DISTANCE]0.0
	[MINIMUM S14 sTrt S13 DISTANCE]9.873650619329766e-09
	[MINIMUM S14 sTrt S15 DISTANCE]0.005108743363697155
	[MINIMUM S14 sTrt S21 DISTANCE]0.00021748672739427266
	[MINIMUM S14 sTrt S22 DISTANCE]0.0
	[MINIMUM S20 sTrt S19 DISTANCE]0.0055448851507478025
	[MINIMUM S20 sTrt S21 DISTANCE]-0.026429659211622332
	[MINIMUM S20 sTrt S22 DISTANCE]0.002766469529284492
	[AVERAGE S0 sTrt S1 DISTANCE]0.02065483152313354
	[AVERAGE S0 sTrt S21 DISTANCE]0.004835008988858837
	[AVERAGE S0 sTrt S22 DISTANCE]0.017295551259684565
	[AVERAGE S7 sTrt S6 DISTANCE]0.01816384752151737
	[AVERAGE S7 sTrt S8 DISTANCE]0.015060655915352363
	[AVERAGE S7 sTrt S21 DISTANCE]0.09459110251936911
	[AVERAGE S7 sTrt S22 DISTANCE]0.0
	[AVERAGE S14 sTrt S13 DISTANCE]0.0038242257483585467
	[AVERAGE S14 sTrt S15 DISTANCE]0.007295551259684583
	[AVERAGE S14 sTrt S21 DISTANCE]0.004591102519369121
	[AVERAGE S14 sTrt S22 DISTANCE]0.0
	[AVERAGE S20 sTrt S19 DISTANCE]0.020853547589016003
	[AVERAGE S20 sTrt S21 DISTANCE]-0.0035373056657969793
	[AVERAGE S20 sTrt S22 DISTANCE]0.006616971240353635
[VARIABLES]
	[RESULT 1] [0 5.092900274282418 1 1 17 3999.0182390013533 98]
	[RESULT 2] [0 11.3611774828045 1 4 14 3997.5050583749858 26]
	[RESULT 3] [1 5.0000243040012675 1 4 14 3647.12922361171 100]
	[RESULT 4] [1 5.1317811280434835 0 1 12 3999.9394035727473 100]
	[RESULT 5] [0 5.000846287454224 1 1 8 3995.8038695880296 99]
	[RESULT 6] [0 5.0078029165977185 0 4 14 3992.3167928800835 24]
	[RESULT 7] [1 5.141472435274329 0 2 10 3999.8444753085714 100]
	[RESULT 8] [0 6.53971445158477 0 4 10 3999.9673742107966 100]
	[RESULT 9] [1 5.709435700737365 1 1 16 3995.0848618629702 100]
	[RESULT 10] [0 10.505929143507016 1 1 12 3999.998723758048 99]
	[RESULT 11] [1 5.0304858117731355 0 4 11 1000.7477084911662 100]
	[RESULT 12] [1 5.161926953025114 0 1 12 3999.954232672146 100]
	[RESULT 13] [1 5.508364600512616 1 1 11 3910.271205159438 100]
	[RESULT 14] [1 5.073066515840138 0 4 19 3999.4100897975886 100]
	[RESULT 15] [1 5.305250133679073 1 1 12 3999.809567076337 100]
	[RESULT 16] [1 5.197722483489027 1 4 16 3972.762753136162 100]
	[RESULT 17] [1 5.0000019747340225 1 4 12 3647.12922361171 100]
	[RESULT 18] [1 5.078140233234165 0 4 10 3999.8662048177243 100]
	[RESULT 19] [1 5.0413403291822725 0 2 17 3999.4100897975886 100]
	[RESULT 20] [1 5.456026230279565 0 1 17 3999.9966521069014 99]
	[RESULT 21] [1 5.0729990323441125 0 4 19 3999.7980691501552 100]
	[RESULT 22] [1 5.054313928485176 1 4 13 3314.4146660165875 25]
	[RESULT 23] [1 5.4815113632770345 0 4 17 3997.813549371672 99]
	[RESULT 24] [1 5.087657705745657 0 2 13 3954.649896622956 100]
	[RESULT 25] [1 5.0033570582464995 1 4 15 3999.0182390013533 98]
	[RESULT 26] [1 5.304466804025426 1 1 16 3995.0848618629702 100]
	[RESULT 27] [1 5.010009943449878 0 4 13 3975.2637321489383 96]
	[RESULT 28] [0 6.3784894895911695 0 1 13 3999.836643766686 100]
	[RESULT 29] [0 5.022652647334258 0 2 12 3988.2222602598845 96]
	[RESULT 30] [1 5.041734045672483 0 1 13 3999.9938883503164 100]
	[RESULT 31] [1 6.408731447027451 1 4 12 3996.393499778938 98]
	[RESULT 32] [1 5.02444295015642 0 1 13 3999.9938883503164 100]
	[RESULT 33] [0 6.6235758132439 1 1 12 3999.9987801709644 100]
	[RESULT 34] [0 5.0001905265873114 1 3 6 3995.8038695880296 99]
	[RESULT 35] [0 5.0078029165977185 0 4 14 3997.4516269937 26]
	[RESULT 36] [1 17.953376606894306 1 2 12 3999.976555717739 100]
	[RESULT 37] [1 5.011229381803058 0 1 14 3999.1294817180446 54]
	[RESULT 38] [0 7.847069613124139 0 1 19 3999.0182390013533 98]
	[RESULT 39] [0 8.30262241585376 0 4 12 3989.7614106829856 100]
	[RESULT 40] [1 5.095047305069134 0 1 13 3999.9993482946006 100]
	[RESULT 41] [1 6.2632284251255514 0 4 10 3998.343125969165 100]
	[RESULT 42] [1 5.459577882213595 0 4 18 3990.977547579788 100]
	[RESULT 43] [1 5.753980064370386 0 4 12 3974.311865973431 100]
	[RESULT 44] [1 5.03501157114184 0 4 18 3999.6125311588453 100]
	[RESULT 45] [1 5.003995509243688 0 1 10 3999.4697718257066 100]
	[RESULT 46] [1 14.224963942455341 0 1 12 3999.917690955135 100]
	[RESULT 47] [0 15.394676927346417 1 1 17 3964.3559554770723 100]
	[RESULT 48] [1 6.532564496690449 0 4 10 3999.9589319861316 100]
	[RESULT 49] [0 5.001766580563021 1 4 13 3998.274680270387 98]
	[RESULT 50] [1 5.836827036855294 0 4 10 3999.8662048177243 100]
	[RESULT 51] [1 5.098005388657881 0 2 13 3999.8390145868198 100]
	[RESULT 52] [0 5.469182276518879 1 3 4 3997.2365065338468 99]
	[RESULT 53] [0 7.847069613124139 0 4 19 3999.050400231925 98]
	[RESULT 54] [0 8.467464962692114 1 1 17 1080.4907173854954 58]
	[RESULT 55] [1 5.664056225497426 0 4 10 3999.97373118881 96]
	[RESULT 56] [1 6.832638877780646 0 4 10 3999.67869000826 100]
	[RESULT 57] [1 5.0006888317025195 0 1 16 3871.379783885284 100]
	[RESULT 58] [1 5.2023520659575055 1 4 17 3999.812401485714 99]
	[RESULT 59] [1 16.131715338081897 0 1 17 3575.145454997811 99]
	[RESULT 60] [1 6.0891581900470335 0 4 10 3999.9829789636137 100]
	[RESULT 61] [1 5.054313928485176 1 4 10 3999.811853019153 99]
	[RESULT 62] [1 5.0000445787664365 0 2 12 3999.5368663578183 100]
	[RESULT 63] [1 6.53057948688242 0 1 12 3999.0132331730847 97]
	[RESULT 64] [0 5.064442941050716 1 4 13 3998.9370920243855 100]
	[RESULT 65] [1 5.000972182938894 1 1 14 3802.9947325335493 100]
	[RESULT 66] [0 5.001833591057044 1 3 6 3999.937240310638 91]
	[RESULT 67] [1 5.035230403039877 0 4 12 3855.0211045095843 100]
	[RESULT 68] [1 5.00067561319379 1 4 12 3991.651708537242 96]
	[RESULT 69] [1 5.063786561028499 0 3 17 3999.9371943253527 100]
	[RESULT 70] [1 5.150681619616126 0 4 10 3999.8662048177243 100]
	[RESULT 71] [1 5.000072029319751 1 1 15 3999.9923618839543 98]
	[RESULT 72] [1 5.168568746975777 0 4 12 3914.075251650099 100]
	[RESULT 73] [1 8.220716429089293 1 4 18 3999.9633046805884 98]
	[RESULT 74] [1 13.250742939210141 0 1 19 3994.542021431953 100]
	[RESULT 75] [1 5.158069554532337 0 4 14 3700.0868031354103 100]
	[RESULT 76] [1 6.000329260292922 0 2 15 3999.9871506537634 100]
	[RESULT 77] [1 5.030892242603201 0 2 17 3999.997636454535 100]
	[RESULT 78] [1 5.298800583156604 0 4 13 3999.9089461079925 94]
	[RESULT 79] [1 5.3222631105532745 0 4 17 3995.3498800555253 100]
	[RESULT 80] [1 5.808173792955942 0 4 12 3982.0915603784756 100]
	[RESULT 81] [1 5.053659223042246 1 1 16 3999.820788847066 100]
	[RESULT 82] [0 5.001047297574725 0 3 8 3999.95649629331 91]
	[RESULT 83] [1 5.002226997481744 1 4 12 3670.366719182978 100]
	[RESULT 84] [1 5.235057616269885 0 1 12 3989.202759330693 100]
	[RESULT 85] [0 5.000582740126388 0 1 8 3995.8038695880296 99]
	[RESULT 86] [1 13.246725141500331 1 2 12 3999.9900431239043 99]
	[RESULT 87] [1 17.588877772739476 0 2 12 3834.855847255658 93]
	[RESULT 88] [1 5.000349922402497 0 4 12 3999.9760499063 96]
	[RESULT 89] [1 6.449764437069747 0 2 12 3999.974856798368 100]
	[RESULT 90] [1 5.002549301573221 1 4 15 3999.814752632622 98]
	[RESULT 91] [1 5.0113129288282785 1 4 12 3497.074809071559 98]
	[RESULT 92] [1 5.11482696800473 0 4 19 3805.7722395771043 100]
	[RESULT 93] [1 6.163305847300128 0 1 17 3999.9966521069014 99]
	[RESULT 94] [1 5.00365884845215 0 4 14 3755.1308340595797 100]
	[RESULT 95] [1 6.812620029255012 0 1 13 3999.9885935841726 100]
	[RESULT 96] [1 5.25730941703178 0 4 11 3999.595302989945 100]
	[RESULT 97] [1 15.730037971360893 0 4 9 3881.9084910201263 100]
	[RESULT 98] [1 5.139695332579793 0 4 13 3999.8851662161833 100]
	[RESULT 99] [1 6.776627605528592 0 4 10 3999.959211109516 91]
	[RESULT 100] [0 13.129506442460677 0 1 16 3887.940518342538 100]
	[RESULT 101] [1 5.132805252068968 0 1 12 3999.9987126773735 91]
	[RESULT 102] [1 11.760262057215002 0 3 17 3998.636987029579 96]
	[RESULT 103] [1 11.843080497373013 0 1 14 3999.9466845931893 99]
	[RESULT 104] [0 5.7876196456711835 0 4 14 3770.1128828798496 16]
	[RESULT 105] [0 5.336912932961299 0 4 19 3999.017156528553 98]
[OBJECTIVES]
	[RESULT 1] [ 0.02470301 -0.00487197  0.01957498  0.02328602  0.02243598  0.09914997
  0.          0.00042502  0.00957498  0.00914997  0.          0.02520301
 -0.007722    0.00592502]
	[RESULT 2] [3.36773598e-02 1.06434010e-02 1.56792392e-02 2.33198212e-02
 1.46782995e-02 9.13584783e-02 0.00000000e+00 9.96228252e-03
 5.67923916e-03 1.35847832e-03 0.00000000e+00 3.16773598e-02
 1.87936176e-06 1.13207608e-02]
	[RESULT 3] [3.23461169e-02 2.34623844e-03 1.99998785e-02 1.90771238e-02
 1.90768808e-02 9.99997570e-02 0.00000000e+00 1.21517053e-07
 9.99987848e-03 9.99975697e-03 0.00000000e+00 3.46538831e-02
 1.34599541e-03 7.00012152e-03]
	[RESULT 4] [ 0.00464263 -0.02477518  0.01941782  0.01619804  0.01736241  0.09883563
  0.          0.00058218  0.00941782  0.00883563  0.          0.00614263
 -0.02527518  0.00441782]
	[RESULT 5] [ 2.35972814e-02 -6.39849072e-03  1.99957721e-02  2.32077011e-02
  2.31992454e-02  9.99915443e-02  0.00000000e+00  4.22785929e-06
  9.99577214e-03  9.99154428e-03  0.00000000e+00  2.40972814e-02
 -8.40694644e-03  5.50422786e-03]
	[RESULT 6] [3.06560019e-02 6.94714437e-04 1.99612875e-02 1.97300678e-02
 1.96526428e-02 9.99225750e-02 0.00000000e+00 3.87125125e-05
 9.96128749e-03 9.92257498e-03 0.00000000e+00 3.26560019e-02
 6.94714437e-04 4.96128749e-03]
	[RESULT 7] [ 0.00477426 -0.02460605  0.01938031  0.01620759  0.01744697  0.09876061
  0.          0.00061969  0.00938031  0.00876061  0.          0.00677426
 -0.02460605  0.00438031]
	[RESULT 8] [ 0.00806386 -0.01890487  0.01696873  0.01448502  0.02054757  0.09393745
  0.          0.00303127  0.00696873  0.00393745  0.          0.01006386
 -0.02196742  0.00503127]
	[RESULT 9] [ 0.01518263 -0.01274232  0.01792494  0.01922873  0.02337884  0.09584988
  0.          0.00207506  0.00792494  0.00584988  0.          0.01668263
 -0.01789243  0.00757506]
	[RESULT 10] [ 0.02423275 -0.00153578  0.01576853  0.02076917  0.02076789  0.09153706
  0.          0.00819441  0.00576853  0.00153706  0.          0.02473275
 -0.01199872  0.00973147]
	[RESULT 11] [ 2.89412570e-02 -9.10823433e-04  1.98520804e-02  2.10012509e-02
  2.07054117e-02  9.97041608e-02  0.00000000e+00  1.47919609e-04
  9.85208039e-03  9.70416078e-03  0.00000000e+00  3.19412570e-02
  8.91765666e-05  4.85208039e-03]
	[RESULT 12] [ 0.00474249 -0.02456071  0.0193032   0.01607604  0.01746965  0.09860639
  0.          0.0006968   0.0093032   0.00860639  0.          0.00624249
 -0.02506071  0.0043032 ]
	[RESULT 13] [ 0.03023752  0.00192267  0.01831485  0.02265897  0.01928866  0.0966297
  0.          0.00168515  0.00831485  0.0066297   0.          0.03173752
 -0.00244763  0.00718515]
	[RESULT 14] [ 0.00491677 -0.02474278  0.01965954  0.0166977   0.01737861  0.09931909
  0.          0.00034046  0.00965954  0.00931909  0.          0.00791677
 -0.02374278  0.00465954]
	[RESULT 15] [ 0.01035831 -0.01847237  0.01883068  0.01817518  0.02051381  0.09766137
  0.          0.00116932  0.00883068  0.00766137  0.          0.01185831
 -0.02181101  0.00666932]
	[RESULT 16] [ 0.02286077 -0.00631382  0.01917459  0.02494227  0.02340691  0.09834918
  0.          0.00082541  0.00917459  0.00834918  0.          0.02586077
 -0.00896464  0.00782541]
	[RESULT 17] [3.23460053e-02 2.34601515e-03 1.99999901e-02 1.90770122e-02
 1.90769924e-02 9.99999803e-02 0.00000000e+00 9.87365062e-09
 9.99999013e-03 9.99998025e-03 0.00000000e+00 3.46539947e-02
 1.34599541e-03 7.00000987e-03]
	[RESULT 18] [ 0.00449547 -0.02514215  0.01963762  0.01645416  0.01717893  0.09927523
  0.          0.00036238  0.00963762  0.00927523  0.          0.00749547
 -0.02414215  0.00463762]
	[RESULT 19] [ 0.00477481 -0.0250267   0.0198015   0.01683966  0.01723665  0.09960301
  0.          0.0001985   0.0098015   0.00960301  0.          0.00677481
 -0.0250267   0.0048015 ]
	[RESULT 20] [ 0.01556934 -0.01286466  0.018434    0.02018568  0.02331767  0.09686801
  0.          0.001566    0.008434    0.00686801  0.          0.01706934
 -0.01336466  0.003434  ]
	[RESULT 21] [ 0.00454048 -0.02511936  0.01965984  0.01650999  0.01719032  0.09931967
  0.          0.00034016  0.00965984  0.00931967  0.          0.00754048
 -0.02411936  0.00465984]
	[RESULT 22] [0.01688513 0.02337244 0.01974242 0.00907894 0.00856378 0.09948484
 0.         0.00025758 0.00974242 0.00948484 0.         0.01388513
 0.00114271 0.00725758]
	[RESULT 23] [ 0.01763567 -0.01073926  0.01837493  0.02113024  0.02438037  0.09674986
  0.          0.00162507  0.00837493  0.00674986  0.          0.02063567
 -0.00998939  0.00362507]
	[RESULT 24] [ 0.02051883 -0.00907821  0.01959703  0.02440497  0.0247891   0.09919407
  0.          0.00040297  0.00959703  0.00919407  0.          0.02251883
 -0.00907821  0.00459703]
	[RESULT 25] [ 2.32947261e-02 -6.68854476e-03  1.99832709e-02  2.36277306e-02
  2.35942724e-02  9.99665417e-02  0.00000000e+00  1.67291306e-05
  9.98327087e-03  9.96654174e-03  0.00000000e+00  2.62947261e-02
 -7.72200302e-03  7.01672913e-03]
	[RESULT 26] [ 0.01427458 -0.0145584   0.01883298  0.02013677  0.0224708   0.09766597
  0.          0.00116702  0.00883298  0.00766597  0.          0.01577458
 -0.01789243  0.00666702]
	[RESULT 27] [3.24832710e-02 2.53282472e-03 1.99504463e-02 1.90826950e-02
 1.89835876e-02 9.99008926e-02 0.00000000e+00 4.95536876e-05
 9.95044631e-03 9.90089262e-03 0.00000000e+00 3.45167290e-02
 3.53282472e-03 4.95044631e-03]
	[RESULT 28] [ 0.00806012 -0.01904205  0.01710217  0.01468332  0.02047897  0.09420435
  0.          0.00289783  0.00710217  0.00420435  0.          0.00856012
 -0.0218377   0.00339783]
	[RESULT 29] [ 0.02911678 -0.00077247  0.01988925  0.02060774  0.02038623  0.09977849
  0.          0.00011075  0.00988925  0.00977849  0.          0.03011678
 -0.00177247  0.00488925]
	[RESULT 30] [ 0.00420642 -0.02559327  0.01979969  0.01655274  0.01695337  0.09959938
  0.          0.00020031  0.00979969  0.00959938  0.          0.00570642
 -0.02609327  0.00479969]
	[RESULT 31] [ 0.02840937  0.00133359  0.01707578  0.02456836  0.01958321  0.09415156
  0.          0.00577266  0.00707578  0.00415156  0.          0.03140937
 -0.00551485  0.00992422]
	[RESULT 32] [ 0.00412541 -0.02575529  0.0198807   0.01663376  0.01687235  0.0997614
  0.          0.0001193   0.0098807   0.0097614   0.          0.00562541
 -0.02625529  0.0048807 ]
	[RESULT 33] [ 0.01309542 -0.01381037  0.0169058   0.01690641  0.02309481  0.09381159
  0.          0.00478261  0.0069058   0.00381159  0.          0.01359542
 -0.02199878  0.0085942 ]
	[RESULT 34] [ 2.35940060e-02 -6.40504154e-03  1.99990475e-02  2.32044257e-02
  2.32025208e-02  9.99980951e-02  0.00000000e+00  9.52451469e-07
  9.99904755e-03  9.99809510e-03  0.00000000e+00  2.50940060e-02
 -8.40694644e-03  6.50095245e-03]
	[RESULT 35] [ 2.70846806e-02 -2.87660688e-03  1.99612875e-02  2.15157285e-02
  2.14383034e-02  9.99225750e-02  0.00000000e+00  3.87125125e-05
  9.96128749e-03  9.92257498e-03  0.00000000e+00  2.90846806e-02
 -2.87660688e-03  4.96128749e-03]
	[RESULT 36] [ 0.01366509 -0.01169325  0.01535834  0.01462005  0.02390337  0.09071667
  0.          0.00992499  0.00535834  0.00071667  0.          0.01566509
 -0.02197658  0.01064166]
	[RESULT 37] [ 2.44712177e-02 -5.47325891e-03  1.99444766e-02  2.30976763e-02
  2.29866295e-02  9.98889532e-02  0.00000000e+00  5.55234154e-05
  9.94447658e-03  9.88895317e-03  0.00000000e+00  2.59712177e-02
 -5.97325891e-03  4.94447658e-03]
	[RESULT 38] [ 0.02297831 -0.00332138  0.01629969  0.02093869  0.02166069  0.09259938
  0.          0.00370031  0.00629969  0.00259938  0.          0.02347831
 -0.007722    0.00420031]
	[RESULT 39] [ 0.01610168 -0.0100604   0.01616208  0.01729396  0.0249698   0.09232416
  0.          0.00383792  0.00616208  0.00232416  0.          0.01810168
 -0.01473624  0.00583792]
	[RESULT 40] [ 0.00443464 -0.02513137  0.01956601  0.01631634  0.01718431  0.09913203
  0.          0.00043399  0.00956601  0.00913203  0.          0.00593464
 -0.02563137  0.00456601]
	[RESULT 41] [ 0.00834466 -0.01886458  0.01720923  0.01473618  0.02031771  0.09441847
  0.          0.00279077  0.00720923  0.00441847  0.          0.01134466
 -0.02044611  0.00479077]
	[RESULT 42] [ 0.01220413 -0.01622152  0.01842565  0.01849054  0.02163924  0.0968513
  0.          0.00157435  0.00842565  0.0068513   0.          0.01520413
 -0.01537022  0.00357435]
	[RESULT 43] [ 0.01881904 -0.00903162  0.01785066  0.02093551  0.02476581  0.09570132
  0.          0.00214934  0.00785066  0.00570132  0.          0.02181904
 -0.0093303   0.00414934]
	[RESULT 44] [ 0.00455069 -0.02528017  0.01983086  0.01677164  0.01710991  0.09966173
  0.          0.00016914  0.00983086  0.00966173  0.          0.00755069
 -0.02428017  0.00483086]
	[RESULT 45] [ 4.53911410e-03 -2.54409879e-02  1.99801020e-02  1.69897100e-02
  1.70295061e-02  9.99602039e-02  0.00000000e+00  1.98980434e-05
  9.98010196e-03  9.96020391e-03  0.00000000e+00  6.03911410e-03
 -2.59409879e-02  4.98010196e-03]
	[RESULT 46] [ 0.00859304 -0.01689596  0.015489    0.01228002  0.02130202  0.090978
  0.          0.004511    0.005489    0.000978    0.          0.01009304
 -0.02191796  0.005011  ]
	[RESULT 47] [ 0.02925516  0.00381636  0.0154388   0.02278578  0.01809182  0.0908776
  0.          0.0091836   0.0054388   0.0008776   0.          0.02975516
 -0.00730604  0.0100612 ]
	[RESULT 48] [ 0.00706672 -0.01990757  0.01697428  0.01374478  0.01979622  0.09394857
  0.          0.00302572  0.00697428  0.00394857  0.          0.01006672
 -0.021959    0.00502572]
	[RESULT 49] [ 2.49560881e-02 -5.03509461e-03  1.99911827e-02  2.25351820e-02
  2.25175473e-02  9.99823653e-02  0.00000000e+00  8.81732630e-06
  9.99118267e-03  9.98236535e-03  0.00000000e+00  2.69560881e-02
 -7.05272926e-03  7.00881733e-03]
	[RESULT 50] [ 0.006411   -0.02131109  0.01772209  0.01453863  0.01909446  0.09544417
  0.          0.00227791  0.00772209  0.00544417  0.          0.009411
 -0.02186692  0.00427791]
	[RESULT 51] [ 0.00460624 -0.02494747  0.01955371  0.01638369  0.01727627  0.09910742
  0.          0.00044629  0.00955371  0.00910742  0.          0.00660624
 -0.02494747  0.00455371]
	[RESULT 52] [ 0.02408517 -0.00431808  0.01840325  0.02464747  0.02215904  0.09680651
  0.          0.00159675  0.00840325  0.00680651  0.          0.02558517
 -0.00951158  0.00809675]
	[RESULT 53] [ 0.02294849 -0.0033512   0.01629969  0.02092378  0.0216756   0.09259938
  0.          0.00370031  0.00629969  0.00259938  0.          0.02494849
 -0.00775182  0.00570031]
	[RESULT 54] [0.01179658 0.01791578 0.0161192  0.01171948 0.00395789 0.09223841
 0.         0.00714239 0.0061192  0.00223841 0.         0.01129658
 0.00067738 0.0093808 ]
	[RESULT 55] [ 0.02202154 -0.00598317  0.01800471  0.02276783  0.02324159  0.09600941
  0.          0.00199529  0.00800471  0.00600941  0.          0.02502154
 -0.00597376  0.00399529]
	[RESULT 56] [ 0.00755209 -0.01921304  0.01676514  0.01367375  0.02014348  0.09353028
  0.          0.00323486  0.00676514  0.00353028  0.          0.01055209
 -0.02168277  0.00523486]
	[RESULT 57] [ 2.49349668e-02 -5.06159137e-03  1.99965582e-02  2.27876793e-02
  2.27807957e-02  9.99931164e-02  0.00000000e+00  3.44178770e-06
  9.99655821e-03  9.99311642e-03  0.00000000e+00  2.64349668e-02
 -5.56159137e-03  4.99655821e-03]
	[RESULT 58] [ 0.02002769 -0.00913083  0.01915852  0.02350162  0.02481542  0.09831703
  0.          0.00084148  0.00915852  0.00831703  0.          0.02302769
 -0.0118138   0.00784148]
	[RESULT 59] [0.02780148 0.01678638 0.01541214 0.02103253 0.01185681 0.09082429
 0.         0.00458786 0.00541214 0.00082429 0.         0.02630148
 0.01138934 0.00508786]
	[RESULT 60] [ 0.0066237  -0.02076961  0.01739331  0.01415181  0.0193652   0.09478662
  0.          0.00260669  0.00739331  0.00478662  0.          0.0096237
 -0.02198299  0.00460669]
	[RESULT 61] [ 0.01944432 -0.0102981   0.01974242  0.02408579  0.02460095  0.09948484
  0.          0.00025758  0.00974242  0.00948484  0.          0.02244432
 -0.01181326  0.00725758]
	[RESULT 62] [ 4.45493287e-03 -2.55448442e-02  1.99997771e-02  1.69771321e-02
  1.69775779e-02  9.99995542e-02  0.00000000e+00  2.22883896e-07
  9.99977712e-03  9.99955423e-03  0.00000000e+00  6.45493287e-03
 -2.55448442e-02  4.99977712e-03]
	[RESULT 63] [ 0.02297347 -0.00400237  0.01697583  0.02170048  0.02225118  0.09395166
  0.          0.00302417  0.00697583  0.00395166  0.          0.02447347
 -0.0060507   0.00352417]
	[RESULT 64] [ 0.01132227 -0.01837503  0.01969729  0.02020707  0.02081249  0.09939459
  0.          0.00030271  0.00969729  0.00939459  0.          0.01332227
 -0.02098044  0.00730271]
	[RESULT 65] [3.11896077e-02 1.19446387e-03 1.99951438e-02 1.96624805e-02
 1.96527681e-02 9.99902876e-02 0.00000000e+00 4.85619359e-06
 9.99514381e-03 9.99028761e-03 0.00000000e+00 3.26896077e-02
 1.84751483e-04 5.50485619e-03]
	[RESULT 66] [ 2.80717537e-02 -1.91909512e-03  1.99908488e-02  2.09778499e-02
  2.09595476e-02  9.99816976e-02  0.00000000e+00  9.15117577e-06
  9.99084882e-03  9.98169765e-03  0.00000000e+00  2.95717537e-02
 -3.93739747e-03  6.50915118e-03]
	[RESULT 67] [ 0.02549323 -0.00433661  0.01982984  0.02275862  0.02241831  0.09965969
  0.          0.00017016  0.00982984  0.00965969  0.          0.02849323
 -0.00333661  0.00482984]
	[RESULT 68] [3.12617860e-02 1.26516174e-03 1.99966242e-02 1.96241707e-02
 1.96174191e-02 9.99932484e-02 0.00000000e+00 3.37578524e-06
 9.99662421e-03 9.99324843e-03 0.00000000e+00 3.42617860e-02
 2.58410174e-04 7.00337579e-03]
	[RESULT 69] [ 0.00436246 -0.02533773  0.01970019  0.01648152  0.01708113  0.09940038
  0.          0.00029981  0.00970019  0.00940038  0.          0.00686246
 -0.02483773  0.00470019]
	[RESULT 70] [ 0.00478783 -0.02455742  0.01934525  0.01616179  0.01747129  0.0986905
  0.          0.00065475  0.00934525  0.0086905   0.          0.00778783
 -0.02355742  0.00434525]
	[RESULT 71] [ 2.23413292e-02 -7.65831064e-03  1.99996399e-02  2.40798756e-02
  2.40791553e-02  9.99992798e-02  0.00000000e+00  3.60120660e-07
  9.99963988e-03  9.99927976e-03  0.00000000e+00  2.38413292e-02
 -8.65903088e-03  5.50036012e-03]
	[RESULT 72] [ 0.02408681 -0.00519193  0.01927874  0.02428849  0.02284596  0.09855748
  0.          0.00072126  0.00927874  0.00855748  0.          0.02708681
 -0.00419193  0.00427874]
	[RESULT 73] [ 2.61853419e-02  7.08853501e-07  1.61846330e-02  2.21196204e-02
  2.02496456e-02  9.23692660e-02  0.00000000e+00  8.44610098e-03
  6.18463301e-03  2.36926602e-03  0.00000000e+00  2.91853419e-02
 -8.63002513e-03  1.08153670e-02]
	[RESULT 74] [ 0.01293943 -0.01260107  0.0155405   0.01453046  0.02344947  0.09108099
  0.          0.0044595   0.0055405   0.00108099  0.          0.01443943
 -0.01752007  0.0049595 ]
	[RESULT 75] [ 0.02775888 -0.00155865  0.01931753  0.02239427  0.02102933  0.09863506
  0.          0.00068247  0.00931753  0.00863506  0.          0.03075888
 -0.00055865  0.00431753]
	[RESULT 76] [ 0.00651325 -0.02098633  0.01749959  0.01425601  0.01925683  0.09499918
  0.          0.00250041  0.00749959  0.00499918  0.          0.00851325
 -0.02198716  0.00350041]
	[RESULT 77] [ 0.0041522  -0.02569797  0.01985017  0.01660135  0.01690101  0.09970033
  0.          0.00014983  0.00985017  0.00970033  0.          0.0061522
 -0.02569797  0.00485017]
	[RESULT 78] [ 0.02238387 -0.00646583  0.01884971  0.0242165   0.02348292  0.09769941
  0.          0.00115029  0.00884971  0.00769941  0.          0.02538387
 -0.00546583  0.00384971]
	[RESULT 79] [ 0.00913943 -0.01964196  0.0187814   0.01749181  0.01992902  0.09756279
  0.          0.0012186   0.0087814   0.00756279  0.          0.01213943
 -0.01864196  0.0037814 ]
	[RESULT 80] [ 0.01666888 -0.01109634  0.01776522  0.01973227  0.02420183  0.09553044
  0.          0.00223478  0.00776522  0.00553044  0.          0.01966888
 -0.0115659   0.00423478]
	[RESULT 81] [ 0.00943257 -0.0203128   0.01974537  0.01908434  0.0195936   0.09949073
  0.          0.00025463  0.00974537  0.00949073  0.          0.01093257
 -0.02182206  0.00575463]
	[RESULT 82] [ 2.30486591e-02 -6.94610985e-03  1.99947690e-02  2.34835169e-02
  2.34730549e-02  9.99895380e-02  0.00000000e+00  5.23100945e-06
  9.99476899e-03  9.98953798e-03  0.00000000e+00  2.45486591e-02
 -7.44610985e-03  4.99476899e-03]
	[RESULT 83] [3.22487263e-02 2.25983655e-03 1.99888898e-02 1.91423022e-02
 1.91200817e-02 9.99777795e-02 0.00000000e+00 1.11102449e-05
 9.98888976e-03 9.97777951e-03 0.00000000e+00 3.47512737e-02
 1.23761606e-03 7.01111024e-03]
	[RESULT 84] [ 0.01249216 -0.01655623  0.01904839  0.01956867  0.02147188  0.09809679
  0.          0.00095161  0.00904839  0.00809679  0.          0.01399216
 -0.01705623  0.00404839]
	[RESULT 85] [ 1.85959656e-02 -1.14011224e-02  1.99970880e-02  2.42936148e-02
  2.42994388e-02  9.99941760e-02  0.00000000e+00  2.91200369e-06
  9.99708800e-03  9.99417599e-03  0.00000000e+00  1.90959656e-02
 -1.29011224e-02  4.99708800e-03]
	[RESULT 86] [ 0.02346922 -0.00207151  0.01554073  0.01979571  0.02128576  0.09108146
  0.          0.0093778   0.00554073  0.00108146  0.          0.02546922
 -0.01199005  0.01045927]
	[RESULT 87] [0.02215493 0.02247712 0.01536795 0.01827554 0.00901144 0.0907359
 0.         0.00489616 0.00536795 0.0007359  0.         0.02015493
 0.00578698 0.00563205]
	[RESULT 88] [ 2.00256762e-02 -9.97257483e-03  1.99982510e-02  2.47602146e-02
  2.47637126e-02  9.99965020e-02  0.00000000e+00  1.74900000e-06
  9.99825100e-03  9.99650200e-03  0.00000000e+00  2.30256762e-02
 -8.97257483e-03  4.99825100e-03]
	[RESULT 89] [ 0.00698411 -0.02005691  0.01704101  0.01380357  0.01972155  0.09408203
  0.          0.00295899  0.00704101  0.00408203  0.          0.00898411
 -0.02197488  0.00395899]
	[RESULT 90] [ 2.25299322e-02 -7.45735367e-03  1.99872859e-02  2.40041050e-02
  2.39786768e-02  9.99745718e-02  0.00000000e+00  1.27140958e-05
  9.98728590e-03  9.97457181e-03  0.00000000e+00  2.55299322e-02
 -8.48278187e-03  7.01271410e-03]
	[RESULT 91] [2.37946146e-02 1.62613173e-02 1.99440681e-02 1.22312052e-02
 1.21193414e-02 9.98881362e-02 0.00000000e+00 5.59318906e-05
 9.94406811e-03 9.88813622e-03 0.00000000e+00 2.07946146e-02
 7.85054652e-03 7.05593189e-03]
	[RESULT 92] [ 0.02666408 -0.00282092  0.019485    0.02269046  0.02166046  0.09897
  0.          0.000515    0.009485    0.00897     0.          0.02966408
 -0.00182092  0.004485  ]
	[RESULT 93] [ 0.01669207 -0.01061921  0.01731128  0.01906295  0.0244404   0.09462255
  0.          0.00268872  0.00731128  0.00462255  0.          0.01819207
 -0.01199665  0.00318872]
	[RESULT 94] [ 2.67022905e-02 -3.27948195e-03  1.99817724e-02  2.19261961e-02
  2.18897410e-02  9.99635449e-02  0.00000000e+00  1.82275504e-05
  9.98177245e-03  9.96354490e-03  0.00000000e+00  2.97022905e-02
 -2.27948195e-03  4.98177245e-03]
	[RESULT 95] [ 0.0072337 -0.019544   0.0167777  0.0135334  0.019978   0.0935554
  0.         0.0032223  0.0067777  0.0035554  0.         0.0087337
 -0.0219886  0.0037223]
	[RESULT 96] [ 0.0054215  -0.02355524  0.01897675  0.01592587  0.01797238  0.09795349
  0.          0.00102325  0.00897675  0.00795349  0.          0.0084215
 -0.02255524  0.00397675]
	[RESULT 97] [ 0.02920591  0.00377965  0.01542626  0.02249234  0.01836017  0.09085251
  0.          0.00572123  0.00542626  0.00085251  0.          0.03220591
 -0.00136783  0.00657374]
	[RESULT 98] [ 0.00472717 -0.02465997  0.01938714  0.01619429  0.01742002  0.09877427
  0.          0.00061286  0.00938714  0.00877427  0.          0.00772717
 -0.02365997  0.00438714]
	[RESULT 99] [ 0.02523998 -0.00156077  0.01680075  0.02257111  0.02103038  0.09360149
  0.          0.00319925  0.00680075  0.00360149  0.          0.02823998
 -0.00395928  0.00519925]
	[RESULT 100] [ 0.02989226  0.00434459  0.01554767  0.02326764  0.01782771  0.09109535
  0.          0.00445233  0.00554767  0.00109535  0.          0.03039226
 -0.00156006  0.00495233]
	[RESULT 101] [ 0.02258747 -0.00682636  0.01941382  0.02483554  0.02366318  0.09882764
  0.          0.00058618  0.00941382  0.00882764  0.          0.02408747
 -0.00732636  0.00441382]
	[RESULT 102] [ 2.56482347e-02  3.92658603e-06  1.56443081e-02  2.10405796e-02
  2.02480367e-02  9.12886163e-02  0.00000000e+00  4.56707558e-03
  5.64430814e-03  1.28861628e-03  0.00000000e+00  2.81482347e-02
 -4.70745714e-03  5.85569186e-03]
	[RESULT 103] [ 0.0184157  -0.00722181  0.0156375   0.01741411  0.0238609   0.09127501
  0.          0.0043625   0.0056375   0.00127501  0.          0.0199157
 -0.0119468   0.0048625 ]
	[RESULT 104] [0.02048438 0.02171861 0.01779702 0.01354666 0.0091407  0.09559403
 0.         0.00220298 0.00779702 0.00559403 0.         0.01848438
 0.00268736 0.00420298]
	[RESULT 105] [ 0.02053904 -0.00820092  0.01873996  0.02337946  0.02410046  0.09747992
  0.          0.00126004  0.00873996  0.00747992  0.          0.02253904
 -0.00820092  0.00373996]
