[METRICS]
	[DISEQUILIBRIUM COUNT] 1274
	[MINIMUM S0 sTrt S1 DISTANCE]0.004077694867161252
	[MINIMUM S0 sTrt S21 DISTANCE]-0.025913819070717325
	[MINIMUM S0 sTrt S22 DISTANCE]0.0151087407498455
	[MINIMUM S7 sTrt S6 DISTANCE]0.007840583937187284
	[MINIMUM S7 sTrt S8 DISTANCE]0.0028279695987942777
	[MINIMUM S7 sTrt S21 DISTANCE]0.09021748149969096
	[MINIMUM S7 esTrt S22 DISTANCE]0.0
	[MINIMUM S14 sTrt S13 DISTANCE]2.4946064658415423e-08
	[MINIMUM S14 sTrt S15 DISTANCE]0.005108740749845464
	[MINIMUM S14 sTrt S21 DISTANCE]0.00021748149969095382
	[MINIMUM S14 sTrt S22 DISTANCE]0.0
	[MINIMUM S20 sTrt S19 DISTANCE]0.006077694867161143
	[MINIMUM S20 sTrt S21 DISTANCE]-0.025913819070717332
	[MINIMUM S20 sTrt S22 DISTANCE]0.0027548160306276118
	[AVERAGE S0 sTrt S1 DISTANCE]0.021045721829576328
	[AVERAGE S0 sTrt S21 DISTANCE]0.008471882330389287
	[AVERAGE S0 sTrt S22 DISTANCE]0.016942723807542363
	[AVERAGE S7 sTrt S6 DISTANCE]0.01778054667370817
	[AVERAGE S7 sTrt S8 DISTANCE]0.013497256735366208
	[AVERAGE S7 sTrt S21 DISTANCE]0.09388544761508504
	[AVERAGE S7 sTrt S22 DISTANCE]0.0
	[AVERAGE S14 sTrt S13 DISTANCE]0.004390345581019514
	[AVERAGE S14 sTrt S15 DISTANCE]0.006942723807542424
	[AVERAGE S14 sTrt S21 DISTANCE]0.0038854476150848166
	[AVERAGE S14 sTrt S22 DISTANCE]0.0
	[AVERAGE S20 sTrt S19 DISTANCE]0.02088231343321218
	[AVERAGE S20 sTrt S21 DISTANCE]-0.0017627009116692707
	[AVERAGE S20 sTrt S22 DISTANCE]0.006821710393369618
[VARIABLES]
	[RESULT 1] [0 5.266965118320097 1 1 17 3970.1628606626755 100]
	[RESULT 2] [1 5.11040066869727 0 4 22 3761.333558337087 100]
	[RESULT 3] [1 5.08862826957442 0 4 14 3999.1142464267023 89]
	[RESULT 4] [1 5.025879270753212 0 4 20 3999.4368983699223 100]
	[RESULT 5] [1 5.102028188502039 0 4 10 3999.9627568115816 100]
	[RESULT 6] [1 5.123059540692506 0 2 22 3988.4704284631184 100]
	[RESULT 7] [1 5.046525153369975 1 4 22 3975.4688350446727 100]
	[RESULT 8] [1 5.068577234928533 0 4 21 3848.6236074741887 100]
	[RESULT 9] [1 5.130419035568312 1 4 22 3975.9326396570073 100]
	[RESULT 10] [1 5.619348754821845 1 2 19 3999.7770547955515 82]
	[RESULT 11] [1 5.3593830068871675 0 2 18 3967.249554540639 100]
	[RESULT 12] [1 5.2793522610066805 0 4 22 3947.656144417374 100]
	[RESULT 13] [1 5.478462680463565 0 2 22 3999.8322246015896 99]
	[RESULT 14] [1 6.38244154447784 0 2 23 3983.321402115257 100]
	[RESULT 15] [1 5.20789776242229 0 2 21 3999.7770547955515 79]
	[RESULT 16] [1 5.102028188502039 0 3 10 3999.939652875152 100]
	[RESULT 17] [0 5.0145065264096536 0 4 22 3999.999033273125 100]
	[RESULT 18] [1 5.193163091540866 0 4 22 3947.5938906651513 100]
	[RESULT 19] [1 5.035823705767616 0 4 22 3999.94413296402 100]
	[RESULT 20] [1 5.319765367466254 0 4 15 3973.3316378223903 100]
	[RESULT 21] [0 5.626452773325127 1 1 6 3998.596358142616 100]
	[RESULT 22] [1 5.056572608620917 0 4 16 3999.770218015262 41]
	[RESULT 23] [1 7.168164993390346 1 4 18 3773.3903981221565 100]
	[RESULT 24] [1 5.08955755768968 0 2 10 3999.9991736337265 100]
	[RESULT 25] [0 5.02852575917318 0 1 23 3973.1399716321303 100]
	[RESULT 26] [1 5.033146479439974 0 4 14 3119.609566537386 100]
	[RESULT 27] [1 13.988649662408314 0 4 20 3965.2382608774583 100]
	[RESULT 28] [1 8.276293027237886 1 4 7 3947.656144417374 100]
	[RESULT 29] [1 6.3348833852976085 0 2 16 3999.9814810914627 100]
	[RESULT 30] [0 7.663229814306305 1 1 24 1889.4053594235945 31]
	[RESULT 31] [1 5.0136433077094065 0 4 21 3848.6236074741887 100]
	[RESULT 32] [1 5.342775257330249 0 4 15 3954.9932691512736 100]
	[RESULT 33] [1 6.87428563822398 0 1 20 3991.2308964242256 100]
	[RESULT 34] [1 11.478635369091172 0 1 23 3960.5560868693888 100]
	[RESULT 35] [1 5.058043528644881 0 4 18 3999.4014122813146 100]
	[RESULT 36] [0 6.2992922788469246 0 4 22 3999.5533044825897 100]
	[RESULT 37] [1 5.021202151210975 1 4 16 3999.561062576203 42]
	[RESULT 38] [1 5.043195709659013 0 4 16 3999.770218015262 100]
	[RESULT 39] [0 5.006091516256982 0 2 18 3492.7452921475124 100]
	[RESULT 40] [1 5.058227583714383 0 4 21 3999.5874689349334 100]
	[RESULT 41] [0 6.631609061101864 0 4 22 3999.9996193641755 100]
	[RESULT 42] [1 7.219860825556775 0 1 10 3999.7096288094303 100]
	[RESULT 43] [1 6.0322886666361715 0 4 22 3999.7470359486847 100]
	[RESULT 44] [1 5.003684039271011 0 4 22 3999.722367933217 100]
	[RESULT 45] [1 5.011410416292973 0 4 12 3950.2270001802535 100]
	[RESULT 46] [1 5.070107002484629 1 4 11 3999.051478583229 100]
	[RESULT 47] [1 5.001200873514031 0 2 11 3840.662550951503 100]
	[RESULT 48] [1 5.122843428063465 0 2 18 3999.9965165510216 100]
	[RESULT 49] [1 5.024507406232468 0 4 14 3508.7806524000503 100]
	[RESULT 50] [1 12.87802883948598 0 2 11 3999.9851023955202 100]
	[RESULT 51] [1 5.110498304897493 0 3 13 3947.0047453216034 100]
	[RESULT 52] [0 10.305346734397604 1 1 17 3999.8234337811123 99]
	[RESULT 53] [1 7.2334814084881 0 4 20 3999.860774659638 100]
	[RESULT 54] [1 6.0322886666361715 0 2 22 3999.398026206106 100]
	[RESULT 55] [1 5.7399164443481805 0 2 22 3999.0725453805785 100]
	[RESULT 56] [1 8.893471968208742 1 4 6 3875.488734192945 99]
	[RESULT 57] [1 5.000665041014624 0 4 20 3991.3010541087397 100]
	[RESULT 58] [1 6.326151328065999 1 4 23 3999.9199724512628 42]
	[RESULT 59] [1 5.088551793237282 0 4 13 3999.9513706317134 93]
	[RESULT 60] [0 5.09116123903886 0 2 10 3999.5675399867646 100]
	[RESULT 61] [1 8.503632881281423 1 4 19 3999.7770547955515 82]
	[RESULT 62] [1 5.000331939154597 0 2 11 3999.8430870072543 99]
	[RESULT 63] [1 5.439308587411119 0 2 16 3999.9793500563424 100]
	[RESULT 64] [1 5.036663018679356 0 4 20 3780.881151466802 100]
	[RESULT 65] [1 7.233442116923394 0 1 16 3967.6086565930846 100]
	[RESULT 66] [1 5.000932923523189 0 4 13 3679.423594703196 100]
	[RESULT 67] [1 5.045922449334854 0 4 9 3999.9711206467223 100]
	[RESULT 68] [1 5.07709481716639 0 4 12 3999.051478583229 100]
	[RESULT 69] [1 8.746790448561555 1 1 22 3999.99691366013 100]
	[RESULT 70] [0 5.054112789882051 0 2 17 3942.1386944615524 97]
	[RESULT 71] [1 5.02631306403705 0 2 18 3999.580634870771 100]
	[RESULT 72] [1 5.08955755768968 0 3 10 3999.9998286996083 100]
	[RESULT 73] [0 11.886860780313992 1 4 8 3754.945932106254 94]
	[RESULT 74] [1 13.988649662408314 0 4 20 3934.193479436364 100]
	[RESULT 75] [1 5.3274680549108115 1 4 16 3999.7401597136563 100]
	[RESULT 76] [1 5.008852367675513 0 4 19 3989.855359036901 41]
	[RESULT 77] [1 7.490222218238696 0 2 21 3999.981238623634 100]
	[RESULT 78] [1 7.456515156270741 0 4 14 3999.1142464267023 89]
	[RESULT 79] [1 7.904992845696986 0 4 9 3621.552434641978 100]
	[RESULT 80] [1 6.272538605942035 0 4 22 3999.7066293515377 100]
	[RESULT 81] [0 10.01843621587938 0 1 7 3999.8234337811123 87]
	[RESULT 82] [1 5.0306494590255335 1 4 22 3974.329464677264 42]
	[RESULT 83] [1 5.001700097851489 0 2 10 3999.9305990687394 100]
	[RESULT 84] [0 5.130419035568312 1 4 22 3999.942117659603 99]
	[RESULT 85] [1 10.128847442858493 0 2 11 3970.597442072871 97]
	[RESULT 86] [1 5.021202151210975 1 4 16 3956.0781140893505 100]
	[RESULT 87] [1 8.895643979809385 0 2 18 3999.8316011840648 99]
	[RESULT 88] [1 6.6629360815896375 0 4 22 3999.65161858187 100]
	[RESULT 89] [1 6.966684958170248 0 2 5 3991.4851802643834 99]
	[RESULT 90] [0 5.249082812216949 0 2 8 3996.1997763174763 100]
	[RESULT 91] [1 5.0013138359216205 0 4 21 3912.141872874048 100]
	[RESULT 92] [1 5.122457881202921 0 2 10 3999.995411185064 100]
	[RESULT 93] [0 5.1936945772383964 0 1 5 1941.4077541598742 39]
	[RESULT 94] [0 5.645132037594203 1 1 24 1889.4053594235945 31]
	[RESULT 95] [1 5.001287280831787 0 2 21 3999.828646981068 79]
	[RESULT 96] [1 5.065434044798443 0 3 10 3999.999888217734 100]
	[RESULT 97] [1 5.314172097392572 1 4 16 3363.6350894318703 100]
	[RESULT 98] [1 5.013864123537772 0 1 22 3989.9485293471485 97]
	[RESULT 99] [0 13.630925439026154 1 1 22 3993.432204831316 99]
	[RESULT 100] [0 6.719224153238329 0 2 17 3996.2496903497454 92]
	[RESULT 101] [1 21.441288607244676 0 4 23 3981.1946011534865 100]
	[RESULT 102] [1 5.101453400160715 0 4 7 3999.9500330288847 100]
	[RESULT 103] [1 6.59502086944662 0 2 16 3999.9877906081447 100]
	[RESULT 104] [1 6.850312573225822 0 1 17 3996.3148457714938 100]
	[RESULT 105] [1 5.012369669369866 0 4 22 3999.771782669285 92]
[OBJECTIVES]
	[RESULT 1] [ 0.02465618 -0.00429026  0.01894644  0.02425225  0.02214513  0.09789288
  0.          0.00105356  0.00894644  0.00789288  0.          0.02515618
 -0.00839739  0.00655356]
	[RESULT 2] [ 0.0271267  -0.00237618  0.01950288  0.02243233  0.02143809  0.09900576
  0.          0.00049712  0.00950288  0.00900576  0.          0.0301267
 -0.00137618  0.00450288]
	[RESULT 3] [ 0.02359584 -0.00599709  0.01959294  0.02406267  0.02324855  0.09918587
  0.          0.00040706  0.00959294  0.00918587  0.          0.02659584
 -0.00499709  0.00459294]
	[RESULT 4] [ 0.00467683 -0.02519704  0.01987387  0.01689922  0.01715148  0.09974774
  0.          0.00012613  0.00987387  0.00974774  0.          0.00767683
 -0.02419704  0.00487387]
	[RESULT 5] [ 0.0045001  -0.02503699  0.01953709  0.01630568  0.0172315   0.09907418
  0.          0.00046291  0.00953709  0.00907418  0.          0.0075001
 -0.02403699  0.00453709]
	[RESULT 6] [ 0.01243845 -0.01701367  0.01945212  0.02014741  0.02124316  0.09890425
  0.          0.00054788  0.00945212  0.00890425  0.          0.01443845
 -0.01701367  0.00445212]
	[RESULT 7] [ 0.02160397 -0.00817375  0.01977772  0.02478144  0.02433688  0.09955543
  0.          0.00022228  0.00977772  0.00955543  0.          0.02460397
 -0.00961832  0.00722228]
	[RESULT 8] [ 0.02577732 -0.0039018   0.01967912  0.02284266  0.0222009   0.09935824
  0.          0.00032088  0.00967912  0.00935824  0.          0.02877732
 -0.0029018   0.00467912]
	[RESULT 9] [ 0.02183927 -0.00758387  0.01942314  0.02480434  0.02404193  0.09884628
  0.          0.00057686  0.00942314  0.00884628  0.          0.02483927
 -0.00973759  0.00757686]
	[RESULT 10] [ 0.03008068  0.00199302  0.01808766  0.02307817  0.01925349  0.09617532
  0.          0.00191234  0.00808766  0.00617532  0.          0.03208068
 -0.00283166  0.00791234]
	[RESULT 11] [ 0.01949943 -0.00917871  0.01867814  0.02251693  0.02483935  0.09735628
  0.          0.00132186  0.00867814  0.00735628  0.          0.02149943
 -0.00917871  0.00367814]
	[RESULT 12] [ 0.02201098 -0.00689725  0.01890823  0.02411783  0.02369863  0.09781646
  0.          0.00109177  0.00890823  0.00781646  0.          0.02501098
 -0.00589725  0.00390823]
	[RESULT 13] [ 0.01578477 -0.01259713  0.01838189  0.02021522  0.02345144  0.09676378
  0.          0.00161811  0.00838189  0.00676378  0.          0.01778477
 -0.01259713  0.00338189]
	[RESULT 14] [ 0.01690561 -0.01019308  0.01709869  0.01885083  0.02465346  0.09419737
  0.          0.00290131  0.00709869  0.00419737  0.          0.01890561
 -0.01199571  0.00390131]
	[RESULT 15] [ 0.02417246 -0.00496696  0.01913942  0.02445463  0.02273348  0.09827885
  0.          0.00086058  0.00913942  0.00827885  0.          0.02617246
 -0.00496696  0.00413942]
	[RESULT 16] [ 0.00452311 -0.02501398  0.01953709  0.01631719  0.01724301  0.09907418
  0.          0.00046291  0.00953709  0.00907418  0.          0.00702311
 -0.02451398  0.00453709]
	[RESULT 17] [ 5.07246217e-03 -2.48560423e-02  1.99285045e-02  1.74289879e-02
  1.75719788e-02  9.98570090e-02  0.00000000e+00  7.14954810e-05
  9.92850452e-03  9.85700904e-03  0.00000000e+00  7.07246217e-03
 -2.48560423e-02  4.92850452e-03]
	[RESULT 18] [ 0.02173516 -0.00745538  0.01919054  0.02440339  0.02397769  0.09838108
  0.          0.00080946  0.00919054  0.00838108  0.          0.02473516
 -0.00645538  0.00419054]
	[RESULT 19] [ 0.00422867 -0.02559841  0.01982708  0.01660495  0.01695079  0.09965415
  0.          0.00017292  0.00982708  0.00965415  0.          0.00722867
 -0.02459841  0.00482708]
	[RESULT 20] [ 0.01811507 -0.01067348  0.01878855  0.02199036  0.02441326  0.0975771
  0.          0.00121145  0.00878855  0.0075771   0.          0.02111507
 -0.00967348  0.00378855]
	[RESULT 21] [ 0.01325485 -0.01481933  0.01807417  0.01873869  0.02259034  0.09614835
  0.          0.00192583  0.00807417  0.00614835  0.          0.01375485
 -0.02067098  0.00742583]
	[RESULT 22] [ 0.02416207 -0.00557021  0.01973228  0.02357054  0.0230351   0.09946456
  0.          0.00026772  0.00973228  0.00946456  0.          0.02716207
 -0.00457021  0.00473228]
	[RESULT 23] [0.03493779 0.00835959 0.0165782  0.0229138  0.0160702  0.0931564
 0.         0.0072654  0.0065782  0.0031564  0.         0.03206221
 0.00051599 0.0104218 ]
	[RESULT 24] [ 0.00441181 -0.02517721  0.01958902  0.01633943  0.01716139  0.09917804
  0.          0.00041098  0.00958902  0.00917804  0.          0.00641181
 -0.02517721  0.00458902]
	[RESULT 25] [ 0.018087   -0.01177432  0.01986133  0.02383549  0.02411284  0.09972265
  0.          0.00013867  0.00986133  0.00972265  0.          0.018587
 -0.01327432  0.00486133]
	[RESULT 26] [ 0.02847011 -0.00136948  0.01983958  0.02125557  0.02093474  0.09967917
  0.          0.00016042  0.00983958  0.00967917  0.          0.03147011
 -0.00036948  0.00483958]
	[RESULT 27] [ 0.02304124 -0.00245933  0.01550057  0.01952147  0.02147967  0.09100114
  0.          0.0054983   0.00550057  0.00100114  0.          0.02604124
 -0.0074582   0.00649943]
	[RESULT 28] [ 0.02974997  0.00358073  0.01616924  0.02387884  0.01845964  0.09233847
  0.          0.00849229  0.00616924  0.00233847  0.          0.03274997
 -0.0050808   0.01083076]
	[RESULT 29] [ 0.00687707 -0.02026436  0.01714143  0.01390069  0.01961782  0.09428287
  0.          0.00285857  0.00714143  0.00428287  0.          0.00887707
 -0.02198149  0.00385857]
	[RESULT 30] [0.01194329 0.0183082  0.01636492 0.01142427 0.0041541  0.09272983
 0.         0.00640525 0.00636492 0.00272983 0.         0.01144329
 0.00057837 0.00913508]
	[RESULT 31] [ 2.55237402e-02 -4.40896140e-03  1.99327016e-02  2.25890774e-02
  2.24544807e-02  9.98654033e-02  0.00000000e+00  6.72983662e-05
  9.93270163e-03  9.86540327e-03  0.00000000e+00  2.85237402e-02
 -3.40896140e-03  4.93270163e-03]
	[RESULT 32] [ 0.02134866 -0.00737498  0.01872363  0.02350977  0.02393749  0.09744726
  0.          0.00127637  0.00872363  0.00744726  0.          0.02434866
 -0.00637498  0.00372363]
	[RESULT 33] [ 0.01375239 -0.01298717  0.01673956  0.01673554  0.02325642  0.09347913
  0.          0.00326044  0.00673956  0.00347913  0.          0.01525239
 -0.01550804  0.00376044]
	[RESULT 34] [ 0.02363307 -0.0020355   0.01566857  0.02006939  0.02126775  0.09133714
  0.          0.00433143  0.00566857  0.00133714  0.          0.02513307
 -0.00669836  0.00483143]
	[RESULT 35] [ 0.00485889 -0.02486682  0.0197257   0.016768    0.01731659  0.09945141
  0.          0.0002743   0.0097257   0.00945141  0.          0.00785889
 -0.02386682  0.0047257 ]
	[RESULT 36] [ 0.00826427 -0.01891031  0.01717458  0.01489401  0.02054484  0.09434916
  0.          0.00282542  0.00717458  0.00434916  0.          0.01026427
 -0.02156115  0.00482542]
	[RESULT 37] [ 0.02919619 -0.0007      0.01989619  0.02080762  0.0206      0.09979238
  0.          0.00010381  0.00989619  0.00979238  0.          0.03219619
 -0.00190762  0.00710381]
	[RESULT 38] [ 0.00443472 -0.02535824  0.01979296  0.01665681  0.01707088  0.09958593
  0.          0.00020704  0.00979296  0.00958593  0.          0.00743472
 -0.02435824  0.00479296]
	[RESULT 39] [ 2.88560233e-02 -1.11370349e-03  1.99697268e-02  2.06173981e-02
  2.05568517e-02  9.99394537e-02  0.00000000e+00  3.02731718e-05
  9.96972683e-03  9.93945366e-03  0.00000000e+00  2.98560233e-02
 -2.11370349e-03  4.96972683e-03]
	[RESULT 40] [ 0.00468095 -0.02504393  0.01972488  0.0166778   0.01722804  0.09944976
  0.          0.00027512  0.00972488  0.00944976  0.          0.00768095
 -0.02404393  0.00472488]
	[RESULT 41] [ 0.0081004  -0.01879958  0.01689998  0.01440017  0.02060021  0.09379996
  0.          0.00310002  0.00689998  0.00379996  0.          0.0101004
 -0.02199962  0.00510002]
	[RESULT 42] [ 0.00773418 -0.01881869  0.01655286  0.01344638  0.02034066  0.09310572
  0.          0.00344714  0.00655286  0.00310572  0.          0.00923418
 -0.02171296  0.00394714]
	[RESULT 43] [ 0.00679015 -0.02067013  0.01746028  0.0143355   0.01941493  0.09492056
  0.          0.00253972  0.00746028  0.00492056  0.          0.00979015
 -0.02174957  0.00453972]
	[RESULT 44] [ 4.29293533e-03 -2.56887121e-02  1.99816474e-02  1.68689388e-02
  1.69056440e-02  9.99632948e-02  0.00000000e+00  1.83525847e-05
  9.98164742e-03  9.96329483e-03  0.00000000e+00  7.29293533e-03
 -2.46887121e-02  4.98164742e-03]
	[RESULT 45] [ 2.06977763e-02 -9.24581527e-03  1.99435916e-02  2.49857245e-02
  2.48729076e-02  9.98871831e-02  0.00000000e+00  5.64084377e-05
  9.94359156e-03  9.88718312e-03  0.00000000e+00  2.36977763e-02
 -8.24581527e-03  4.94359156e-03]
	[RESULT 46] [ 0.01024142 -0.01943101  0.01967243  0.01937935  0.02003449  0.09934486
  0.          0.00032757  0.00967243  0.00934486  0.          0.01324142
 -0.02108615  0.00732757]
	[RESULT 47] [ 2.56154761e-02 -4.37852671e-03  1.99940028e-02  2.24512577e-02
  2.24392634e-02  9.99880057e-02  0.00000000e+00  5.99716573e-06
  9.99400283e-03  9.98800567e-03  0.00000000e+00  2.76154761e-02
 -4.37852671e-03  4.99400283e-03]
	[RESULT 48] [ 0.0045505  -0.02490248  0.01945298  0.01620472  0.01729876  0.09890596
  0.          0.00054702  0.00945298  0.00890596  0.          0.0065505
 -0.02490248  0.00445298]
	[RESULT 49] [ 0.02790888 -0.00197151  0.01988039  0.02147497  0.02123576  0.09976079
  0.          0.00011961  0.00988039  0.00976079  0.          0.03090888
 -0.00097151  0.00488039]
	[RESULT 50] [ 0.0084517  -0.01711149  0.01556319  0.01232063  0.02119426  0.09112638
  0.          0.00443681  0.00556319  0.00112638  0.          0.0104517
 -0.02198511  0.00543681]
	[RESULT 51] [ 0.02148421 -0.00801827  0.01950248  0.02474583  0.02425914  0.09900497
  0.          0.00049752  0.00950248  0.00900497  0.          0.02398421
 -0.00751827  0.00450248]
	[RESULT 52] [ 0.02438235 -0.00141063  0.01579298  0.02088064  0.02070531  0.09158596
  0.          0.00812107  0.00579298  0.00158596  0.          0.02488235
 -0.01182467  0.00970702]
	[RESULT 53] [ 0.00759213 -0.01895419  0.01654632  0.01336555  0.02027291  0.09309264
  0.          0.00345368  0.00654632  0.00309264  0.          0.01059213
 -0.02186155  0.00545368]
	[RESULT 54] [ 0.00712754 -0.02033274  0.01746028  0.01450419  0.01958363  0.09492056
  0.          0.00253972  0.00746028  0.00492056  0.          0.00912754
 -0.02141218  0.00353972]
	[RESULT 55] [ 0.00702058 -0.02085312  0.0178737   0.01507084  0.01932344  0.0957474
  0.          0.0021263   0.0078737   0.0057474   0.          0.00902058
 -0.02110572  0.0031263 ]
	[RESULT 56] [0.02620206 0.01777617 0.01602177 0.01931837 0.01136191 0.09204354
 0.         0.00893469 0.00602177 0.00204354 0.         0.02320206
 0.00881971 0.01097823]
	[RESULT 57] [ 1.04567488e-02 -1.95399282e-02  1.99966770e-02  1.99733899e-02
  1.99800359e-02  9.99933540e-02  0.00000000e+00  3.32299515e-06
  9.99667700e-03  9.99335401e-03  0.00000000e+00  1.34567488e-02
 -1.85399282e-02  4.99667700e-03]
	[RESULT 58] [ 0.03159132  0.00444184  0.01714947  0.02373013  0.01802908  0.09429895
  0.          0.00555158  0.00714947  0.00429895  0.          0.03459132
 -0.00225921  0.00985053]
	[RESULT 59] [ 0.02195528 -0.00763798  0.01959326  0.02488247  0.02406899  0.09918652
  0.          0.00040674  0.00959326  0.00918652  0.          0.02495528
 -0.00663798  0.00459326]
	[RESULT 60] [ 0.00584283 -0.02373944  0.01958227  0.01729483  0.01813028  0.09916455
  0.          0.00041773  0.00958227  0.00916455  0.          0.00684283
 -0.02473944  0.00458227]
	[RESULT 61] [ 0.03205813  0.00594791  0.01611021  0.02494439  0.01727604  0.09222043
  0.          0.00866936  0.00611021  0.00222043  0.          0.03494187
 -0.00283166  0.01088979]
	[RESULT 62] [ 1.41575934e-02 -1.58407474e-02  1.99983409e-02  2.18263080e-02
  2.18296263e-02  9.99966817e-02  0.00000000e+00  1.65914504e-06
  9.99834085e-03  9.99668171e-03  0.00000000e+00  1.61575934e-02
 -1.58407474e-02  4.99834085e-03]
	[RESULT 63] [ 0.00554674 -0.02292715  0.01847389  0.01523421  0.01828643  0.09694778
  0.          0.00152611  0.00847389  0.00694778  0.          0.00754674
 -0.02292715  0.00347389]
	[RESULT 64] [ 0.0266166  -0.00320656  0.01982317  0.02220695  0.02185328  0.09964634
  0.          0.00017683  0.00982317  0.00964634  0.          0.0296166
 -0.00220656  0.00482317]
	[RESULT 65] [ 0.02156352 -0.00498282  0.01654634  0.02035127  0.02274141  0.09309268
  0.          0.00345366  0.00654634  0.00309268  0.          0.02306352
 -0.00789014  0.00395366]
	[RESULT 66] [ 2.71960877e-02 -2.79925201e-03  1.99953397e-02  2.16589465e-02
  2.16496260e-02  9.99906795e-02  0.00000000e+00  4.66026994e-06
  9.99533973e-03  9.99067946e-03  0.00000000e+00  3.01960877e-02
 -1.79925201e-03  4.99533973e-03]
	[RESULT 67] [ 0.00424838 -0.02553209  0.01978047  0.01654489  0.01698395  0.09956094
  0.          0.00021953  0.00978047  0.00956094  0.          0.00724838
 -0.02453209  0.00478047]
	[RESULT 68] [ 0.00527173 -0.02437038  0.01964212  0.01684904  0.01756481  0.09928423
  0.          0.00035788  0.00964212  0.00928423  0.          0.00827173
 -0.02337038  0.00464212]
	[RESULT 69] [ 0.01294974 -0.0131036   0.01605334  0.01530489  0.0231982   0.09210669
  0.          0.00733997  0.00605334  0.00210669  0.          0.01444974
 -0.02199691  0.00944666]
	[RESULT 70] [0.03228605 0.00797062 0.01974333 0.01652804 0.01601469 0.09948665
 0.         0.00025667 0.00974333 0.00948665 0.         0.03128605
 0.00697062 0.00474333]
	[RESULT 71] [ 0.00454064 -0.02533117  0.01987181  0.01682803  0.01708442  0.09974362
  0.          0.00012819  0.00987181  0.00974362  0.          0.00654064
 -0.02533117  0.00487181]
	[RESULT 72] [ 0.00441115 -0.02517787  0.01958902  0.0163391   0.01716107  0.09917804
  0.          0.00041098  0.00958902  0.00917804  0.          0.00691115
 -0.02467787  0.00458902]
	[RESULT 73] [0.01580546 0.02143943 0.01563397 0.01445178 0.00571971 0.09126793
 0.         0.0099019  0.00563397 0.00126793 0.         0.01380546
 0.00517149 0.01136603]
	[RESULT 74] [ 0.02661667  0.0011161   0.01550057  0.02130919  0.01969195  0.09100114
  0.          0.0054983   0.00550057  0.00100114  0.          0.02961667
 -0.00388277  0.00649943]
	[RESULT 75] [ 0.0104906  -0.01827597  0.01876657  0.01814515  0.02061201  0.09753314
  0.          0.00123343  0.00876657  0.00753314  0.          0.0134906
 -0.02174283  0.00823343]
	[RESULT 76] [3.09268900e-02 9.70763412e-04 1.99561265e-02 1.98523652e-02
 1.97646183e-02 9.99122531e-02 0.00000000e+00 4.38734544e-05
 9.95612655e-03 9.91225309e-03 0.00000000e+00 3.39268900e-02
 1.97076341e-03 4.95612655e-03]
	[RESULT 77] [ 0.00758617 -0.0188464   0.01643257  0.01319195  0.0203268   0.09286515
  0.          0.00356743  0.00643257  0.00286515  0.          0.00958617
 -0.02198125  0.00456743]
	[RESULT 78] [ 0.02674223  0.00029569  0.01644654  0.02279093  0.02010215  0.09289309
  0.          0.00355346  0.00644654  0.00289309  0.          0.02974223
 -0.00281122  0.00555346]
	[RESULT 79] [0.03117044 0.00489003 0.01628041 0.02475584 0.01780499 0.09256082
 0.         0.00371959 0.00628041 0.00256082 0.         0.03417044
 0.00145085 0.00571959]
	[RESULT 80] [ 0.00708979 -0.0201104   0.01720018  0.01409517  0.0196948   0.09440037
  0.          0.00279982  0.00720018  0.00440037  0.          0.01008979
 -0.02171003  0.00479982]
	[RESULT 81] [ 0.02791598  0.0020852   0.01583078  0.02270416  0.0189574   0.09166156
  0.          0.00416922  0.00583078  0.00166156  0.          0.02841598
 -0.00325324  0.00466922]
	[RESULT 82] [0.02852488 0.01162381 0.01985131 0.01473547 0.01443809 0.09970262
 0.         0.00014869 0.00985131 0.00970262 0.         0.02552488
 0.01032643 0.00714869]
	[RESULT 83] [ 4.07769487e-03 -2.59138191e-02  1.99915139e-02  1.67761183e-02
  1.67930905e-02  9.99830279e-02  0.00000000e+00  8.48606212e-06
  9.99151394e-03  9.98302788e-03  0.00000000e+00  6.07769487e-03
 -2.59138191e-02  4.99151394e-03]
	[RESULT 84] [ 0.02063461 -0.00878853  0.01942314  0.02445201  0.02439426  0.09884628
  0.          0.00057686  0.00942314  0.00884628  0.          0.02263461
 -0.01194225  0.00757686]
	[RESULT 85] [0.03330424 0.01087994 0.01581581 0.0231784  0.01481003 0.09163163
 0.         0.00418419 0.00581581 0.00163163 0.         0.03130424
 0.00651157 0.00518419]
	[RESULT 86] [ 0.02503557 -0.00486062  0.01989619  0.02288793  0.02268031  0.09979238
  0.          0.00010381  0.00989619  0.00979238  0.          0.02803557
 -0.00606824  0.00710381]
	[RESULT 87] [ 0.01814596 -0.00787536  0.01602132  0.01785495  0.02418768  0.09204263
  0.          0.00397868  0.00602132  0.00204263  0.          0.02014596
 -0.01183273  0.00497868]
	[RESULT 88] [ 0.00746597 -0.01941166  0.01687763  0.01379942  0.02004417  0.09375525
  0.          0.00312237  0.00687763  0.00375525  0.          0.01046597
 -0.02165641  0.00512237]
	[RESULT 89] [ 0.02366615 -0.00301923  0.01668538  0.02161115  0.02175962  0.09337077
  0.          0.00331462  0.00668538  0.00337077  0.          0.02566615
 -0.00564847  0.00431462]
	[RESULT 90] [ 0.00929584 -0.01970709  0.01900294  0.01815233  0.02014645  0.09800587
  0.          0.00099706  0.00900294  0.00800587  0.          0.01029584
 -0.02070709  0.00400294]
	[RESULT 91] [ 2.34686342e-02 -6.52480527e-03  1.99934394e-02  2.35255238e-02
  2.35124026e-02  9.99868789e-02  0.00000000e+00  6.56056011e-06
  9.99343944e-03  9.98687888e-03  0.00000000e+00  2.64686342e-02
 -5.52480527e-03  4.99343944e-03]
	[RESULT 92] [ 0.00455008 -0.02490443  0.01945451  0.0162068   0.01729778  0.09890902
  0.          0.00054549  0.00945451  0.00890902  0.          0.00655008
 -0.02490443  0.00445451]
	[RESULT 93] [0.01981122 0.0210001  0.01918868 0.0111226  0.00949995 0.09837735
 0.         0.00081132 0.00918868 0.00837735 0.         0.01931122
 0.0034999  0.00418868]
	[RESULT 94] [0.01361764 0.02165691 0.01803927 0.00974992 0.00582846 0.09607854
 0.         0.00196073 0.00803927 0.00607854 0.         0.01311764
 0.00057837 0.00746073]
	[RESULT 95] [ 2.32675238e-02 -6.72604811e-03  1.99935719e-02  2.36258803e-02
  2.36130241e-02  9.99871437e-02  0.00000000e+00  6.42812935e-06
  9.99357187e-03  9.98714374e-03  0.00000000e+00  2.52675238e-02
 -6.72604811e-03  4.99357187e-03]
	[RESULT 96] [ 0.00430719 -0.02538573  0.01969292  0.01644298  0.01705713  0.09938585
  0.          0.00030708  0.00969292  0.00938585  0.          0.00680719
 -0.02488573  0.00469292]
	[RESULT 97] [0.03425031 0.00544563 0.01880468 0.01991783 0.01752718 0.09760935
 0.         0.00119532 0.00880468 0.00760935 0.         0.03274969
 0.00205498 0.00819532]
	[RESULT 98] [ 2.62374518e-02 -3.69417550e-03  1.99316273e-02  2.22338331e-02
  2.20970878e-02  9.98632546e-02  0.00000000e+00  6.83726903e-05
  9.93162731e-03  9.86325462e-03  0.00000000e+00  2.77374518e-02
 -4.19417550e-03  4.93162731e-03]
	[RESULT 99] [ 0.02968218  0.00416302  0.01551916  0.02311983  0.01791849  0.09103832
  0.          0.00894252  0.00551916  0.00103832  0.          0.03018218
 -0.00679866  0.00998084]
	[RESULT 100] [ 0.02920012  0.00236136  0.01683876  0.0248582   0.01881932  0.09367752
  0.          0.00316124  0.00683876  0.00367752  0.          0.03020012
 -0.00096112  0.00416124]
	[RESULT 101] [ 0.01944568 -0.005841    0.01528668  0.01740285  0.0231705   0.09057335
  0.          0.00613997  0.00528668  0.00057335  0.          0.02244568
 -0.01126765  0.00671332]
	[RESULT 102] [ 0.00451041 -0.02502905  0.01953946  0.01631439  0.01723548  0.09907891
  0.          0.00046054  0.00953946  0.00907891  0.          0.00751041
 -0.02402905  0.00453946]
	[RESULT 103] [ 0.00708544 -0.01984133  0.01692677  0.01368287  0.01982933  0.09385353
  0.          0.00307323  0.00692677  0.00385353  0.          0.00908544
 -0.0219878   0.00407323]
	[RESULT 104] [ 0.01045753 -0.01629666  0.01675419  0.01511006  0.02160167  0.09350839
  0.          0.00324581  0.00675419  0.00350839  0.          0.01195753
 -0.01878827  0.00374581]
	[RESULT 105] [ 2.20650233e-02 -7.87388407e-03  1.99389073e-02  2.43091273e-02
  2.41869420e-02  9.98778147e-02  0.00000000e+00  6.10926510e-05
  9.93890735e-03  9.87781470e-03  0.00000000e+00  2.50650233e-02
 -6.87388407e-03  4.93890735e-03]
