[METRICS]
	[DISEQUILIBRIUM COUNT] 533
	[MINIMUM S0 sTrt S1 DISTANCE]0.004176901063052574
	[MINIMUM S0 sTrt S21 DISTANCE]-0.025760339299330456
	[MINIMUM S0 sTrt S22 DISTANCE]0.015108696278050893
	[MINIMUM S7 sTrt S6 DISTANCE]0.007741506493277206
	[MINIMUM S7 sTrt S8 DISTANCE]0.002817155698609075
	[MINIMUM S7 sTrt S21 DISTANCE]0.09021739255610176
	[MINIMUM S7 esTrt S22 DISTANCE]0.0
	[MINIMUM S14 sTrt S13 DISTANCE]6.578368516585442e-09
	[MINIMUM S14 sTrt S15 DISTANCE]0.005108696278050884
	[MINIMUM S14 sTrt S21 DISTANCE]0.0002173925561017448
	[MINIMUM S14 sTrt S22 DISTANCE]0.0
	[MINIMUM S20 sTrt S19 DISTANCE]0.006504640962777031
	[MINIMUM S20 sTrt S21 DISTANCE]-0.02514381833909369
	[MINIMUM S20 sTrt S22 DISTANCE]0.002775464911168174
	[AVERAGE S0 sTrt S1 DISTANCE]0.019922998509371768
	[AVERAGE S0 sTrt S21 DISTANCE]0.015615853126198315
	[AVERAGE S0 sTrt S22 DISTANCE]0.016734238525300118
	[AVERAGE S7 sTrt S6 DISTANCE]0.01590641343046426
	[AVERAGE S7 sTrt S8 DISTANCE]0.009832013674476982
	[AVERAGE S7 sTrt S21 DISTANCE]0.09346847705060021
	[AVERAGE S7 sTrt S22 DISTANCE]0.0
	[AVERAGE S14 sTrt S13 DISTANCE]0.00499711378124955
	[AVERAGE S14 sTrt S15 DISTANCE]0.006734238525300105
	[AVERAGE S14 sTrt S21 DISTANCE]0.0034684770506001887
	[AVERAGE S14 sTrt S22 DISTANCE]0.0
	[AVERAGE S20 sTrt S19 DISTANCE]0.018815729710842066
	[AVERAGE S20 sTrt S21 DISTANCE]0.0019523775295547073
	[AVERAGE S20 sTrt S22 DISTANCE]0.007651114940337519
[VARIABLES]
	[RESULT 1] [0 5.24959249441162 1 4 3 3999.5068368545208 100]
	[RESULT 2] [1 5.000968462432674 0 4 24 3983.611561985736 2]
	[RESULT 3] [1 5.000168901632025 0 2 24 3999.9685613437105 1]
	[RESULT 4] [0 6.55654315643714 0 2 10 3998.444648831015 100]
	[RESULT 5] [1 5.291440910207302 1 2 24 3996.6744488738873 100]
	[RESULT 6] [0 45.541781740323955 0 4 2 3998.539321151524 94]
	[RESULT 7] [0 5.408826253002576 1 4 4 3997.002177767169 97]
	[RESULT 8] [0 5.034652331128469 0 1 24 3998.4981143555833 97]
	[RESULT 9] [1 6.821182010039308 1 3 3 3999.536828618475 97]
	[RESULT 10] [0 5.334273415676676 0 3 9 3997.1459335392337 97]
	[RESULT 11] [1 5.048676054365243 0 4 1 3930.541380230409 96]
	[RESULT 12] [0 5.0676962276275255 0 4 10 3999.9863188529916 97]
	[RESULT 13] [1 6.448449423985547 0 4 8 3997.090637205675 34]
	[RESULT 14] [1 5.394574917811772 1 3 9 3999.7523116466627 97]
	[RESULT 15] [1 13.39804129059738 1 4 24 3991.77884241588 96]
	[RESULT 16] [0 8.421558810813032 0 1 24 3995.2640301230517 4]
	[RESULT 17] [1 6.716623711530368 1 2 11 3991.544980527682 94]
	[RESULT 18] [1 5.291440910207302 1 4 22 3999.9756981553705 100]
	[RESULT 19] [1 7.2218553096980695 0 1 3 3999.536828618475 99]
	[RESULT 20] [0 8.16167649344304 0 3 10 3887.367381442177 4]
	[RESULT 21] [1 5.000168901632025 0 2 24 3988.8049950047853 1]
	[RESULT 22] [1 5.678774103424967 1 3 10 3993.7459289639364 97]
	[RESULT 23] [0 14.471165952242227 1 2 10 3923.5996436550017 99]
	[RESULT 24] [1 5.000004308502105 0 4 13 3999.4179218653503 91]
	[RESULT 25] [1 5.010069346277622 1 4 18 3999.8846395470177 71]
	[RESULT 26] [0 48.64284094094972 0 4 2 3999.0168532883845 99]
	[RESULT 27] [0 49.09505895477961 0 2 9 3966.2725640874887 100]
	[RESULT 28] [0 11.35941793245626 1 2 24 3982.3755808071037 100]
	[RESULT 29] [0 5.961624665330532 0 2 10 3998.444648831015 100]
	[RESULT 30] [1 5.048708843497766 0 4 1 3930.541380230409 100]
	[RESULT 31] [0 5.149680996887294 1 1 16 1143.3604844442775 1]
	[RESULT 32] [1 5.008564007266204 1 4 18 3999.8846395470177 71]
	[RESULT 33] [0 5.0948575562009 1 1 23 3992.958632001363 100]
	[RESULT 34] [1 6.4408880710697805 1 4 4 3999.993393345047 58]
	[RESULT 35] [0 49.132925978889986 0 2 9 3975.3144106432787 100]
	[RESULT 36] [0 5.000365303475983 0 1 24 3999.0133634585177 1]
	[RESULT 37] [0 5.334273415676676 0 4 9 3999.54130040044 98]
	[RESULT 38] [0 5.011906273445956 0 4 9 3999.027257080203 96]
	[RESULT 39] [0 5.009468135157247 1 2 14 3999.372336712293 100]
	[RESULT 40] [0 7.052665493048469 1 1 20 3798.3610968861203 83]
	[RESULT 41] [1 5.0199940900802185 0 4 14 3988.073713302273 100]
	[RESULT 42] [1 6.252636100608117 1 4 4 3999.58002126763 58]
	[RESULT 43] [0 8.161092678339639 0 2 9 3999.8777533713733 97]
	[RESULT 44] [0 5.003320324217298 0 3 24 3999.998260894789 96]
	[RESULT 45] [1 7.547903197892192 1 1 3 3974.4605780684105 97]
	[RESULT 46] [0 5.000905316601575 0 2 24 3990.9660543235645 100]
	[RESULT 47] [1 5.005166959754336 1 4 18 3999.8846395470177 14]
	[RESULT 48] [0 7.4802347247228616 1 2 22 3933.5646214995318 35]
	[RESULT 49] [1 5.000561625290979 0 4 24 3983.8553263005715 2]
	[RESULT 50] [0 13.326366546860868 0 4 10 3735.707373901162 98]
	[RESULT 51] [0 7.87651953671124 1 3 10 3981.3728135049682 98]
	[RESULT 52] [1 6.44123885841967 0 4 8 3481.7890195572672 97]
	[RESULT 53] [0 6.810489198068519 1 3 19 1152.8978062499073 7]
	[RESULT 54] [0 5.021370978343756 1 2 10 3999.054929604193 94]
	[RESULT 55] [1 8.989305189341321 0 3 20 3998.6211616148416 100]
	[RESULT 56] [1 5.191560502112814 1 4 9 3997.4491004372994 33]
	[RESULT 57] [1 5.01271148111304 0 4 11 3999.885335053748 100]
	[RESULT 58] [1 5.048708843497766 0 4 2 3930.541380230409 100]
	[RESULT 59] [1 5.024407281991804 1 4 24 3999.262677145177 91]
	[RESULT 60] [0 48.86843177779803 0 2 11 3999.9606831972865 100]
	[RESULT 61] [1 5.292515044573676 0 4 9 3998.5147311818464 100]
	[RESULT 62] [1 9.653235085108312 0 4 9 3999.6336042055154 93]
	[RESULT 63] [1 5.075625207256899 0 2 9 3999.8459563705346 100]
	[RESULT 64] [1 5.044773543080794 1 4 22 3999.929415906619 34]
	[RESULT 65] [0 5.8501666494293065 1 1 19 3992.3136939283986 100]
	[RESULT 66] [1 5.000968462432674 0 4 24 3996.7908404669733 6]
	[RESULT 67] [1 12.549662437742574 0 1 3 3974.4605780684105 100]
	[RESULT 68] [1 5.283475507864408 1 4 11 3999.9806666638974 79]
	[RESULT 69] [1 5.191560502112814 1 4 8 3999.5594503619523 33]
	[RESULT 70] [1 5.06658588362227 0 3 10 3999.711031559594 98]
	[RESULT 71] [1 48.47685937871063 0 3 3 3995.442196875762 57]
	[RESULT 72] [1 5.296568319261611 0 3 24 3864.895213342106 96]
	[RESULT 73] [0 5.5457090477196225 1 3 10 3999.9213651571126 4]
	[RESULT 74] [0 5.874525987475348 0 2 1 3963.140884463194 100]
	[RESULT 75] [0 6.876082170464747 0 4 11 3971.9867013615 100]
	[RESULT 76] [0 5.838262279242071 1 4 3 3922.960574250964 97]
	[RESULT 77] [0 6.195187064936973 0 4 9 3999.7704265899883 94]
	[RESULT 78] [1 48.46624326830702 1 4 22 3999.963653069039 99]
	[RESULT 79] [1 7.960049447093761 0 4 24 3983.8553263005715 2]
	[RESULT 80] [0 5.662243232408384 0 2 10 3999.913432633583 98]
	[RESULT 81] [1 5.003281285694164 0 2 11 3999.9908979826005 97]
	[RESULT 82] [0 5.9815921070730385 0 4 9 3999.9905712453024 100]
	[RESULT 83] [0 5.249561548812445 1 4 10 3999.35029801557 97]
	[RESULT 84] [0 49.863330046752 1 2 9 3993.7567199831738 99]
	[RESULT 85] [1 5.121661504228552 1 4 24 3999.262677145177 91]
	[RESULT 86] [0 10.337519407687502 0 1 20 3880.3964480365057 100]
	[RESULT 87] [1 6.192934975615414 1 2 10 3995.732775731372 97]
	[RESULT 88] [0 6.5686216097320544 0 4 22 3999.9623932970007 97]
	[RESULT 89] [1 17.102437917122394 0 2 13 3997.425152819794 100]
	[RESULT 90] [0 5.000014026661751 0 1 20 3999.9692681006973 99]
	[RESULT 91] [1 5.034571100365151 1 2 15 3982.533219099706 100]
	[RESULT 92] [0 49.33183470609478 1 4 9 3999.9067214933402 100]
	[RESULT 93] [1 5.733486209238473 0 4 24 3999.083340970744 73]
	[RESULT 94] [1 17.884550887572686 0 2 11 3988.23200500987 100]
	[RESULT 95] [0 5.629489170226499 0 2 24 3996.441750037962 100]
	[RESULT 96] [1 5.057866635392133 0 3 9 3705.3651883943126 100]
	[RESULT 97] [1 49.85648031130372 1 3 20 3998.709243075017 96]
	[RESULT 98] [0 5.0746681151201845 0 4 9 3999.4061150683738 100]
	[RESULT 99] [1 5.000004308502105 0 4 24 3999.4179218653503 96]
	[RESULT 100] [0 11.269225153918883 1 1 20 3959.2780625998657 83]
	[RESULT 101] [1 10.889320822501617 0 1 9 3999.943788081116 100]
	[RESULT 102] [0 5.000281745909114 0 3 24 3999.563598370006 96]
	[RESULT 103] [0 49.98159684092405 1 3 6 1328.1375054075286 6]
	[RESULT 104] [1 5.048645622839599 0 4 2 3931.5781048252425 100]
	[RESULT 105] [1 5.002751376271908 1 3 10 3831.3002533217227 97]
[OBJECTIVES]
	[RESULT 1] [ 0.01148232 -0.01751899  0.0190013   0.01924312  0.02124051  0.09800261
  0.          0.0009987   0.0090013   0.00800261  0.          0.01348232
 -0.02151638  0.0079987 ]
	[RESULT 2] [3.37019818e-02 3.70681941e-03 1.99951624e-02 1.84062655e-02
 1.83965903e-02 9.99903247e-02 0.00000000e+00 4.83762710e-06
 9.99516237e-03 9.99032475e-03 0.00000000e+00 3.32980182e-02
 4.70681941e-03 4.99516237e-03]
	[RESULT 3] [ 2.38322435e-02 -6.16691210e-03  1.99991556e-02  2.33351448e-02
  2.33334560e-02  9.99983113e-02  0.00000000e+00  8.44365545e-07
  9.99915563e-03  9.99831127e-03  0.00000000e+00  2.58322435e-02
 -6.16691210e-03  4.99915563e-03]
	[RESULT 4] [ 0.00950849 -0.01744728  0.01695577  0.01518789  0.02127636  0.09391153
  0.          0.00304423  0.00695577  0.00391153  0.          0.01050849
 -0.02053575  0.00404423]
	[RESULT 5] [ 0.01306347 -0.01580817  0.01887164  0.0195892   0.02184591  0.09774329
  0.          0.00112836  0.00887164  0.00774329  0.          0.01506347
 -0.01906488  0.00712836]
	[RESULT 6] [ 0.02840254  0.00328218  0.01512036  0.02188181  0.01835891  0.09024072
  0.          0.00663892  0.00512036  0.00024072  0.          0.03040254
 -0.0034771   0.00687964]
	[RESULT 7] [ 0.02912778  0.00057873  0.01854905  0.02261253  0.01971064  0.09709811
  0.          0.00145095  0.00854905  0.00709811  0.          0.03112778
 -0.00432316  0.00845095]
	[RESULT 8] [ 0.02158423 -0.00824831  0.01983254  0.02445907  0.02412415  0.09966508
  0.          0.00016746  0.00983254  0.00966508  0.          0.02208423
 -0.00974831  0.00483254]
	[RESULT 9] [ 0.02768244  0.00091013  0.01677231  0.02374968  0.01979493  0.09354461
  0.          0.00618308  0.00677231  0.00354461  0.          0.03018244
 -0.00654525  0.00972769]
	[RESULT 10] [ 0.02381427 -0.00493309  0.01874736  0.02497183  0.02246655  0.09749472
  0.          0.00125264  0.00874736  0.00749472  0.          0.02531427
 -0.00543309  0.00374736]
	[RESULT 11] [0.03138457 0.00884751 0.01976792 0.01629041 0.01582624 0.09953583
 0.         0.00023208 0.00976792 0.00953583 0.         0.02838457
 0.00984751 0.00476792]
	[RESULT 12] [ 0.02033069 -0.00935229  0.01968298  0.02468982  0.02467614  0.09936596
  0.          0.00031702  0.00968298  0.00936596  0.          0.02233069
 -0.00935229  0.00468298]
	[RESULT 13] [0.02926547 0.00222336 0.01704211 0.0249459  0.01913832 0.09408422
 0.         0.00295789 0.00704211 0.00408422 0.         0.03226547
 0.00030757 0.00495789]
	[RESULT 14] [ 0.02565994 -0.00292539  0.01858532  0.02454205  0.02171269  0.09717064
  0.          0.00141468  0.00858532  0.00717064  0.          0.02815994
 -0.00675474  0.00791468]
	[RESULT 15] [0.03434534 0.01012264 0.01553203 0.02412463 0.01518868 0.09106405
 0.         0.00959608 0.00553203 0.00106405 0.         0.03134534
 0.00018669 0.01146797]
	[RESULT 16] [0.03264468 0.00651385 0.01613082 0.02448143 0.01674307 0.09226165
 0.         0.00386918 0.00613082 0.00226165 0.         0.03314468
 0.0017755  0.00436918]
	[RESULT 17] [0.03437946 0.00878002 0.01684052 0.02217895 0.01585999 0.09368104
 0.         0.00547844 0.00684052 0.00368104 0.         0.03237946
 0.00146106 0.00915948]
	[RESULT 18] [ 0.01015263 -0.01871901  0.01887164  0.01813378  0.02039049  0.09774329
  0.          0.00112836  0.00887164  0.00774329  0.          0.01315263
 -0.02197572  0.00812836]
	[RESULT 19] [ 0.01790285 -0.00864906  0.0165519   0.01852927  0.02457453  0.0931038
  0.          0.0034481   0.0065519   0.0031038   0.          0.01940285
 -0.01154525  0.0039481 ]
	[RESULT 20] [0.0209487  0.02284986 0.01620144 0.01617219 0.00857507 0.09240288
 0.         0.00379856 0.00620144 0.00240288 0.         0.0194487
 0.00474726 0.00529856]
	[RESULT 21] [3.15332684e-02 1.53411272e-03 1.99991556e-02 1.94846324e-02
 1.94829436e-02 9.99983113e-02 0.00000000e+00 8.44365545e-07
 9.99915563e-03 9.99831127e-03 0.00000000e+00 3.35332684e-02
 1.53411272e-03 4.99915563e-03]
	[RESULT 22] [ 0.03102424  0.00304588  0.01797836  0.02277033  0.01872706  0.09595673
  0.          0.00256491  0.00797836  0.00595673  0.          0.03352424
 -0.00199739  0.00852164]
	[RESULT 23] [0.02664119 0.01788131 0.0154775  0.02010434 0.01105934 0.090955
 0.         0.00956749 0.0054775  0.000955   0.         0.02564119
 0.00683631 0.0105225 ]
	[RESULT 24] [ 2.25688554e-02 -7.43112301e-03  1.99999785e-02  2.39656046e-02
  2.39655615e-02  9.99999569e-02  0.00000000e+00  2.15424177e-08
  9.99997846e-03  9.99995692e-03  0.00000000e+00  2.55688554e-02
 -6.43112301e-03  4.99997846e-03]
	[RESULT 25] [ 2.84980087e-02 -1.45214644e-03  1.99501552e-02  2.10757629e-02
  2.09760732e-02  9.99003103e-02  0.00000000e+00  4.98448266e-05
  9.95015517e-03  9.90031035e-03  0.00000000e+00  3.14980087e-02
 -2.55183609e-03  7.04984483e-03]
	[RESULT 26] [ 0.02083395 -0.00427805  0.015112    0.01808497  0.02213903  0.090224
  0.          0.006664    0.005112    0.000224    0.          0.02283395
 -0.01105405  0.006888  ]
	[RESULT 27] [ 0.02424674 -0.00086414  0.01511088  0.01978968  0.02043207  0.09022175
  0.          0.00566737  0.00511088  0.00022175  0.          0.02524674
 -0.00764239  0.00588912]
	[RESULT 28] [ 0.02465764 -0.00102176  0.0156794   0.02084792  0.02051088  0.0913588
  0.          0.0089618   0.0056794   0.0013588   0.          0.02565764
 -0.01166296  0.0103206 ]
	[RESULT 29] [ 0.00891535 -0.01863356  0.01754891  0.01578103  0.02068322  0.09509782
  0.          0.00245109  0.00754891  0.00509782  0.          0.00991535
 -0.02053575  0.00345109]
	[RESULT 30] [ 0.02261558 -0.00715219  0.01976777  0.02429056  0.02382609  0.09953554
  0.          0.00023223  0.00976777  0.00953554  0.          0.02561558
 -0.00615219  0.00476777]
	[RESULT 31] [0.01476592 0.02411496 0.01934903 0.00835941 0.00705748 0.09869806
 0.         0.00065097 0.00934903 0.00869806 0.         0.01426592
 0.00041689 0.00615097]
	[RESULT 32] [ 2.84906203e-02 -1.46692321e-03  1.99575436e-02  2.10683745e-02
  2.09834616e-02  9.99150871e-02  0.00000000e+00  4.24564391e-05
  9.95754356e-03  9.91508712e-03  0.00000000e+00  3.14906203e-02
 -2.55183609e-03  7.04245644e-03]
	[RESULT 33] [ 0.01592716 -0.01363964  0.0195668   0.02231379  0.02318018  0.09913361
  0.          0.0004332   0.0095668   0.00913361  0.          0.01642716
 -0.01650603  0.0059332 ]
	[RESULT 34] [ 0.03149305  0.00444462  0.01704843  0.02393082  0.01802769  0.09409687
  0.          0.0058547   0.00704843  0.00409687  0.          0.03449305
 -0.00245851  0.00995157]
	[RESULT 35] [ 0.02231012 -0.00280067  0.01511078  0.01882123  0.02140033  0.09022157
  0.          0.00566765  0.00511078  0.00022157  0.          0.02331012
 -0.0095791   0.00588922]
	[RESULT 36] [ 2.57510027e-02 -4.24717146e-03  1.99981741e-02  2.21272374e-02
  2.21235857e-02  9.99963483e-02  0.00000000e+00  1.82585039e-06
  9.99817415e-03  9.99634830e-03  0.00000000e+00  2.62510027e-02
 -5.74717146e-03  4.99817415e-03]
	[RESULT 37] [ 0.02003641 -0.00871095  0.01874736  0.02313924  0.02435547  0.09749472
  0.          0.00125264  0.00874736  0.00749472  0.          0.02203641
 -0.00871095  0.00374736]
	[RESULT 38] [ 2.19951422e-02 -7.94602687e-03  1.99411691e-02  2.40906753e-02
  2.39730134e-02  9.98823382e-02  0.00000000e+00  5.88309103e-05
  9.94116909e-03  9.88233818e-03  0.00000000e+00  2.39951422e-02
 -7.94602687e-03  4.94116909e-03]
	[RESULT 39] [ 1.06591874e-02 -1.92939159e-02  1.99531033e-02  2.02592487e-02
  2.03530420e-02  9.99062067e-02  0.00000000e+00  4.68966519e-05
  9.95310335e-03  9.90620670e-03  0.00000000e+00  1.16591874e-02
 -2.13877092e-02  6.04689665e-03]
	[RESULT 40] [0.01550671 0.02214463 0.01663791 0.01279649 0.00607231 0.09327583
 0.         0.00558626 0.00663791 0.00327583 0.         0.01500671
 0.0038688  0.00886209]
	[RESULT 41] [ 1.21723988e-02 -1.77295903e-02  1.99019892e-02  2.06891832e-02
  2.08852048e-02  9.98039784e-02  0.00000000e+00  9.80108134e-05
  9.90198919e-03  9.80397837e-03  0.00000000e+00  1.51723988e-02
 -1.67295903e-02  4.90198919e-03]
	[RESULT 42] [ 0.0317283   0.00450868  0.01721962  0.02355642  0.01799566  0.09443924
  0.          0.00534113  0.00721962  0.00443924  0.          0.0347283
 -0.00205208  0.00978038]
	[RESULT 43] [ 0.02392004 -0.00228156  0.01620161  0.02126243  0.02114078  0.09240321
  0.          0.00379839  0.00620161  0.00240321  0.          0.02492004
 -0.00687835  0.00479839]
	[RESULT 44] [ 2.10182857e-02 -8.96516765e-03  1.99834533e-02  2.45156772e-02
  2.44825838e-02  9.99669066e-02  0.00000000e+00  1.65466807e-05
  9.98345332e-03  9.96690664e-03  0.00000000e+00  2.25182857e-02
 -9.46516765e-03  4.98345332e-03]
	[RESULT 45] [0.02977587 0.01381485 0.01640928 0.02052401 0.01334258 0.09281857
 0.         0.00627215 0.00640928 0.00281857 0.         0.02827587
 0.00563342 0.00909072]
	[RESULT 46] [ 1.16405042e-02 -1.83549733e-02  1.99954775e-02  2.08134684e-02
  2.08225134e-02  9.99909550e-02  0.00000000e+00  4.52248872e-06
  9.99547751e-03  9.99095502e-03  0.00000000e+00  1.26405042e-02
 -1.93549733e-02  4.99547751e-03]
	[RESULT 47] [ 2.89106475e-02 -1.06365049e-03  1.99742980e-02  2.08332292e-02
  2.07818252e-02  9.99485960e-02  0.00000000e+00  2.57019976e-05
  9.97429800e-03  9.94859600e-03  0.00000000e+00  3.19106475e-02
 -2.11505448e-03  7.02570200e-03]
	[RESULT 48] [0.01857514 0.02498817 0.01643668 0.01463254 0.00750591 0.09287337
 0.         0.00668995 0.00643668 0.00287337 0.         0.01757514
 0.00713846 0.00956332]
	[RESULT 49] [3.36104848e-02 3.61329136e-03 1.99971934e-02 1.84489674e-02
 1.84433543e-02 9.99943869e-02 0.00000000e+00 2.80655023e-06
 9.99719345e-03 9.99438690e-03 0.00000000e+00 3.33895152e-02
 4.61329136e-03 4.99719345e-03]
	[RESULT 50] [0.02436322 0.02010066 0.01553611 0.01887744 0.00994967 0.09107223
 0.         0.00539166 0.00553611 0.00107223 0.         0.02236322
 0.00882711 0.00646389]
	[RESULT 51] [0.03228241 0.01142777 0.01628982 0.02170648 0.01428611 0.09257963
 0.         0.00763055 0.00628982 0.00257963 0.         0.03078241
 0.0020074  0.01021018]
	[RESULT 52] [0.02419871 0.01875315 0.01704814 0.01677714 0.01087342 0.09409628
 0.         0.00295186 0.00704814 0.00409628 0.         0.02119871
 0.00615057 0.00495186]
	[RESULT 53] [0.01220943 0.01898848 0.01677905 0.01093614 0.00449424 0.0935581
 0.         0.00616285 0.00677905 0.0035581  0.         0.01070943
 0.00043038 0.00972095]
	[RESULT 54] [ 0.02815812 -0.00173726  0.01989538  0.02107787  0.02086863  0.09979076
  0.          0.00010462  0.00989538  0.00979076  0.          0.02915812
 -0.0039465   0.00610462]
	[RESULT 55] [ 0.00930462 -0.01669752  0.01600214  0.01340553  0.02140124  0.09200429
  0.          0.00399786  0.00600214  0.00200429  0.          0.01180462
 -0.02069323  0.00549786]
	[RESULT 56] [3.18244196e-02 2.62824161e-03 1.91961780e-02 2.05435231e-02
 1.89358792e-02 9.83923561e-02 0.00000000e+00 8.03821970e-04
 9.19617803e-03 8.39235606e-03 0.00000000e+00 3.48244196e-02
 2.05976646e-05 7.80382197e-03]
	[RESULT 57] [ 4.17690106e-03 -2.57603393e-02  1.99372404e-02  1.67443111e-02
  1.68698304e-02  9.98744807e-02  0.00000000e+00  6.27596376e-05
  9.93724036e-03  9.87448072e-03  0.00000000e+00  7.17690106e-03
 -2.47603393e-02  4.93724036e-03]
	[RESULT 58] [ 0.02261558 -0.00715219  0.01976777  0.02429056  0.02382609  0.09953554
  0.          0.00023223  0.00976777  0.00953554  0.          0.02561558
 -0.00615219  0.00476777]
	[RESULT 59] [ 0.02783533 -0.00204554  0.01988087  0.02151103  0.02127277  0.09976174
  0.          0.00011913  0.00988087  0.00976174  0.          0.03083533
 -0.0032838   0.00711913]
	[RESULT 60] [ 0.00992782 -0.01518362  0.01511144  0.01263106  0.02240819  0.09022287
  0.          0.00566569  0.00511144  0.00022287  0.          0.01092782
 -0.02196074  0.00588856]
	[RESULT 61] [ 0.00653355 -0.02233488  0.01886843  0.01631942  0.01858256  0.09773685
  0.          0.00113157  0.00886843  0.00773685  0.          0.00953355
 -0.02133488  0.00386843]
	[RESULT 62] [ 2.59766542e-02  9.22048561e-05  1.58844493e-02  2.15650011e-02
  2.02038976e-02  9.17688987e-02  0.00000000e+00  4.34665200e-03
  5.88444933e-03  1.76889867e-03  0.00000000e+00  2.89766542e-02
 -4.13889648e-03  6.11555067e-03]
	[RESULT 63] [ 0.00450464 -0.02514382  0.01964846  0.01647501  0.01717809  0.09929692
  0.          0.00035154  0.00964846  0.00929692  0.          0.00650464
 -0.02514382  0.00464846]
	[RESULT 64] [ 0.02898615 -0.00079957  0.01978573  0.02107833  0.02064979  0.09957145
  0.          0.00021427  0.00978573  0.00957145  0.          0.03198615
 -0.00222812  0.00721427]
	[RESULT 65] [ 0.01817638 -0.00952608  0.01770246  0.02064188  0.02476304  0.09540492
  0.          0.00239262  0.00770246  0.00540492  0.          0.01867638
 -0.01612116  0.00779754]
	[RESULT 66] [ 2.66383871e-02 -3.35677525e-03  1.99951624e-02  2.19380629e-02
  2.19283876e-02  9.99903247e-02  0.00000000e+00  4.83762710e-06
  9.99516237e-03  9.99032475e-03  0.00000000e+00  2.96383871e-02
 -2.35677525e-03  4.99516237e-03]
	[RESULT 67] [ 0.0210486  -0.00453622  0.01558482  0.01865153  0.02251811  0.09116964
  0.          0.00441518  0.00558482  0.00116964  0.          0.0225486
 -0.00936658  0.00491518]
	[RESULT 68] [ 0.02921456  0.00031888  0.01889567  0.02229921  0.02009056  0.09779134
  0.          0.00110433  0.00889567  0.00779134  0.          0.03221456
 -0.00288977  0.00810433]
	[RESULT 69] [ 0.02994263  0.00074645  0.01919618  0.02148442  0.01987678  0.09839236
  0.          0.00080382  0.00919618  0.00839236  0.          0.03294263
 -0.0018612   0.00780382]
	[RESULT 70] [ 0.01793114 -0.01175671  0.01968786  0.02324735  0.02387164  0.09937571
  0.          0.00031214  0.00968786  0.00937571  0.          0.02043114
 -0.01125671  0.00468786]
	[RESULT 71] [0.03228803 0.00717561 0.01511242 0.02356264 0.0166622  0.09022484
 0.         0.00616275 0.00511242 0.00022484 0.         0.03478803
 0.00140045 0.00638758]
	[RESULT 72] [0.02776003 0.01338364 0.01885633 0.01584551 0.01355818 0.09771267
 0.         0.00114367 0.00885633 0.00771267 0.         0.02526003
 0.00911636 0.00385633]
	[RESULT 73] [ 0.03163744  0.00340268  0.01823476  0.02182914  0.01829866  0.09646952
  0.          0.00179572  0.00823476  0.00646952  0.          0.03313744
 -0.0021278   0.00826524]
	[RESULT 74] [ 0.02222906 -0.00543829  0.01766734  0.02261554  0.02271914  0.09533468
  0.          0.00233266  0.00766734  0.00533468  0.          0.02322906
 -0.0071036   0.00333266]
	[RESULT 75] [ 0.02147203 -0.00526645  0.01673848  0.02084373  0.02263322  0.09347695
  0.          0.00326152  0.00673848  0.00347695  0.          0.02347203
 -0.00878949  0.00526152]
	[RESULT 76] [0.02384504 0.018435   0.01771996 0.01534258 0.0107825  0.09543992
 0.         0.00384012 0.00771996 0.00543992 0.         0.02184504
 0.01112508 0.00928004]
	[RESULT 77] [ 0.02509263 -0.00218508  0.01727771  0.02346288  0.02109254  0.09455542
  0.          0.00272229  0.00727771  0.00455542  0.          0.02709263
 -0.00462966  0.00472229]
	[RESULT 78] [ 0.02392385 -0.0011886   0.01511244  0.01938059  0.0208443   0.09022489
  0.          0.00833733  0.00511244  0.00022489  0.          0.02692385
 -0.01196371  0.01188756]
	[RESULT 79] [0.03265493 0.01108246 0.01626261 0.02218355 0.01470877 0.09252522
 0.         0.00373739 0.00626261 0.00252522 0.         0.02965493
 0.00760768 0.00573739]
	[RESULT 80] [ 0.02041162 -0.00759636  0.01800798  0.02221778  0.02379818  0.09601597
  0.          0.00199202  0.00800798  0.00601597  0.          0.02141162
 -0.00859636  0.00300798]
	[RESULT 81] [ 1.90254515e-02 -1.09581958e-02  1.99836472e-02  2.42381966e-02
  2.42709021e-02  9.99672945e-02  0.00000000e+00  1.63527704e-05
  9.98364723e-03  9.96729446e-03  0.00000000e+00  2.10254515e-02
 -1.09581958e-02  4.98364723e-03]
	[RESULT 82] [ 0.0074862  -0.02003702  0.01752322  0.01502794  0.01998149  0.09504645
  0.          0.00247678  0.00752322  0.00504645  0.          0.0094862
 -0.02199057  0.00447678]
	[RESULT 83] [ 0.02663184 -0.00236956  0.0190014   0.02318197  0.02118478  0.09800281
  0.          0.0009986   0.0090014   0.00800281  0.          0.02863184
 -0.00636675  0.0079986 ]
	[RESULT 84] [ 0.02988668  0.00477766  0.01510902  0.02260687  0.01761117  0.09021804
  0.          0.00932706  0.00510902  0.00021804  0.          0.03088668
 -0.0070043   0.01089098]
	[RESULT 85] [ 0.02825853 -0.00119915  0.01945767  0.02193423  0.02084957  0.09891535
  0.          0.00054233  0.00945767  0.00891535  0.          0.03125853
 -0.0032838   0.00754233]
	[RESULT 86] [ 0.02988889  0.00409993  0.01578895  0.02362787  0.01795003  0.0915779
  0.          0.00421105  0.00578895  0.0015779   0.          0.03038889
 -0.00132216  0.00471105]
	[RESULT 87] [ 0.030365    0.00308496  0.01728005  0.02414742  0.01870752  0.0945601
  0.          0.00415985  0.00728005  0.0045601   0.          0.032365
 -0.00335495  0.00871995]
	[RESULT 88] [ 0.02309098 -0.00385559  0.01694657  0.02196534  0.02192779  0.09389314
  0.          0.00305343  0.00694657  0.00389314  0.          0.02509098
 -0.00696245  0.00505343]
	[RESULT 89] [ 0.01095281 -0.0144288   0.01538161  0.01329882  0.0225356   0.09076322
  0.          0.00485517  0.00538161  0.00076322  0.          0.01295281
 -0.01966558  0.00561839]
	[RESULT 90] [ 1.50307643e-02 -1.49691656e-02  1.99999299e-02  2.25152770e-02
  2.25154172e-02  9.99998597e-02  0.00000000e+00  7.01323251e-08
  9.99992987e-03  9.99985974e-03  0.00000000e+00  1.55307643e-02
 -1.64691656e-02  4.99992987e-03]
	[RESULT 91] [ 0.01944969 -0.01038323  0.01983292  0.02422423  0.02455839  0.09966584
  0.          0.00016708  0.00983292  0.00966584  0.          0.02144969
 -0.01171739  0.00616708]
	[RESULT 92] [ 0.01498263 -0.01012766  0.0151103   0.01515676  0.02493617  0.0902206
  0.          0.00833089  0.0051103   0.0002206   0.          0.01698263
 -0.02190707  0.0118897 ]
	[RESULT 93] [ 0.02628559 -0.00159877  0.01788436  0.02471934  0.02104939  0.09576872
  0.          0.00211564  0.00788436  0.00576872  0.          0.02928559
 -0.00183005  0.00411564]
	[RESULT 94] [ 0.01664141 -0.0087187   0.01536011  0.01611087  0.02460935  0.09072022
  0.          0.00491966  0.00536011  0.00072022  0.          0.01864141
 -0.01399848  0.00563989]
	[RESULT 95] [ 0.01004646 -0.01802199  0.01806845  0.0171259   0.02098901  0.09613689
  0.          0.00193155  0.00806845  0.00613689  0.          0.01104646
 -0.01902199  0.00306845]
	[RESULT 96] [ 0.02731815 -0.00240834  0.01972649  0.02200118  0.02145417  0.09945299
  0.          0.00027351  0.00972649  0.00945299  0.          0.02981815
 -0.00190834  0.00472649]
	[RESULT 97] [ 0.03111835  0.00600931  0.01510904  0.02297273  0.01724534  0.09021807
  0.          0.00882711  0.00510904  0.00021807  0.          0.03361835
 -0.00477261  0.01139096]
	[RESULT 98] [ 0.00592751 -0.02372509  0.0196526   0.01744265  0.01813745  0.0993052
  0.          0.0003474   0.0096526   0.0093052   0.          0.00792751
 -0.02372509  0.0046526 ]
	[RESULT 99] [ 2.05688554e-02 -9.43112301e-03  1.99999785e-02  2.49656046e-02
  2.49655615e-02  9.99999569e-02  0.00000000e+00  2.15424177e-08
  9.99997846e-03  9.99995692e-03  0.00000000e+00  2.35688554e-02
 -8.43112301e-03  4.99997846e-03]
	[RESULT 100] [0.0213087  0.02300346 0.01568783 0.01712261 0.00849827 0.09137566
 0.         0.00843651 0.00568783 0.00137566 0.         0.0208087
 0.01062087 0.00981217]
	[RESULT 101] [ 0.00833032 -0.01739544  0.01572576  0.0125038   0.02105228  0.09145152
  0.          0.00427424  0.00572576  0.00145152  0.          0.00983032
 -0.02194391  0.00477424]
	[RESULT 102] [ 2.14303228e-02 -8.56826886e-03  1.99985917e-02  2.42869511e-02
  2.42841344e-02  9.99971833e-02  0.00000000e+00  1.40833275e-06
  9.99859167e-03  9.99718333e-03  0.00000000e+00  2.29303228e-02
 -9.06826886e-03  4.99859167e-03]
	[RESULT 103] [0.01055102 0.01565976 0.01510874 0.0126124  0.00282988 0.09021748
 0.         0.00882622 0.00510874 0.00021748 0.         0.00905102
 0.00044228 0.01139126]
	[RESULT 104] [ 0.02254186 -0.00722619  0.01976805  0.02432699  0.0238631   0.09953611
  0.          0.00023195  0.00976805  0.00953611  0.          0.02554186
 -0.00622619  0.00476805]
	[RESULT 105] [2.42129242e-02 1.58007949e-02 1.99862809e-02 1.23770408e-02
 1.23496025e-02 9.99725617e-02 0.00000000e+00 1.37191349e-05
 9.98628087e-03 9.97256173e-03 0.00000000e+00 2.17129242e-02
 8.22664335e-03 6.51371913e-03]
