[METRICS]
	[DISEQUILIBRIUM COUNT] 1309
	[MINIMUM S0 sTrt S1 DISTANCE]0.004003819593854319
	[MINIMUM S0 sTrt S21 DISTANCE]-0.025994105930469316
	[MINIMUM S0 sTrt S22 DISTANCE]0.015108716625584384
	[MINIMUM S7 sTrt S6 DISTANCE]0.00775205109233762
	[MINIMUM S7 sTrt S8 DISTANCE]0.0028405911307630705
	[MINIMUM S7 sTrt S21 DISTANCE]0.09021743325116872
	[MINIMUM S7 esTrt S22 DISTANCE]0.0
	[MINIMUM S14 sTrt S13 DISTANCE]1.0567247077375441e-07
	[MINIMUM S14 sTrt S15 DISTANCE]0.005108716625584375
	[MINIMUM S14 sTrt S21 DISTANCE]0.00021743325116871381
	[MINIMUM S14 sTrt S22 DISTANCE]0.0
	[MINIMUM S20 sTrt S19 DISTANCE]0.0055044668827031185
	[MINIMUM S20 sTrt S21 DISTANCE]-0.0264928242745714
	[MINIMUM S20 sTrt S22 DISTANCE]0.0027571329897194893
	[AVERAGE S0 sTrt S1 DISTANCE]0.020357323727997347
	[AVERAGE S0 sTrt S21 DISTANCE]0.008211685939617814
	[AVERAGE S0 sTrt S22 DISTANCE]0.017191102141819865
	[AVERAGE S7 sTrt S6 DISTANCE]0.017262984399036622
	[AVERAGE S7 sTrt S8 DISTANCE]0.013396711269521808
	[AVERAGE S7 sTrt S21 DISTANCE]0.09438220428363975
	[AVERAGE S7 sTrt S22 DISTANCE]0.0
	[AVERAGE S14 sTrt S13 DISTANCE]0.004007596171247631
	[AVERAGE S14 sTrt S15 DISTANCE]0.007191102141819863
	[AVERAGE S14 sTrt S21 DISTANCE]0.004382204283639685
	[AVERAGE S14 sTrt S22 DISTANCE]0.0
	[AVERAGE S20 sTrt S19 DISTANCE]0.020201097280227762
	[AVERAGE S20 sTrt S21 DISTANCE]-0.0017129603415297688
	[AVERAGE S20 sTrt S22 DISTANCE]0.006752503974916447
[VARIABLES]
	[RESULT 1] [1 22.241283122899723 1 4 4 3997.9192997293853 12]
	[RESULT 2] [1 5.316473773013816 0 4 7 3986.6665738104566 100]
	[RESULT 3] [0 5.306929409571546 1 4 1 3997.143738053119 100]
	[RESULT 4] [0 5.025223358778767 1 4 5 3999.863119170952 98]
	[RESULT 5] [1 8.339966076961135 1 4 4 3971.445722680712 100]
	[RESULT 6] [1 35.44440227929579 0 4 18 3994.441487781239 99]
	[RESULT 7] [1 5.125015764700285 0 4 5 3999.9832260847925 100]
	[RESULT 8] [0 18.501854098833256 1 1 4 3999.8672378692104 99]
	[RESULT 9] [1 5.026168921611712 1 4 7 3975.675152276778 100]
	[RESULT 10] [1 5.050688330961341 0 4 3 3999.9815150246604 100]
	[RESULT 11] [1 5.181047531759342 0 4 5 3781.160282790401 100]
	[RESULT 12] [1 5.002227132317903 0 1 6 3999.4888317288596 100]
	[RESULT 13] [1 5.044145543354451 0 2 5 3999.9735120200316 100]
	[RESULT 14] [0 5.000649716665133 1 4 13 3999.3700097950627 99]
	[RESULT 15] [1 5.139525905938097 1 4 4 3999.319069051084 99]
	[RESULT 16] [0 6.1909026488772145 0 4 5 3999.9983955150833 100]
	[RESULT 17] [1 7.335283030478151 1 4 7 3949.546180709294 100]
	[RESULT 18] [1 5.220286815731031 0 4 6 3947.801449368061 99]
	[RESULT 19] [1 5.05970998658416 0 1 19 3999.657458650618 100]
	[RESULT 20] [1 5.05261287173519 0 1 18 3999.189304878218 100]
	[RESULT 21] [0 5.36967857061078 0 4 5 3997.0474523129797 100]
	[RESULT 22] [1 10.492379734008734 0 1 4 3994.31978796114 100]
	[RESULT 23] [1 5.012247518268996 0 1 5 3999.990234351142 100]
	[RESULT 24] [0 6.440336243651654 0 4 8 3999.9903676733757 100]
	[RESULT 25] [0 5.70082912372663 0 3 4 3999.9402469679803 100]
	[RESULT 26] [0 5.000060598378353 0 2 2 3999.992025528373 94]
	[RESULT 27] [1 5.066294468889944 1 4 12 3999.9808334791105 99]
	[RESULT 28] [1 5.123995183981544 0 4 6 3999.983707927114 100]
	[RESULT 29] [1 7.1462478435504675 0 1 5 3999.653392295044 100]
	[RESULT 30] [1 42.33639023085904 1 4 4 3928.8485910468967 98]
	[RESULT 31] [1 5.048769572554393 0 4 7 3999.957910782043 100]
	[RESULT 32] [1 5.353567534031004 0 1 5 3999.9996515866706 100]
	[RESULT 33] [1 7.740146414414307 0 3 18 3980.437171756964 99]
	[RESULT 34] [1 5.163934218299623 0 4 5 3999.9651866927557 100]
	[RESULT 35] [1 7.123825935226329 0 4 7 3999.9582345794897 100]
	[RESULT 36] [0 5.539301469494341 1 4 12 3873.9789356943033 98]
	[RESULT 37] [0 5.0002208814064755 0 3 8 3999.1745264874526 88]
	[RESULT 38] [1 6.859118500636936 0 4 5 3999.934766429406 100]
	[RESULT 39] [1 5.0172473027856235 0 4 6 3999.6932765743554 11]
	[RESULT 40] [0 5.048769572554393 0 4 7 3999.9840393458026 100]
	[RESULT 41] [0 5.000287767235591 0 4 2 3999.9974918681587 100]
	[RESULT 42] [1 6.599851339974261 0 1 5 3999.8450516045773 100]
	[RESULT 43] [0 5.706372611532127 0 1 6 3986.43893528762 100]
	[RESULT 44] [0 39.22963701402095 0 1 12 3999.619603956328 98]
	[RESULT 45] [1 5.3026007335104195 1 1 6 3999.849144169295 100]
	[RESULT 46] [1 6.671015753619293 0 4 7 3999.9582345794897 99]
	[RESULT 47] [1 5.000441753393006 1 4 6 3953.774985724945 100]
	[RESULT 48] [1 5.0021815560981 0 2 5 3999.934766429406 100]
	[RESULT 49] [1 5.000508071291787 0 4 11 1504.8416905910212 100]
	[RESULT 50] [1 6.403352440026911 0 2 12 3999.9808392281457 100]
	[RESULT 51] [0 5.022110908166952 1 4 7 3975.675152276778 100]
	[RESULT 52] [1 11.827201963618636 0 4 18 3999.9953492327727 94]
	[RESULT 53] [0 5.159706831416219 1 1 4 3999.963900916184 84]
	[RESULT 54] [1 43.64451395693064 0 4 5 3928.86032018807 100]
	[RESULT 55] [0 18.274759340178218 0 1 5 3999.9466828287614 99]
	[RESULT 56] [1 5.817533189959102 0 4 18 3994.441487781239 99]
	[RESULT 57] [1 7.177787696350398 0 1 18 3999.6507211908934 97]
	[RESULT 58] [0 5.70241999312398 0 2 9 3996.3640965372083 100]
	[RESULT 59] [1 5.000672838907743 0 4 6 3944.658070880155 100]
	[RESULT 60] [0 5.000351518434531 1 4 2 3775.4752320827374 100]
	[RESULT 61] [0 9.184122606668561 1 1 10 1087.6302299790123 10]
	[RESULT 62] [1 5.317780865113398 0 4 6 3542.9067032213516 100]
	[RESULT 63] [1 5.0007071632974185 0 1 6 3999.4888317288596 99]
	[RESULT 64] [0 47.76268681654756 1 1 12 3999.72458775952 98]
	[RESULT 65] [1 7.281878898226423 0 3 8 3999.9937922941563 100]
	[RESULT 66] [1 5.092831921085708 0 4 18 3999.323773856023 100]
	[RESULT 67] [0 12.976216379832024 0 2 6 3999.998541085385 94]
	[RESULT 68] [1 5.5731581890463975 0 4 13 3999.0217198871546 99]
	[RESULT 69] [1 5.012220065830206 0 4 18 3999.995658897564 100]
	[RESULT 70] [1 5.231480719005934 0 4 6 3858.9430117527813 100]
	[RESULT 71] [1 5.047126457069155 0 2 5 3999.997523692395 96]
	[RESULT 72] [1 5.0001510530888265 1 4 6 3953.774985724945 100]
	[RESULT 73] [1 6.460325573805818 0 4 4 3999.9988784654274 100]
	[RESULT 74] [1 6.6930860173299 0 4 7 3998.7918377134674 100]
	[RESULT 75] [1 5.370959915363199 0 4 5 3935.362676249643 100]
	[RESULT 76] [0 5.0001540166434095 1 4 2 3878.8770318842317 100]
	[RESULT 77] [0 6.898087876844175 0 4 5 3963.12567638516 100]
	[RESULT 78] [1 45.43588377849148 1 1 6 3999.983707927114 100]
	[RESULT 79] [1 16.73634727587439 0 1 6 3999.990784200027 100]
	[RESULT 80] [0 41.65669487984537 0 2 1 3976.834973686556 98]
	[RESULT 81] [0 5.1483818088496225 1 4 4 3580.970594703066 100]
	[RESULT 82] [1 5.054801334902605 0 4 5 3999.51573863727 100]
	[RESULT 83] [1 5.031964535888565 0 1 5 3999.189304878218 100]
	[RESULT 84] [1 6.887679619023248 0 3 8 3999.9937922941563 100]
	[RESULT 85] [1 5.013321047041104 0 4 5 3998.787224270826 100]
	[RESULT 86] [1 34.6817757071266 0 4 18 3992.132157794203 100]
	[RESULT 87] [1 43.64451395693064 0 4 5 3881.1450141106234 100]
	[RESULT 88] [1 7.645398661531675 0 2 7 3807.6901663778954 94]
	[RESULT 89] [0 6.178240054641468 0 4 20 3997.0474523129797 100]
	[RESULT 90] [0 5.451378683917424 1 4 13 3929.0229452546046 99]
	[RESULT 91] [1 5.089936417562717 0 4 6 3999.983707927114 100]
	[RESULT 92] [1 11.153049883114925 0 3 17 3846.0214844522666 99]
	[RESULT 93] [1 5.323697979141302 0 4 18 3999.9331603308187 97]
	[RESULT 94] [1 19.68325169813217 0 1 6 3858.6909720657577 100]
	[RESULT 95] [1 5.000441753393006 1 4 6 3961.5900065851483 100]
	[RESULT 96] [1 5.143064716087893 0 4 5 3939.5404609739307 100]
	[RESULT 97] [1 24.763124905720186 1 4 4 3942.215965268923 16]
	[RESULT 98] [0 5.000200167500246 1 4 2 3777.493359189468 100]
	[RESULT 99] [0 5.3020123902543865 0 4 4 3997.071970446553 99]
	[RESULT 100] [1 5.232110989754295 0 4 5 3999.92975619938 38]
	[RESULT 101] [1 5.014935304422846 0 4 3 3624.493414541496 100]
	[RESULT 102] [1 5.000021134940835 0 2 7 3975.834039832307 100]
	[RESULT 103] [1 5.224751957647197 0 3 9 3976.7430974859763 100]
	[RESULT 104] [0 5.000315360888378 0 2 1 3999.9743232635496 100]
	[RESULT 105] [0 5.721414986212483 1 1 2 2287.03923912245 22]
[OBJECTIVES]
	[RESULT 1] [ 0.03457799  0.01014791  0.0152741   0.02462784  0.01517605  0.09054821
  0.          0.00882231  0.0052741   0.00054821  0.          0.03157799
 -0.00030389  0.0117259 ]
	[RESULT 2] [ 0.01389767 -0.01490036  0.01879802  0.01989587  0.02229982  0.09759605
  0.          0.00120198  0.00879802  0.00759605  0.          0.01689767
 -0.01390036  0.00379802]
	[RESULT 3] [ 0.01373763 -0.01508813  0.01882576  0.02010746  0.02245594  0.09765152
  0.          0.00117424  0.00882576  0.00765152  0.          0.01573763
 -0.01943661  0.00817424]
	[RESULT 4] [ 0.02359248 -0.0062845   0.01987699  0.02338828  0.02314225  0.09975397
  0.          0.00012301  0.00987699  0.00975397  0.          0.02559248
 -0.00853053  0.00712301]
	[RESULT 5] [ 2.61775142e-02  2.54314999e-05  1.61520827e-02  2.20668812e-02
  2.02372843e-02  9.23041655e-02  0.00000000e+00  8.54375179e-03
  6.15208274e-03  2.30416548e-03  0.00000000e+00  2.91775142e-02
 -8.67040302e-03  1.08479173e-02]
	[RESULT 6] [ 0.02338842 -0.00177059  0.01515901  0.01918273  0.02113529  0.09031802
  0.          0.00652297  0.00515901  0.00031802  0.          0.02638842
 -0.00745257  0.00684099]
	[RESULT 7] [ 0.00457238 -0.024872    0.01944438  0.01620276  0.017314    0.09888876
  0.          0.00055562  0.00944438  0.00888876  0.          0.00757238
 -0.023872    0.00444438]
	[RESULT 8] [ 0.02478728 -0.00055751  0.01534478  0.02041081  0.02027875  0.09068957
  0.          0.00946565  0.00534478  0.00068957  0.          0.02528728
 -0.01186794  0.01015522]
	[RESULT 9] [ 0.02145641 -0.00841608  0.01987249  0.02471306  0.02445804  0.09974498
  0.          0.00012751  0.00987249  0.00974498  0.          0.02445641
 -0.0096711   0.00712751]
	[RESULT 10] [ 0.00425969 -0.0254991   0.01975879  0.01651802  0.01700045  0.09951757
  0.          0.00024121  0.00975879  0.00951757  0.          0.00725969
 -0.0244991   0.00475879]
	[RESULT 11] [ 0.02720331 -0.00203022  0.01923353  0.02279805  0.02126511  0.09846706
  0.          0.00076647  0.00923353  0.00846706  0.          0.03020331
 -0.00103022  0.00423353]
	[RESULT 12] [ 4.51203689e-03 -2.54768522e-02  1.99888891e-02  1.69893521e-02
  1.70115739e-02  9.99777782e-02  0.00000000e+00  1.11109161e-05
  9.98888908e-03  9.97777817e-03  0.00000000e+00  6.01203689e-03
 -2.59768522e-02  4.98888908e-03]
	[RESULT 13] [ 0.00423786 -0.02555075  0.0197886   0.01655183  0.01697463  0.09957721
  0.          0.0002114   0.0097886   0.00957721  0.          0.00623786
 -0.02555075  0.0047886 ]
	[RESULT 14] [ 2.06177514e-02 -9.37900213e-03  1.99967535e-02  2.46959940e-02
  2.46895011e-02  9.99935071e-02  0.00000000e+00  3.24647404e-06
  9.99675353e-03  9.99350705e-03  0.00000000e+00  2.26177514e-02
 -1.13854951e-02  7.00324647e-03]
	[RESULT 15] [ 0.02027509 -0.0091127   0.01938779  0.02396923  0.02480635  0.09877558
  0.          0.00061221  0.00938779  0.00877558  0.          0.02327509
 -0.01133712  0.00761221]
	[RESULT 16] [ 0.00771944 -0.01956272  0.01728216  0.01478297  0.02021864  0.09456433
  0.          0.00271784  0.00728216  0.00456433  0.          0.00971944
 -0.0219984   0.00471784]
	[RESULT 17] [ 0.02921766  0.00271854  0.01649912  0.02410752  0.01889073  0.09299825
  0.          0.00750263  0.00649912  0.00299825  0.          0.03221766
 -0.00528321  0.01050088]
	[RESULT 18] [0.0318066  0.0027092  0.0190974  0.02070061 0.0188954  0.09819479
 0.         0.0009026  0.0090974  0.00819479 0.         0.0348066
 0.0037092  0.0040974 ]
	[RESULT 19] [ 0.00461964 -0.02509863  0.01971827  0.01663723  0.01720068  0.09943654
  0.          0.00028173  0.00971827  0.00943654  0.          0.00611964
 -0.02559863  0.00471827]
	[RESULT 20] [ 0.00503515 -0.02471494  0.01975008  0.0168927   0.01739253  0.09950017
  0.          0.00024992  0.00975008  0.00950017  0.          0.00653515
 -0.02521494  0.00475008]
	[RESULT 21] [ 0.00899019 -0.0196603   0.01865049  0.01747083  0.02016985  0.09730098
  0.          0.00134951  0.00865049  0.00730098  0.          0.01099019
 -0.0196603   0.00365049]
	[RESULT 22] [ 0.01285843 -0.0129117   0.01577013  0.01483442  0.02329415  0.09154027
  0.          0.00422987  0.00577013  0.00154027  0.          0.01435843
 -0.01737144  0.00472987]
	[RESULT 23] [ 4.07025849e-03 -2.58692448e-02  1.99395033e-02  1.66943843e-02
  1.68153776e-02  9.98790067e-02  0.00000000e+00  6.04966574e-05
  9.93950334e-03  9.87900669e-03  0.00000000e+00  5.57025849e-03
 -2.63692448e-02  4.93950334e-03]
	[RESULT 24] [ 0.00796073 -0.01908817  0.0170489   0.01455371  0.02045592  0.0940978
  0.          0.0029511   0.0070489   0.0040978   0.          0.00996073
 -0.02199037  0.0049511 ]
	[RESULT 25] [ 0.00711987 -0.02081987  0.01793974  0.01546955  0.01959006  0.09587949
  0.          0.00206026  0.00793974  0.00587949  0.          0.00861987
 -0.02194039  0.00356026]
	[RESULT 26] [ 2.21511320e-02 -7.84856498e-03  1.99996970e-02  2.39248884e-02
  2.39242825e-02  9.99993941e-02  0.00000000e+00  3.02973532e-07
  9.99969703e-03  9.99939405e-03  0.00000000e+00  2.31511320e-02
 -8.84856498e-03  4.99969703e-03]
	[RESULT 27] [ 0.01933002 -0.01035912  0.01968914  0.02394871  0.02457044  0.09937827
  0.          0.00031086  0.00968914  0.00937827  0.          0.02233002
 -0.01198085  0.00731086]
	[RESULT 28] [ 0.00456786 -0.02488055  0.01944842  0.01620656  0.01730972  0.09889684
  0.          0.00055158  0.00944842  0.00889684  0.          0.00756786
 -0.02388055  0.00444842]
	[RESULT 29] [ 0.00775267 -0.01883652  0.01658919  0.01351013  0.02033174  0.09317839
  0.          0.00341081  0.00658919  0.00317839  0.          0.00925267
 -0.02165813  0.00391081]
	[RESULT 30] [0.02429726 0.02057232 0.01513042 0.01970299 0.00996384 0.09026085
 0.         0.00839127 0.00513042 0.00026085 0.         0.02129726
 0.00983317 0.01186958]
	[RESULT 31] [ 0.00427453 -0.02549296  0.01976749  0.0165385   0.01700352  0.09953498
  0.          0.00023251  0.00976749  0.00953498  0.          0.00727453
 -0.02449296  0.00476749]
	[RESULT 32] [ 0.00530641 -0.02338754  0.01869394  0.01544412  0.01805623  0.09738788
  0.          0.00130606  0.00869394  0.00738788  0.          0.00680641
 -0.02388754  0.00369394]
	[RESULT 33] [ 0.02863801  0.00230117  0.01633685  0.02357427  0.01909942  0.09267369
  0.          0.00366315  0.00633685  0.00267369  0.          0.03113801
 -0.00102514  0.00516315]
	[RESULT 34] [ 0.00473899 -0.02455679  0.01929578  0.01606316  0.01747161  0.09859155
  0.          0.00070422  0.00929578  0.00859155  0.          0.00773899
 -0.02355679  0.00429578]
	[RESULT 35] [ 0.00744109 -0.01915951  0.0166006   0.01337145  0.02017025  0.0932012
  0.          0.0033994   0.0066006   0.0032012   0.          0.01044109
 -0.0219583   0.0053994 ]
	[RESULT 36] [0.02405339 0.01769838 0.01824823 0.01465435 0.01115081 0.09649645
 0.         0.00225532 0.00824823 0.00649645 0.         0.02205339
 0.01080516 0.00875177]
	[RESULT 37] [ 2.42617311e-02 -5.73716475e-03  1.99988958e-02  2.28707907e-02
  2.28685824e-02  9.99977917e-02  0.00000000e+00  1.10416314e-06
  9.99889584e-03  9.99779167e-03  0.00000000e+00  2.57617311e-02
 -6.23716475e-03  4.99889584e-03]
	[RESULT 38] [ 0.00731627 -0.01943252  0.01674879  0.01353132  0.02003374  0.09349758
  0.          0.00325121  0.00674879  0.00349758  0.          0.01031627
 -0.02193494  0.00525121]
	[RESULT 39] [ 2.41655580e-02 -5.74966759e-03  1.99152256e-02  2.32943826e-02
  2.31248338e-02  9.98304512e-02  0.00000000e+00  8.47743845e-05
  9.91522562e-03  9.83045123e-03  0.00000000e+00  2.71655580e-02
 -4.74966759e-03  4.91522562e-03]
	[RESULT 40] [ 0.00524846 -0.02451903  0.01976749  0.01727547  0.01774048  0.09953498
  0.          0.00023251  0.00976749  0.00953498  0.          0.00724846
 -0.02451903  0.00476749]
	[RESULT 41] [ 5.00394630e-03 -2.49946153e-02  1.99985616e-02  1.74998155e-02
  1.75026924e-02  9.99971232e-02  0.00000000e+00  1.43842225e-06
  9.99856158e-03  9.99712316e-03  0.00000000e+00  7.00394630e-03
 -2.49946153e-02  4.99856158e-03]
	[RESULT 42] [ 0.00723081 -0.01969238  0.01692319  0.01375018  0.01990381  0.09384637
  0.          0.00307681  0.00692319  0.00384637  0.          0.00873081
 -0.02184601  0.00357681]
	[RESULT 43] [ 0.01586175 -0.01206844  0.01793019  0.01982616  0.02396578  0.09586038
  0.          0.00206981  0.00793019  0.00586038  0.          0.01636175
 -0.01356844  0.00293019]
	[RESULT 44] [ 0.0235661  -0.00157582  0.01514193  0.01949594  0.02078791  0.09028385
  0.          0.00507422  0.00514193  0.00028385  0.          0.0240661
 -0.00829197  0.00535807]
	[RESULT 45] [ 0.01031148 -0.018527    0.01883847  0.01816345  0.0204865   0.09767695
  0.          0.00116153  0.00883847  0.00767695  0.          0.01181148
 -0.02185005  0.00666153]
	[RESULT 46] [ 0.01716975 -0.0097022   0.01687195  0.01864279  0.0248989   0.09374389
  0.          0.00312805  0.00687195  0.00374389  0.          0.02016975
 -0.0119583   0.00512805]
	[RESULT 47] [ 2.52272008e-02 -4.77059143e-03  1.99977922e-02  2.26397113e-02
  2.26352957e-02  9.99955844e-02  0.00000000e+00  2.20779167e-06
  9.99779221e-03  9.99558442e-03  0.00000000e+00  2.82272008e-02
 -5.77500702e-03  7.00220779e-03]
	[RESULT 48] [ 4.07594783e-03 -2.59131681e-02  1.99891160e-02  1.67716479e-02
  1.67934159e-02  9.99782319e-02  0.00000000e+00  1.08840364e-05
  9.98911596e-03  9.97823193e-03  0.00000000e+00  6.07594783e-03
 -2.59131681e-02  4.98911596e-03]
	[RESULT 49] [ 2.87545388e-02 -1.24292216e-03  1.99974609e-02  2.08765392e-02
  2.08714611e-02  9.99949219e-02  0.00000000e+00  2.53906643e-06
  9.99746093e-03  9.99492187e-03  0.00000000e+00  3.17545388e-02
 -2.42922160e-04  4.99746093e-03]
	[RESULT 50] [ 0.00693872 -0.02014171  0.01708043  0.01384     0.01967915  0.09416085
  0.          0.00291957  0.00708043  0.00416085  0.          0.00893872
 -0.02198085  0.00391957]
	[RESULT 51] [ 0.02243706 -0.00745477  0.01989184  0.02394371  0.02372739  0.09978367
  0.          0.00010816  0.00989184  0.00978367  0.          0.02443706
 -0.0096711   0.00710816]
	[RESULT 52] [ 0.02550871 -0.00013009  0.0156388   0.02096255  0.02031504  0.0912776
  0.          0.00508361  0.0056388   0.0012776   0.          0.02850871
 -0.00485249  0.0063612 ]
	[RESULT 53] [ 0.02954814  0.00023671  0.01931143  0.02125878  0.01988165  0.09862287
  0.          0.00068857  0.00931143  0.00862287  0.          0.03004814
 -0.00314042  0.00618857]
	[RESULT 54] [ 0.02737292  0.0022468   0.01512612  0.02112564  0.0191266   0.09025224
  0.          0.00662164  0.00512612  0.00025224  0.          0.03037292
 -0.00350096  0.00687388]
	[RESULT 55] [ 0.01970294 -0.00564733  0.01535027  0.01787687  0.02282367  0.09070054
  0.          0.00464973  0.00535027  0.00070054  0.          0.02020294
 -0.0119468   0.00514973]
	[RESULT 56] [ 0.02079645 -0.00695453  0.01775098  0.0217747   0.02372726  0.09550196
  0.          0.00224902  0.00775098  0.00550196  0.          0.02379645
 -0.00745257  0.00424902]
	[RESULT 57] [ 0.02277104 -0.00380238  0.01657342  0.02099565  0.02215119  0.09314684
  0.          0.00342658  0.00657342  0.00314684  0.          0.02427104
 -0.00665553  0.00392658]
	[RESULT 58] [ 0.01023726 -0.01769974  0.017937    0.01702412  0.02115013  0.09587399
  0.          0.002063    0.007937    0.00587399  0.          0.01123726
 -0.01882575  0.003063  ]
	[RESULT 59] [ 2.12241113e-02 -8.77252673e-03  1.99966381e-02  2.46429872e-02
  2.46362634e-02  9.99932761e-02  0.00000000e+00  3.36193250e-06
  9.99663807e-03  9.99327614e-03  0.00000000e+00  2.42241113e-02
 -7.77252673e-03  4.99663807e-03]
	[RESULT 60] [3.24969956e-02 2.49875258e-03 1.99982430e-02 1.87541377e-02
 1.87506237e-02 9.99964861e-02 0.00000000e+00 1.75697456e-06
 9.99824303e-03 9.99648605e-03 0.00000000e+00 3.44969956e-02
 4.95238628e-04 7.00175697e-03]
	[RESULT 61] [0.01139704 0.01736152 0.01596448 0.01175179 0.00368076 0.09192897
 0.         0.00760655 0.00596448 0.00192897 0.         0.01089704
 0.00043256 0.00953552]
	[RESULT 62] [0.02890931 0.00011506 0.01879426 0.02260396 0.02019247 0.09758852
 0.         0.00120574 0.00879426 0.00758852 0.         0.03190931
 0.00111506 0.00379426]
	[RESULT 63] [ 1.45044593e-02 -1.54920074e-02  1.99964667e-02  2.19969297e-02
  2.20039963e-02  9.99929334e-02  0.00000000e+00  3.53331785e-06
  9.99646668e-03  9.99293336e-03  0.00000000e+00  1.60044593e-02
 -1.59920074e-02  4.99646668e-03]
	[RESULT 64] [ 0.02849149  0.00337724  0.01511425  0.02191712  0.01831138  0.09022851
  0.          0.00984276  0.00511425  0.00022851  0.          0.02899149
 -0.00839426  0.01038575]
	[RESULT 65] [ 0.00748269 -0.01904083  0.01652352  0.01327662  0.02022959  0.09304704
  0.          0.00347648  0.00652352  0.00304704  0.          0.00998269
 -0.02199379  0.00497648]
	[RESULT 66] [ 0.00508315 -0.02449212  0.01957527  0.01665448  0.01750394  0.09915054
  0.          0.00042473  0.00957527  0.00915054  0.          0.00808315
 -0.02349212  0.00457527]
	[RESULT 67] [ 0.02658729  0.00103026  0.01555703  0.02162919  0.01948487  0.09111406
  0.          0.00444297  0.00555703  0.00111406  0.          0.02758729
 -0.00485568  0.00544297]
	[RESULT 68] [ 0.01676312 -0.0114152   0.01817832  0.02039904  0.0240424   0.09635664
  0.          0.00182168  0.00817832  0.00635664  0.          0.01976312
 -0.01105856  0.00382168]
	[RESULT 69] [ 4.06470304e-03 -2.58749343e-02  1.99396373e-02  1.66918075e-02
  1.68125329e-02  9.98792746e-02  0.00000000e+00  6.03626931e-05
  9.93963731e-03  9.87927461e-03  0.00000000e+00  7.06470304e-03
 -2.48749343e-02  4.93963731e-03]
	[RESULT 70] [ 0.02617608 -0.00288407  0.01906015  0.02357173  0.02169204  0.09812031
  0.          0.00093985  0.00906015  0.00812031  0.          0.02917608
 -0.00188407  0.00406015]
	[RESULT 71] [ 0.0202275  -0.00954747  0.01977497  0.02452621  0.02497627  0.09954994
  0.          0.00022503  0.00977497  0.00954994  0.          0.0222275
 -0.00954747  0.00477497]
	[RESULT 72] [ 2.52257481e-02 -4.77349671e-03  1.99992448e-02  2.26382587e-02
  2.26367484e-02  9.99984897e-02  0.00000000e+00  7.55151376e-07
  9.99924485e-03  9.99848970e-03  0.00000000e+00  2.82257481e-02
 -5.77500702e-03  7.00075515e-03]
	[RESULT 73] [ 0.00696887 -0.02006338  0.01703225  0.01378281  0.01971831  0.0940645
  0.          0.00296775  0.00703225  0.0040645   0.          0.00996887
 -0.02199888  0.00496775]
	[RESULT 74] [ 0.00829586 -0.01856074  0.01685661  0.01418284  0.02046963  0.09371321
  0.          0.00314339  0.00685661  0.00371321  0.          0.01129586
 -0.02084753  0.00514339]
	[RESULT 75] [ 0.02338038 -0.0052667   0.01864708  0.02441081  0.02288335  0.09729416
  0.          0.00135292  0.00864708  0.00729416  0.          0.02638038
 -0.0042667   0.00364708]
	[RESULT 76] [ 3.07235505e-02  7.24320488e-04  1.99992300e-02  1.96393797e-02
  1.96378398e-02  9.99984601e-02  0.00000000e+00  7.69964630e-07
  9.99923004e-03  9.99846007e-03  0.00000000e+00  3.27235505e-02
 -1.27721944e-03  7.00076996e-03]
	[RESULT 77] [ 0.0231736  -0.00355167  0.01672528  0.02167472  0.02177584  0.09345055
  0.          0.00327472  0.00672528  0.00345055  0.          0.0251736
 -0.00710112  0.00527472]
	[RESULT 78] [ 0.01389561 -0.01122506  0.01512067  0.01437881  0.02413747  0.09024134
  0.          0.00986201  0.00512067  0.00024134  0.          0.01539561
 -0.02198372  0.01037933]
	[RESULT 79] [ 0.00861664 -0.01677594  0.01539258  0.01214718  0.02136203  0.09078515
  0.          0.00460742  0.00539258  0.00078515  0.          0.01011664
 -0.02199079  0.00510742]
	[RESULT 80] [0.03477567 0.01009156 0.01513278 0.02468867 0.01495422 0.09026556
 0.         0.00560166 0.00513278 0.00026556 0.         0.03377567
 0.00335711 0.00586722]
	[RESULT 81] [0.03423848 0.00488453 0.01935395 0.01884983 0.01755773 0.09870791
 0.         0.00064605 0.00935395 0.00870791 0.         0.03376152
 0.00159244 0.00764605]
	[RESULT 82] [ 0.00473483 -0.0250054   0.01974023  0.01672776  0.0172473   0.09948046
  0.          0.00025977  0.00974023  0.00948046  0.          0.00773483
 -0.0240054   0.00474023]
	[RESULT 83] [ 0.0049401  -0.02490502  0.01984513  0.01698774  0.01729749  0.09969026
  0.          0.00015487  0.00984513  0.00969026  0.          0.0064401
 -0.02540502  0.00484513]
	[RESULT 84] [ 0.00727471 -0.01945678  0.01673149  0.0134846   0.02002161  0.09346299
  0.          0.00326851  0.00673149  0.00346299  0.          0.00977471
 -0.02199379  0.00476851]
	[RESULT 85] [ 5.22239438e-03 -2.47118760e-02  1.99342704e-02  1.72626027e-02
  1.73940620e-02  9.98685407e-02  0.00000000e+00  6.57296475e-05
  9.93427035e-03  9.86854071e-03  0.00000000e+00  8.22239438e-03
 -2.37118760e-02  4.93427035e-03]
	[RESULT 86] [ 0.01482149 -0.01034147  0.01516296  0.01490519  0.02457926  0.09032593
  0.          0.00651111  0.00516296  0.00032593  0.          0.01782149
 -0.01601555  0.00683704]
	[RESULT 87] [ 0.02952923  0.00440311  0.01512612  0.02220379  0.01804845  0.09025224
  0.          0.00662164  0.00512612  0.00025224  0.          0.03252923
 -0.00134465  0.00687388]
	[RESULT 88] [0.02310481 0.0205236  0.01637159 0.01724502 0.0099882  0.09274318
 0.         0.00362841 0.00637159 0.00274318 0.         0.02110481
 0.00573322 0.00462841]
	[RESULT 89] [ 0.01034525 -0.01695018  0.01729543  0.01611577  0.02152491  0.09459086
  0.          0.00270457  0.00729543  0.00459086  0.          0.01234525
 -0.01935932  0.00470457]
	[RESULT 90] [0.02995697 0.01159803 0.018445   0.01731099 0.01420099 0.09689
 0.         0.001665   0.008445   0.00689    0.         0.02795697
 0.00648803 0.008555  ]
	[RESULT 91] [ 0.00442886 -0.02515857  0.01958742  0.01634556  0.01717072  0.09917485
  0.          0.00041258  0.00958742  0.00917485  0.          0.00742886
 -0.02415857  0.00458742]
	[RESULT 92] [0.03019104 0.01410996 0.015699   0.02179702 0.01319502 0.09139801
 0.         0.00440299 0.005699   0.00139801 0.         0.02769104
 0.00950796 0.005801  ]
	[RESULT 93] [ 0.02028936 -0.00848793  0.0187773   0.02306063  0.02449397  0.09755459
  0.          0.0012227   0.0087773   0.00755459  0.          0.02328936
 -0.00748793  0.0037773 ]
	[RESULT 94] [ 0.02992312  0.00460431  0.01531881  0.02268978  0.01794784  0.09063762
  0.          0.00468119  0.00531881  0.00063762  0.          0.03142312
 -0.00075806  0.00518119]
	[RESULT 95] [ 2.41457173e-02 -5.85207495e-03  1.99977922e-02  2.31804531e-02
  2.31760375e-02  9.99955844e-02  0.00000000e+00  2.20779167e-06
  9.99779221e-03  9.99558442e-03  0.00000000e+00  2.71457173e-02
 -6.85649054e-03  7.00220779e-03]
	[RESULT 96] [ 0.02231239 -0.00706181  0.01937421  0.0249675   0.02378091  0.09874841
  0.          0.00062579  0.00937421  0.00874841  0.          0.02531239
 -0.00606181  0.00437421]
	[RESULT 97] [0.01902587 0.02426668 0.01524081 0.01690172 0.00738334 0.09048162
 0.         0.00872243 0.00524081 0.00048162 0.         0.01602587
 0.00778506 0.01175919]
	[RESULT 98] [3.24758159e-02 2.47681650e-03 1.99989994e-02 1.87635930e-02
 1.87615917e-02 9.99979987e-02 0.00000000e+00 1.00063721e-06
 9.99899936e-03 9.99799873e-03 0.00000000e+00 3.44758159e-02
 4.74815229e-04 7.00100064e-03]
	[RESULT 99] [ 0.01878084 -0.01005937  0.01884021  0.02265073  0.02497032  0.09768042
  0.          0.00115979  0.00884021  0.00768042  0.          0.02078084
 -0.01005937  0.00384021]
	[RESULT 100] [ 0.02469451 -0.00436357  0.01905808  0.02431563  0.02243178  0.09811615
  0.          0.00094192  0.00905808  0.00811615  0.          0.02769451
 -0.00336357  0.00405808]
	[RESULT 101] [ 2.75130540e-02 -2.41336842e-03  1.99264224e-02  2.16038394e-02
  2.14566842e-02  9.98528448e-02  0.00000000e+00  7.35776180e-05
  9.92642238e-03  9.85284476e-03  0.00000000e+00  3.05130540e-02
 -1.41336842e-03  4.92642238e-03]
	[RESULT 102] [ 1.62880586e-02 -1.37118357e-02  1.99998943e-02  2.28938708e-02
  2.28940821e-02  9.99997887e-02  0.00000000e+00  1.05672471e-07
  9.99989433e-03  9.99978866e-03  0.00000000e+00  1.82880586e-02
 -1.37118357e-02  4.99989433e-03]
	[RESULT 103] [ 0.01696603 -0.01211643  0.01908246  0.0218567   0.02369178  0.09816492
  0.          0.00091754  0.00908246  0.00816492  0.          0.01946603
 -0.01161643  0.00408246]
	[RESULT 104] [ 5.02722670e-03 -2.49711970e-02  1.99984237e-02  1.75112489e-02
  1.75144015e-02  9.99968474e-02  0.00000000e+00  1.57630734e-06
  9.99842369e-03  9.99684739e-03  0.00000000e+00  6.02722670e-03
 -2.59711970e-02  4.99842369e-03]
	[RESULT 105] [0.01351737 0.02142196 0.01790459 0.0099018  0.00571098 0.09580917
 0.         0.00209541 0.00790459 0.00580917 0.         0.01301737
 0.00061278 0.00759541]
