[METRICS]
	[DISEQUILIBRIUM COUNT] 1493
	[MINIMUM S0 sTrt S1 DISTANCE]0.004035821392009642
	[MINIMUM S0 sTrt S21 DISTANCE]-0.025960562527464204
	[MINIMUM S0 sTrt S22 DISTANCE]0.015108718735210747
	[MINIMUM S7 sTrt S6 DISTANCE]0.007919228748111518
	[MINIMUM S7 sTrt S8 DISTANCE]0.0028679428974767163
	[MINIMUM S7 sTrt S21 DISTANCE]0.09021743747042149
	[MINIMUM S7 esTrt S22 DISTANCE]0.0
	[MINIMUM S14 sTrt S13 DISTANCE]9.38415178897145e-10
	[MINIMUM S14 sTrt S15 DISTANCE]0.005108718735210738
	[MINIMUM S14 sTrt S21 DISTANCE]0.00021743747042148043
	[MINIMUM S14 sTrt S22 DISTANCE]0.0
	[MINIMUM S20 sTrt S19 DISTANCE]0.005567455296794366
	[MINIMUM S20 sTrt S21 DISTANCE]-0.026401762757959836
	[MINIMUM S20 sTrt S22 DISTANCE]0.0027713141384437673
	[AVERAGE S0 sTrt S1 DISTANCE]0.021117220443121865
	[AVERAGE S0 sTrt S21 DISTANCE]0.006610480934057127
	[AVERAGE S0 sTrt S22 DISTANCE]0.01700728170151775
	[AVERAGE S7 sTrt S6 DISTANCE]0.018154614363387982
	[AVERAGE S7 sTrt S8 DISTANCE]0.014305214853269878
	[AVERAGE S7 sTrt S21 DISTANCE]0.09401456340303553
	[AVERAGE S7 sTrt S22 DISTANCE]0.0
	[AVERAGE S14 sTrt S13 DISTANCE]0.00431287489109894
	[AVERAGE S14 sTrt S15 DISTANCE]0.007007281701517737
	[AVERAGE S14 sTrt S21 DISTANCE]0.004014563403035441
	[AVERAGE S14 sTrt S22 DISTANCE]0.0
	[AVERAGE S20 sTrt S19 DISTANCE]0.021137629810250917
	[AVERAGE S20 sTrt S21 DISTANCE]-0.0022169820792490736
	[AVERAGE S20 sTrt S22 DISTANCE]0.006873263166104718
[VARIABLES]
	[RESULT 1] [0 5.7947285529790555 1 1 5 3997.712109851989 100]
	[RESULT 2] [1 5.009211566690181 0 4 2 3998.93523763861 100]
	[RESULT 3] [0 9.30261754763259 1 1 15 3980.84002943501 100]
	[RESULT 4] [1 10.421144587965664 0 1 8 3997.7705200795517 98]
	[RESULT 5] [1 5.048035149597999 1 4 2 3999.7200031080065 99]
	[RESULT 6] [1 5.577728505692872 0 4 3 3961.4586204039506 100]
	[RESULT 7] [1 14.931582711046971 1 4 2 3977.7694855257464 99]
	[RESULT 8] [0 5.024805061361626 0 1 3 3999.9936273877274 100]
	[RESULT 9] [1 5.67295723509314 1 2 3 3988.923900014341 99]
	[RESULT 10] [1 5.172573874368989 0 4 15 3944.9845925363607 100]
	[RESULT 11] [0 5.00036187979969 1 4 3 3999.120310496889 76]
	[RESULT 12] [1 5.017341243618948 0 4 19 3998.6452580034347 100]
	[RESULT 13] [1 5.14039414442305 0 1 19 3999.826046555304 100]
	[RESULT 14] [1 7.168282160108694 0 4 19 3999.9881703116494 100]
	[RESULT 15] [1 5.000025415249261 0 4 20 3975.3912504706955 87]
	[RESULT 16] [0 5.000070759640792 1 4 3 3979.846765304229 99]
	[RESULT 17] [1 6.510938531451956 0 4 19 3999.9881703116494 100]
	[RESULT 18] [1 5.385449580215463 0 1 4 3988.501239292221 100]
	[RESULT 19] [1 5.00120038228331 1 4 3 3999.9986782016294 78]
	[RESULT 20] [1 5.393455880680032 0 4 3 3999.9698882005746 79]
	[RESULT 21] [0 8.953461849831267 1 1 7 1935.1104821356928 18]
	[RESULT 22] [0 5.0001508891353215 1 4 3 3989.1577192898367 99]
	[RESULT 23] [1 5.30713105726849 0 4 21 3999.8757011876046 99]
	[RESULT 24] [1 5.094176921176919 0 4 3 3999.7193926219543 100]
	[RESULT 25] [0 5.000146891675073 1 4 3 3996.5882995524576 99]
	[RESULT 26] [1 5.000004859025907 1 4 10 3980.2446880977973 99]
	[RESULT 27] [1 7.460940259089161 0 1 15 3999.828422745602 100]
	[RESULT 28] [1 5.1254702863203025 0 4 20 3999.9925546222853 98]
	[RESULT 29] [1 5.577728505692872 0 4 19 3944.650765907595 100]
	[RESULT 30] [1 5.101021410871988 0 4 5 3999.588400199362 100]
	[RESULT 31] [1 5.001106197478523 1 1 15 3855.7422472753997 100]
	[RESULT 32] [1 5.067229134974276 0 2 5 3999.0301324758802 100]
	[RESULT 33] [1 6.569430118114055 0 4 15 3999.4117286118017 97]
	[RESULT 34] [1 5.023573932229647 0 4 9 3770.41012255035 100]
	[RESULT 35] [0 5.382930115331416 1 4 8 3995.3521999391232 100]
	[RESULT 36] [1 6.145700634431597 0 4 20 3999.9553795099314 100]
	[RESULT 37] [1 5.964019458278272 0 1 5 3999.956659799366 100]
	[RESULT 38] [1 6.161524535297756 0 2 3 3999.9919466039632 100]
	[RESULT 39] [1 5.189922932217958 0 4 4 3999.993388689692 100]
	[RESULT 40] [0 11.183252524787374 0 1 3 3989.18359826203 98]
	[RESULT 41] [0 5.003892072746183 0 3 6 3999.928822996362 100]
	[RESULT 42] [1 6.556078747688311 0 1 10 3999.983472311341 100]
	[RESULT 43] [1 5.052409964321072 0 4 19 3999.997070465104 100]
	[RESULT 44] [0 5.589360679731222 1 1 20 3997.0676424760554 99]
	[RESULT 45] [1 5.852642274994894 0 2 5 3999.0301324758802 100]
	[RESULT 46] [0 5.02564173377837 0 1 2 3999.3090349270983 81]
	[RESULT 47] [0 5.315762750002402 0 4 8 3999.8787264269304 98]
	[RESULT 48] [1 5.385023772316265 0 4 4 3973.255783338802 100]
	[RESULT 49] [0 5.007414192326587 1 4 4 3999.3351651835396 99]
	[RESULT 50] [0 5.736071099854891 0 4 5 3999.4971994309585 99]
	[RESULT 51] [1 5.0125500588044405 0 4 19 3929.698290774184 99]
	[RESULT 52] [0 8.801874214392647 0 2 23 3716.5813122730447 99]
	[RESULT 53] [1 9.1520389891691 0 2 3 3996.0372100568607 100]
	[RESULT 54] [1 5.0981380893816315 0 2 3 3999.04497056907 100]
	[RESULT 55] [1 9.47237357693514 0 1 2 3999.874811155411 99]
	[RESULT 56] [1 5.011340123903791 0 2 5 3945.3531532563743 100]
	[RESULT 57] [1 5.251949338143866 1 1 15 3999.848173424998 100]
	[RESULT 58] [1 5.134455789214611 0 1 10 3999.9888980195724 100]
	[RESULT 59] [0 5.0005691147983296 0 1 7 3998.9383473590583 94]
	[RESULT 60] [1 5.855362905223273 0 4 4 3999.80065160191 100]
	[RESULT 61] [1 8.57587964206439 1 4 15 3999.4117286118017 97]
	[RESULT 62] [1 5.095662309032507 1 1 8 3999.7584142233527 99]
	[RESULT 63] [0 5.0007134888879525 0 3 5 3999.569322533153 100]
	[RESULT 64] [1 5.634538951944888 1 1 9 3903.3090286446018 100]
	[RESULT 65] [1 5.124409682616758 0 4 17 3999.825833614356 81]
	[RESULT 66] [1 5.007637512065948 0 4 3 3999.9986390993213 100]
	[RESULT 67] [1 5.06892419168176 0 4 3 3981.423240823768 97]
	[RESULT 68] [1 15.20370524760255 0 1 1 3994.021349865103 99]
	[RESULT 69] [1 5.0203638148263705 0 4 2 3996.9039327034593 100]
	[RESULT 70] [1 7.006862709474833 0 2 5 3989.814022381151 100]
	[RESULT 71] [1 5.023533162255914 0 4 9 3613.7559862937733 100]
	[RESULT 72] [1 5.006194524954738 0 1 10 3999.9632727720295 100]
	[RESULT 73] [1 8.464575986370994 1 4 3 3976.4790848799216 100]
	[RESULT 74] [1 5.407944264809148 0 4 3 3770.41012255035 100]
	[RESULT 75] [0 5.00036187979969 1 4 3 3999.013712104991 75]
	[RESULT 76] [0 5.00514445216001 0 4 20 3999.9994691132642 99]
	[RESULT 77] [0 10.193512110715346 1 4 3 3716.8823430718744 99]
	[RESULT 78] [0 5.067988238770188 0 3 7 3808.1177528302032 98]
	[RESULT 79] [1 5.638658323800946 0 1 15 3999.9870231822706 100]
	[RESULT 80] [0 6.149279965460412 0 2 0 3999.9993001875223 100]
	[RESULT 81] [1 11.936663273718562 0 4 3 3923.0372749104235 100]
	[RESULT 82] [0 8.746826465508182 0 4 3 3979.919650523713 100]
	[RESULT 83] [1 7.485240987544451 0 4 3 1951.1847174631625 100]
	[RESULT 84] [1 5.022902959073313 1 4 8 3991.7532367333934 99]
	[RESULT 85] [0 5.305119690617031 0 4 4 3978.06780435665 100]
	[RESULT 86] [0 5.007414192326587 1 4 4 3998.6425058638742 99]
	[RESULT 87] [1 5.001522527152947 0 4 3 3999.8971446465694 91]
	[RESULT 88] [1 5.064473082085379 0 4 19 3964.995091123357 100]
	[RESULT 89] [1 5.010589434720637 0 4 5 3862.2992593986423 100]
	[RESULT 90] [1 5.88435657510923 0 1 2 3837.7546453276423 100]
	[RESULT 91] [1 16.30778187611532 0 1 9 3999.99845195473 100]
	[RESULT 92] [0 5.792702269775646 1 4 19 3802.6796743063624 16]
	[RESULT 93] [1 5.124570362728877 1 4 5 3999.3351651835396 98]
	[RESULT 94] [1 5.049909562045836 1 1 5 3997.631234335215 100]
	[RESULT 95] [1 5.000000187683069 1 3 10 3979.6879488200866 99]
	[RESULT 96] [0 5.024703911893974 0 1 4 3999.9991892848393 100]
	[RESULT 97] [1 7.6281337962658435 1 4 2 3999.9991610865086 100]
	[RESULT 98] [1 5.142850095690895 0 4 22 3999.9472396784795 100]
	[RESULT 99] [1 5.0482876356694675 0 1 5 3999.998466973028 100]
	[RESULT 100] [0 5.02564173377837 0 1 9 3857.706801883169 14]
	[RESULT 101] [1 5.000480797075793 0 2 2 3998.485088316765 90]
	[RESULT 102] [1 5.175741576092298 1 3 10 3996.458657463968 99]
	[RESULT 103] [1 5.002047550721482 0 4 3 3961.334948355077 100]
	[RESULT 104] [1 5.00068942747415 0 2 5 3999.6279287760317 100]
	[RESULT 105] [0 6.323685368613352 1 4 2 3822.1481731833337 100]
[OBJECTIVES]
	[RESULT 1] [ 0.01431013 -0.01347581  0.01778594  0.01883397  0.0232621   0.09557187
  0.          0.00221406  0.00778594  0.00557187  0.          0.01481013
 -0.01990393  0.00771406]
	[RESULT 2] [ 5.06690357e-03 -2.48874590e-02  1.99543626e-02  1.72149956e-02
  1.73062705e-02  9.99087251e-02  0.00000000e+00  4.56374411e-05
  9.95436256e-03  9.90872512e-03  0.00000000e+00  8.06690357e-03
 -2.38874590e-02  4.95436256e-03]
	[RESULT 3] [ 0.02490398 -0.00103895  0.01594293  0.02136639  0.02051948  0.09188586
  0.          0.00767121  0.00594293  0.00188586  0.          0.02540398
 -0.01115309  0.00955707]
	[RESULT 4] [ 0.02360159 -0.00217709  0.01577868  0.02021881  0.02133854  0.09155735
  0.          0.00422132  0.00577868  0.00155735  0.          0.02510159
 -0.00661973  0.00472132]
	[RESULT 5] [ 0.01950606 -0.01026477  0.01977083  0.02415928  0.02461762  0.09954166
  0.          0.00022917  0.00977083  0.00954166  0.          0.02250606
 -0.0117231   0.00722917]
	[RESULT 6] [ 0.02099478 -0.00717434  0.01816911  0.02250106  0.02383717  0.09633823
  0.          0.00183089  0.00816911  0.00633823  0.          0.02399478
 -0.00683611  0.00383089]
	[RESULT 7] [ 0.03469036  0.00985225  0.01545739  0.02440909  0.01532388  0.09091478
  0.          0.00937217  0.00545739  0.00091478  0.          0.03169036
 -0.00023297  0.01154261]
	[RESULT 8] [ 0.00512739 -0.02475158  0.01987898  0.01738216  0.01762421  0.09975795
  0.          0.00012102  0.00987898  0.00975795  0.          0.00562739
 -0.02625158  0.00487898]
	[RESULT 9] [ 0.02868679  0.00069807  0.01798872  0.02392352  0.01990096  0.09597744
  0.          0.00203384  0.00798872  0.00597744  0.          0.03068679
 -0.00432449  0.00801128]
	[RESULT 10] [ 0.02192488 -0.00733924  0.01926412  0.02460863  0.02391962  0.09852825
  0.          0.00073588  0.00926412  0.00852825  0.          0.02492488
 -0.00633924  0.00426412]
	[RESULT 11] [ 3.00515963e-02  5.34050250e-05  1.99981913e-02  1.99769150e-02
  1.99732975e-02  9.99963825e-02  0.00000000e+00  1.80874445e-06
  9.99819126e-03  9.99638251e-03  0.00000000e+00  3.20515963e-02
 -1.95021246e-03  7.00180874e-03]
	[RESULT 12] [ 5.37033095e-03 -2.45444408e-02  1.99147717e-02  1.73073231e-02
  1.74777796e-02  9.98295435e-02  0.00000000e+00  8.52282542e-05
  9.91477175e-03  9.82954349e-03  0.00000000e+00  8.37033095e-03
 -2.35444408e-02  4.91477175e-03]
	[RESULT 13] [ 0.0047883  -0.02459615  0.01938445  0.01622082  0.01745193  0.0987689
  0.          0.00061555  0.00938445  0.0087689   0.          0.0062883
 -0.02509615  0.00438445]
	[RESULT 14] [ 0.00743368 -0.01914446  0.01657814  0.01333405  0.02017777  0.09315628
  0.          0.00342186  0.00657814  0.00315628  0.          0.01043368
 -0.02198818  0.00542186]
	[RESULT 15] [3.49729716e-02 4.97309868e-03 1.99998729e-02 1.77637048e-02
 1.77634507e-02 9.99997459e-02 0.00000000e+00 1.27073017e-07
 9.99987293e-03 9.99974585e-03 0.00000000e+00 3.20270284e-02
 5.97309868e-03 4.99987293e-03]
	[RESULT 16] [ 3.11585990e-02  1.15895281e-03  1.99996462e-02  1.94212311e-02
  1.94205236e-02  9.99992925e-02  0.00000000e+00  3.53773171e-07
  9.99964623e-03  9.99929245e-03  0.00000000e+00  3.31585990e-02
 -8.41754732e-04  7.00035377e-03]
	[RESULT 17] [ 0.00702054 -0.01997075  0.01699129  0.0137472   0.01976462  0.09398257
  0.          0.00300871  0.00699129  0.00398257  0.          0.01002054
 -0.02198818  0.00500871]
	[RESULT 18] [ 0.01326719 -0.01534174  0.01860894  0.019297    0.02207913  0.09721787
  0.          0.00139106  0.00860894  0.00721787  0.          0.01476719
 -0.01584174  0.00360894]
	[RESULT 19] [ 2.81377512e-02 -1.85625406e-03  1.99940053e-02  2.11901165e-02
  2.11781270e-02  9.99880106e-02  0.00000000e+00  5.99471547e-06
  9.99400528e-03  9.98801057e-03  0.00000000e+00  3.11377512e-02
 -2.86824349e-03  7.00599472e-03]
	[RESULT 20] [ 0.02453278 -0.00405542  0.0185882   0.02489869  0.02227771  0.0971764
  0.          0.0014118   0.0085882   0.0071764   0.          0.02753278
 -0.00305542  0.0035882 ]
	[RESULT 21] [0.01154942 0.01755881 0.0160094  0.01176062 0.00377941 0.09201879
 0.         0.00747181 0.0060094  0.00201879 0.         0.01104942
 0.00054002 0.0094906 ]
	[RESULT 22] [ 2.75632479e-02 -2.43599776e-03  1.99992457e-02  2.12195075e-02
  2.12179989e-02  9.99984913e-02  0.00000000e+00  7.54331856e-07
  9.99924567e-03  9.99849134e-03  0.00000000e+00  2.95632479e-02
 -4.43750642e-03  7.00075433e-03]
	[RESULT 23] [ 0.01529851 -0.01352666  0.01882517  0.02063701  0.02298667  0.09765034
  0.          0.00117483  0.00882517  0.00765034  0.          0.01829851
 -0.01252666  0.00382517]
	[RESULT 24] [ 0.00470785 -0.0248618   0.01956964  0.01645839  0.0173191   0.09913929
  0.          0.00043036  0.00956964  0.00913929  0.          0.00770785
 -0.0238618   0.00456964]
	[RESULT 25] [ 2.30027550e-02 -6.99651066e-03  1.99992656e-02  2.34997240e-02
  2.34982553e-02  9.99985313e-02  0.00000000e+00  7.34350505e-07
  9.99926565e-03  9.99853130e-03  0.00000000e+00  2.50027550e-02
 -8.99797936e-03  7.00073435e-03]
	[RESULT 26] [ 3.00352015e-02  3.52257917e-05  1.99999757e-02  2.02324357e-02
  2.02323871e-02  9.99999514e-02  0.00000000e+00  2.42950115e-08
  9.99997570e-03  9.99995141e-03  0.00000000e+00  3.30352015e-02
 -9.64822798e-04  7.00002430e-03]
	[RESULT 27] [ 0.00772571 -0.01871898  0.01644469  0.0132799   0.02039051  0.09288939
  0.          0.00355531  0.00644469  0.00288939  0.          0.00922571
 -0.02182959  0.00405531]
	[RESULT 28] [ 0.01789819 -0.0115444   0.01944259  0.02286298  0.0239778   0.09888517
  0.          0.00055741  0.00944259  0.00888517  0.          0.02089819
 -0.0105444   0.00444259]
	[RESULT 29] [ 0.02305234 -0.00511677  0.01816911  0.02352984  0.02280838  0.09633823
  0.          0.00183089  0.00816911  0.00633823  0.          0.02605234
 -0.00477854  0.00383089]
	[RESULT 30] [ 0.0048637  -0.02467754  0.01954124  0.0164937   0.01741123  0.09908248
  0.          0.00045876  0.00954124  0.00908248  0.          0.0078637
 -0.02367754  0.00454124]
	[RESULT 31] [ 3.03129318e-02  3.18456710e-04  1.99944751e-02  2.01018214e-02
  2.00907716e-02  9.99889502e-02  0.00000000e+00  5.52487579e-06
  9.99447512e-03  9.98895025e-03  0.00000000e+00  3.18129318e-02
 -6.92593042e-04  5.50552488e-03]
	[RESULT 32] [ 0.00524862 -0.02443641  0.01968503  0.01690185  0.01753179  0.09937006
  0.          0.00031497  0.00968503  0.00937006  0.          0.00724862
 -0.02443641  0.00468503]
	[RESULT 33] [ 0.02262879 -0.00431717  0.01694596  0.02148333  0.02240858  0.09389191
  0.          0.00305404  0.00694596  0.00389191  0.          0.02562879
 -0.00642525  0.00505404]
	[RESULT 34] [ 0.02666023 -0.00322462  0.01988484  0.02209262  0.02186231  0.09976969
  0.          0.00011516  0.00988484  0.00976969  0.          0.02966023
 -0.00222462  0.00488484]
	[RESULT 35] [ 0.01530367 -0.01331185  0.01861551  0.0205751   0.02334408  0.09723102
  0.          0.00138449  0.00861551  0.00723102  0.          0.01730367
 -0.01808082  0.00838449]
	[RESULT 36] [ 0.0067143  -0.02061594  0.01733024  0.01410251  0.01944203  0.09466048
  0.          0.00266976  0.00733024  0.00466048  0.          0.0097143
 -0.02195546  0.00466976]
	[RESULT 37] [ 0.00649747 -0.02104833  0.0175458   0.01431743  0.01922583  0.0950916
  0.          0.0024542   0.0075458   0.0050916   0.          0.00799747
 -0.02195673  0.0029542 ]
	[RESULT 38] [ 0.00669487 -0.02061831  0.01731318  0.01406721  0.01944084  0.09462636
  0.          0.00268682  0.00731318  0.00462636  0.          0.00869487
 -0.02199195  0.00368682]
	[RESULT 39] [ 0.00480466 -0.0243973   0.01920195  0.01595526  0.01755135  0.09840391
  0.          0.00079805  0.00920195  0.00840391  0.          0.00780466
 -0.0233973   0.00420195]
	[RESULT 40] [ 0.03018716  0.0044911   0.01569606  0.02363768  0.01775445  0.09139213
  0.          0.00430394  0.00569606  0.00139213  0.          0.03068716
 -0.00111677  0.00480394]
	[RESULT 41] [ 5.09035985e-03 -2.48902552e-02  1.99806151e-02  1.75161025e-02
  1.75548724e-02  9.99612302e-02  0.00000000e+00  1.93849162e-05
  9.98061508e-03  9.96123017e-03  0.00000000e+00  6.59035985e-03
 -2.53902552e-02  4.98061508e-03]
	[RESULT 42] [ 0.0070604  -0.01989573  0.01695612  0.01371438  0.01980214  0.09391224
  0.          0.00304388  0.00695612  0.00391224  0.          0.0085604
 -0.02198348  0.00354388]
	[RESULT 43] [ 0.00425193 -0.02549907  0.019751    0.01650246  0.01700046  0.099502
  0.          0.000249    0.009751    0.009502    0.          0.00725193
 -0.02449907  0.004751  ]
	[RESULT 44] [ 0.0244786  -0.00366732  0.01814592  0.02445818  0.02183366  0.09629184
  0.          0.00185408  0.00814592  0.00629184  0.          0.0249786
 -0.00937548  0.00735408]
	[RESULT 45] [ 0.0072348  -0.02046405  0.01769885  0.01491567  0.01951798  0.0953977
  0.          0.00230115  0.00769885  0.0053977   0.          0.0092348
 -0.02106635  0.00330115]
	[RESULT 46] [ 0.02479738 -0.00507761  0.019875    0.02278881  0.02253881  0.09974999
  0.          0.000125    0.009875    0.00974999  0.          0.02529738
 -0.00657761  0.004875  ]
	[RESULT 47] [ 0.01965394 -0.00914613  0.01880008  0.02302709  0.02457307  0.09760015
  0.          0.00119992  0.00880008  0.00760015  0.          0.02165394
 -0.00914613  0.00380008]
	[RESULT 48] [ 0.01831131 -0.01029874  0.01861005  0.02182072  0.02460063  0.09722009
  0.          0.00138995  0.00861005  0.00722009  0.          0.02131131
 -0.00929874  0.00361005]
	[RESULT 49] [ 2.06844107e-02 -9.27879113e-03  1.99632019e-02  2.47129918e-02
  2.46393956e-02  9.99264037e-02  0.00000000e+00  3.67981332e-05
  9.96320187e-03  9.92640373e-03  0.00000000e+00  2.26844107e-02
 -1.13523874e-02  7.03679813e-03]
	[RESULT 50] [ 0.01761282 -0.01026725  0.01788007  0.02062651  0.02486638  0.09576013
  0.          0.00211993  0.00788007  0.00576013  0.          0.01961282
 -0.01150711  0.00411993]
	[RESULT 51] [3.25038530e-02 2.56582555e-03 1.99380275e-02 1.90910323e-02
 1.89670872e-02 9.98760549e-02 0.00000000e+00 6.19725351e-05
 9.93802746e-03 9.87605493e-03 0.00000000e+00 3.44961470e-02
 3.56582555e-03 4.93802746e-03]
	[RESULT 52] [0.02806773 0.01589101 0.01604126 0.01997197 0.01205449 0.09208252
 0.         0.00395874 0.00604126 0.00208252 0.         0.02706773
 0.01097353 0.00495874]
	[RESULT 53] [ 0.0114501  -0.01452039  0.01597049  0.01443078  0.0224898   0.09194098
  0.          0.00402951  0.00597049  0.00194098  0.          0.0134501
 -0.01857941  0.00502951]
	[RESULT 54] [ 0.00536673 -0.02418643  0.01955316  0.01676311  0.01765678  0.09910632
  0.          0.00044684  0.00955316  0.00910632  0.          0.00736673
 -0.02418643  0.00455316]
	[RESULT 55] [ 0.01821088 -0.0077028   0.01591368  0.01772596  0.0241014   0.09182736
  0.          0.00408632  0.00591368  0.00182736  0.          0.01971088
 -0.01187543  0.00458632]
	[RESULT 56] [ 2.12089243e-02 -8.73501087e-03  1.99439352e-02  2.47296351e-02
  2.46175054e-02  9.98878703e-02  0.00000000e+00  5.60648373e-05
  9.94393516e-03  9.88787033e-03  0.00000000e+00  2.32089243e-02
 -8.73501087e-03  4.94393516e-03]
	[RESULT 57] [ 0.01015714 -0.01883663  0.01899377  0.01831923  0.02033168  0.09798754
  0.          0.00100623  0.00899377  0.00798754  0.          0.01165714
 -0.02184909  0.00650623]
	[RESULT 58] [ 0.0046037  -0.0248037   0.0194074   0.01616295  0.01734815  0.0988148
  0.          0.0005926   0.0094074   0.0088148   0.          0.0061037
 -0.0253037   0.0044074 ]
	[RESULT 59] [ 2.31641060e-02 -6.83305000e-03  1.99971560e-02  2.34222129e-02
  2.34165250e-02  9.99943121e-02  0.00000000e+00  2.84395545e-06
  9.99715604e-03  9.99431209e-03  0.00000000e+00  2.36641060e-02
 -8.33305000e-03  4.99715604e-03]
	[RESULT 60] [ 0.00650288 -0.02119201  0.01769489  0.01454378  0.019154    0.09538978
  0.          0.00230511  0.00769489  0.00538978  0.          0.00950288
 -0.02180223  0.00430511]
	[RESULT 61] [ 0.02848206  0.00238937  0.01609269  0.02313006  0.01905531  0.09218537
  0.          0.00872194  0.00609269  0.00218537  0.          0.03148206
 -0.00642525  0.01090731]
	[RESULT 62] [ 0.01967582 -0.00988763  0.01956345  0.02393309  0.02480619  0.0991269
  0.          0.00043655  0.00956345  0.0091269   0.          0.02117582
 -0.01176073  0.00593655]
	[RESULT 63] [ 5.42694869e-03 -2.45694864e-02  1.99964351e-02  1.77081270e-02
  1.77152568e-02  9.99928702e-02  0.00000000e+00  3.56490092e-06
  9.99643510e-03  9.99287020e-03  0.00000000e+00  6.92694869e-03
 -2.50694864e-02  4.99643510e-03]
	[RESULT 64] [ 0.03080507  0.00274611  0.01805897  0.02275901  0.01887695  0.09611793
  0.          0.00194103  0.00805897  0.00611793  0.          0.03230507
 -0.00213596  0.00744103]
	[RESULT 65] [ 0.02372618 -0.00572059  0.01944678  0.02421674  0.0231103   0.09889356
  0.          0.00055322  0.00944678  0.00889356  0.          0.02672618
 -0.00472059  0.00444678]
	[RESULT 66] [ 4.03925894e-03 -2.59228429e-02  1.99621019e-02  1.67127823e-02
  1.67885785e-02  9.99242038e-02  0.00000000e+00  3.78981130e-05
  9.96210189e-03  9.92420377e-03  0.00000000e+00  7.03925894e-03
 -2.49228429e-02  4.96210189e-03]
	[RESULT 67] [0.02997989 0.00030229 0.0196776  0.02074365 0.02009885 0.0993552
 0.         0.0003224  0.0096776  0.0093552  0.         0.03297989
 0.00130229 0.0046776 ]
	[RESULT 68] [ 0.02337853 -0.00206775  0.01544628  0.01960869  0.02128387  0.09089256
  0.          0.00455372  0.00544628  0.00089256  0.          0.02487853
 -0.00717519  0.00505372]
	[RESULT 69] [ 6.85468086e-03 -2.30455321e-02  1.99002130e-02  1.80276599e-02
  1.82272339e-02  9.98004259e-02  0.00000000e+00  9.97870295e-05
  9.90021297e-03  9.80042594e-03  0.00000000e+00  9.85468086e-03
 -2.20455321e-02  4.90021297e-03]
	[RESULT 70] [ 0.01457438 -0.01208848  0.01666286  0.01703148  0.02370576  0.09332573
  0.          0.00333714  0.00666286  0.00332573  0.          0.01657438
 -0.01476276  0.00433714]
	[RESULT 71] [ 0.02759518 -0.00228986  0.01988504  0.02162485  0.02139493  0.09977008
  0.          0.00011496  0.00988504  0.00977008  0.          0.03059518
 -0.00128986  0.00488504]
	[RESULT 72] [ 4.06745530e-03 -2.59017628e-02  1.99692181e-02  1.67375547e-02
  1.67991186e-02  9.99384361e-02  0.00000000e+00  3.07819452e-05
  9.96921805e-03  9.93843611e-03  0.00000000e+00  5.56745530e-03
 -2.64017628e-02  4.96921805e-03]
	[RESULT 73] [ 0.02499903 -0.0011209   0.01611993  0.02142941  0.02081045  0.09223985
  0.          0.00864022  0.00611993  0.00223985  0.          0.02799903
 -0.00988104  0.01088007]
	[RESULT 74] [ 0.02799379 -0.00055748  0.01855128  0.02342619  0.02052874  0.09710255
  0.          0.00144872  0.00855128  0.00710255  0.          0.03099379
  0.00044252  0.00355128]
	[RESULT 75] [ 3.01814321e-02  1.83240880e-04  1.99981913e-02  1.99119970e-02
  1.99083796e-02  9.99963825e-02  0.00000000e+00  1.80874445e-06
  9.99819126e-03  9.99638251e-03  0.00000000e+00  3.21814321e-02
 -1.82037661e-03  7.00180874e-03]
	[RESULT 76] [ 1.50261215e-02 -1.49482879e-02  1.99744094e-02  2.24746748e-02
  2.25258560e-02  9.99488188e-02  0.00000000e+00  2.55906111e-05
  9.97440939e-03  9.94881878e-03  0.00000000e+00  1.70261215e-02
 -1.49482879e-02  4.97440939e-03]
	[RESULT 77] [0.02283574 0.02135696 0.0158073  0.01770693 0.00932152 0.09161459
 0.         0.00957811 0.0058073  0.00161459 0.         0.02083574
 0.01097155 0.0111927 ]
	[RESULT 78] [0.02923011 0.01108819 0.0196817  0.01509251 0.01445591 0.0993634
 0.         0.0003183  0.0096817  0.0093634  0.         0.02773011
 0.01058819 0.0046817 ]
	[RESULT 79] [ 0.00596169 -0.02208958  0.01805128  0.01480776  0.01870521  0.09610255
  0.          0.00194872  0.00805128  0.00610255  0.          0.00746169
 -0.02258958  0.00305128]
	[RESULT 80] [ 0.00767434 -0.01965202  0.01732636  0.01482671  0.02017399  0.09465272
  0.          0.00267364  0.00732636  0.00465272  0.          0.00867434
 -0.0219993   0.00367364]
	[RESULT 81] [ 0.02724032  0.00161033  0.01562999  0.02181514  0.01944483  0.09125998
  0.          0.00511004  0.00562999  0.00125998  0.          0.03024032
 -0.00312969  0.00637001]
	[RESULT 82] [ 0.02008253 -0.0059708   0.01605334  0.01912127  0.0229854   0.09210667
  0.          0.00394666  0.00605334  0.00210667  0.          0.02208253
 -0.01086413  0.00594666]
	[RESULT 83] [0.032264   0.00582938 0.01643462 0.02446607 0.01733531 0.09286924
 0.         0.00356538 0.00643462 0.00286924 0.         0.034736
 0.00269862 0.00556538]
	[RESULT 84] [ 0.02531313 -0.00457492  0.01988805  0.02276136  0.02253746  0.0997761
  0.          0.00011195  0.00988805  0.0097761   0.          0.02831313
 -0.00579882  0.00711195]
	[RESULT 85] [ 0.01785185 -0.01097922  0.01883107  0.02217252  0.02451039  0.09766213
  0.          0.00116893  0.00883107  0.00766213  0.          0.01985185
 -0.01097922  0.00383107]
	[RESULT 86] [ 2.13243770e-02 -8.63882483e-03  1.99632019e-02  2.43930087e-02
  2.43194124e-02  9.99264037e-02  0.00000000e+00  3.67981332e-05
  9.96320187e-03  9.92640373e-03  0.00000000e+00  2.33243770e-02
 -1.07124211e-02  7.03679813e-03]
	[RESULT 87] [ 2.21100350e-02 -7.88236396e-03  1.99923989e-02  2.42063841e-02
  2.41911820e-02  9.99847979e-02  0.00000000e+00  7.60106294e-06
  9.99239894e-03  9.98479787e-03  0.00000000e+00  2.51100350e-02
 -6.88236396e-03  4.99239894e-03]
	[RESULT 88] [ 0.01888703 -0.01081013  0.01969716  0.02373925  0.02434493  0.09939432
  0.          0.00030284  0.00969716  0.00939432  0.          0.02188703
 -0.00981013  0.00469716]
	[RESULT 89] [ 2.52109839e-02 -4.73662372e-03  1.99476076e-02  2.27230966e-02
  2.26183119e-02  9.98952153e-02  0.00000000e+00  5.23923680e-05
  9.94760763e-03  9.89521526e-03  0.00000000e+00  2.82109839e-02
 -3.73662372e-03  4.94760763e-03]
	[RESULT 90] [ 0.02800871  0.00035528  0.01765343  0.02476551  0.02007236  0.09530685
  0.          0.00234657  0.00765343  0.00530685  0.          0.02950871
 -0.00033787  0.00284657]
	[RESULT 91] [ 0.0085953  -0.01681095  0.01540625  0.01215702  0.02134453  0.09081249
  0.          0.00459375  0.00540625  0.00081249  0.          0.0100953
 -0.02199845  0.00509375]
	[RESULT 92] [0.01583564 0.02362472 0.01778909 0.01123419 0.00681236 0.09557817
 0.         0.00363274 0.00778909 0.00557817 0.         0.01383564
 0.00304655 0.00921091]
	[RESULT 93] [ 0.0235348  -0.00591134  0.01944614  0.02431338  0.02320567  0.09889228
  0.          0.00055386  0.00944614  0.00889228  0.          0.0265348
 -0.00801905  0.00755386]
	[RESULT 94] [ 0.01140143 -0.01836088  0.01976231  0.02009419  0.02056956  0.09952463
  0.          0.00023769  0.00976231  0.00952463  0.          0.01290143
 -0.01983625  0.00573769]
	[RESULT 95] [ 3.02067609e-02  2.06761807e-04  1.99999991e-02  2.01466210e-02
  2.01466191e-02  9.99999981e-02  0.00000000e+00  9.38415179e-10
  9.99999906e-03  9.99999812e-03  0.00000000e+00  3.27067609e-02
 -7.93240070e-04  6.50000094e-03]
	[RESULT 96] [ 0.00512135 -0.02475811  0.01987946  0.01737986  0.01762095  0.09975892
  0.          0.00012054  0.00987946  0.00975892  0.          0.00562135
 -0.02625811  0.00487946]
	[RESULT 97] [ 0.01262272 -0.0137554   0.01637812  0.01562854  0.0228723   0.09275624
  0.          0.00786564  0.00637812  0.00275624  0.          0.01562272
 -0.02199916  0.01062188]
	[RESULT 98] [ 0.00467762 -0.0246974   0.01937503  0.01615135  0.0174013   0.09875005
  0.          0.00062497  0.00937503  0.00875005  0.          0.00767762
 -0.0236974   0.00437503]
	[RESULT 99] [ 0.00423185 -0.02553783  0.01976968  0.01652045  0.01698108  0.09953937
  0.          0.00023032  0.00976968  0.00953937  0.          0.00573185
 -0.02603783  0.00476968]
	[RESULT 100] [0.02384084 0.01628417 0.019875   0.01210792 0.01185792 0.09974999
 0.         0.000125   0.009875   0.00974999 0.         0.02334084
 0.00821583 0.004875  ]
	[RESULT 101] [ 2.36125792e-02 -6.38501794e-03  1.99975972e-02  2.34473146e-02
  2.34425090e-02  9.99951943e-02  0.00000000e+00  2.40283011e-06
  9.99759717e-03  9.99519434e-03  0.00000000e+00  2.56125792e-02
 -6.38501794e-03  4.99759717e-03]
	[RESULT 102] [ 0.02284931 -0.00640333  0.01925264  0.02494639  0.02345166  0.09850527
  0.          0.00074736  0.00925264  0.00850527  0.          0.02534931
 -0.00889806  0.00724736]
	[RESULT 103] [ 1.91932139e-02 -1.07965693e-02  1.99897832e-02  2.43312817e-02
  2.43517154e-02  9.99795663e-02  0.00000000e+00  1.02168341e-05
  9.98978317e-03  9.97956633e-03  0.00000000e+00  2.21932139e-02
 -9.79656928e-03  4.98978317e-03]
	[RESULT 104] [ 4.37005971e-03 -2.56264955e-02  1.99965552e-02  1.69298627e-02
  1.69367522e-02  9.99931105e-02  0.00000000e+00  3.44476246e-06
  9.99655524e-03  9.99311048e-03  0.00000000e+00  6.37005971e-03
 -2.56264955e-02  4.99655524e-03]
	[RESULT 105] [ 3.47671790e-02  7.61542473e-03  1.71517543e-02  2.18887790e-02
  1.61922876e-02  9.43035086e-02  0.00000000e+00  5.54473708e-03
  7.15175431e-03  4.30350861e-03  0.00000000e+00  3.32328210e-02
 -8.10666574e-05  9.84824569e-03]
