[METRICS]
	[DISEQUILIBRIUM COUNT] 1937
	[MINIMUM S0 sTrt S1 DISTANCE]0.004031627258999304
	[MINIMUM S0 sTrt S21 DISTANCE]-0.025945959759293077
	[MINIMUM S0 sTrt S22 DISTANCE]0.015108696902197655
	[MINIMUM S7 sTrt S6 DISTANCE]0.0077533465734049845
	[MINIMUM S7 sTrt S8 DISTANCE]0.0028483165501735352
	[MINIMUM S7 sTrt S21 DISTANCE]0.0902173938043953
	[MINIMUM S7 esTrt S22 DISTANCE]0.0
	[MINIMUM S14 sTrt S13 DISTANCE]2.8773103899482066e-09
	[MINIMUM S14 sTrt S15 DISTANCE]0.005108696902197674
	[MINIMUM S14 sTrt S21 DISTANCE]0.00021739380439528277
	[MINIMUM S14 sTrt S22 DISTANCE]0.0
	[MINIMUM S20 sTrt S19 DISTANCE]0.005660170778317708
	[MINIMUM S20 sTrt S21 DISTANCE]-0.026242895728787914
	[MINIMUM S20 sTrt S22 DISTANCE]0.0027595525548049296
	[AVERAGE S0 sTrt S1 DISTANCE]0.021053947633050765
	[AVERAGE S0 sTrt S21 DISTANCE]0.003060390910483522
	[AVERAGE S0 sTrt S22 DISTANCE]0.01699859309567285
	[AVERAGE S7 sTrt S6 DISTANCE]0.018678405924728057
	[AVERAGE S7 sTrt S8 DISTANCE]0.016121441241783004
	[AVERAGE S7 sTrt S21 DISTANCE]0.09399718619134563
	[AVERAGE S7 sTrt S22 DISTANCE]0.0
	[AVERAGE S14 sTrt S13 DISTANCE]0.004152232143510023
	[AVERAGE S14 sTrt S15 DISTANCE]0.006998593095672814
	[AVERAGE S14 sTrt S21 DISTANCE]0.003997186191345626
	[AVERAGE S14 sTrt S22 DISTANCE]0.0
	[AVERAGE S20 sTrt S19 DISTANCE]0.021560764410905292
	[AVERAGE S20 sTrt S21 DISTANCE]-0.004529054342329843
	[AVERAGE S20 sTrt S22 DISTANCE]0.006585121301187918
[VARIABLES]
	[RESULT 1] [1 46.71775783046321 1 3 13 3999.7091593033006 99]
	[RESULT 2] [0 43.53419151918172 0 2 11 3999.427018016046 95]
	[RESULT 3] [1 5.109190270331149 0 2 18 3999.916365740266 100]
	[RESULT 4] [1 5.41863936117026 0 4 12 3982.2797768163505 100]
	[RESULT 5] [0 6.531144116057205 0 4 11 3999.9113814224506 100]
	[RESULT 6] [0 12.1883794224561 1 2 1 3985.816714085425 100]
	[RESULT 7] [1 5.1560722546150695 0 2 12 3999.9991500704496 100]
	[RESULT 8] [0 6.904702955468675 1 2 11 3992.736998083822 99]
	[RESULT 9] [1 5.000740892995212 1 3 13 3970.919008223524 99]
	[RESULT 10] [1 5.000865628298909 1 3 11 3944.1402368882673 100]
	[RESULT 11] [1 6.926449683273767 1 3 13 3945.3004730206 100]
	[RESULT 12] [1 5.042947673293554 0 2 20 3999.95535634592 100]
	[RESULT 13] [0 9.036805853119382 0 2 13 3992.5232543000598 100]
	[RESULT 14] [1 6.549100669695662 0 2 13 3999.941315150689 100]
	[RESULT 15] [1 5.154018350563527 0 2 20 3999.9991500704496 100]
	[RESULT 16] [0 43.597029148113485 0 1 10 3969.9460698919074 100]
	[RESULT 17] [1 5.130246457204939 1 4 13 3999.458535958377 99]
	[RESULT 18] [0 5.634598361318063 1 2 13 3927.0565608797924 28]
	[RESULT 19] [1 6.527922293055763 0 4 10 3999.9988412505804 100]
	[RESULT 20] [1 5.035002352125482 0 3 18 3999.833788839964 100]
	[RESULT 21] [0 5.317829955716604 0 2 0 3995.664351023778 100]
	[RESULT 22] [1 5.002005284019207 1 4 11 3944.1402368882673 100]
	[RESULT 23] [1 5.422943780165118 0 4 10 3963.5859163174464 100]
	[RESULT 24] [1 5.165511311775573 0 4 11 3999.9852232916955 100]
	[RESULT 25] [1 5.070183701852816 0 2 13 3997.8298910644917 97]
	[RESULT 26] [1 5.000865628298909 1 3 12 3939.6150164985806 100]
	[RESULT 27] [1 46.40511717964794 1 4 1 3989.9131152492146 97]
	[RESULT 28] [1 5.088387734348624 0 4 11 3999.276980352021 100]
	[RESULT 29] [0 13.186568102251766 1 2 20 3938.6480931897554 92]
	[RESULT 30] [1 5.049548890462296 0 2 10 3999.264165698748 100]
	[RESULT 31] [1 5.722135033665401 0 2 13 3964.235750234179 100]
	[RESULT 32] [1 49.81441002613962 0 2 0 3995.664351023778 99]
	[RESULT 33] [1 6.328035474161836 0 2 13 3998.3712779102316 100]
	[RESULT 34] [1 5.0613528484786805 0 1 17 3999.8172609000553 100]
	[RESULT 35] [1 5.1143608067738695 1 4 18 3965.463716578187 100]
	[RESULT 36] [1 5.094293910067769 0 2 11 3999.9938342058863 100]
	[RESULT 37] [1 5.811887942229623 0 1 10 3999.8533458687252 100]
	[RESULT 38] [1 5.00170032252705 0 4 21 3999.273097978921 97]
	[RESULT 39] [1 5.0319672963231055 0 2 13 3999.264165698748 100]
	[RESULT 40] [0 6.5338732957780135 0 2 9 3999.9990778896918 100]
	[RESULT 41] [1 7.255656179792048 0 3 13 3999.926767921485 100]
	[RESULT 42] [1 5.419493676062641 1 2 18 3997.2403982609712 100]
	[RESULT 43] [1 5.000555633878658 0 4 11 3898.4914441174474 100]
	[RESULT 44] [1 5.081827772410506 0 4 11 3999.9645306047255 100]
	[RESULT 45] [1 5.04892477266411 0 4 18 3999.916365740266 100]
	[RESULT 46] [1 5.0130567197139095 0 2 11 3999.966240642886 100]
	[RESULT 47] [1 6.213437031555999 0 3 11 3999.9113814224506 100]
	[RESULT 48] [1 5.007482377543718 0 3 13 3999.9298941705692 100]
	[RESULT 49] [1 5.2969046399348905 0 4 12 3994.100330155186 97]
	[RESULT 50] [0 5.972415035453132 0 4 10 3999.999956046434 99]
	[RESULT 51] [1 5.269135240074132 1 2 14 3999.8937699167564 99]
	[RESULT 52] [1 46.99203643769897 1 4 8 3991.7640004990167 100]
	[RESULT 53] [1 5.151907145373434 0 4 13 3909.010765543637 100]
	[RESULT 54] [1 5.039024436376417 0 3 23 3998.8289125467104 100]
	[RESULT 55] [1 5.002005284019207 1 4 13 3986.834704042913 100]
	[RESULT 56] [0 5.401830954392994 1 2 17 2370.3978475594513 5]
	[RESULT 57] [1 5.000455924955967 1 3 12 3973.5594615440605 99]
	[RESULT 58] [1 5.000971363554311 1 3 11 3999.826164245969 90]
	[RESULT 59] [1 5.042954580818726 0 2 10 3986.1009282913874 100]
	[RESULT 60] [1 5.000004742642786 0 2 0 3909.3502154299454 99]
	[RESULT 61] [1 46.99203643769897 1 2 8 3999.999268533075 100]
	[RESULT 62] [1 11.310301623133395 0 2 13 3999.9982501708882 100]
	[RESULT 63] [1 5.000971363554311 1 2 11 3998.2182714326195 94]
	[RESULT 64] [1 6.433807905349393 0 4 22 3948.4085119375695 100]
	[RESULT 65] [0 5.206966423559924 1 2 18 3999.142289901454 98]
	[RESULT 66] [1 7.074802063803398 0 4 11 3999.458535958377 100]
	[RESULT 67] [1 5.005558025758399 0 3 12 3931.0946253313964 100]
	[RESULT 68] [1 5.005625910093116 0 4 20 3986.5594200480205 95]
	[RESULT 69] [1 5.094041063231618 0 2 11 3930.7549226800925 100]
	[RESULT 70] [1 5.02559177893815 0 4 13 3999.4948866694062 100]
	[RESULT 71] [1 49.91587205301911 0 2 10 3995.8713061181375 100]
	[RESULT 72] [1 5.416900235638595 1 4 13 3999.5785629965085 100]
	[RESULT 73] [1 5.1876176685937025 0 4 12 3825.449255648713 100]
	[RESULT 74] [1 5.002355842671985 0 2 10 1253.9862072127873 15]
	[RESULT 75] [1 6.904702955468675 0 2 10 3992.9429389071074 99]
	[RESULT 76] [1 5.1030761359915875 1 4 8 3999.495132683464 100]
	[RESULT 77] [1 5.703571073230333 0 2 1 3992.6315294661467 100]
	[RESULT 78] [1 5.119115386528208 1 4 18 3975.0684527190433 100]
	[RESULT 79] [1 5.0859269579733635 0 2 16 3977.148265624259 100]
	[RESULT 80] [0 8.580807365437959 1 3 13 3939.390156809289 99]
	[RESULT 81] [0 46.93243075872384 0 1 10 3621.521461300994 100]
	[RESULT 82] [1 5.000745717664909 0 2 15 3990.698170283085 99]
	[RESULT 83] [1 5.000968767573884 1 3 13 3988.0154778221163 99]
	[RESULT 84] [1 7.835976952770548 0 3 13 3999.9298941705692 22]
	[RESULT 85] [1 5.0155773520035245 0 4 12 3842.211756307385 100]
	[RESULT 86] [1 6.415321359348195 0 2 15 3999.2048342683247 100]
	[RESULT 87] [1 5.3087970417960975 0 4 9 3970.0869039166846 100]
	[RESULT 88] [0 8.011936010471294 0 2 10 1355.7181731140531 15]
	[RESULT 89] [1 8.615030656527402 0 4 12 3981.835671175327 100]
	[RESULT 90] [1 10.720625203532482 0 2 13 3838.7819625098664 100]
	[RESULT 91] [1 5.205787642300738 0 2 0 3999.9232234653628 100]
	[RESULT 92] [1 5.00000057546241 0 4 18 3885.6301495064963 99]
	[RESULT 93] [1 5.153163861781863 0 4 10 3998.196038930825 99]
	[RESULT 94] [0 8.837620590036572 1 1 18 2120.2718759639392 5]
	[RESULT 95] [0 22.793961706266934 0 1 21 3982.7594450364895 100]
	[RESULT 96] [0 42.227136149958504 1 2 0 3941.681727096371 100]
	[RESULT 97] [1 5.020261060099589 0 3 11 3986.1432934098284 97]
	[RESULT 98] [1 5.016322975013707 1 4 13 3999.8948598988877 99]
	[RESULT 99] [1 5.0210763622351395 0 2 15 3999.4482614411313 100]
	[RESULT 100] [1 13.343188456917538 1 4 11 3992.64893892951 99]
	[RESULT 101] [1 5.1554616940888325 0 4 14 3669.3127846649318 100]
	[RESULT 102] [1 5.000004742642786 0 2 21 3997.7204835503753 94]
	[RESULT 103] [1 5.4273385826892655 0 4 14 3911.8537048768085 100]
	[RESULT 104] [1 5.151077552716475 0 4 12 3970.980440003437 100]
	[RESULT 105] [1 5.016836782590639 0 2 13 3999.9828198062587 94]
[OBJECTIVES]
	[RESULT 1] [ 0.02417045 -0.0009466   0.01511705  0.0195108   0.0207233   0.09023409
  0.          0.00885114  0.00511705  0.00023409  0.          0.02667045
 -0.0117125   0.01138295]
	[RESULT 2] [ 0.02710034  0.00197386  0.01512647  0.02123988  0.01901307  0.09025295
  0.          0.00562058  0.00512647  0.00025295  0.          0.02810034
 -0.00477319  0.00587353]
	[RESULT 3] [ 0.00457556 -0.02493223  0.01950779  0.01629947  0.01728388  0.09901559
  0.          0.00049221  0.00950779  0.00901559  0.          0.00657556
 -0.02493223  0.00450779]
	[RESULT 4] [ 0.01584542 -0.01267908  0.0185245   0.02045947  0.02341046  0.09704901
  0.          0.0014755   0.0085245   0.00704901  0.          0.01884542
 -0.01167908  0.0035245 ]
	[RESULT 5] [ 0.00811291 -0.01886248  0.01697539  0.01451954  0.02056876  0.09395078
  0.          0.00302461  0.00697539  0.00395078  0.          0.01011291
 -0.02191169  0.00502461]
	[RESULT 6] [ 0.0234387  -0.00217192  0.01561062  0.02013528  0.02108596  0.09122124
  0.          0.00916814  0.00561062  0.00122124  0.          0.0244387
 -0.01295068  0.01038938]
	[RESULT 7] [ 0.00467586 -0.02464913  0.01932499  0.01607541  0.01742544  0.09864998
  0.          0.00067501  0.00932499  0.00864998  0.          0.00667586
 -0.02464913  0.00432499]
	[RESULT 8] [ 0.02890662  0.00218527  0.01672135  0.02453533  0.01890736  0.09344269
  0.          0.00583596  0.00672135  0.00344269  0.          0.02990662
 -0.00637203  0.00927865]
	[RESULT 9] [3.24469610e-02 2.45066272e-03 1.99962983e-02 1.90320721e-02
 1.90246686e-02 9.99925966e-02 0.00000000e+00 3.70172240e-06
 9.99629828e-03 9.99259656e-03 0.00000000e+00 3.49469610e-02
 1.44325928e-03 6.50370172e-03]
	[RESULT 10] [ 2.62748929e-02 -3.72078270e-03  1.99956756e-02  2.21190401e-02
  2.21103914e-02  9.99913512e-02  0.00000000e+00  4.32439817e-06
  9.99567560e-03  9.99135120e-03  0.00000000e+00  2.87748929e-02
 -4.72943150e-03  6.50432440e-03]
	[RESULT 11] [ 0.02944949  0.00274094  0.01670855  0.02453758  0.01887953  0.09341711
  0.          0.00637434  0.00670855  0.00341711  0.          0.03194949
 -0.00484195  0.00979145]
	[RESULT 12] [ 0.00425046 -0.02554364  0.0197941   0.01656639  0.01697818  0.09958821
  0.          0.0002059   0.0097941   0.00958821  0.          0.00625046
 -0.02554364  0.0047941 ]
	[RESULT 13] [ 0.01476277 -0.01122992  0.01599269  0.01637042  0.02438504  0.09198539
  0.          0.00400731  0.00599269  0.00198539  0.          0.01576277
 -0.01624454  0.00500731]
	[RESULT 14] [ 0.00709707 -0.0198644   0.01696148  0.01374075  0.0198178   0.09392295
  0.          0.00303852  0.00696148  0.00392295  0.          0.00909707
 -0.02194145  0.00403852]
	[RESULT 15] [ 0.00466816 -0.02466452  0.01933269  0.01608311  0.01741774  0.09866537
  0.          0.00066731  0.00933269  0.00866537  0.          0.00666816
 -0.02466452  0.00433269]
	[RESULT 16] [ 0.02352122 -0.00160505  0.01512627  0.01945002  0.02080252  0.09025254
  0.          0.00512118  0.00512627  0.00025254  0.          0.02402122
 -0.0083525   0.00537373]
	[RESULT 17] [ 0.02010617 -0.00931764  0.01942381  0.02393881  0.02490882  0.09884763
  0.          0.00057619  0.00942381  0.00884763  0.          0.02310617
 -0.01147001  0.00757619]
	[RESULT 18] [0.01971406 0.02222708 0.01805886 0.01276875 0.00888646 0.09611771
 0.         0.00194114 0.00805886 0.00611771 0.         0.01871406
 0.00665521 0.00794114]
	[RESULT 19] [ 0.00702325 -0.01995466  0.01697791  0.01372849  0.01977267  0.09395582
  0.          0.00302209  0.00697791  0.00395582  0.          0.01002325
 -0.02199884  0.00502209]
	[RESULT 20] [ 0.00433421 -0.0254967   0.01983091  0.01666346  0.01700165  0.09966181
  0.          0.00016909  0.00983091  0.00966181  0.          0.00683421
 -0.0249967   0.00483091]
	[RESULT 21] [ 0.00990075 -0.01889337  0.01879412  0.01814155  0.02055332  0.09758823
  0.          0.00120588  0.00879412  0.00758823  0.          0.01090075
 -0.01989337  0.00379412]
	[RESULT 22] [ 2.62805749e-02 -3.70941879e-03  1.99899936e-02  2.21247221e-02
  2.21047094e-02  9.99799873e-02  0.00000000e+00  1.00063545e-05
  9.98999365e-03  9.97998729e-03  0.00000000e+00  2.92805749e-02
 -4.72943150e-03  7.01000635e-03]
	[RESULT 23] [ 0.02030934 -0.0082045   0.01851384  0.02267543  0.02435225  0.09702768
  0.          0.00148616  0.00851384  0.00702768  0.          0.02330934
 -0.0072045   0.00351384]
	[RESULT 24] [ 0.00472481 -0.02456516  0.01928996  0.01604735  0.01746742  0.09857993
  0.          0.00071004  0.00928996  0.00857993  0.          0.00772481
 -0.02356516  0.00428996]
	[RESULT 25] [ 0.02132468 -0.00834741  0.0196721   0.02492048  0.02442371  0.09934419
  0.          0.0003279   0.0096721   0.00934419  0.          0.02332468
 -0.00834741  0.0046721 ]
	[RESULT 26] [ 2.66845361e-02 -3.31113947e-03  1.99956756e-02  2.19142185e-02
  2.19055697e-02  9.99913512e-02  0.00000000e+00  4.32439817e-06
  9.99567560e-03  9.99135120e-03  0.00000000e+00  2.91845361e-02
 -4.31978826e-03  6.50432440e-03]
	[RESULT 27] [0.03393083 0.01095126 0.01511791 0.02453855 0.01477437 0.09023582
 0.         0.00835373 0.00511791 0.00023582 0.         0.03093083
 0.00018708 0.01188209]
	[RESULT 28] [ 0.00510875 -0.02448521  0.01959395  0.0166953   0.0175074   0.0991879
  0.          0.00040605  0.00959395  0.0091879   0.          0.00810875
 -0.02348521  0.00459395]
	[RESULT 29] [0.02000432 0.02445141 0.01554427 0.01668575 0.0077743  0.09108855
 0.         0.00936718 0.00554427 0.00108855 0.         0.01900432
 0.00946005 0.01045573]
	[RESULT 30] [ 0.00495084 -0.02481311  0.01976395  0.01687135  0.01734345  0.0995279
  0.          0.00023605  0.00976395  0.0095279   0.          0.00695084
 -0.02481311  0.00476395]
	[RESULT 31] [ 0.02081097 -0.0070924   0.01790337  0.02201055  0.0237962   0.09580675
  0.          0.00209663  0.00790337  0.00580675  0.          0.02281097
 -0.00728565  0.00309663]
	[RESULT 32] [ 0.02258573 -0.00252341  0.01510914  0.01870657  0.0215117   0.09021827
  0.          0.00567259  0.00510914  0.00021827  0.          0.02458573
 -0.00830514  0.00589086]
	[RESULT 33] [ 0.00838137 -0.01876636  0.01714773  0.01466228  0.02036682  0.09429547
  0.          0.00285227  0.00714773  0.00429547  0.          0.01038137
 -0.0204709   0.00385227]
	[RESULT 34] [ 0.00447044 -0.02524052  0.01971097  0.01655168  0.01712974  0.09942194
  0.          0.00028903  0.00971097  0.00942194  0.          0.00597044
 -0.02574052  0.00471097]
	[RESULT 35] [ 0.02401532 -0.00547155  0.01948688  0.02401202  0.02298578  0.09897375
  0.          0.00051312  0.00948688  0.00897375  0.          0.02701532
 -0.0074978   0.00751312]
	[RESULT 36] [ 0.00443701 -0.02513215  0.01956916  0.01632224  0.01718393  0.09913831
  0.          0.00043084  0.00956916  0.00913831  0.          0.00643701
 -0.02513215  0.00456916]
	[RESULT 37] [ 0.00638625 -0.02137331  0.01775955  0.01458245  0.01906335  0.09551911
  0.          0.00224045  0.00775955  0.00551911  0.          0.00788625
 -0.02187331  0.00275955]
	[RESULT 38] [ 1.97148509e-02 -1.02766619e-02  1.99915128e-02  2.45946947e-02
  2.46116690e-02  9.99830256e-02  0.00000000e+00  8.48718169e-06
  9.99151282e-03  9.98302564e-03  0.00000000e+00  2.27148509e-02
 -9.27666190e-03  4.99151282e-03]
	[RESULT 39] [ 0.00486968 -0.02497543  0.01984511  0.01695251  0.01726228  0.09969023
  0.          0.00015489  0.00984511  0.00969023  0.          0.00686968
 -0.02497543  0.00484511]
	[RESULT 40] [ 0.00802766 -0.01894561  0.01697326  0.01447372  0.0205272   0.09394653
  0.          0.00302674  0.00697326  0.00394653  0.          0.00902766
 -0.02199908  0.00402674]
	[RESULT 41] [ 0.00753723 -0.01899856  0.01653579  0.0133223   0.02025072  0.09307158
  0.          0.00346421  0.00653579  0.00307158  0.          0.01003723
 -0.02192698  0.00496421]
	[RESULT 42] [ 0.01296289 -0.0155595   0.01852238  0.01901502  0.02197025  0.09704477
  0.          0.00147762  0.00852238  0.00704477  0.          0.01496289
 -0.01951473  0.00747762]
	[RESULT 43] [ 2.40623993e-02 -5.93482406e-03  1.99972234e-02  2.32229653e-02
  2.32174120e-02  9.99944467e-02  0.00000000e+00  2.77662661e-06
  9.99722337e-03  9.99444675e-03  0.00000000e+00  2.70623993e-02
 -4.93482406e-03  4.99722337e-03]
	[RESULT 44] [ 0.00441361 -0.0252082   0.01962181  0.01638952  0.0171459   0.09924362
  0.          0.00037819  0.00962181  0.00924362  0.          0.00741361
 -0.0242082   0.00462181]
	[RESULT 45] [ 0.00431657 -0.02545022  0.01976679  0.01655846  0.01702489  0.09953357
  0.          0.00023321  0.00976679  0.00953357  0.          0.00731657
 -0.02445022  0.00476679]
	[RESULT 46] [ 4.09815603e-03 -2.58374018e-02  1.99355578e-02  1.67024147e-02
  1.68312991e-02  9.98711156e-02  0.00000000e+00  6.44421949e-05
  9.93555781e-03  9.87111561e-03  0.00000000e+00  6.09815603e-03
 -2.58374018e-02  4.93555781e-03]
	[RESULT 47] [ 0.00682938 -0.02042956  0.01725893  0.01405308  0.01953522  0.09451786
  0.          0.00274107  0.00725893  0.00451786  0.          0.00932938
 -0.02191169  0.00424107]
	[RESULT 48] [ 4.10704382e-03 -2.58558221e-02  1.99628660e-02  1.67478209e-02
  1.68220889e-02  9.99257319e-02  0.00000000e+00  3.71340368e-05
  9.96286596e-03  9.92573193e-03  0.00000000e+00  6.60704382e-03
 -2.53558221e-02  4.96286596e-03]
	[RESULT 49] [ 0.02491791 -0.00393742  0.01885533  0.02450804  0.02221871  0.09771067
  0.          0.00114467  0.00885533  0.00771067  0.          0.02791791
 -0.00293742  0.00385533]
	[RESULT 50] [ 0.01746508 -0.01006988  0.01753496  0.02003499  0.02496506  0.09506993
  0.          0.00246504  0.00753496  0.00506993  0.          0.01946508
 -0.01199996  0.00446504]
	[RESULT 51] [ 0.02016609 -0.0087736   0.01893969  0.02324258  0.0246368   0.09787938
  0.          0.00106031  0.00893969  0.00787938  0.          0.02216609
 -0.01189422  0.00706031]
	[RESULT 52] [ 0.02007879 -0.00503751  0.0151163   0.01746385  0.02276876  0.0902326
  0.          0.0083489   0.0051163   0.0002326   0.          0.02307879
 -0.01580491  0.0118837 ]
	[RESULT 53] [ 0.02427094 -0.00506969  0.01934063  0.02410359  0.02278484  0.09868126
  0.          0.00065937  0.00934063  0.00868126  0.          0.02727094
 -0.00406969  0.00434063]
	[RESULT 54] [ 0.00530648 -0.02450573  0.01981221  0.01712155  0.01749714  0.09962441
  0.          0.00018779  0.00981221  0.00962441  0.          0.00780648
 -0.02400573  0.00481221]
	[RESULT 55] [ 1.76338724e-02 -1.23561213e-02  1.99899936e-02  2.35519267e-02
  2.35719394e-02  9.99799873e-02  0.00000000e+00  1.00063545e-05
  9.98999365e-03  9.97998729e-03  0.00000000e+00  2.06338724e-02
 -1.33761340e-02  7.01000635e-03]
	[RESULT 56] [0.01415283 0.0227196  0.01856676 0.00922627 0.0063598  0.09713353
 0.         0.00143324 0.00856676 0.00713353 0.         0.01315283
 0.00058607 0.00743324]
	[RESULT 57] [3.18523280e-02 1.85460659e-03 1.99977214e-02 1.93272539e-02
 1.93226967e-02 9.99954428e-02 0.00000000e+00 2.27858592e-06
 9.99772141e-03 9.99544283e-03 0.00000000e+00 3.43523280e-02
 8.50049421e-04 6.50227859e-03]
	[RESULT 58] [ 2.73593056e-02 -2.63584226e-03  1.99951479e-02  2.15776253e-02
  2.15679211e-02  9.99902958e-02  0.00000000e+00  4.85210461e-06
  9.99514790e-03  9.99029579e-03  0.00000000e+00  2.98593056e-02
 -3.64554647e-03  6.50485210e-03]
	[RESULT 59] [ 0.01313871 -0.01665537  0.01979407  0.02101046  0.02142232  0.09958815
  0.          0.00020593  0.00979407  0.00958815  0.          0.01513871
 -0.01665537  0.00479407]
	[RESULT 60] [3.35957767e-02 3.59580044e-03 1.99999763e-02 1.84521472e-02
 1.84520998e-02 9.99999526e-02 0.00000000e+00 2.37131015e-08
 9.99997629e-03 9.99995257e-03 0.00000000e+00 3.44042233e-02
 3.59580044e-03 4.99997629e-03]
	[RESULT 61] [ 0.01388443 -0.01123187  0.0151163   0.01436667  0.02413407  0.0902326
  0.          0.0093489   0.0051163   0.0002326   0.          0.01588443
 -0.02199927  0.0108837 ]
	[RESULT 62] [ 0.00831778 -0.01736618  0.01568397  0.01243484  0.02106691  0.09136793
  0.          0.00431603  0.00568397  0.00136793  0.          0.01031778
 -0.02199825  0.00531603]
	[RESULT 63] [ 2.78109034e-02 -2.18424450e-03  1.99951479e-02  2.13518265e-02
  2.13421223e-02  9.99902958e-02  0.00000000e+00  4.85210461e-06
  9.99514790e-03  9.99029579e-03  0.00000000e+00  2.98109034e-02
 -3.19394871e-03  6.00485210e-03]
	[RESULT 64] [ 0.02378543 -0.00326896  0.01705439  0.02222431  0.02188448  0.09410879
  0.          0.00294561  0.00705439  0.00410879  0.          0.02678543
 -0.00516018  0.00494561]
	[RESULT 65] [ 0.02501998 -0.00412264  0.01914262  0.02377609  0.02206132  0.09828523
  0.          0.00085738  0.00914262  0.00828523  0.          0.02601998
 -0.00783741  0.00685738]
	[RESULT 66] [ 0.00790386 -0.01872226  0.01662612  0.01364111  0.02038887  0.09325224
  0.          0.00337388  0.00662612  0.00325224  0.          0.01090386
 -0.02147001  0.00537388]
	[RESULT 67] [ 2.23720004e-02 -7.60036303e-03  1.99723635e-02  2.41054546e-02
  2.40501815e-02  9.99447270e-02  0.00000000e+00  2.76365243e-05
  9.97236348e-03  9.94472695e-03  0.00000000e+00  2.48720004e-02
 -7.10036303e-03  4.97236348e-03]
	[RESULT 68] [ 2.94357790e-02 -5.36248769e-04  1.99720278e-02  2.05740687e-02
  2.05181244e-02  9.99440556e-02  0.00000000e+00  2.79721815e-05
  9.97202782e-03  9.94405564e-03  0.00000000e+00  3.24357790e-02
  4.63751231e-04  4.97202782e-03]
	[RESULT 69] [ 0.02279814 -0.00677207  0.01957021  0.02449561  0.02363604  0.09914042
  0.          0.00042979  0.00957021  0.00914042  0.          0.02479814
 -0.00677207  0.00457021]
	[RESULT 70] [ 0.00461988 -0.02525536  0.01987523  0.01687279  0.01712232  0.09975047
  0.          0.00012477  0.00987523  0.00975047  0.          0.00761988
 -0.02425536  0.00487523]
	[RESULT 71] [ 0.0124346  -0.0126743   0.01510889  0.01363064  0.02341285  0.09021779
  0.          0.00567332  0.00510889  0.00021779  0.          0.0144346
 -0.01845651  0.00589111]
	[RESULT 72] [ 0.01088562 -0.01764321  0.01852883  0.01798606  0.0209284   0.09705766
  0.          0.00147117  0.00852883  0.00705766  0.          0.01388562
 -0.02158555  0.00847117]
	[RESULT 73] [ 0.02665786 -0.00255225  0.01921011  0.02310591  0.02152613  0.09842022
  0.          0.00078989  0.00921011  0.00842022  0.          0.02965786
 -0.00155225  0.00421011]
	[RESULT 74] [2.14463558e-02 1.85653957e-02 1.99882485e-02 1.09908052e-02
 1.09673022e-02 9.99764969e-02 0.00000000e+00 1.17515286e-05
 9.98824847e-03 9.97649694e-03 0.00000000e+00 1.94463558e-02
 4.43460430e-03 4.98824847e-03]
	[RESULT 75] [ 0.02278217 -0.00393918  0.01672135  0.0212231   0.02221959  0.09344269
  0.          0.00327865  0.00672135  0.00344269  0.          0.02478217
 -0.00649648  0.00427865]
	[RESULT 76] [ 0.00996209 -0.01957068  0.01953278  0.01903022  0.01996466  0.09906556
  0.          0.00046722  0.00953278  0.00906556  0.          0.01296209
 -0.02150513  0.00746722]
	[RESULT 77] [ 0.01175608 -0.01617894  0.01793501  0.01753055  0.02166053  0.09587002
  0.          0.00206499  0.00793501  0.00587002  0.          0.01375608
 -0.01630891  0.00306499]
	[RESULT 78] [ 0.02201505 -0.00745277  0.01946781  0.02495925  0.02397638  0.09893563
  0.          0.00053219  0.00946781  0.00893563  0.          0.02501505
 -0.00951714  0.00753219]
	[RESULT 79] [ 0.01633446 -0.0132699   0.01960436  0.02232377  0.02311505  0.09920872
  0.          0.00039564  0.00960436  0.00920872  0.          0.01833446
 -0.0132699   0.00460436]
	[RESULT 80] [0.02839207 0.01551642 0.01609151 0.02005877 0.01224179 0.09218302
 0.         0.00822547 0.00609151 0.00218302 0.         0.02689207
 0.00569944 0.01040849]
	[RESULT 81] [0.03333451 0.00821805 0.01511646 0.02434195 0.01589098 0.09023292
 0.         0.00515061 0.00511646 0.00023292 0.         0.03383451
 0.00145097 0.00538354]
	[RESULT 82] [ 2.07831234e-02 -9.21315075e-03  1.99962742e-02  2.48640270e-02
  2.48565754e-02  9.99925484e-02  0.00000000e+00  3.72580992e-06
  9.99627419e-03  9.99254838e-03  0.00000000e+00  2.27831234e-02
 -9.21315075e-03  4.99627419e-03]
	[RESULT 83] [ 2.71058781e-02 -2.88928276e-03  1.99951609e-02  2.17043197e-02
  2.16946414e-02  9.99903217e-02  0.00000000e+00  4.83914986e-06
  9.99516085e-03  9.99032170e-03  0.00000000e+00  2.96058781e-02
 -3.89896106e-03  6.50483915e-03]
	[RESULT 84] [ 0.0275133   0.00120985  0.01630345  0.02296182  0.01964508  0.0926069
  0.          0.00369655  0.00630345  0.0026069   0.          0.0300133
 -0.00218325  0.00519655]
	[RESULT 85] [ 2.56574350e-02 -4.26587290e-03  1.99233079e-02  2.25363207e-02
  2.23829364e-02  9.98466158e-02  0.00000000e+00  7.66921002e-05
  9.92330790e-03  9.84661580e-03  0.00000000e+00  2.86574350e-02
 -3.26587290e-03  4.92330790e-03]
	[RESULT 86] [ 0.00770054 -0.01936958  0.01707012  0.01420544  0.02006521  0.09414024
  0.          0.00292988  0.00707012  0.00414024  0.          0.00970054
 -0.02122935  0.00392988]
	[RESULT 87] [ 0.01879808 -0.01002222  0.0188203   0.02237949  0.02473889  0.0976406
  0.          0.0011797   0.0088203   0.0076406   0.          0.02179808
 -0.00902222  0.0038203 ]
	[RESULT 88] [0.01671298 0.02295927 0.01624628 0.01398707 0.00647963 0.09249256
 0.         0.00375372 0.00624628 0.00249256 0.         0.01571298
 0.0004667  0.00475372]
	[RESULT 89] [ 0.01843703 -0.00764638  0.01608342  0.01809364  0.02407319  0.09216683
  0.          0.00391658  0.00608342  0.00216683  0.          0.02143703
 -0.01147955  0.00591658]
	[RESULT 90] [ 0.02989974  0.00415576  0.01574398  0.02331584  0.01817212  0.09148796
  0.          0.00425602  0.00574398  0.00148796  0.          0.03189974
 -0.00035628  0.00525602]
	[RESULT 91] [ 0.00492987 -0.02421679  0.01914667  0.01593494  0.0176416   0.09829333
  0.          0.00085333  0.00914667  0.00829333  0.          0.00692987
 -0.02421679  0.00414667]
	[RESULT 92] [3.45155323e-02 4.51553513e-03 1.99999971e-02 1.79922382e-02
 1.79922324e-02 9.99999942e-02 0.00000000e+00 2.87731039e-09
 9.99999712e-03 9.99999425e-03 0.00000000e+00 3.24844677e-02
 5.51553513e-03 4.99999712e-03]
	[RESULT 93] [ 0.01634665 -0.01298924  0.0193359   0.02192717  0.02325538  0.09867179
  0.          0.0006641   0.0093359   0.00867179  0.          0.01934665
 -0.01198924  0.0043359 ]
	[RESULT 94] [0.01157003 0.0176036  0.01603357 0.01173467 0.0038018  0.09206713
 0.         0.0073993  0.00603357 0.00206713 0.         0.01107003
 0.00053646 0.00946643]
	[RESULT 95] [ 0.01993775 -0.00532829  0.01526604  0.01786794  0.02266415  0.09053209
  0.          0.00473396  0.00526604  0.00053209  0.          0.02043775
 -0.01179621  0.00523396]
	[RESULT 96] [ 0.03236785  0.00723705  0.0151308   0.02388012  0.01638147  0.09026159
  0.          0.00939239  0.0051308   0.00026159  0.          0.03336785
 -0.00450136  0.0108692 ]
	[RESULT 97] [ 2.80145541e-02 -1.88615240e-03  1.99007065e-02  2.13916632e-02
  2.11930762e-02  9.98014130e-02  0.00000000e+00  9.92935087e-05
  9.90070649e-03  9.80141298e-03  0.00000000e+00  3.05145541e-02
 -1.38615240e-03  4.90070649e-03]
	[RESULT 98] [ 1.91850038e-02 -1.07346921e-02  1.99196959e-02  2.42220458e-02
  2.43826540e-02  9.98393919e-02  0.00000000e+00  8.03040737e-05
  9.91969593e-03  9.83939185e-03  0.00000000e+00  2.21850038e-02
 -1.18953002e-02  7.08030407e-03]
	[RESULT 99] [ 0.00464303 -0.02525376  0.01989679  0.01691671  0.01712312  0.09979359
  0.          0.00010321  0.00989679  0.00979359  0.          0.00664303
 -0.02525376  0.00489679]
	[RESULT 100] [ 0.02914555  0.0036104   0.01553515  0.0226255   0.0184448   0.0910703
  0.          0.00960545  0.00553515  0.0010703   0.          0.03214555
 -0.0063193   0.01146485]
	[RESULT 101] [ 0.02791556 -0.00141171  0.01932727  0.02230131  0.02095586  0.09865455
  0.          0.00067273  0.00932727  0.00865455  0.          0.03091556
 -0.00041171  0.00432727]
	[RESULT 102] [ 2.32319176e-02 -6.76805872e-03  1.99999763e-02  2.36340768e-02
  2.36340294e-02  9.99999526e-02  0.00000000e+00  2.37131015e-08
  9.99997629e-03  9.99995257e-03  0.00000000e+00  2.52319176e-02
 -6.76805872e-03  4.99997629e-03]
	[RESULT 103] [ 0.02497315 -0.00352987  0.01850302  0.02499111  0.02201493  0.09700605
  0.          0.00149698  0.00850302  0.00700605  0.          0.02797315
 -0.00252987  0.00350302]
	[RESULT 104] [ 0.01808636 -0.0112574   0.01934376  0.02280881  0.0241213   0.09868751
  0.          0.00065624  0.00934376  0.00868751  0.          0.02108636
 -0.0102574   0.00434376]
	[RESULT 105] [ 2.12428155e-02 -8.67439447e-03  1.99172100e-02  2.47527772e-02
  2.45871972e-02  9.98344200e-02  0.00000000e+00  8.27899958e-05
  9.91721000e-03  9.83442001e-03  0.00000000e+00  2.32428155e-02
 -8.67439447e-03  4.91721000e-03]
