[METRICS]
	[DISEQUILIBRIUM COUNT] 1770
	[MINIMUM S0 sTrt S1 DISTANCE]0.004007852460147787
	[MINIMUM S0 sTrt S21 DISTANCE]-0.02598607766067214
	[MINIMUM S0 sTrt S22 DISTANCE]0.015108696220346413
	[MINIMUM S7 sTrt S6 DISTANCE]0.008114310133329694
	[MINIMUM S7 sTrt S8 DISTANCE]0.0028276616411481714
	[MINIMUM S7 sTrt S21 DISTANCE]0.09021739244069277
	[MINIMUM S7 esTrt S22 DISTANCE]0.0
	[MINIMUM S14 sTrt S13 DISTANCE]1.2008445460232053e-08
	[MINIMUM S14 sTrt S15 DISTANCE]0.005108696220346376
	[MINIMUM S14 sTrt S21 DISTANCE]0.00021739244069275687
	[MINIMUM S14 sTrt S22 DISTANCE]0.0
	[MINIMUM S20 sTrt S19 DISTANCE]0.005550809964242953
	[MINIMUM S20 sTrt S21 DISTANCE]-0.026415873419151747
	[MINIMUM S20 sTrt S22 DISTANCE]0.002773252022845646
	[AVERAGE S0 sTrt S1 DISTANCE]0.02055609830616935
	[AVERAGE S0 sTrt S21 DISTANCE]0.004489547809135027
	[AVERAGE S0 sTrt S22 DISTANCE]0.017104385261045515
	[AVERAGE S7 sTrt S6 DISTANCE]0.018423058581031968
	[AVERAGE S7 sTrt S8 DISTANCE]0.015256729000679576
	[AVERAGE S7 sTrt S21 DISTANCE]0.09420877052209126
	[AVERAGE S7 sTrt S22 DISTANCE]0.0
	[AVERAGE S14 sTrt S13 DISTANCE]0.004139669173321796
	[AVERAGE S14 sTrt S15 DISTANCE]0.007104385261045535
	[AVERAGE S14 sTrt S21 DISTANCE]0.004208770522091045
	[AVERAGE S14 sTrt S22 DISTANCE]0.0
	[AVERAGE S20 sTrt S19 DISTANCE]0.02081189990126554
	[AVERAGE S20 sTrt S21 DISTANCE]-0.003916537686163989
	[AVERAGE S20 sTrt S22 DISTANCE]0.006810255935485006
[VARIABLES]
	[RESULT 1] [1 5.076442555791804 0 3 6 3998.810909591467 100]
	[RESULT 2] [1 5.065822048727988 0 1 4 3999.9630235655704 100]
	[RESULT 3] [0 5.000633409307291 1 1 24 3976.737312183321 100]
	[RESULT 4] [0 5.000350620766916 1 1 24 3976.737312183321 100]
	[RESULT 5] [1 5.000173664042631 1 4 23 3806.1630819238235 100]
	[RESULT 6] [0 5.000778037841907 1 1 18 3978.4528479983005 100]
	[RESULT 7] [0 8.835364988781645 1 1 5 2438.581215727874 39]
	[RESULT 8] [0 39.647711146091346 1 3 23 3997.6395958637286 37]
	[RESULT 9] [0 38.34168961107065 0 3 18 3973.338807462537 100]
	[RESULT 10] [1 5.248107254936819 0 4 0 3853.1274260979453 100]
	[RESULT 11] [1 5.000173664042631 1 4 23 3873.8959623652217 100]
	[RESULT 12] [0 6.137661950055303 0 1 18 3999.8977558494526 100]
	[RESULT 13] [1 5.184534737725735 0 3 8 3999.8102590556027 100]
	[RESULT 14] [1 5.046235028341548 0 3 7 3999.2289984585395 100]
	[RESULT 15] [1 5.237289333203821 0 3 16 3999.993109508341 100]
	[RESULT 16] [1 6.278621434823385 0 1 6 3999.9630235655704 100]
	[RESULT 17] [0 5.033746499190946 0 1 4 3999.9630235655704 100]
	[RESULT 18] [0 5.777376900557116 0 1 24 3999.7808525203886 100]
	[RESULT 19] [1 6.4870560422201 0 1 17 3998.632548402059 100]
	[RESULT 20] [1 5.068398254516812 0 1 7 3999.2289984585395 100]
	[RESULT 21] [1 5.116515877088294 0 3 16 2834.433413228914 100]
	[RESULT 22] [1 5.032101739982624 0 4 10 3999.852687981761 100]
	[RESULT 23] [1 8.229415203499201 0 3 10 3999.9235163200447 97]
	[RESULT 24] [1 5.000332159584201 1 3 22 3954.3136830494736 100]
	[RESULT 25] [1 5.195804295934459 0 4 8 3999.9456163490486 100]
	[RESULT 26] [1 5.068153606059622 1 3 7 3996.2886361322144 100]
	[RESULT 27] [1 5.758381476786692 0 4 9 3999.8602770329558 100]
	[RESULT 28] [1 5.625651739577062 1 1 16 3999.0565744828036 100]
	[RESULT 29] [1 6.326878945364017 0 4 10 3999.8386218507358 100]
	[RESULT 30] [1 5.046495482777959 1 4 7 3984.2113724102114 100]
	[RESULT 31] [1 5.082949803193442 0 3 5 3999.9764281923945 100]
	[RESULT 32] [1 5.234371969116927 0 3 4 3962.935755142242 100]
	[RESULT 33] [1 5.5177589611028015 0 3 23 3985.442180306254 100]
	[RESULT 34] [1 8.748722265974324 0 1 8 3963.4824686442075 100]
	[RESULT 35] [1 5.001119423052015 1 4 5 3927.19311124584 100]
	[RESULT 36] [1 5.230850718184058 0 1 4 3999.9634313074685 100]
	[RESULT 37] [1 5.19749004984867 0 3 23 3698.082713200122 100]
	[RESULT 38] [1 7.307937325629134 1 3 5 3999.98951785187 98]
	[RESULT 39] [0 5.00009683181639 0 4 4 3998.244740783912 95]
	[RESULT 40] [1 5.605703134721584 0 3 20 3992.6396301604764 100]
	[RESULT 41] [1 5.0002243066116705 0 4 21 3181.4644713843663 100]
	[RESULT 42] [1 5.855171796128069 0 1 4 3999.976421090752 100]
	[RESULT 43] [1 39.58944713596095 0 3 6 3986.59861135801 100]
	[RESULT 44] [0 10.591991982580929 1 1 24 3976.724943835166 100]
	[RESULT 45] [0 5.079135524567581 0 1 24 3999.9319767018096 100]
	[RESULT 46] [1 5.022893011859508 0 3 20 3954.97044327014 100]
	[RESULT 47] [1 5.00097664816092 1 4 4 3885.334883661942 100]
	[RESULT 48] [0 5.003733946514487 0 4 8 3999.956025270158 100]
	[RESULT 49] [1 5.159815385713935 0 3 16 3999.999199499155 100]
	[RESULT 50] [1 5.0223666336409325 0 1 4 3876.3814947322053 100]
	[RESULT 51] [1 5.000401413039559 1 4 5 3969.368244221075 100]
	[RESULT 52] [0 5.012810949898103 0 3 4 3917.4398182229843 100]
	[RESULT 53] [1 6.018146860390972 0 3 8 3998.5438800896836 100]
	[RESULT 54] [1 5.003193474473412 0 3 22 3946.8600893325297 100]
	[RESULT 55] [0 10.654576163481904 0 1 24 3999.4852973356356 94]
	[RESULT 56] [0 5.596268785837681 1 1 23 2811.1817199050156 32]
	[RESULT 57] [1 6.904209923281017 0 3 24 3999.9808206154376 100]
	[RESULT 58] [1 5.19926496869378 0 3 23 3927.346241261588 100]
	[RESULT 59] [0 45.167487547903185 0 4 22 3999.491494294832 100]
	[RESULT 60] [1 7.919530879673161 0 3 5 3935.0859327362627 100]
	[RESULT 61] [1 5.865778819477248 1 2 4 3900.8477133888214 100]
	[RESULT 62] [1 5.000527212596735 1 4 5 3718.0673621616124 100]
	[RESULT 63] [1 5.000173664042631 0 4 2 3975.7727297954725 100]
	[RESULT 64] [1 6.103401856014421 0 1 20 3884.3658622064827 98]
	[RESULT 65] [0 5.605703134721584 0 1 20 3994.8587401708987 100]
	[RESULT 66] [1 5.234325586411561 0 4 8 3999.614750407761 100]
	[RESULT 67] [1 5.221901126900655 0 3 4 3999.983105641987 98]
	[RESULT 68] [1 5.162805828649071 0 1 6 3994.2407546231625 100]
	[RESULT 69] [1 5.034296540234156 0 4 23 3997.3916012844334 100]
	[RESULT 70] [1 5.032334140381798 0 4 11 3999.936509489838 100]
	[RESULT 71] [0 5.294272116430416 0 1 24 3972.9506566379887 100]
	[RESULT 72] [1 9.152098658864459 0 3 23 3992.013455461209 100]
	[RESULT 73] [1 5.020597467167134 1 4 23 3961.08655442505 100]
	[RESULT 74] [1 5.000369822415902 1 3 4 3888.102336518714 100]
	[RESULT 75] [1 41.228560739000635 1 3 7 3927.3059161724136 100]
	[RESULT 76] [1 5.511298611275536 0 2 3 3980.322135574489 100]
	[RESULT 77] [1 6.632006016426726 1 3 22 3766.3181170541843 94]
	[RESULT 78] [1 5.000663602310965 0 1 10 3997.5342970601087 100]
	[RESULT 79] [0 38.34168961107065 0 1 18 3737.5588413598034 100]
	[RESULT 80] [1 5.030820530334893 0 3 8 3999.995852888939 100]
	[RESULT 81] [1 5.002184055230844 1 3 7 3996.2886361322144 99]
	[RESULT 82] [0 5.000786027737358 0 4 22 3960.538180235199 100]
	[RESULT 83] [1 6.649518537507873 0 1 4 3999.976421090752 100]
	[RESULT 84] [1 5.233237687774011 1 3 16 3985.0464610168847 100]
	[RESULT 85] [1 5.0011225151522956 1 4 8 3856.0585777222786 100]
	[RESULT 86] [1 5.017101898000199 0 4 13 3691.1992961809565 100]
	[RESULT 87] [1 5.104722417040617 1 3 23 3854.4904562722045 92]
	[RESULT 88] [0 5.000778037841907 1 1 18 3978.4851789776644 100]
	[RESULT 89] [1 5.312783222020384 1 3 22 3999.6669948316744 100]
	[RESULT 90] [1 31.770629469574462 0 3 10 3792.628330944349 97]
	[RESULT 91] [1 7.853181956552355 1 4 4 3999.0178576610774 96]
	[RESULT 92] [1 5.08275235886953 0 4 5 3908.055662921539 100]
	[RESULT 93] [1 11.163291926627068 0 1 4 3999.9802355838456 100]
	[RESULT 94] [1 5.531075976338774 0 3 23 3969.539831706427 100]
	[RESULT 95] [1 5.069234927890259 1 4 23 3967.884491750862 100]
	[RESULT 96] [1 5.00002487025356 1 1 18 3973.863123627677 100]
	[RESULT 97] [1 5.006708021034035 0 1 18 3999.9824944031025 100]
	[RESULT 98] [1 5.605547430763591 0 4 23 3989.51415758212 100]
	[RESULT 99] [0 7.665483511248765 0 3 23 3981.56464421511 100]
	[RESULT 100] [1 5.712853216335333 0 1 10 3999.5436240974636 99]
	[RESULT 101] [0 5.764532596261429 1 1 18 3979.0097817771534 100]
	[RESULT 102] [1 5.059975843513779 0 3 4 3839.44339396245 100]
	[RESULT 103] [1 5.008064693567508 1 3 5 3926.984765457492 100]
	[RESULT 104] [1 5.016730942475969 0 1 4 3999.6127333769155 99]
	[RESULT 105] [0 5.214322475194457 1 1 24 3919.347527710717 100]
[OBJECTIVES]
	[RESULT 1] [ 0.00549017 -0.02415476  0.01964493  0.01696248  0.01767262  0.09928986
  0.          0.00035507  0.00964493  0.00928986  0.          0.00799017
 -0.02365476  0.00464493]
	[RESULT 2] [ 0.00434571 -0.02534551  0.01969121  0.01645968  0.01707725  0.09938243
  0.          0.00030879  0.00969121  0.00938243  0.          0.00584571
 -0.02584551  0.00469121]
	[RESULT 3] [ 2.20532025e-02 -7.94363247e-03  1.99968350e-02  2.39781463e-02
  2.39718162e-02  9.99936699e-02  0.00000000e+00  3.16504177e-06
  9.99683496e-03  9.99366992e-03  0.00000000e+00  2.25532025e-02
 -9.94996255e-03  5.50316504e-03]
	[RESULT 4] [ 2.20517899e-02 -7.94645758e-03  1.99982475e-02  2.39767338e-02
  2.39732288e-02  9.99964950e-02  0.00000000e+00  1.75248938e-06
  9.99824751e-03  9.99649502e-03  0.00000000e+00  2.25517899e-02
 -9.94996255e-03  5.50175249e-03]
	[RESULT 5] [3.11448601e-02 1.14572829e-03 1.99991318e-02 1.96788722e-02
 1.96771359e-02 9.99982637e-02 0.00000000e+00 8.68169443e-07
 9.99913183e-03 9.99826366e-03 0.00000000e+00 3.41448601e-02
 1.43991948e-04 7.00086817e-03]
	[RESULT 6] [ 2.15766425e-02 -8.41947037e-03  1.99961128e-02  2.42175095e-02
  2.42097352e-02  9.99922257e-02  0.00000000e+00  3.88716485e-06
  9.99611284e-03  9.99222567e-03  0.00000000e+00  2.20766425e-02
 -1.04272447e-02  5.50388716e-03]
	[RESULT 7] [0.0117506  0.01778465 0.01603405 0.01182423 0.00389232 0.0920681
 0.         0.00739786 0.00603405 0.0020681  0.         0.0112506
 0.00071655 0.00946595]
	[RESULT 8] [ 0.03329599  0.01156375  0.01514026  0.0239376   0.01421813  0.09028052
  0.          0.00892078  0.00514026  0.00028052  0.          0.03179599
 -0.00015573  0.01135974]
	[RESULT 9] [ 0.02275635 -0.00238925  0.0151456   0.01909657  0.02119462  0.09029119
  0.          0.00606321  0.0051456   0.00029119  0.          0.02425635
 -0.00909806  0.0063544 ]
	[RESULT 10] [ 0.02635752 -0.00264855  0.01900607  0.02356214  0.02157427  0.09801213
  0.          0.00099393  0.00900607  0.00801213  0.          0.02935752
 -0.00164855  0.00400607]
	[RESULT 11] [ 2.98646451e-02 -1.34486689e-04  1.99991318e-02  2.03189797e-02
  2.03172433e-02  9.99982637e-02  0.00000000e+00  8.68169443e-07
  9.99913183e-03  9.99826366e-03  0.00000000e+00  3.28646451e-02
 -1.13622303e-03  7.00086817e-03]
	[RESULT 12] [ 0.00776282 -0.01957618  0.017339    0.01488992  0.02021191  0.09467801
  0.          0.002661    0.007339    0.00467801  0.          0.00826282
 -0.02189817  0.003161  ]
	[RESULT 13] [ 0.00496725 -0.02425382  0.01922107  0.01606522  0.01762309  0.09844213
  0.          0.00077893  0.00922107  0.00844213  0.          0.00746725
 -0.02375382  0.00422107]
	[RESULT 14] [ 0.00496889 -0.02481015  0.01977904  0.01690301  0.01734493  0.09955808
  0.          0.00022096  0.00977904  0.00955808  0.          0.00746889
 -0.02431015  0.00477904]
	[RESULT 15] [ 0.0049658  -0.0240753   0.01904109  0.01579454  0.01771235  0.09808218
  0.          0.00095891  0.00904109  0.00808218  0.          0.0074658
 -0.0235753   0.00404109]
	[RESULT 16] [ 0.00684261 -0.0203517   0.01719431  0.01396277  0.01957415  0.09438862
  0.          0.00280569  0.00719431  0.00438862  0.          0.00834261
 -0.02196308  0.00330569]
	[RESULT 17] [ 0.00520015 -0.02463663  0.01983678  0.01735524  0.01768169  0.09967355
  0.          0.00016322  0.00983678  0.00967355  0.          0.00570015
 -0.02613663  0.00483678]
	[RESULT 18] [ 0.00740411 -0.02040903  0.01781313  0.01542176  0.01979549  0.09562627
  0.          0.00218687  0.00781313  0.00562627  0.          0.00790411
 -0.02190903  0.00281313]
	[RESULT 19] [ 0.00828612 -0.01872428  0.01701041  0.01440868  0.02038786  0.09402082
  0.          0.00298959  0.00701041  0.00402082  0.          0.00978612
 -0.02070347  0.00348959]
	[RESULT 20] [ 0.00506803 -0.02461187  0.0196799   0.01680387  0.01744406  0.09935981
  0.          0.0003201   0.0096799   0.00935981  0.          0.00656803
 -0.02511187  0.0046799 ]
	[RESULT 21] [ 2.89968232e-02 -4.81393455e-04  1.94782167e-02  2.15342634e-02
  2.04906967e-02  9.89564333e-02  0.00000000e+00  5.21783342e-04
  9.47821666e-03  8.95643332e-03  0.00000000e+00  3.14968232e-02
  1.86065452e-05  4.47821666e-03]
	[RESULT 22] [ 0.00430197 -0.02554252  0.01984448  0.01666771  0.01697874  0.09968897
  0.          0.00015552  0.00984448  0.00968897  0.          0.00730197
 -0.02454252  0.00484448]
	[RESULT 23] [ 0.02289405 -0.00328814  0.0161822   0.02047032  0.02189407  0.09236439
  0.          0.0038178   0.0061822   0.00236439  0.          0.02539405
 -0.00692375  0.0053178 ]
	[RESULT 24] [ 2.51597793e-02 -4.83856047e-03  1.99983398e-02  2.26726007e-02
  2.26692802e-02  9.99966795e-02  0.00000000e+00  1.66024645e-06
  9.99833975e-03  9.99667951e-03  0.00000000e+00  2.76597793e-02
 -5.84188096e-03  6.50166025e-03]
	[RESULT 25] [ 0.00487298 -0.02430831  0.01918129  0.01595842  0.01759585  0.09836257
  0.          0.00081871  0.00918129  0.00836257  0.          0.00787298
 -0.02330831  0.00418129]
	[RESULT 26] [ 0.01255064 -0.01713033  0.01968097  0.02054678  0.02118483  0.09936195
  0.          0.00031903  0.00968097  0.00936195  0.          0.01505064
 -0.01876838  0.00681903]
	[RESULT 27] [ 0.00629542 -0.0215481   0.01784352  0.014663    0.01897595  0.09568705
  0.          0.00215648  0.00784352  0.00568705  0.          0.00929542
 -0.02186105  0.00415648]
	[RESULT 28] [ 0.01183343 -0.01624226  0.01807569  0.01778025  0.02162887  0.09615138
  0.          0.00192431  0.00807569  0.00615138  0.          0.01333343
 -0.02109088  0.00742431]
	[RESULT 29] [ 0.00701154 -0.02013726  0.0171488   0.01397897  0.01968137  0.0942976
  0.          0.0028512   0.0071488   0.0042976   0.          0.01001154
 -0.02183966  0.0048512 ]
	[RESULT 30] [ 0.01889925 -0.0108786   0.01977785  0.0238664   0.0243107   0.0995557
  0.          0.00022215  0.00977785  0.0095557   0.          0.02189925
 -0.0123229   0.00722215]
	[RESULT 31] [ 0.00440653 -0.02521049  0.01961702  0.01637879  0.01714476  0.09923404
  0.          0.00038298  0.00961702  0.00923404  0.          0.00690653
 -0.02471049  0.00461702]
	[RESULT 32] [ 0.01987915 -0.0091715   0.01905064  0.02326554  0.02483575  0.09810129
  0.          0.00094936  0.00905064  0.00810129  0.          0.02237915
 -0.0086715   0.00405064]
	[RESULT 33] [ 0.01490601 -0.01338832  0.01829433  0.0196445   0.02305584  0.09658866
  0.          0.00170567  0.00829433  0.00658866  0.          0.01740601
 -0.01288832  0.00329433]
	[RESULT 34] [ 0.02278738 -0.00326554  0.01605291  0.02022306  0.02188277  0.09210583
  0.          0.00394709  0.00605291  0.00210583  0.          0.02428738
 -0.00715971  0.00444709]
	[RESULT 35] [ 2.76154479e-02 -2.37896123e-03  1.99944091e-02  2.14506623e-02
  2.14394806e-02  9.99888183e-02  0.00000000e+00  5.59085673e-06
  9.99440914e-03  9.98881829e-03  0.00000000e+00  3.06154479e-02
 -3.39014294e-03  7.00559086e-03]
	[RESULT 36] [ 0.00497428 -0.02408795  0.01906223  0.01583049  0.01770603  0.09812446
  0.          0.00093777  0.00906223  0.00812446  0.          0.00647428
 -0.02458795  0.00406223]
	[RESULT 37] [ 0.0279128 -0.0012626  0.0191754  0.0225305  0.0208813  0.0983508
  0.         0.0008246  0.0091754  0.0083508  0.         0.0304128
 -0.0007626  0.0041754]
	[RESULT 38] [ 0.0258323  -0.00067922  0.01651152  0.02243342  0.02058961  0.09302303
  0.          0.00696545  0.00651152  0.00302303  0.          0.0283323
 -0.00865619  0.00998848]
	[RESULT 39] [ 2.33072575e-02 -6.69225839e-03  1.99995159e-02  2.33470974e-02
  2.33461292e-02  9.99990318e-02  0.00000000e+00  4.84112204e-07
  9.99951589e-03  9.99903178e-03  0.00000000e+00  2.53072575e-02
 -6.69225839e-03  4.99951589e-03]
	[RESULT 40] [ 0.01157235 -0.01654155  0.0181139   0.01770703  0.02147923  0.0962278
  0.          0.0018861   0.0081139   0.0062278   0.          0.01407235
 -0.01631375  0.0033861 ]
	[RESULT 41] [ 2.82601922e-02 -1.73868651e-03  1.99988787e-02  2.11215858e-02
  2.11193433e-02  9.99977574e-02  0.00000000e+00  1.12128155e-06
  9.99887872e-03  9.99775744e-03  0.00000000e+00  3.12601922e-02
 -7.38686513e-04  4.99887872e-03]
	[RESULT 42] [ 0.00632839 -0.02136678  0.01769517  0.01445695  0.01906661  0.09539034
  0.          0.00230483  0.00769517  0.00539034  0.          0.00782839
 -0.02197644  0.00280483]
	[RESULT 43] [ 0.01758406 -0.00755644  0.01514049  0.01625276  0.02402822  0.09028098
  0.          0.00607853  0.00514049  0.00028098  0.          0.02008406
 -0.01327545  0.00635951]
	[RESULT 44] [ 0.02629486  0.00053636  0.0157585   0.02178517  0.01973182  0.09151699
  0.          0.00822451  0.0057585   0.00151699  0.          0.02679486
 -0.00994664  0.0097415 ]
	[RESULT 45] [ 0.0054345  -0.02419884  0.01963334  0.01716726  0.01790058  0.09926668
  0.          0.00036666  0.00963334  0.00926668  0.          0.0059345
 -0.02569884  0.00463334]
	[RESULT 46] [ 0.0201871  -0.009701    0.0198881   0.0246757   0.0248995   0.09977619
  0.          0.0001119   0.0098881   0.00977619  0.          0.0226871
 -0.009201    0.0048881 ]
	[RESULT 47] [ 2.95298885e-02 -4.65233055e-04  1.99951215e-02  2.04923735e-02
  2.04826165e-02  9.99902430e-02  0.00000000e+00  4.87847625e-06
  9.99512152e-03  9.99024305e-03  0.00000000e+00  3.25298885e-02
 -1.47499001e-03  7.00487848e-03]
	[RESULT 48] [ 5.06249779e-03 -2.49189019e-02  1.99813997e-02  1.75033485e-02
  1.75405490e-02  9.99627994e-02  0.00000000e+00  1.86002801e-05
  9.98139972e-03  9.96279944e-03  0.00000000e+00  7.06249779e-03
 -2.49189019e-02  4.98139972e-03]
	[RESULT 49] [ 0.00468977 -0.02462126  0.01931103  0.01606143  0.01743937  0.09862206
  0.          0.00068897  0.00931103  0.00862206  0.          0.00718977
 -0.02412126  0.00431103]
	[RESULT 50] [ 0.02490399 -0.00498663  0.01989061  0.02296209  0.02274331  0.09978123
  0.          0.00010939  0.00989061  0.00978123  0.          0.02640399
 -0.00548663  0.00489061]
	[RESULT 51] [ 2.27674157e-02 -7.23057807e-03  1.99979937e-02  2.38693016e-02
  2.38652890e-02  9.99959875e-02  0.00000000e+00  2.00625986e-06
  9.99799374e-03  9.99598748e-03  0.00000000e+00  2.57674157e-02
 -8.23459059e-03  7.00200626e-03]
	[RESULT 52] [ 2.42525440e-02 -5.68421143e-03  1.99367555e-02  2.29685948e-02
  2.28421057e-02  9.98735109e-02  0.00000000e+00  6.32445270e-05
  9.93675547e-03  9.87351095e-03  0.00000000e+00  2.57525440e-02
 -6.18421143e-03  4.93675547e-03]
	[RESULT 53] [ 0.00789846 -0.01957906  0.01747752  0.01491551  0.01996047  0.09495504
  0.          0.00252248  0.00747752  0.00495504  0.          0.01039846
 -0.02062402  0.00402248]
	[RESULT 54] [ 2.10174431e-02 -8.96664035e-03  1.99840835e-02  2.47651533e-02
  2.47333202e-02  9.99681669e-02  0.00000000e+00  1.59165433e-05
  9.98408346e-03  9.96816691e-03  0.00000000e+00  2.35174431e-02
 -8.46664035e-03  4.98408346e-03]
	[RESULT 55] [ 0.02689581  0.00114445  0.01575136  0.02207495  0.01942777  0.09150273
  0.          0.00424864  0.00575136  0.00150273  0.          0.02739581
 -0.00435282  0.00474864]
	[RESULT 56] [0.01393706 0.02206937 0.0181323  0.00977008 0.00603468 0.09626461
 0.         0.0018677  0.0081323  0.00626461 0.         0.01343706
 0.00080476 0.0073677 ]
	[RESULT 57] [ 0.00729753 -0.01942411  0.01672164  0.01348122  0.02003794  0.09344328
  0.          0.00327836  0.00672164  0.00344328  0.          0.00979753
 -0.02198084  0.00477836]
	[RESULT 58] [ 0.02343062 -0.0057386   0.01916922  0.02478086  0.0231193   0.09833844
  0.          0.00083078  0.00916922  0.00833844  0.          0.02593062
 -0.0052386   0.00416922]
	[RESULT 59] [ 0.01037691 -0.01474454  0.01512146  0.01287064  0.02262773  0.09024291
  0.          0.00663563  0.00512146  0.00024291  0.          0.01237691
 -0.02150163  0.00687854]
	[RESULT 60] [ 0.02577326 -0.00050241  0.01627566  0.02205012  0.0205012   0.09255133
  0.          0.00372434  0.00627566  0.00255133  0.          0.02827326
 -0.00395108  0.00522434]
	[RESULT 61] [ 0.03128601  0.00360617  0.01767985  0.02308722  0.01844692  0.09535969
  0.          0.00296046  0.00767985  0.00535969  0.          0.03328601
 -0.00203414  0.00832015]
	[RESULT 62] [3.19663573e-02 1.96899193e-03 1.99973653e-02 1.92707734e-02
 1.92655040e-02 9.99947307e-02 0.00000000e+00 2.63467395e-06
 9.99736533e-03 9.99473065e-03 0.00000000e+00 3.49663573e-02
 9.63722580e-04 7.00263467e-03]
	[RESULT 63] [ 1.63046533e-02 -1.36944785e-02  1.99991318e-02  2.29010244e-02
  2.29027607e-02  9.99982637e-02  0.00000000e+00  8.68169443e-07
  9.99913183e-03  9.99826366e-03  0.00000000e+00  1.93046533e-02
 -1.26944785e-02  4.99913183e-03]
	[RESULT 64] [0.02948792 0.01313497 0.0173771  0.01892831 0.01368251 0.0947542
 0.         0.0026229  0.0073771  0.0047542  0.         0.02798792
 0.01111082 0.0031229 ]
	[RESULT 65] [ 0.0111504  -0.0169635   0.0181139   0.01774605  0.02151825  0.0962278
  0.          0.0018861   0.0081139   0.0062278   0.          0.0116504
 -0.0184635   0.0031139 ]
	[RESULT 66] [ 0.00532861 -0.02372219  0.0190508   0.0159905   0.01788891  0.09810159
  0.          0.0009492   0.0090508   0.00810159  0.          0.00832861
 -0.02272219  0.0040508 ]
	[RESULT 67] [ 0.01825823 -0.01083375  0.01909198  0.02251709  0.02433312  0.09818397
  0.          0.00090802  0.00909198  0.00818397  0.          0.02075823
 -0.01033375  0.00409198]
	[RESULT 68] [ 0.00938096 -0.01991898  0.01929994  0.0183904   0.01979051  0.09859989
  0.          0.00070006  0.00929994  0.00859989  0.          0.01088096
 -0.02041898  0.00429994]
	[RESULT 69] [ 0.00652776 -0.02330645  0.0198342   0.01776518  0.01809678  0.09966841
  0.          0.0001658   0.0098342   0.00966841  0.          0.00952776
 -0.02230645  0.0048342 ]
	[RESULT 70] [ 0.00421994 -0.02562346  0.01984339  0.01662506  0.01693827  0.09968679
  0.          0.00015661  0.00984339  0.00968679  0.          0.00721994
 -0.02462346  0.00484339]
	[RESULT 71] [ 0.01912899 -0.00973419  0.01886318  0.02285926  0.02486709  0.09772635
  0.          0.00113682  0.00886318  0.00772635  0.          0.01962899
 -0.01123419  0.00386318]
	[RESULT 72] [ 0.0140824  -0.01188808  0.01597048  0.01574692  0.02380596  0.09194096
  0.          0.00402952  0.00597048  0.00194096  0.          0.0165824
 -0.01594712  0.00552952]
	[RESULT 73] [ 0.02432206 -0.00557703  0.01989909  0.02324033  0.02303852  0.09979818
  0.          0.00010091  0.00989909  0.00979818  0.          0.02732206
 -0.00677885  0.00710091]
	[RESULT 74] [ 2.94363943e-02 -5.61757250e-04  1.99981516e-02  2.05345755e-02
  2.05308786e-02  9.99963031e-02  0.00000000e+00  1.84842849e-06
  9.99815157e-03  9.99630314e-03  0.00000000e+00  3.19363943e-02
 -1.56545411e-03  6.50184843e-03]
	[RESULT 75] [ 0.03246817  0.00733387  0.01513431  0.02368554  0.01658307  0.09026861
  0.          0.00890292  0.00513431  0.00026861  0.          0.03496817
 -0.00339752  0.01136569]
	[RESULT 76] [ 0.01670256 -0.01160586  0.01830841  0.0205639   0.02394707  0.09661683
  0.          0.00169159  0.00830841  0.00661683  0.          0.01870256
 -0.01160586  0.00330841]
	[RESULT 77] [0.01817293 0.02492738 0.01689969 0.01398693 0.00778631 0.09379938
 0.         0.00580092 0.00689969 0.00379938 0.         0.01567293
 0.00527324 0.00960031]
	[RESULT 78] [ 6.24766301e-03 -2.37490212e-02  1.99966842e-02  1.78688578e-02
  1.78754894e-02  9.99933684e-02  0.00000000e+00  3.31581117e-06
  9.99668419e-03  9.99336838e-03  0.00000000e+00  7.74766301e-03
 -2.42490212e-02  4.99668419e-03]
	[RESULT 79] [0.03268005 0.00753445 0.0151456  0.02405842 0.01623277 0.09029119
 0.         0.00506321 0.0051456  0.00029119 0.         0.03318005
 0.00082564 0.0053544 ]
	[RESULT 80] [ 0.00415364 -0.02569686  0.0198505   0.01660258  0.01690157  0.09970101
  0.          0.0001495   0.0098505   0.00970101  0.          0.00665364
 -0.02519686  0.0048505 ]
	[RESULT 81] [ 2.22425123e-02 -7.74659126e-03  1.99891035e-02  2.41450886e-02
  2.41232956e-02  9.99782070e-02  0.00000000e+00  1.08964776e-05
  9.98910352e-03  9.97820704e-03  0.00000000e+00  2.47425123e-02
 -8.76838421e-03  6.51089648e-03]
	[RESULT 82] [ 2.03082653e-02 -9.68780764e-03  1.99960729e-02  2.48517579e-02
  2.48439038e-02  9.99921459e-02  0.00000000e+00  3.92705192e-06
  9.99607295e-03  9.99214590e-03  0.00000000e+00  2.23082653e-02
 -9.68780764e-03  4.99607295e-03]
	[RESULT 83] [ 0.00713642 -0.01975071  0.01688714  0.01364891  0.01987464  0.09377427
  0.          0.00311286  0.00688714  0.00377427  0.          0.00863642
 -0.02197644  0.00361286]
	[RESULT 84] [ 0.01930246 -0.00975191  0.01905437  0.02298278  0.02487405  0.09810874
  0.          0.00094563  0.00905437  0.00810874  0.          0.02180246
 -0.01264317  0.00744563]
	[RESULT 85] [ 3.03060991e-02  3.11705413e-04  1.99943937e-02  2.01053599e-02
  2.00941473e-02  9.99887874e-02  0.00000000e+00  5.60628262e-06
  9.99439372e-03  9.98878743e-03  0.00000000e+00  3.33060991e-02
 -6.99507152e-04  7.00560628e-03]
	[RESULT 86] [ 2.72116970e-02 -2.70423131e-03  1.99159283e-02  2.17702591e-02
  2.16021157e-02  9.98318566e-02  0.00000000e+00  8.40717043e-05
  9.91592830e-03  9.83185659e-03  0.00000000e+00  3.02116970e-02
 -1.70423131e-03  4.91592830e-03]
	[RESULT 87] [0.02141373 0.01906025 0.01952602 0.01166783 0.01071988 0.09905205
 0.         0.00047398 0.00952602 0.00905205 0.         0.01891373
 0.00588771 0.00697398]
	[RESULT 88] [ 2.15673096e-02 -8.42880322e-03  1.99961128e-02  2.42221759e-02
  2.42144016e-02  9.99922257e-02  0.00000000e+00  3.88716485e-06
  9.99611284e-03  9.99222567e-03  0.00000000e+00  2.20673096e-02
 -1.04365776e-02  5.50388716e-03]
	[RESULT 89] [ 0.01051993 -0.01828878  0.0188087   0.01822302  0.02060561  0.0976174
  0.          0.0011913   0.0088087   0.0076174   0.          0.01301993
 -0.02167137  0.0076913 ]
	[RESULT 90] [0.0238697  0.02095025 0.01518005 0.01941478 0.00977487 0.09036009
 0.         0.00595986 0.00518005 0.00036009 0.         0.0213697
 0.00768966 0.00631995]
	[RESULT 91] [ 0.02964739  0.00334976  0.01629763  0.02402014  0.01857512  0.09259526
  0.          0.00810711  0.00629763  0.00259526  0.          0.03264739
 -0.00505498  0.01070237]
	[RESULT 92] [ 0.02403772 -0.00558015  0.01961786  0.02380435  0.02304007  0.09923572
  0.          0.00038214  0.00961786  0.00923572  0.          0.02703772
 -0.00458015  0.00461786]
	[RESULT 93] [ 0.00832175 -0.01737626  0.015698    0.01245788  0.02106187  0.09139601
  0.          0.004302    0.005698    0.00139601  0.          0.00982175
 -0.02198025  0.004802  ]
	[RESULT 94] [ 0.01946497 -0.0088007   0.01826568  0.021881    0.02465035  0.09653135
  0.          0.00173432  0.00826568  0.00653135  0.          0.02196497
 -0.0083007   0.00326568]
	[RESULT 95] [ 0.02338102 -0.00629522  0.01967624  0.02404513  0.02339761  0.09935248
  0.          0.00032376  0.00967624  0.00935248  0.          0.02638102
 -0.00794274  0.00732376]
	[RESULT 96] [ 2.17780247e-02 -8.22185098e-03  1.99998757e-02  2.43611742e-02
  2.43609255e-02  9.99997513e-02  0.00000000e+00  1.24348175e-07
  9.99987565e-03  9.99975130e-03  0.00000000e+00  2.32780247e-02
 -9.22209967e-03  5.50012435e-03]
	[RESULT 97] [ 4.05080996e-03 -2.59158734e-02  1.99666834e-02  1.67254301e-02
  1.67920633e-02  9.99333668e-02  0.00000000e+00  3.33166166e-05
  9.96668338e-03  9.93336677e-03  0.00000000e+00  5.55080996e-03
 -2.64158734e-02  4.96668338e-03]
	[RESULT 98] [ 0.01327314 -0.01484106  0.0181142   0.01855787  0.02232947  0.09622841
  0.          0.0018858   0.0081142   0.00622841  0.          0.01627314
 -0.01461266  0.0038858 ]
	[RESULT 99] [ 0.01924672 -0.00711735  0.01636408  0.01916948  0.02355868  0.09272815
  0.          0.00363592  0.00636408  0.00272815  0.          0.02074672
 -0.0113892   0.00513592]
	[RESULT 100] [ 0.01652909 -0.01139002  0.01791911  0.0198932   0.02405499  0.09583821
  0.          0.00208089  0.00791911  0.00583821  0.          0.01802909
 -0.01189002  0.00291911]
	[RESULT 101] [ 0.02357654 -0.00425707  0.01783361  0.02353869  0.02212853  0.09566722
  0.          0.00216639  0.00783361  0.00566722  0.          0.02407654
 -0.01058985  0.00766639]
	[RESULT 102] [ 0.02591467 -0.00380242  0.01971709  0.02271703  0.02215121  0.09943418
  0.          0.00028291  0.00971709  0.00943418  0.          0.02841467
 -0.00330242  0.00471709]
	[RESULT 103] [ 2.76634411e-02 -2.29655801e-03  1.99599991e-02  2.14782808e-02
  2.13982790e-02  9.99199983e-02  0.00000000e+00  4.00008731e-05
  9.95999913e-03  9.91999825e-03  0.00000000e+00  3.01634411e-02
 -3.37655976e-03  6.54000087e-03]
	[RESULT 104] [ 1.44636372e-02 -1.54540846e-02  1.99177219e-02  2.18584014e-02
  2.20229577e-02  9.98354438e-02  0.00000000e+00  8.22781219e-05
  9.91772188e-03  9.83544376e-03  0.00000000e+00  1.59636372e-02
 -1.59540846e-02  4.91772188e-03]
	[RESULT 105] [ 0.02996686  0.00084933  0.01911752  0.02134029  0.01957533  0.09823504
  0.          0.00088248  0.00911752  0.00823504  0.          0.03046686
 -0.00291562  0.00638248]
