[METRICS]
	[DISEQUILIBRIUM COUNT] 1500
	[MINIMUM S0 sTrt S1 DISTANCE]0.0040036723720847656
	[MINIMUM S0 sTrt S21 DISTANCE]-0.025996171044963864
	[MINIMUM S0 sTrt S22 DISTANCE]0.01510870810408399
	[MINIMUM S7 sTrt S6 DISTANCE]0.007750033152041813
	[MINIMUM S7 sTrt S8 DISTANCE]0.002833864874921377
	[MINIMUM S7 sTrt S21 DISTANCE]0.09021741620816798
	[MINIMUM S7 esTrt S22 DISTANCE]0.0
	[MINIMUM S14 sTrt S13 DISTANCE]1.1474009131706708e-08
	[MINIMUM S14 sTrt S15 DISTANCE]0.005108708104083981
	[MINIMUM S14 sTrt S21 DISTANCE]0.00021741620816796703
	[MINIMUM S14 sTrt S22 DISTANCE]0.0
	[MINIMUM S20 sTrt S19 DISTANCE]0.005556041265104672
	[MINIMUM S20 sTrt S21 DISTANCE]-0.026438303052475083
	[MINIMUM S20 sTrt S22 DISTANCE]0.002766114110123133
	[AVERAGE S0 sTrt S1 DISTANCE]0.021193385937805422
	[AVERAGE S0 sTrt S21 DISTANCE]0.006569745250579905
	[AVERAGE S0 sTrt S22 DISTANCE]0.017194654541792205
	[AVERAGE S7 sTrt S6 DISTANCE]0.017974370720389224
	[AVERAGE S7 sTrt S8 DISTANCE]0.014512233112276184
	[AVERAGE S7 sTrt S21 DISTANCE]0.09438930908358437
	[AVERAGE S7 sTrt S22 DISTANCE]0.0
	[AVERAGE S14 sTrt S13 DISTANCE]0.003966292548707617
	[AVERAGE S14 sTrt S15 DISTANCE]0.00719465454179221
	[AVERAGE S14 sTrt S21 DISTANCE]0.0043893090835843964
	[AVERAGE S14 sTrt S22 DISTANCE]0.0
	[AVERAGE S20 sTrt S19 DISTANCE]0.021115315649886453
	[AVERAGE S20 sTrt S21 DISTANCE]-0.0022921374166458997
	[AVERAGE S20 sTrt S22 DISTANCE]0.006592279916267979
[VARIABLES]
	[RESULT 1] [0 13.47827394713582 0 1 9 3968.6221332544924 100]
	[RESULT 2] [1 6.176768588593427 0 1 10 3998.161936491306 100]
	[RESULT 3] [0 5.000411766079961 0 4 3 3999.94264655397 87]
	[RESULT 4] [1 5.005953543208789 0 2 9 3999.9203491167714 100]
	[RESULT 5] [1 5.020414815266405 1 4 8 3970.070601710112 100]
	[RESULT 6] [1 5.051402293793015 0 4 10 3999.684937837015 100]
	[RESULT 7] [0 14.013369307062908 1 4 9 3813.1433011879553 100]
	[RESULT 8] [1 6.632787954636124 0 1 13 3999.905971542724 96]
	[RESULT 9] [0 5.0564897770506985 0 1 9 3917.6701924185368 100]
	[RESULT 10] [1 5.261896640461967 0 4 13 3837.9625135379465 100]
	[RESULT 11] [1 5.000023539608723 1 2 14 3789.7594339959346 100]
	[RESULT 12] [1 5.0171401188828515 0 4 13 3998.772390990406 100]
	[RESULT 13] [1 21.346454888554 1 2 9 3985.110254129418 100]
	[RESULT 14] [0 6.715700483586192 0 4 9 3999.9888742543126 100]
	[RESULT 15] [1 5.2447955753678 0 4 12 3984.758508717279 100]
	[RESULT 16] [0 9.497871179354325 1 1 14 1018.7579960702037 40]
	[RESULT 17] [1 5.207906706627837 1 2 8 3999.7430170934613 100]
	[RESULT 18] [0 9.563466565497832 0 1 11 1063.7452229700066 37]
	[RESULT 19] [1 6.020487047474741 0 1 13 3999.1468344813393 100]
	[RESULT 20] [1 5.016172350243981 0 1 13 3999.122208211246 100]
	[RESULT 21] [1 5.457377459815136 0 4 12 3984.758508717279 100]
	[RESULT 22] [1 10.708327349866728 1 2 7 3999.7748803383415 92]
	[RESULT 23] [1 6.781999599890611 0 2 13 3999.1479942937613 100]
	[RESULT 24] [1 5.463474921195569 0 2 13 3964.616948167116 100]
	[RESULT 25] [1 5.028828238163563 0 1 13 3999.9203491167714 100]
	[RESULT 26] [1 5.015523223048187 0 3 2 3999.839427067509 100]
	[RESULT 27] [1 5.067648937005859 0 4 13 3999.373810083651 98]
	[RESULT 28] [1 5.00956848389829 0 3 2 3999.6833453059435 100]
	[RESULT 29] [1 5.016984184162147 0 1 13 3999.395008132221 100]
	[RESULT 30] [1 5.282490091817244 0 4 12 3931.773193724975 100]
	[RESULT 31] [1 5.7575561937958275 0 2 15 3999.9248395782884 99]
	[RESULT 32] [1 5.000028849341517 1 2 15 3999.991829865829 37]
	[RESULT 33] [1 5.0349092388222765 0 4 13 3477.3016999397514 100]
	[RESULT 34] [1 5.016371104896445 0 1 9 3999.984070324311 100]
	[RESULT 35] [0 28.457787826418386 1 2 11 3998.779254609837 100]
	[RESULT 36] [1 5.009381580282195 0 4 12 3999.8954929885945 100]
	[RESULT 37] [0 5.000004609919134 1 4 10 3873.2764602438824 100]
	[RESULT 38] [1 5.000078813328706 0 4 3 3989.2469521882645 87]
	[RESULT 39] [1 5.523322897069312 0 2 12 3993.9386690924885 100]
	[RESULT 40] [0 33.442056302361955 1 1 18 3994.730319658991 100]
	[RESULT 41] [1 5.005457384404867 0 2 13 3999.930277486117 94]
	[RESULT 42] [1 6.342866583832195 0 2 9 3988.243632728776 100]
	[RESULT 43] [1 5.203359763760068 1 4 10 3986.372448158735 100]
	[RESULT 44] [1 6.588731835055864 1 2 14 3989.5111970690723 99]
	[RESULT 45] [1 5.026344890467228 0 4 15 3992.5123768444373 100]
	[RESULT 46] [1 5.742792527422013 0 4 13 3973.1077340322067 100]
	[RESULT 47] [1 5.018903037240041 0 4 8 3999.6760583259206 100]
	[RESULT 48] [0 6.250005242848946 1 4 12 3872.4134446518574 100]
	[RESULT 49] [0 28.457787826418386 1 1 11 3985.3562426509548 100]
	[RESULT 50] [1 25.804098707443462 0 1 15 3999.9921146607912 100]
	[RESULT 51] [1 5.078351793303872 1 2 15 3742.6519471501438 18]
	[RESULT 52] [1 5.000008783823083 0 4 15 3999.1226585793297 100]
	[RESULT 53] [1 5.25043007058002 0 2 11 3998.972507336487 97]
	[RESULT 54] [1 5.119947653948121 0 2 10 3999.903988097861 100]
	[RESULT 55] [0 10.00817331364132 0 3 8 3994.2426935307953 100]
	[RESULT 56] [1 5.049848222641118 0 4 10 3999.981982976318 100]
	[RESULT 57] [1 5.396569519257452 1 4 12 3999.35599599098 100]
	[RESULT 58] [1 5.007394578515619 0 4 14 3999.732060020784 100]
	[RESULT 59] [1 5.777324271772219 0 4 8 3999.1292915567783 100]
	[RESULT 60] [0 10.265565003989732 0 3 9 3998.3218085616413 100]
	[RESULT 61] [1 5.045302121208818 1 3 12 3959.262839661859 100]
	[RESULT 62] [1 13.582832807509192 0 4 11 3914.3061316416556 100]
	[RESULT 63] [1 5.07939479849406 0 1 13 3996.8319698307205 89]
	[RESULT 64] [1 5.019295951764398 0 4 12 3960.7645637999667 100]
	[RESULT 65] [0 6.152059959241236 0 1 10 3999.988648796016 100]
	[RESULT 66] [1 5.138420631569531 1 1 10 3994.776443469652 100]
	[RESULT 67] [1 5.001315338635835 0 4 2 3806.99612146079 100]
	[RESULT 68] [1 5.368192474180276 1 4 10 3920.9622822028655 100]
	[RESULT 69] [1 5.082099128597227 0 2 11 3999.994176726557 100]
	[RESULT 70] [0 13.660966127740561 1 1 9 3966.536095569241 100]
	[RESULT 71] [1 5.0481898258436315 0 4 13 3999.6838680240603 100]
	[RESULT 72] [1 6.683647758577922 0 4 15 3999.9515435281432 99]
	[RESULT 73] [0 33.85255797385859 0 2 18 3990.159061380883 100]
	[RESULT 74] [1 8.981710092385775 1 2 14 3996.1445709082504 99]
	[RESULT 75] [1 7.0477717067601215 0 4 2 3999.8615506035003 100]
	[RESULT 76] [1 5.205775745463007 1 4 10 3986.372448158735 100]
	[RESULT 77] [0 33.85255797385859 0 2 18 3738.2190691091714 100]
	[RESULT 78] [1 5.261896640461967 0 4 10 3964.7416958112653 100]
	[RESULT 79] [0 5.074494992283 0 4 10 3999.9904442589213 87]
	[RESULT 80] [0 6.708289807861602 0 4 9 3850.1478598570857 100]
	[RESULT 81] [1 6.4381320794306065 0 4 10 3999.9550391249986 100]
	[RESULT 82] [1 21.59970063326499 1 3 13 3559.6075461114406 99]
	[RESULT 83] [0 10.316182349910704 0 4 12 3944.858805847614 100]
	[RESULT 84] [1 7.349853943768831 0 2 13 3999.950572592933 100]
	[RESULT 85] [0 36.042961126722844 0 2 2 3999.997339711143 99]
	[RESULT 86] [1 5.282490091817244 0 4 12 3581.234403738719 100]
	[RESULT 87] [1 5.001105238094822 0 2 10 3999.169836991827 100]
	[RESULT 88] [0 5.0631227605654585 1 4 10 3998.2276557437367 94]
	[RESULT 89] [1 5.213789273665739 0 2 18 3991.3782850788593 100]
	[RESULT 90] [1 5.000041417689437 0 2 15 3999.9918384278308 37]
	[RESULT 91] [1 5.014905354311375 0 4 10 3999.1733824689127 23]
	[RESULT 92] [1 5.251506517674213 0 4 13 3999.856510378355 26]
	[RESULT 93] [1 5.217847056192652 0 3 3 3999.94094688452 100]
	[RESULT 94] [1 5.226057557262092 1 1 15 3869.8491270032437 100]
	[RESULT 95] [1 5.021063510071194 0 1 13 3741.622057359977 98]
	[RESULT 96] [1 5.0118179542903665 0 1 13 3999.395008132221 100]
	[RESULT 97] [1 6.120007234232965 0 1 15 3828.8952308639946 100]
	[RESULT 98] [0 5.000084103996874 0 2 12 3998.9601977530306 100]
	[RESULT 99] [0 7.591919059545727 0 2 11 3789.7029698236465 100]
	[RESULT 100] [1 6.423698954834746 0 2 11 3999.9962918719903 100]
	[RESULT 101] [1 5.008710132441413 0 2 3 3999.9624127482625 100]
	[RESULT 102] [1 5.994999061788556 0 4 10 3999.9083400961895 100]
	[RESULT 103] [1 7.050281698584756 0 4 10 3976.054376927538 100]
	[RESULT 104] [0 5.422034078034522 1 4 12 3998.399590260345 100]
	[RESULT 105] [1 14.355821894695417 0 1 13 3922.5842524703826 91]
[OBJECTIVES]
	[RESULT 1] [ 0.02338657 -0.00214096  0.01552752  0.01998457  0.02107048  0.09105504
  0.          0.00447248  0.00552752  0.00105504  0.          0.02388657
 -0.00808591  0.00497248]
	[RESULT 2] [ 0.0084152  -0.01888179  0.01729698  0.01490307  0.02030911  0.09459397
  0.          0.00270302  0.00729698  0.00459397  0.          0.0099152
 -0.02028782  0.00320302]
	[RESULT 3] [ 2.36307087e-02 -6.36723329e-03  1.99979420e-02  2.31877326e-02
  2.31836166e-02  9.99958840e-02  0.00000000e+00  2.05798299e-06
  9.99794202e-03  9.99588403e-03  0.00000000e+00  2.56307087e-02
 -6.36723329e-03  4.99794202e-03]
	[RESULT 4] [ 4.10898946e-03 -2.58614190e-02  1.99704085e-02  1.67601074e-02
  1.68192905e-02  9.99408169e-02  0.00000000e+00  2.95915415e-05
  9.97040846e-03  9.94081692e-03  0.00000000e+00  6.10898946e-03
 -2.58614190e-02  4.97040846e-03]
	[RESULT 5] [ 0.02272179 -0.00717818  0.01989997  0.02403915  0.02383909  0.09979994
  0.          0.00010003  0.00989997  0.00979994  0.          0.02572179
 -0.00837824  0.00710003]
	[RESULT 6] [ 0.00455559 -0.02519997  0.01975555  0.01666112  0.01715002  0.09951111
  0.          0.00024445  0.00975555  0.00951111  0.          0.00755559
 -0.02419997  0.00475555]
	[RESULT 7] [3.34494398e-02 1.10512278e-02 1.54993324e-02 2.34757212e-02
 1.44743861e-02 9.09986649e-02 0.00000000e+00 9.49799728e-03
 5.49933243e-03 9.98664854e-04 0.00000000e+00 3.14494398e-02
 4.98926704e-05 1.15006676e-02]
	[RESULT 8] [ 0.02319455 -0.00370458  0.01689913  0.02169597  0.02210229  0.09379825
  0.          0.00310087  0.00689913  0.00379825  0.          0.02469455
 -0.00590632  0.00360087]
	[RESULT 9] [ 0.02444417 -0.00528848  0.01973265  0.02317893  0.02264424  0.09946531
  0.          0.00026735  0.00973265  0.00946531  0.          0.02494417
 -0.00678848  0.00473265]
	[RESULT 10] [ 0.02669613 -0.00226616  0.01896229  0.0234585   0.02138308  0.09792458
  0.          0.00103771  0.00896229  0.00792458  0.          0.02969613
 -0.00126616  0.00396229]
	[RESULT 11] [3.13432630e-02 1.34338071e-03 1.99998823e-02 1.95785450e-02
 1.95783096e-02 9.99997646e-02 0.00000000e+00 1.17695273e-07
 9.99988230e-03 9.99976461e-03 0.00000000e+00 3.33432630e-02
 3.43145315e-04 6.00011770e-03]
	[RESULT 12] [ 5.25440599e-03 -2.46613376e-02  1.99157436e-02  1.72508184e-02
  1.74193312e-02  9.98314871e-02  0.00000000e+00  8.42564292e-05
  9.91574357e-03  9.83148714e-03  0.00000000e+00  8.25440599e-03
 -2.36613376e-02  4.91574357e-03]
	[RESULT 13] [ 0.02304357 -0.00224467  0.01528824  0.01920415  0.02137234  0.09057649
  0.          0.00986473  0.00528824  0.00057649  0.          0.02504357
 -0.01266819  0.01071176]
	[RESULT 14] [ 0.00816998 -0.01867117  0.01684115  0.01434671  0.02066441  0.09368229
  0.          0.00315885  0.00684115  0.00368229  0.          0.01016998
 -0.02198888  0.00515885]
	[RESULT 15] [ 0.01445204 -0.01456468  0.01901672  0.02050111  0.02246766  0.09803345
  0.          0.00098328  0.00901672  0.00803345  0.          0.01745204
 -0.01356468  0.00401672]
	[RESULT 16] [0.01144521 0.01735466 0.01590944 0.01185844 0.00367733 0.09181889
 0.         0.00777167 0.00590944 0.00181889 0.         0.01094521
 0.00053577 0.00959056]
	[RESULT 17] [ 0.01011498 -0.01902442  0.01913939  0.01851658  0.02023779  0.09827879
  0.          0.00086061  0.00913939  0.00827879  0.          0.01211498
 -0.02174563  0.00686061]
	[RESULT 18] [0.01642228 0.022321   0.01589872 0.01436306 0.0061605  0.09179744
 0.         0.00410128 0.00589872 0.00179744 0.         0.01592228
 0.00052356 0.00460128]
	[RESULT 19] [ 0.00735036 -0.02012429  0.01747465  0.01463716  0.01968785  0.0949493
  0.          0.00252535  0.00747465  0.0049493   0.          0.00885036
 -0.02117499  0.00302535]
	[RESULT 20] [ 4.92759135e-03 -2.49928338e-02  1.99204252e-02  1.70944334e-02
  1.72535831e-02  9.98408503e-02  0.00000000e+00  7.95748391e-05
  9.92042516e-03  9.84085032e-03  0.00000000e+00  6.42759135e-03
 -2.54928338e-02  4.92042516e-03]
	[RESULT 21] [ 0.01503795 -0.01339287  0.01843082  0.0199152   0.02305356  0.09686164
  0.          0.00156918  0.00843082  0.00686164  0.          0.01803795
 -0.01253123  0.00356918]
	[RESULT 22] [ 0.03125555  0.0055102   0.01574534  0.02399579  0.0174949   0.09149068
  0.          0.00876397  0.00574534  0.00149068  0.          0.03325555
 -0.00399911  0.01025466]
	[RESULT 23] [ 0.00802666 -0.01877061  0.01679727  0.01395923  0.02036469  0.09359454
  0.          0.00320273  0.00679727  0.00359454  0.          0.01002666
 -0.02117607  0.00420273]
	[RESULT 24] [ 0.02023289 -0.00818364  0.01841653  0.02249123  0.02434182  0.09683305
  0.          0.00158347  0.00841653  0.00683305  0.          0.02223289
 -0.00818364  0.00341653]
	[RESULT 25] [ 0.0042195 -0.0256404  0.0198599  0.0166496  0.0169298  0.0997198
  0.         0.0001401  0.0098599  0.0097198  0.         0.0057195
 -0.0261404  0.0048599]
	[RESULT 26] [ 4.23597785e-03 -2.56875925e-02  1.99235703e-02  1.67533444e-02
  1.69062038e-02  9.98471406e-02  0.00000000e+00  7.64296803e-05
  9.92357032e-03  9.84714064e-03  0.00000000e+00  6.73597785e-03
 -2.51875925e-02  4.92357032e-03]
	[RESULT 27] [ 0.01826103 -0.01142215  0.01968319  0.0234053   0.02403892  0.09936637
  0.          0.00031681  0.00968319  0.00936637  0.          0.02126103
 -0.01042215  0.00468319]
	[RESULT 28] [ 4.36008303e-03 -2.55925280e-02  1.99526110e-02  1.68589580e-02
  1.69537360e-02  9.99052220e-02  0.00000000e+00  4.73889788e-05
  9.95261102e-03  9.90522204e-03  0.00000000e+00  6.86008303e-03
 -2.50925280e-02  4.95261102e-03]
	[RESULT 29] [ 4.67419988e-03 -2.52422974e-02  1.99164973e-02  1.69618459e-02
  1.71288513e-02  9.98329946e-02  0.00000000e+00  8.35026956e-05
  9.91649730e-03  9.83299461e-03  0.00000000e+00  6.17419988e-03
 -2.57422974e-02  4.91649730e-03]
	[RESULT 30] [ 0.02339725 -0.00550141  0.01889867  0.02479663  0.02300071  0.09779733
  0.          0.00110133  0.00889867  0.00779733  0.          0.02639725
 -0.00450141  0.00389867]
	[RESULT 31] [ 0.01623008 -0.01161478  0.01784486  0.01963233  0.02394261  0.09568972
  0.          0.00215514  0.00784486  0.00568972  0.          0.01823008
 -0.01192506  0.00315514]
	[RESULT 32] [ 2.86958117e-02 -1.30404405e-03  1.99998558e-02  2.09023105e-02
  2.09020220e-02  9.99997115e-02  0.00000000e+00  1.44242546e-07
  9.99985576e-03  9.99971151e-03  0.00000000e+00  3.06958117e-02
 -2.30433254e-03  6.00014424e-03]
	[RESULT 33] [ 0.02802752 -0.00180382  0.01983134  0.02148923  0.02115191  0.09966268
  0.          0.00016866  0.00983134  0.00966268  0.          0.03102752
 -0.00080382  0.00483134]
	[RESULT 34] [ 4.09645658e-03 -2.58230064e-02  1.99194630e-02  1.66774227e-02
  1.68384968e-02  9.98389259e-02  0.00000000e+00  8.05370441e-05
  9.91946296e-03  9.83892591e-03  0.00000000e+00  5.59645658e-03
 -2.63230064e-02  4.91946296e-03]
	[RESULT 35] [ 0.01595948 -0.00924496  0.01520443  0.01578639  0.02462248  0.09040887
  0.          0.0096133   0.00520443  0.00040887  0.          0.01695948
 -0.02083609  0.01079557]
	[RESULT 36] [ 4.15054388e-03 -2.58029842e-02  1.99535281e-02  1.67555641e-02
  1.68485079e-02  9.99070562e-02  0.00000000e+00  4.64719213e-05
  9.95352808e-03  9.90705616e-03  0.00000000e+00  7.15054388e-03
 -2.48029842e-02  4.95352808e-03]
	[RESULT 37] [ 3.08806886e-02  8.80711677e-04  1.99999770e-02  1.95596903e-02
  1.95596442e-02  9.99999539e-02  0.00000000e+00  2.30494894e-08
  9.99997695e-03  9.99995390e-03  0.00000000e+00  3.28806886e-02
 -1.11933442e-03  7.00002305e-03]
	[RESULT 38] [3.00907954e-02 9.11894784e-05 1.99996060e-02 2.02051933e-02
 2.02044053e-02 9.99992119e-02 0.00000000e+00 3.94035588e-07
 9.99960596e-03 9.99921193e-03 0.00000000e+00 3.30907954e-02
 1.09118948e-03 4.99960596e-03]
	[RESULT 39] [ 0.01059622 -0.01768608  0.0182823   0.01747156  0.02090696  0.0965646
  0.          0.0017177   0.0082823   0.0065646   0.          0.01259622
 -0.01768608  0.0032823 ]
	[RESULT 40] [ 0.01918245 -0.00598737  0.01516983  0.01734596  0.02299369  0.09033965
  0.          0.00999052  0.00516983  0.00033965  0.          0.01968245
 -0.01764772  0.01033017]
	[RESULT 41] [ 2.12395246e-02 -8.73333662e-03  1.99728612e-02  2.46709459e-02
  2.46166683e-02  9.99457224e-02  0.00000000e+00  2.71388151e-05
  9.97286118e-03  9.94572237e-03  0.00000000e+00  2.32395246e-02
 -8.73333662e-03  4.97286118e-03]
	[RESULT 42] [ 0.01486201 -0.01227213  0.01713414  0.01788221  0.02361393  0.09426828
  0.          0.00286586  0.00713414  0.00426828  0.          0.01686201
 -0.01400386  0.00386586]
	[RESULT 43] [ 0.01866481 -0.01049023  0.01915503  0.02281495  0.02450489  0.09831007
  0.          0.00084497  0.00915503  0.00831007  0.          0.02166481
 -0.01318016  0.00784497]
	[RESULT 44] [ 0.02945736  0.00252592  0.01693145  0.02487585  0.01898704  0.0938629
  0.          0.00520566  0.00693145  0.0038629   0.          0.03145736
 -0.00461119  0.00906855]
	[RESULT 45] [ 0.00989025 -0.01998141  0.01987166  0.01950261  0.0197593   0.09974331
  0.          0.00012834  0.00987166  0.00974331  0.          0.01289025
 -0.01898141  0.00487166]
	[RESULT 46] [ 0.01908686 -0.0087821   0.01786896  0.02109687  0.02464105  0.09573792
  0.          0.00213104  0.00786896  0.00573792  0.          0.02208686
 -0.00904418  0.00413104]
	[RESULT 47] [ 4.41255955e-03 -2.54946787e-02  1.99072383e-02  1.68171372e-02
  1.70026606e-02  9.98144766e-02  0.00000000e+00  9.27617082e-05
  9.90723829e-03  9.81447658e-03  0.00000000e+00  7.41255955e-03
 -2.44946787e-02  4.90723829e-03]
	[RESULT 48] [ 0.03368175  0.00645953  0.01722222  0.0223258   0.01677023  0.09444443
  0.          0.00533335  0.00722222  0.00444443  0.          0.03431825
 -0.00109604  0.00977778]
	[RESULT 49] [ 0.02403016 -0.00117428  0.01520443  0.01982173  0.02058714  0.09040887
  0.          0.0098867   0.00520443  0.00040887  0.          0.02453016
 -0.01276541  0.01029557]
	[RESULT 50] [ 0.00877857 -0.01645075  0.01522931  0.01198326  0.02152463  0.09045863
  0.          0.00481206  0.00522931  0.00045863  0.          0.01027857
 -0.02199212  0.00527069]
	[RESULT 51] [0.01809125 0.02227204 0.01963671 0.00984057 0.00911398 0.09927341
 0.         0.00036329 0.00963671 0.00927341 0.         0.01609125
 0.00245454 0.00636329]
	[RESULT 52] [ 4.84764009e-03 -2.51523160e-02  1.99999561e-02  1.71737542e-02
  1.71738420e-02  9.99999122e-02  0.00000000e+00  4.39187297e-08
  9.99995608e-03  9.99991216e-03  0.00000000e+00  7.84764009e-03
 -2.41523160e-02  4.99995608e-03]
	[RESULT 53] [ 0.02098831 -0.00801032  0.01899862  0.02374209  0.02425516  0.09799725
  0.          0.00100138  0.00899862  0.00799725  0.          0.02298831
 -0.00801032  0.00399862]
	[RESULT 54] [ 0.00463115 -0.02483334  0.01946449  0.01626232  0.01733333  0.09892899
  0.          0.00053551  0.00946449  0.00892899  0.          0.00663115
 -0.02483334  0.00446449]
	[RESULT 55] [ 0.01384743 -0.01198477  0.0158322   0.01567201  0.02400761  0.0916644
  0.          0.0041678   0.0058322   0.0016644   0.          0.01534743
 -0.01732037  0.0056678 ]
	[RESULT 56] [ 0.00425541 -0.02550718  0.01976259  0.0165216   0.01699641  0.09952519
  0.          0.00023741  0.00976259  0.00952519  0.          0.00725541
 -0.02450718  0.00476259]
	[RESULT 57] [ 0.01104763 -0.01753257  0.0185802   0.01814412  0.02098371  0.0971604
  0.          0.0014198   0.0085802   0.0071604   0.          0.01404763
 -0.02137217  0.0084198 ]
	[RESULT 58] [ 4.30180026e-03 -2.56614982e-02  1.99632985e-02  1.68458479e-02
  1.69192509e-02  9.99265970e-02  0.00000000e+00  3.67015005e-05
  9.96329850e-03  9.92659700e-03  0.00000000e+00  7.30180026e-03
 -2.46614982e-02  4.96329850e-03]
	[RESULT 59] [ 0.00702819 -0.02078503  0.01781322  0.01498392  0.01935748  0.09562644
  0.          0.00218678  0.00781322  0.00562644  0.          0.01002819
 -0.0211586   0.00418678]
	[RESULT 60] [ 0.01077461 -0.0150234   0.01579801  0.01408433  0.0224883   0.09159603
  0.          0.00420199  0.00579801  0.00159603  0.          0.01227461
 -0.02042738  0.00570199]
	[RESULT 61] [ 0.02470913 -0.00507417  0.01978331  0.02322047  0.02278709  0.09956661
  0.          0.00021669  0.00978331  0.00956661  0.          0.02720913
 -0.00650756  0.00671669]
	[RESULT 62] [ 0.02783203  0.00231026  0.01552177  0.02194867  0.01909487  0.09104353
  0.          0.0054347   0.00552177  0.00104353  0.          0.03083203
 -0.0026462   0.00647823]
	[RESULT 63] [ 0.02551283 -0.00411939  0.01963223  0.02304525  0.0223097   0.09926445
  0.          0.00036777  0.00963223  0.00926445  0.          0.02701283
 -0.00461939  0.00463223]
	[RESULT 64] [ 1.93648214e-02 -1.05405253e-02  1.99053467e-02  2.42904307e-02
  2.44797374e-02  9.98106933e-02  0.00000000e+00  9.46533327e-05
  9.90534667e-03  9.81069333e-03  0.00000000e+00  2.23648214e-02
 -9.54052529e-03  4.90534667e-03]
	[RESULT 65] [ 0.00768799 -0.01963536  0.01732336  0.01482903  0.02018232  0.09464671
  0.          0.00267664  0.00732336  0.00464671  0.          0.00818799
 -0.02198865  0.00317664]
	[RESULT 66] [ 0.01392872 -0.01546333  0.01939205  0.02080243  0.02201833  0.0987841
  0.          0.00060795  0.00939205  0.0087841   0.          0.01542872
 -0.01767923  0.00610795]
	[RESULT 67] [ 2.61396466e-02 -3.85378536e-03  1.99934319e-02  2.21900288e-02
  2.21768927e-02  9.99868639e-02  0.00000000e+00  6.56805396e-06
  9.99343195e-03  9.98686389e-03  0.00000000e+00  2.91396466e-02
 -2.85378536e-03  4.99343195e-03]
	[RESULT 68] [ 0.02933811  0.00068365  0.01865446  0.02259926  0.01990817  0.09730891
  0.          0.00134554  0.00865446  0.00730891  0.          0.03233811
 -0.00300744  0.00834554]
	[RESULT 69] [ 0.00438517 -0.02523548  0.01962065  0.01637356  0.01713226  0.0992413
  0.          0.00037935  0.00962065  0.0092413   0.          0.00638517
 -0.02523548  0.00462065]
	[RESULT 70] [ 0.0287921   0.00327455  0.01551755  0.02267237  0.01836272  0.09103509
  0.          0.00894736  0.00551755  0.00103509  0.          0.0292921
 -0.00769036  0.00998245]
	[RESULT 71] [ 0.00454206 -0.02522807  0.01977013  0.01667622  0.01713596  0.09954026
  0.          0.00022987  0.00977013  0.00954026  0.          0.00754206
 -0.02422807  0.00477013]
	[RESULT 72] [ 0.01718523 -0.00967791  0.01686314  0.01863732  0.02491105  0.09372627
  0.          0.00313686  0.00686314  0.00372627  0.          0.02018523
 -0.01195164  0.00513686]
	[RESULT 73] [ 0.01689384 -0.00827365  0.01516749  0.01619816  0.02413682  0.09033498
  0.          0.00549753  0.00516749  0.00033498  0.          0.01789384
 -0.01493867  0.00583251]
	[RESULT 74] [ 0.02633663  0.00033296  0.01600367  0.02192382  0.02008352  0.09200734
  0.          0.00798899  0.00600367  0.00200734  0.          0.02833663
 -0.0086597   0.00999633]
	[RESULT 75] [ 0.00749714 -0.0191434   0.01664054  0.01345939  0.0201783   0.09328109
  0.          0.00335946  0.00664054  0.00328109  0.          0.01049714
 -0.02186231  0.00535946]
	[RESULT 76] [ 0.01867313 -0.01047358  0.01914671  0.02280663  0.02451321  0.09829342
  0.          0.00085329  0.00914671  0.00829342  0.          0.02167313
 -0.01318016  0.00785329]
	[RESULT 77] [0.03265315 0.00748566 0.01516749 0.02407781 0.01625717 0.09033498
 0.         0.00549753 0.00516749 0.00033498 0.         0.03365315
 0.00082064 0.00583251]
	[RESULT 78] [ 0.0196657  -0.00929659  0.01896229  0.02302628  0.0248983   0.09792458
  0.          0.00103771  0.00896229  0.00792458  0.          0.0226657
 -0.00829659  0.00396229]
	[RESULT 79] [ 0.02392763 -0.00572572  0.01965335  0.02355616  0.02286286  0.0993067
  0.          0.00034665  0.00965335  0.0093067   0.          0.02592763
 -0.00572572  0.00465335]
	[RESULT 80] [ 0.02957937  0.00273318  0.01684618  0.02494104  0.01863341  0.09369237
  0.          0.00315382  0.00684618  0.00369237  0.          0.03157937
 -0.00057445  0.00515382]
	[RESULT 81] [ 0.00699413 -0.02005662  0.01705075  0.01382319  0.01972169  0.0941015
  0.          0.00294925  0.00705075  0.0041015   0.          0.00999413
 -0.02195512  0.00494925]
	[RESULT 82] [0.02262705 0.02208886 0.0152841  0.01863738 0.00920557 0.09056819
 0.         0.00935229 0.0052841  0.00056819 0.         0.02012705
 0.01134295 0.0112159 ]
	[RESULT 83] [ 0.02640965  0.00061803  0.01579162  0.02189225  0.01969099  0.09158323
  0.          0.00462515  0.00579162  0.00158323  0.          0.02840965
 -0.00479874  0.00620838]
	[RESULT 84] [ 0.00755673 -0.01893587  0.0164926   0.01326727  0.02028206  0.0929852
  0.          0.0035074   0.0064926   0.0029852   0.          0.00955673
 -0.02195067  0.0045074 ]
	[RESULT 85] [ 0.01984662 -0.00530942  0.01515604  0.01765737  0.02265471  0.09031208
  0.          0.00553188  0.00515604  0.00031208  0.          0.02084662
 -0.01199734  0.00584396]
	[RESULT 86] [ 0.02869293 -0.00020573  0.01889867  0.02255554  0.02035287  0.09779733
  0.          0.00110133  0.00889867  0.00779733  0.          0.03169293
  0.00079427  0.00389867]
	[RESULT 87] [ 4.80900225e-03 -2.51854777e-02  1.99944799e-02  1.71462210e-02
  1.71572612e-02  9.99889598e-02  0.00000000e+00  5.52008946e-06
  9.99447991e-03  9.98895982e-03  0.00000000e+00  6.80900225e-03
 -2.51854777e-02  4.99447991e-03]
	[RESULT 88] [ 0.02909475 -0.00060838  0.01970313  0.02089794  0.02030419  0.09940625
  0.          0.00029687  0.00970313  0.00940625  0.          0.03109475
 -0.00320213  0.00729687]
	[RESULT 89] [ 0.01129149 -0.01782784  0.01911933  0.01907474  0.02083608  0.09823866
  0.          0.00088067  0.00911933  0.00823866  0.          0.01329149
 -0.01782784  0.00411933]
	[RESULT 90] [ 2.36958660e-02 -6.30392693e-03  1.99997929e-02  2.34023776e-02
  2.34019635e-02  9.99995858e-02  0.00000000e+00  2.07079870e-07
  9.99979292e-03  9.99958584e-03  0.00000000e+00  2.56958660e-02
 -6.30392693e-03  4.99979292e-03]
	[RESULT 91] [ 2.46171824e-02 -5.30938532e-03  1.99265678e-02  2.30515571e-02
  2.29046927e-02  9.98531355e-02  0.00000000e+00  7.34322380e-05
  9.92656776e-03  9.85313552e-03  0.00000000e+00  2.76171824e-02
 -4.30938532e-03  4.92656776e-03]
	[RESULT 92] [ 0.02488082 -0.00411437  0.01899518  0.02431681  0.02230718  0.09799037
  0.          0.00100482  0.00899518  0.00799037  0.          0.02788082
 -0.00311437  0.00399518]
	[RESULT 93] [ 0.00495331 -0.0241523   0.01910561  0.01588506  0.01767385  0.09821121
  0.          0.00089439  0.00910561  0.00821121  0.          0.00745331
 -0.0236523   0.00410561]
	[RESULT 94] [ 0.03089355  0.00181544  0.01907811  0.02118606  0.01934228  0.09815622
  0.          0.00092189  0.00907811  0.00815622  0.          0.03239355
 -0.00102834  0.00642189]
	[RESULT 95] [0.02976906 0.01033409 0.01989686 0.01528925 0.01508296 0.09979371
 0.         0.00010314 0.00989686 0.00979371 0.         0.02826906
 0.00983409 0.00489686]
	[RESULT 96] [ 4.64909680e-03 -2.52925036e-02  1.99416004e-02  1.69869490e-02
  1.71037482e-02  9.98832008e-02  0.00000000e+00  5.83996076e-05
  9.94160039e-03  9.88320078e-03  0.00000000e+00  6.14909680e-03
 -2.57925036e-02  4.94160039e-03]
	[RESULT 97] [ 0.02845445  0.00109596  0.01735848  0.02498505  0.01970202  0.09471697
  0.          0.00264152  0.00735848  0.00471697  0.          0.02995445
 -0.00018707  0.00314152]
	[RESULT 98] [ 5.99870211e-03 -2.40008774e-02  1.99995795e-02  1.79987203e-02
  1.79995613e-02  9.99991590e-02  0.00000000e+00  4.20484620e-07
  9.99957952e-03  9.99915903e-03  0.00000000e+00  6.99870211e-03
 -2.50008774e-02  4.99957952e-03]
	[RESULT 99] [0.03095177 0.00455976 0.01639201 0.0249361  0.01772012 0.09278403
 0.         0.00360799 0.00639201 0.00278403 0.         0.03195177
 0.00034378 0.00460799]
	[RESULT 100] [ 0.00694075 -0.02012222  0.01706296  0.01381482  0.01968889  0.09412592
  0.          0.00293704  0.00706296  0.00412592  0.          0.00894075
 -0.02199629  0.00393704]
	[RESULT 101] [ 4.08070543e-03 -2.58761200e-02  1.99568254e-02  1.67255908e-02
  1.68119400e-02  9.99136508e-02  0.00000000e+00  4.31746057e-05
  9.95682539e-03  9.91365079e-03  0.00000000e+00  6.08070543e-03
 -2.58761200e-02  4.95682539e-03]
	[RESULT 102] [ 0.00658506 -0.02092121  0.01750627  0.01430193  0.0192894   0.09501253
  0.          0.00249373  0.00750627  0.00501253  0.          0.00958506
 -0.02190867  0.00449373]
	[RESULT 103] [ 0.01959153 -0.00704766  0.01663919  0.01950456  0.02377383  0.09327839
  0.          0.00336081  0.00663919  0.00327839  0.          0.02259153
 -0.00976927  0.00536081]
	[RESULT 104] [ 0.01298803 -0.01552806  0.01851609  0.01926815  0.02223597  0.09703218
  0.          0.00148391  0.00851609  0.00703218  0.          0.01498803
 -0.02049588  0.00848391]
	[RESULT 105] [0.0245854  0.01993178 0.01548282 0.01931847 0.01028411 0.09096564
 0.         0.00451718 0.00548282 0.00096564 0.         0.0230854
 0.00810258 0.00501718]
