[METRICS]
	[DISEQUILIBRIUM COUNT] 1727
	[MINIMUM S0 sTrt S1 DISTANCE]0.0040122352441618325
	[MINIMUM S0 sTrt S21 DISTANCE]-0.025982747103986403
	[MINIMUM S0 sTrt S22 DISTANCE]0.015109513709167716
	[MINIMUM S7 sTrt S6 DISTANCE]0.007788658054104003
	[MINIMUM S7 sTrt S8 DISTANCE]0.00286086155192955
	[MINIMUM S7 sTrt S21 DISTANCE]0.09021902741833542
	[MINIMUM S7 esTrt S22 DISTANCE]0.0
	[MINIMUM S14 sTrt S13 DISTANCE]8.164400938648342e-08
	[MINIMUM S14 sTrt S15 DISTANCE]0.0051095137091677345
	[MINIMUM S14 sTrt S21 DISTANCE]0.00021902741833540462
	[MINIMUM S14 sTrt S22 DISTANCE]0.0
	[MINIMUM S20 sTrt S19 DISTANCE]0.005627658921180889
	[MINIMUM S20 sTrt S21 DISTANCE]-0.026346019754959767
	[MINIMUM S20 sTrt S22 DISTANCE]0.002752607256421666
	[AVERAGE S0 sTrt S1 DISTANCE]0.02128547851668587
	[AVERAGE S0 sTrt S21 DISTANCE]0.004754798013141857
	[AVERAGE S0 sTrt S22 DISTANCE]0.017161824525965586
	[AVERAGE S7 sTrt S6 DISTANCE]0.018532636808262306
	[AVERAGE S7 sTrt S8 DISTANCE]0.015383374360948335
	[AVERAGE S7 sTrt S21 DISTANCE]0.09432364905193112
	[AVERAGE S7 sTrt S22 DISTANCE]0.0
	[AVERAGE S14 sTrt S13 DISTANCE]0.0039006675785477193
	[AVERAGE S14 sTrt S15 DISTANCE]0.0071618245259655305
	[AVERAGE S14 sTrt S21 DISTANCE]0.004323649051931084
	[AVERAGE S14 sTrt S22 DISTANCE]0.0
	[AVERAGE S20 sTrt S19 DISTANCE]0.021577730004344917
	[AVERAGE S20 sTrt S21 DISTANCE]-0.0033125060049836786
	[AVERAGE S20 sTrt S22 DISTANCE]0.00642142360420898
[VARIABLES]
	[RESULT 1] [0 6.808482949677282 1 1 10 3965.398808044788 100]
	[RESULT 2] [1 5.086375204500389 0 1 0 3999.324709628864 100]
	[RESULT 3] [1 5.08555174391514 1 3 0 3970.143086511548 100]
	[RESULT 4] [1 6.185176632754591 0 1 10 3999.1954845133896 96]
	[RESULT 5] [1 5.353900189424226 0 4 0 3927.48105174805 100]
	[RESULT 6] [1 5.047787881104716 0 4 9 3963.7699204417468 100]
	[RESULT 7] [1 6.146012849330225 0 4 23 3999.996722114334 100]
	[RESULT 8] [1 5.000776171063204 1 3 24 3840.088822117607 100]
	[RESULT 9] [1 5.426608126253663 1 1 0 3994.138265967263 100]
	[RESULT 10] [1 5.0461410844407615 0 1 0 3999.4599601898417 100]
	[RESULT 11] [1 5.029523386291325 0 3 17 3999.9895783433603 100]
	[RESULT 12] [1 5.362919066338675 0 4 11 1051.122393082081 100]
	[RESULT 13] [1 5.023794688477867 0 1 22 3998.687479248799 100]
	[RESULT 14] [1 5.140130588906231 0 3 9 3427.7434498809243 100]
	[RESULT 15] [1 5.043128241757569 0 1 22 3999.959977258394 100]
	[RESULT 16] [0 5.000152846651368 0 2 8 3946.3793135200303 100]
	[RESULT 17] [0 5.000469290649979 0 3 24 3927.102338406408 100]
	[RESULT 18] [1 5.004888294633835 1 3 22 3977.116755393783 100]
	[RESULT 19] [0 5.055863146411439 1 3 8 3997.7444417968154 100]
	[RESULT 20] [1 7.209643856808279 0 3 18 3999.9908415530335 100]
	[RESULT 21] [0 5.002574289559578 0 4 1 3951.526179887682 100]
	[RESULT 22] [1 5.000084702606593 1 3 11 3911.5057793104056 100]
	[RESULT 23] [0 5.000351782491295 0 3 24 3927.102338406408 100]
	[RESULT 24] [0 5.274904973828198 1 4 8 3254.2359012536294 20]
	[RESULT 25] [1 5.169415532673984 0 3 18 3999.9908415530335 100]
	[RESULT 26] [0 6.091984146198146 0 1 14 3999.989793673385 100]
	[RESULT 27] [1 5.319245437216609 0 4 7 3969.619162925012 100]
	[RESULT 28] [1 5.004495143229567 0 1 22 3999.3138635137234 100]
	[RESULT 29] [1 11.047409456602324 1 4 1 3973.9108066421236 100]
	[RESULT 30] [1 5.137428842232944 0 1 6 3999.9919775785056 100]
	[RESULT 31] [0 5.010472566169076 0 1 15 3912.7572287802855 100]
	[RESULT 32] [0 7.78986985388212 0 3 21 3966.657126411338 100]
	[RESULT 33] [0 6.44572175555079 0 1 22 3999.991447009565 100]
	[RESULT 34] [0 5.078800336528015 0 4 22 3956.1312561603254 100]
	[RESULT 35] [1 5.006840287322499 1 3 0 3993.326283212172 99]
	[RESULT 36] [1 5.0041855456109525 0 1 0 3999.887194032342 100]
	[RESULT 37] [1 5.2982153440663575 1 1 12 3999.950666340893 100]
	[RESULT 38] [1 5.758603242339655 0 1 0 3999.6918794189733 100]
	[RESULT 39] [1 5.725770226262798 0 4 24 3973.5375163500357 100]
	[RESULT 40] [0 22.819667401521315 1 4 24 3833.1800154620523 100]
	[RESULT 41] [1 5.00030592300821 1 3 11 3911.4885074137787 100]
	[RESULT 42] [1 5.056513631957064 0 4 0 3999.9864702256764 100]
	[RESULT 43] [0 8.920119475779186 1 1 18 1446.2315010493887 47]
	[RESULT 44] [1 5.061651178592187 0 3 0 3999.1044295608567 100]
	[RESULT 45] [1 6.544214003784798 0 3 0 3999.997189178644 100]
	[RESULT 46] [1 6.456609891043401 0 1 8 3999.998503321848 100]
	[RESULT 47] [1 5.132573745516145 0 4 11 1002.8522866102888 100]
	[RESULT 48] [1 5.015922817046793 1 4 1 3999.9977349779 99]
	[RESULT 49] [1 5.163153704466973 0 3 18 3999.99875821039 100]
	[RESULT 50] [1 5.225052365145398 1 4 9 3988.618754640473 100]
	[RESULT 51] [0 31.208160511405772 0 4 24 3908.958938834294 100]
	[RESULT 52] [0 5.000572103135513 0 3 10 3997.7444417968154 97]
	[RESULT 53] [0 5.000279573405878 1 1 8 3962.748874850012 78]
	[RESULT 54] [1 5.642876064882633 0 1 9 3983.328109606466 100]
	[RESULT 55] [1 5.064537279125917 0 3 10 3999.9965418282636 100]
	[RESULT 56] [1 22.340488564724758 1 1 0 3998.7327659011125 100]
	[RESULT 57] [0 5.00148675057719 0 4 0 3943.5186564229684 100]
	[RESULT 58] [1 9.837251879913083 0 3 18 3983.2041441074266 100]
	[RESULT 59] [1 5.0025430602345295 0 4 21 3954.125140540021 100]
	[RESULT 60] [1 5.065476266180823 1 4 18 3974.4221327768796 100]
	[RESULT 61] [0 22.785496821114812 1 4 24 3999.69237257251 96]
	[RESULT 62] [0 23.664485568972907 1 4 10 3988.595265605603 100]
	[RESULT 63] [1 5.002343798543984 0 3 0 3889.0181294386634 100]
	[RESULT 64] [1 5.10623258033505 0 1 9 3999.309275439546 100]
	[RESULT 65] [1 5.000109480460989 1 3 11 3839.67473762928 100]
	[RESULT 66] [1 7.156531348858399 0 1 22 3999.9494373697075 100]
	[RESULT 67] [1 10.460981135077764 0 1 0 3996.929456341466 100]
	[RESULT 68] [0 23.16296367552616 1 1 6 3985.6433407836007 100]
	[RESULT 69] [1 6.399416233456699 1 4 9 3808.88730122976 100]
	[RESULT 70] [1 5.000776171063204 1 3 24 3868.198351721859 100]
	[RESULT 71] [1 5.037331495735923 1 1 8 3897.6093766881486 100]
	[RESULT 72] [1 5.00030592300821 1 3 11 3706.5694415757525 100]
	[RESULT 73] [1 12.459050774245538 0 1 8 3911.5618880847182 100]
	[RESULT 74] [1 5.076176434170449 0 1 6 3999.9027245741718 100]
	[RESULT 75] [0 5.000469290649979 0 3 24 3947.337648405877 100]
	[RESULT 76] [0 8.83843153650933 0 3 17 3911.4640806484317 99]
	[RESULT 77] [1 5.122643783651746 0 4 18 3867.1027951439423 100]
	[RESULT 78] [0 6.77671135489658 0 4 22 3933.868096485283 100]
	[RESULT 79] [1 6.597176438130585 0 3 0 3999.17349570512 100]
	[RESULT 80] [1 5.377028281385785 0 3 8 3983.4801788652107 100]
	[RESULT 81] [1 5.0731424235916 0 1 18 3999.9967657259485 100]
	[RESULT 82] [1 6.031101478558282 0 4 0 3996.493553808315 100]
	[RESULT 83] [1 5.586815257700671 1 3 24 3999.4703981520656 100]
	[RESULT 84] [0 34.85294458400099 0 3 10 3996.722478696376 100]
	[RESULT 85] [1 5.724105852570914 0 4 2 3998.1036319755763 100]
	[RESULT 86] [1 11.465045501484806 1 3 0 3966.372839796025 90]
	[RESULT 87] [1 5.001383734375663 1 3 0 3987.6403833401428 99]
	[RESULT 88] [0 5.000152846651368 0 2 8 3936.3994521169307 100]
	[RESULT 89] [0 5.087204653894824 0 1 10 3999.99353098009 100]
	[RESULT 90] [0 5.00014985336186 0 3 1 3946.013165222961 100]
	[RESULT 91] [0 6.430293608769167 0 1 22 3999.25900801094 100]
	[RESULT 92] [1 5.292287560328312 0 4 18 3867.1027951439423 100]
	[RESULT 93] [1 6.460661637710477 0 1 8 3868.540259610415 100]
	[RESULT 94] [1 5.491839143376498 0 3 18 3962.9219405223494 100]
	[RESULT 95] [1 12.459050774245538 0 1 8 3999.997317170301 100]
	[RESULT 96] [1 5.163030764212034 0 3 0 3962.4478213170964 100]
	[RESULT 97] [1 13.59373624457015 0 1 14 3838.1414064186024 88]
	[RESULT 98] [1 5.0677779483798195 0 4 7 3720.302763608119 100]
	[RESULT 99] [1 5.348702247458108 0 1 2 3999.6918794189733 100]
	[RESULT 100] [1 5.717714095941343 0 3 9 3984.8447507232395 100]
	[RESULT 101] [0 22.36483356396601 0 4 22 3974.0865083269423 100]
	[RESULT 102] [1 5.125706115236902 0 4 9 3996.538501162281 100]
	[RESULT 103] [1 5.000017185335074 1 3 11 3827.917791293262 100]
	[RESULT 104] [1 6.057762600748828 0 1 6 3999.974725075424 100]
	[RESULT 105] [1 5.000206522144476 1 3 11 3755.442879771458 100]
[OBJECTIVES]
	[RESULT 1] [ 0.02773331  0.00095299  0.01678032  0.02403714  0.0195235   0.09356064
  0.          0.00515904  0.00678032  0.00356064  0.          0.02823331
 -0.00748637  0.00871968]
	[RESULT 2] [ 0.00505507 -0.02454739  0.01960246  0.01668123  0.0174763   0.09920492
  0.          0.00039754  0.00960246  0.00920492  0.          0.00655507
 -0.02504739  0.00460246]
	[RESULT 3] [ 0.02300077 -0.00660518  0.01960595  0.02434069  0.02355259  0.09921191
  0.          0.00039405  0.00960595  0.00921191  0.          0.02550077
 -0.00839328  0.00689405]
	[RESULT 4] [ 0.02349129 -0.00379686  0.01728814  0.02242786  0.02214843  0.09457629
  0.          0.00271186  0.00728814  0.00457629  0.          0.02499129
 -0.00522057  0.00321186]
	[RESULT 5] [ 0.02389795 -0.00479508  0.01869303  0.02473853  0.02264754  0.09738607
  0.          0.00130697  0.00869303  0.00738607  0.          0.02689795
 -0.00379508  0.00369303]
	[RESULT 6] [ 0.01902064 -0.01075132  0.01977196  0.02391826  0.02437434  0.09954392
  0.          0.00022804  0.00977196  0.00954392  0.          0.02202064
 -0.00975132  0.00477196]
	[RESULT 7] [ 0.00667338 -0.02065653  0.0173299   0.01408154  0.01942174  0.0946598
  0.          0.0026701   0.0073299   0.0046598   0.          0.00967338
 -0.02199672  0.0046701 ]
	[RESULT 8] [ 3.06238767e-02  6.27754508e-04  1.99961222e-02  1.99438784e-02
  1.99361227e-02  9.99922443e-02  0.00000000e+00  3.87784544e-06
  9.99612215e-03  9.99224431e-03  0.00000000e+00  3.31238767e-02
 -3.80001183e-04  6.50387785e-03]
	[RESULT 9] [ 0.01524357 -0.01326125  0.01850482  0.02012901  0.02311938  0.09700963
  0.          0.00149518  0.00850482  0.00700963  0.          0.01674357
 -0.01725162  0.00699518]
	[RESULT 10] [ 0.00474915 -0.02503032  0.01977947  0.01679378  0.01723484  0.09955894
  0.          0.00022053  0.00977947  0.00955894  0.          0.00624915
 -0.02553032  0.00477947]
	[RESULT 11] [ 0.0041538  -0.02570282  0.01985662  0.01661182  0.01689859  0.09971323
  0.          0.00014338  0.00985662  0.00971323  0.          0.0066538
 -0.02520282  0.00485662]
	[RESULT 12] [0.03012124 0.00145264 0.0186686  0.02218649 0.01952368 0.09733719
 0.         0.0013314  0.0086686  0.00733719 0.         0.03312124
 0.00245264 0.0036686 ]
	[RESULT 13] [ 0.00536326 -0.02452053  0.01988379  0.01725732  0.01748973  0.09976758
  0.          0.00011621  0.00988379  0.00976758  0.          0.00686326
 -0.02502053  0.00488379]
	[RESULT 14] [ 0.02856809 -0.00081738  0.01938546  0.02188776  0.02065869  0.09877093
  0.          0.00061454  0.00938546  0.00877093  0.          0.03106809
 -0.00031738  0.00438546]
	[RESULT 15] [ 0.00424668 -0.02554659  0.01979327  0.01656325  0.0169767   0.09958655
  0.          0.00020673  0.00979327  0.00958655  0.          0.00574668
 -0.02604659  0.00479327]
	[RESULT 16] [ 2.20512024e-02 -7.94803349e-03  1.99992359e-02  2.39755450e-02
  2.39740167e-02  9.99984718e-02  0.00000000e+00  7.64116464e-07
  9.99923588e-03  9.99847177e-03  0.00000000e+00  2.30512024e-02
 -8.94803349e-03  4.99923588e-03]
	[RESULT 17] [ 2.36181275e-02 -6.37952716e-03  1.99976546e-02  2.31944543e-02
  2.31897636e-02  9.99953093e-02  0.00000000e+00  2.34535260e-06
  9.99765465e-03  9.99530929e-03  0.00000000e+00  2.51181275e-02
 -6.87952716e-03  4.99765465e-03]
	[RESULT 18] [ 2.09717401e-02 -9.00393733e-03  1.99756774e-02  2.48006138e-02
  2.47519687e-02  9.99513548e-02  0.00000000e+00  2.43225772e-05
  9.97567742e-03  9.95135485e-03  0.00000000e+00  2.34717401e-02
 -1.00525825e-02  6.52432258e-03]
	[RESULT 19] [ 0.01233344 -0.01740203  0.01973546  0.02076991  0.02129899  0.09947092
  0.          0.00026454  0.00973546  0.00947092  0.          0.01383344
 -0.0199311   0.00676454]
	[RESULT 20] [ 0.00745135 -0.01910646  0.01655781  0.01331238  0.02019677  0.09311561
  0.          0.00344219  0.00655781  0.00311561  0.          0.00995135
 -0.02199084  0.00494219]
	[RESULT 21] [ 2.15064071e-02 -8.48075446e-03  1.99871616e-02  2.42660540e-02
  2.42403772e-02  9.99743232e-02  0.00000000e+00  1.28383980e-05
  9.98716160e-03  9.97432320e-03  0.00000000e+00  2.35064071e-02
 -8.48075446e-03  4.98716160e-03]
	[RESULT 22] [ 2.84935351e-02 -1.50604138e-03  1.99995765e-02  2.10038676e-02
  2.10030207e-02  9.99991530e-02  0.00000000e+00  4.23477163e-07
  9.99957652e-03  9.99915305e-03  0.00000000e+00  3.09935351e-02
 -2.50688833e-03  6.50042348e-03]
	[RESULT 23] [ 2.36175404e-02 -6.38070128e-03  1.99982417e-02  2.31938672e-02
  2.31903506e-02  9.99964834e-02  0.00000000e+00  1.75829392e-06
  9.99824171e-03  9.99648341e-03  0.00000000e+00  2.51175404e-02
 -6.88070128e-03  4.99824171e-03]
	[RESULT 24] [0.01497966 0.02390152 0.01892186 0.00910704 0.00695076 0.09784372
 0.         0.00107814 0.00892186 0.00784372 0.         0.01297966
 0.0010578  0.00807814]
	[RESULT 25] [ 0.00473351 -0.02454213  0.01927564  0.01603022  0.01747894  0.09855128
  0.          0.00072436  0.00927564  0.00855128  0.          0.00723351
 -0.02404213  0.00427564]
	[RESULT 26] [ 0.00762013 -0.01976995  0.01739008  0.01489518  0.02011503  0.09478015
  0.          0.00260992  0.00739008  0.00478015  0.          0.00812013
 -0.0219898   0.00310992]
	[RESULT 27] [ 0.01892446 -0.00986558  0.01879005  0.0223973   0.02481721  0.09758009
  0.          0.00120995  0.00879005  0.00758009  0.          0.02192446
 -0.00886558  0.00379005]
	[RESULT 28] [ 4.69018332e-03 -2.52874415e-02  1.99776249e-02  1.70615290e-02
  1.71062792e-02  9.99552497e-02  0.00000000e+00  2.23751367e-05
  9.97762486e-03  9.95524973e-03  0.00000000e+00  6.19018332e-03
 -2.57874415e-02  4.97762486e-03]
	[RESULT 29] [ 0.02605701  0.00034753  0.01570948  0.02134273  0.02007623  0.09141896
  0.          0.00987156  0.00570948  0.00141896  0.          0.02905701
 -0.00923351  0.01129052]
	[RESULT 30] [ 0.00461214 -0.02478374  0.01939588  0.01614989  0.01735813  0.09879176
  0.          0.00060412  0.00939588  0.00879176  0.          0.00611214
 -0.02528374  0.00439588]
	[RESULT 31] [ 2.44835328e-02 -5.46464704e-03  1.99481799e-02  2.28359638e-02
  2.27323235e-02  9.98963597e-02  0.00000000e+00  5.18201410e-05
  9.94817986e-03  9.89635972e-03  0.00000000e+00  2.49835328e-02
 -6.96464704e-03  4.94817986e-03]
	[RESULT 32] [ 0.02296816 -0.00335115  0.01631931  0.02096304  0.02167557  0.09263861
  0.          0.00368069  0.00631931  0.00263861  0.          0.02446816
 -0.00771253  0.00518069]
	[RESULT 33] [ 0.00796416 -0.01908022  0.01704439  0.01454866  0.02045989  0.09408877
  0.          0.00295561  0.00704439  0.00408877  0.          0.00846416
 -0.02199145  0.00345561]
	[RESULT 34] [ 0.02128999 -0.00834479  0.01963478  0.02490284  0.0241724   0.09926956
  0.          0.00036522  0.00963478  0.00926956  0.          0.02328999
 -0.00834479  0.00463478]
	[RESULT 35] [ 2.43015201e-02 -5.66451081e-03  1.99660309e-02  2.31501936e-02
  2.30822554e-02  9.99320618e-02  0.00000000e+00  3.39690784e-05
  9.96603092e-03  9.93206184e-03  0.00000000e+00  2.68015201e-02
 -6.73244896e-03  6.53396908e-03]
	[RESULT 36] [ 4.13313975e-03 -2.58460198e-02  1.99791595e-02  1.67853091e-02
  1.68269901e-02  9.99583190e-02  0.00000000e+00  2.08404992e-05
  9.97915950e-03  9.95831900e-03  0.00000000e+00  5.63313975e-03
 -2.63460198e-02  4.97915950e-03]
	[RESULT 37] [ 0.0101978  -0.01865365  0.01885144  0.01812606  0.02042318  0.09770288
  0.          0.00114856  0.00885144  0.00770288  0.          0.0116978
 -0.02195076  0.00664856]
	[RESULT 38] [ 0.0064612  -0.02138196  0.01784317  0.01474535  0.01905902  0.09568633
  0.          0.00215683  0.00784317  0.00568633  0.          0.0079612
 -0.02188196  0.00284317]
	[RESULT 39] [ 0.01895797 -0.00893928  0.01789726  0.02107487  0.02471964  0.09579451
  0.          0.00210274  0.00789726  0.00579451  0.          0.02195797
 -0.00914477  0.00410274]
	[RESULT 40] [ 0.03352394  0.01121038  0.01526568  0.02386345  0.01439481  0.09053136
  0.          0.00879704  0.00526568  0.00053136  0.          0.03152394
 -0.00025826  0.01173432]
	[RESULT 41] [ 2.84954787e-02 -1.50299211e-03  1.99984709e-02  2.10045544e-02
  2.10014961e-02  9.99969417e-02  0.00000000e+00  1.52914724e-06
  9.99847085e-03  9.99694171e-03  0.00000000e+00  3.09954787e-02
 -2.50605041e-03  6.50152915e-03]
	[RESULT 42] [ 0.00428098 -0.02545157  0.01973255  0.01648931  0.01702421  0.09946509
  0.          0.00026745  0.00973255  0.00946509  0.          0.00728098
 -0.02445157  0.00473255]
	[RESULT 43] [0.01162897 0.01764521 0.01601624 0.01179013 0.0038226  0.09203247
 0.         0.00745129 0.00601624 0.00203247 0.         0.01112897
 0.00061273 0.00948376]
	[RESULT 44] [ 0.00515495 -0.02455469  0.01970964  0.01689194  0.01747265  0.09941929
  0.          0.00029036  0.00970964  0.00941929  0.          0.00765495
 -0.02405469  0.00470964]
	[RESULT 45] [ 0.00703757 -0.01992768  0.01696524  0.01371665  0.01978616  0.09393049
  0.          0.00303476  0.00696524  0.00393049  0.          0.00953757
 -0.02199719  0.00453476]
	[RESULT 46] [ 0.00696617 -0.02006915  0.01703533  0.01378607  0.01971542  0.09407065
  0.          0.00296467  0.00703533  0.00407065  0.          0.00846617
 -0.0219985   0.00346467]
	[RESULT 47] [ 2.93784699e-02 -3.62536931e-05  1.94147236e-02  2.14386797e-02
  2.02681268e-02  9.88294471e-02  0.00000000e+00  5.85276438e-04
  9.41472356e-03  8.82944712e-03  0.00000000e+00  3.23784699e-02
  9.63746307e-04  4.41472356e-03]
	[RESULT 48] [ 1.90806311e-02 -1.08410026e-02  1.99216337e-02  2.41727661e-02
  2.43294987e-02  9.98432675e-02  0.00000000e+00  7.83662734e-05
  9.92163373e-03  9.84326745e-03  0.00000000e+00  2.20806311e-02
 -1.19977352e-02  7.07836627e-03]
	[RESULT 49] [ 0.00470258 -0.02459607  0.01929866  0.01604928  0.01745196  0.09859732
  0.          0.00070134  0.00929866  0.00859732  0.          0.00720258
 -0.02409607  0.00429866]
	[RESULT 50] [ 0.01773936 -0.0113421   0.01908146  0.02224187  0.02407895  0.09816292
  0.          0.00091854  0.00908146  0.00816292  0.          0.02073936
 -0.01417918  0.00791854]
	[RESULT 51] [ 0.02943021  0.00424644  0.01518377  0.02249076  0.01787678  0.09036754
  0.          0.00644869  0.00518377  0.00036754  0.          0.03143021
 -0.00238602  0.00681623]
	[RESULT 52] [ 2.20717563e-02 -7.92538478e-03  1.99971411e-02  2.39684102e-02
  2.39626924e-02  9.99942822e-02  0.00000000e+00  2.85888010e-06
  9.99714112e-03  9.99428224e-03  0.00000000e+00  2.35717563e-02
 -8.42538478e-03  4.99714112e-03]
	[RESULT 53] [2.59081469e-02 1.40932506e-02 1.99986025e-02 1.29561697e-02
 1.29533747e-02 9.99972050e-02 0.00000000e+00 1.39747633e-06
 9.99860252e-03 9.99720505e-03 0.00000000e+00 2.54081469e-02
 1.09095444e-02 5.50139748e-03]
	[RESULT 54] [ 0.01595844 -0.01208501  0.01804344  0.01979438  0.0237075   0.09608689
  0.          0.00195656  0.00804344  0.00608689  0.          0.01745844
 -0.01258501  0.00304344]
	[RESULT 55] [ 0.00430658 -0.0253903   0.01969688  0.01644861  0.01705485  0.09939375
  0.          0.00030312  0.00969688  0.00939375  0.          0.00680658
 -0.0248903   0.00469688]
	[RESULT 56] [ 0.01493348 -0.01033914  0.01527262  0.01512567  0.02458043  0.09054524
  0.          0.00968214  0.00527262  0.00054524  0.          0.01643348
 -0.0207939   0.01022738]
	[RESULT 57] [ 2.23369552e-02 -7.65562209e-03  1.99925773e-02  2.38426565e-02
  2.38278110e-02  9.99851546e-02  0.00000000e+00  7.42271716e-06
  9.99257728e-03  9.98515457e-03  0.00000000e+00  2.43369552e-02
 -7.65562209e-03  4.99257728e-03]
	[RESULT 58] [ 0.0181898  -0.00766677  0.01585657  0.01762975  0.02408339  0.09171313
  0.          0.00414343  0.00585657  0.00171313  0.          0.0206898
 -0.01195364  0.00564343]
	[RESULT 59] [ 2.01943234e-02 -9.79299354e-03  1.99873170e-02  2.48281371e-02
  2.48535032e-02  9.99746339e-02  0.00000000e+00  1.26830474e-05
  9.98731695e-03  9.97463391e-03  0.00000000e+00  2.31943234e-02
 -8.79299354e-03  4.98731695e-03]
	[RESULT 60] [ 0.02195008 -0.00774266  0.01969274  0.02473585  0.02412133  0.09938547
  0.          0.00030726  0.00969274  0.00938547  0.          0.02495008
 -0.00935718  0.00730726]
	[RESULT 61] [ 0.03103773  0.00577156  0.01526616  0.02341811  0.01711422  0.09053233
  0.          0.00879849  0.00526616  0.00053233  0.          0.03303773
 -0.00569611  0.01173384]
	[RESULT 62] [ 0.02257764 -0.00267663  0.01525427  0.01917022  0.02133831  0.09050853
  0.          0.0087628   0.00525427  0.00050853  0.          0.02457764
 -0.0141681   0.01174573]
	[RESULT 63] [ 2.44154907e-02 -5.57281775e-03  1.99883084e-02  2.30597921e-02
  2.30364089e-02  9.99766168e-02  0.00000000e+00  1.16915900e-05
  9.98830841e-03  9.97661682e-03  0.00000000e+00  2.69154907e-02
 -5.07281775e-03  4.98830841e-03]
	[RESULT 64] [ 0.00515231 -0.02436754  0.01951985  0.01660592  0.01756623  0.09903969
  0.          0.00048015  0.00951985  0.00903969  0.          0.00665231
 -0.02486754  0.00451985]
	[RESULT 65] [ 3.06280983e-02  6.28645662e-04  1.99994527e-02  1.99367719e-02
  1.99356772e-02  9.99989053e-02  0.00000000e+00  5.47342382e-07
  9.99945266e-03  9.99890532e-03  0.00000000e+00  3.31280983e-02
 -3.72449023e-04  6.50054734e-03]
	[RESULT 66] [ 0.00746644 -0.01911757  0.01658402  0.01335925  0.02019121  0.09316803
  0.          0.00341598  0.00658402  0.00316803  0.          0.00896644
 -0.02194954  0.00391598]
	[RESULT 67] [ 0.01096079 -0.01481309  0.01577388  0.01389121  0.02234346  0.09154775
  0.          0.00422612  0.00577388  0.00154775  0.          0.01246079
 -0.01926533  0.00472612]
	[RESULT 68] [ 0.02385867 -0.00140225  0.01526092  0.01982071  0.02070113  0.09052184
  0.          0.00971724  0.00526092  0.00052184  0.          0.02435867
 -0.01288041  0.01023908]
	[RESULT 69] [0.03402415 0.00694031 0.01708384 0.02261216 0.01677984 0.09416768
 0.         0.00574848 0.00708384 0.00416768 0.         0.03297585
 0.00010799 0.00991616]
	[RESULT 70] [ 3.00179504e-02  2.18282031e-05  1.99961222e-02  2.02468416e-02
  2.02390859e-02  9.99922443e-02  0.00000000e+00  3.87784544e-06
  9.99612215e-03  9.99224431e-03  0.00000000e+00  3.25179504e-02
 -9.85927488e-04  6.50387785e-03]
	[RESULT 71] [ 0.02927377 -0.00054629  0.01982006  0.02088302  0.02052314  0.09964012
  0.          0.00017994  0.00982006  0.00964012  0.          0.03077377
 -0.00190617  0.00567994]
	[RESULT 72] [3.20387778e-02 2.04030697e-03 1.99984709e-02 1.92329048e-02
 1.92298465e-02 9.99969417e-02 0.00000000e+00 1.52914724e-06
 9.99847085e-03 9.99694171e-03 0.00000000e+00 3.45387778e-02
 1.03724868e-03 6.50152915e-03]
	[RESULT 73] [ 0.0278993   0.00230822  0.01559108  0.02208628  0.01909589  0.09118217
  0.          0.00440892  0.00559108  0.00118217  0.          0.0293993
 -0.00250961  0.00490892]
	[RESULT 74] [ 0.00445082 -0.02519526  0.01964608  0.01644453  0.01715237  0.09929216
  0.          0.00035392  0.00964608  0.00929216  0.          0.00595082
 -0.02569526  0.00464608]
	[RESULT 75] [ 2.19546879e-02 -8.04296671e-03  1.99976546e-02  2.40261741e-02
  2.40214834e-02  9.99953093e-02  0.00000000e+00  2.34535260e-06
  9.99765465e-03  9.99530929e-03  0.00000000e+00  2.34546879e-02
 -8.54296671e-03  4.99765465e-03]
	[RESULT 76] [0.03153826 0.01242835 0.01603339 0.02171904 0.01378583 0.09206679
 0.         0.00396661 0.00603339 0.00206679 0.         0.03003826
 0.00749513 0.00546661]
	[RESULT 77] [ 0.02558796 -0.00386582  0.01945377  0.02327536  0.02218291  0.09890754
  0.          0.00054623  0.00945377  0.00890754  0.          0.02858796
 -0.00286582  0.00445377]
	[RESULT 78] [ 0.02634112 -0.00045957  0.01680069  0.0233716   0.02022979  0.09360138
  0.          0.00319931  0.00680069  0.00360138  0.          0.02834112
 -0.00385819  0.00519931]
	[RESULT 79] [ 0.00787489 -0.01905028  0.01692517  0.01407519  0.02022486  0.09385034
  0.          0.00307483  0.00692517  0.00385034  0.          0.01037489
 -0.02119995  0.00457483]
	[RESULT 80] [ 0.01531594 -0.01331507  0.01863101  0.02035448  0.02309247  0.09726201
  0.          0.00136899  0.00863101  0.00726201  0.          0.01781594
 -0.01281507  0.00363101]
	[RESULT 81] [ 0.00434402 -0.02531519  0.01965921  0.01641083  0.0170924   0.09931843
  0.          0.00034079  0.00965921  0.00931843  0.          0.00584402
 -0.02581519  0.00465921]
	[RESULT 82] [ 0.00961342 -0.0178483   0.01746172  0.01574929  0.02082585  0.09492344
  0.          0.00253828  0.00746172  0.00492344  0.          0.01261342
 -0.01892487  0.00453828]
	[RESULT 83] [ 0.01136765 -0.01678332  0.01815097  0.01766027  0.02135834  0.09630193
  0.          0.0020471   0.00815097  0.00630193  0.          0.01386765
 -0.02148138  0.00834903]
	[RESULT 84] [ 0.01273558 -0.01242648  0.01516206  0.01411088  0.02378676  0.09032412
  0.          0.00601382  0.00516206  0.00032412  0.          0.01423558
 -0.01910236  0.00633794]
	[RESULT 85] [ 0.00786261 -0.02003745  0.01790005  0.01553138  0.01973128  0.09580011
  0.          0.00209995  0.00790005  0.00580011  0.          0.01086261
 -0.02023734  0.00409995]
	[RESULT 86] [0.02414856 0.02018165 0.01566979 0.0188196  0.01015917 0.09133958
 0.         0.00949064 0.00566979 0.00133958 0.         0.02164856
 0.01052123 0.01083021]
	[RESULT 87] [ 2.72776154e-02 -2.71547549e-03  1.99930909e-02  2.16215560e-02
  2.16077377e-02  9.99861818e-02  0.00000000e+00  6.90911150e-06
  9.99309089e-03  9.98618178e-03  0.00000000e+00  2.97776154e-02
 -3.72929371e-03  6.50690911e-03]
	[RESULT 88] [ 2.29466317e-02 -7.05260422e-03  1.99992359e-02  2.35278303e-02
  2.35263021e-02  9.99984718e-02  0.00000000e+00  7.64116464e-07
  9.99923588e-03  9.99847177e-03  0.00000000e+00  2.39466317e-02
 -8.05260422e-03  4.99923588e-03]
	[RESULT 89] [ 0.00540752 -0.02419143  0.01959895  0.01710218  0.01790428  0.0991979
  0.          0.00040105  0.00959895  0.0091979   0.          0.00590752
 -0.02569143  0.00459895]
	[RESULT 90] [ 2.20880381e-02 -7.91121274e-03  1.99992508e-02  2.39571047e-02
  2.39556064e-02  9.99985017e-02  0.00000000e+00  7.49154546e-07
  9.99925085e-03  9.99850169e-03  0.00000000e+00  2.35880381e-02
 -8.41121274e-03  4.99925085e-03]
	[RESULT 91] [ 0.0086623  -0.01839507  0.01705736  0.0149172   0.02080247  0.09411473
  0.          0.00294264  0.00705736  0.00411473  0.          0.0091623
 -0.02128034  0.00344264]
	[RESULT 92] [ 0.02617262 -0.00269649  0.01886911  0.02386003  0.02159824  0.09773822
  0.          0.00113089  0.00886911  0.00773822  0.          0.02917262
 -0.00169649  0.00386911]
	[RESULT 93] [ 0.02797339  0.00094141  0.01703197  0.02428465  0.01977929  0.09406395
  0.          0.00296803  0.00703197  0.00406395  0.          0.02947339
 -0.00099464  0.00346803]
	[RESULT 94] [ 0.02058046 -0.0077711   0.01835157  0.02256758  0.02413555  0.09670314
  0.          0.00164843  0.00835157  0.00670314  0.          0.02308046
 -0.0072711   0.00335157]
	[RESULT 95] [ 0.0084116  -0.01717948  0.01559108  0.01234242  0.02116026  0.09118217
  0.          0.00440892  0.00559108  0.00118217  0.          0.0099116
 -0.02199732  0.00490892]
	[RESULT 96] [ 0.01970923 -0.00958988  0.01929911  0.02355328  0.02495506  0.09859822
  0.          0.00070089  0.00929911  0.00859822  0.          0.02220923
 -0.00908988  0.00429911]
	[RESULT 97] [0.02140441 0.02307442 0.01552117 0.01767045 0.00871279 0.09104235
 0.         0.00447883 0.00552117 0.00104235 0.         0.01990441
 0.00488324 0.00497883]
	[RESULT 98] [ 0.02726616 -0.00241646  0.01968262  0.02209299  0.02145823  0.09936524
  0.          0.00031738  0.00968262  0.00936524  0.          0.03026616
 -0.00141646  0.00468262]
	[RESULT 99] [ 0.0055971  -0.02311017  0.01870727  0.01560945  0.01819492  0.09741453
  0.          0.00129273  0.00870727  0.00741453  0.          0.0070971
 -0.02361017  0.00370727]
	[RESULT 100] [ 0.01552456 -0.01238628  0.01791085  0.01937855  0.02355686  0.09582169
  0.          0.00208915  0.00791085  0.00582169  0.          0.01802456
 -0.01256459  0.00358915]
	[RESULT 101] [ 0.02245202 -0.00282024  0.01527226  0.0191344   0.02141012  0.09054452
  0.          0.00618322  0.00527226  0.00054452  0.          0.02445202
 -0.00927572  0.00672774]
	[RESULT 102] [ 0.00759885 -0.0218428   0.01944166  0.01771191  0.0188286   0.09888331
  0.          0.00055834  0.00944166  0.00888331  0.          0.01059885
 -0.0208428   0.00444166]
	[RESULT 103] [ 3.08288205e-02  8.28906397e-04  1.99999141e-02  1.98357187e-02
  1.98355468e-02  9.99998281e-02  0.00000000e+00  8.59251987e-08
  9.99991407e-03  9.99982815e-03  0.00000000e+00  3.33288205e-02
 -1.71265454e-04  6.50008593e-03]
	[RESULT 104] [ 0.00659543 -0.0208344   0.01742982  0.01419245  0.0193328   0.09485965
  0.          0.00257018  0.00742982  0.00485965  0.          0.00809543
 -0.02197475  0.00307018]
	[RESULT 105] [3.16824144e-02 1.68344676e-03 1.99989676e-02 1.94103414e-02
 1.94082766e-02 9.99979352e-02 0.00000000e+00 1.03239751e-06
 9.99896760e-03 9.99793520e-03 0.00000000e+00 3.41824144e-02
 6.81381967e-04 6.50103240e-03]
