[METRICS]
	[DISEQUILIBRIUM COUNT] 1570
	[MINIMUM S0 sTrt S1 DISTANCE]0.0040274474290424855
	[MINIMUM S0 sTrt S21 DISTANCE]-0.025958091668372915
	[MINIMUM S0 sTrt S22 DISTANCE]0.015108697308427232
	[MINIMUM S7 sTrt S6 DISTANCE]0.0077366988283598115
	[MINIMUM S7 sTrt S8 DISTANCE]0.0028688707063892482
	[MINIMUM S7 sTrt S21 DISTANCE]0.09021739461685445
	[MINIMUM S7 esTrt S22 DISTANCE]0.0
	[MINIMUM S14 sTrt S13 DISTANCE]8.683033014822428e-08
	[MINIMUM S14 sTrt S15 DISTANCE]0.005108697308427224
	[MINIMUM S14 sTrt S21 DISTANCE]0.00021739461685443828
	[MINIMUM S14 sTrt S22 DISTANCE]0.0
	[MINIMUM S20 sTrt S19 DISTANCE]0.00552744742904232
	[MINIMUM S20 sTrt S21 DISTANCE]-0.026458091668372916
	[MINIMUM S20 sTrt S22 DISTANCE]0.002752643809549059
	[AVERAGE S0 sTrt S1 DISTANCE]0.021049080893327923
	[AVERAGE S0 sTrt S21 DISTANCE]0.0062896451844005625
	[AVERAGE S0 sTrt S22 DISTANCE]0.017004176540989367
	[AVERAGE S7 sTrt S6 DISTANCE]0.018081301260567118
	[AVERAGE S7 sTrt S8 DISTANCE]0.014651369340253288
	[AVERAGE S7 sTrt S21 DISTANCE]0.09400835308197897
	[AVERAGE S7 sTrt S22 DISTANCE]0.0
	[AVERAGE S14 sTrt S13 DISTANCE]0.004125974937864021
	[AVERAGE S14 sTrt S15 DISTANCE]0.007004176540989356
	[AVERAGE S14 sTrt S21 DISTANCE]0.00400835308197872
	[AVERAGE S14 sTrt S22 DISTANCE]0.0
	[AVERAGE S20 sTrt S19 DISTANCE]0.021194732040546574
	[AVERAGE S20 sTrt S21 DISTANCE]-0.0026142835817294027
	[AVERAGE S20 sTrt S22 DISTANCE]0.006491893584420981
[VARIABLES]
	[RESULT 1] [0 14.350430405351142 1 1 15 3984.9761750335883 100]
	[RESULT 2] [0 6.287510758472772 0 4 3 3999.9100501976895 100]
	[RESULT 3] [1 6.6993656776951065 0 1 20 3999.124574132963 100]
	[RESULT 4] [1 6.814760436744162 0 1 22 3998.9742823187507 97]
	[RESULT 5] [1 5.0594180359438194 0 3 20 3999.872899957087 100]
	[RESULT 6] [1 5.018849591175545 0 3 16 3999.2261552813434 100]
	[RESULT 7] [0 5.577580297324371 0 1 15 3982.8887440360973 100]
	[RESULT 8] [1 5.1108783422276645 0 4 21 3999.8189159191884 100]
	[RESULT 9] [1 5.051998723136037 0 1 24 3999.9916484866776 100]
	[RESULT 10] [1 5.1787321988603825 0 4 13 3999.984365664904 98]
	[RESULT 11] [1 14.377795960502139 0 1 20 3999.9947047710693 100]
	[RESULT 12] [1 5.105917494690985 0 1 7 3999.9178668151876 100]
	[RESULT 13] [0 5.013044049880417 0 4 7 3920.878273106348 100]
	[RESULT 14] [1 5.001599315804824 0 1 24 3872.2115439331865 100]
	[RESULT 15] [1 5.01299113325268 1 4 1 3999.9990505504566 97]
	[RESULT 16] [0 6.420529711632351 0 1 7 3999.475172285503 100]
	[RESULT 17] [1 5.001567567880293 0 4 17 3999.872899957087 100]
	[RESULT 18] [0 6.3466325940302335 0 2 1 3999.9427586214065 100]
	[RESULT 19] [1 5.0239249223546985 0 2 2 3999.9859815098976 100]
	[RESULT 20] [1 5.019436343906108 0 3 14 3999.547216534406 100]
	[RESULT 21] [1 9.60656896913969 1 4 20 3806.7287149843655 100]
	[RESULT 22] [0 38.84735587050294 1 1 7 3607.9242105456915 96]
	[RESULT 23] [1 5.518642731446121 0 4 19 3999.960637668332 99]
	[RESULT 24] [1 5.680094934140706 1 1 18 3994.54350809952 100]
	[RESULT 25] [1 5.175930672423169 0 3 14 3951.606994336191 100]
	[RESULT 26] [0 5.721407722222855 1 1 14 3984.077023759301 100]
	[RESULT 27] [1 5.0313236477889935 0 3 2 3999.9748242680084 100]
	[RESULT 28] [1 6.524368293498024 0 1 1 3999.9544067093684 100]
	[RESULT 29] [0 5.072430570299575 0 1 1 1109.2473330360087 41]
	[RESULT 30] [1 5.202465755981946 1 4 2 3966.6463116966424 100]
	[RESULT 31] [1 5.924703291234113 0 3 14 3999.547216534406 100]
	[RESULT 32] [1 5.093077614631439 0 1 12 3999.5084231703117 100]
	[RESULT 33] [1 14.653460662404228 1 3 4 3999.9988256202905 99]
	[RESULT 34] [0 46.4559595264865 0 1 0 3999.9816856377743 98]
	[RESULT 35] [1 5.021936439632327 0 4 17 3987.335049927392 100]
	[RESULT 36] [1 5.000187310442368 1 3 7 3931.799764424365 100]
	[RESULT 37] [1 5.092990846128421 0 1 6 3999.998114960397 100]
	[RESULT 38] [1 8.644532702374544 1 4 24 3940.063605224519 100]
	[RESULT 39] [1 5.031450844920553 0 3 18 3999.938059226747 100]
	[RESULT 40] [1 5.023252497569944 0 4 3 3965.8289106823145 99]
	[RESULT 41] [1 5.131489646399515 0 4 6 3975.032789404935 100]
	[RESULT 42] [1 5.4651548968832895 0 3 14 3970.278785803109 100]
	[RESULT 43] [0 5.001071646995145 0 3 14 3999.4721744158005 95]
	[RESULT 44] [1 5.017690320793169 0 3 14 3951.606994336191 100]
	[RESULT 45] [1 5.465249862654316 0 1 12 3975.4854724012225 100]
	[RESULT 46] [1 5.026679023965594 0 1 24 3999.9182077209143 100]
	[RESULT 47] [1 6.129251900613291 0 3 14 3999.9335909641263 100]
	[RESULT 48] [1 5.000050370276811 0 4 2 3829.202115540564 100]
	[RESULT 49] [1 5.0091935864188315 1 4 1 3999.960637668332 99]
	[RESULT 50] [0 22.10054576491528 0 1 3 3850.1907639940173 100]
	[RESULT 51] [1 5.1267311077929065 0 1 7 3994.5869065607317 100]
	[RESULT 52] [1 5.185144940759425 0 3 20 3923.8813187349624 100]
	[RESULT 53] [1 5.011580467179619 0 4 9 3759.5527535457486 100]
	[RESULT 54] [1 5.051998723136037 0 2 21 3999.9983514456094 100]
	[RESULT 55] [1 5.238150495073243 0 4 16 3698.8099290548585 100]
	[RESULT 56] [0 5.619816819724325 1 1 15 3927.995625698737 100]
	[RESULT 57] [1 5.122621904480465 0 4 13 3876.8481502165782 100]
	[RESULT 58] [0 7.8775900325617085 1 1 14 3970.4464064786175 100]
	[RESULT 59] [1 7.561391881181328 0 4 0 3999.95930316067 100]
	[RESULT 60] [1 5.000054270171469 0 2 2 3995.4797196171094 96]
	[RESULT 61] [0 6.7944980555955805 0 4 3 3841.111991584864 100]
	[RESULT 62] [0 5.038906901529098 0 2 7 3999.999447411801 100]
	[RESULT 63] [1 6.649812241408082 0 4 18 3999.9859807125245 100]
	[RESULT 64] [1 5.345182993430894 0 4 14 3829.202115540564 100]
	[RESULT 65] [1 5.810922204193857 0 4 3 3999.9985708143104 100]
	[RESULT 66] [0 5.009182605755109 1 1 12 3830.4196207227583 100]
	[RESULT 67] [1 5.198419349625278 0 3 14 3964.7359946796037 100]
	[RESULT 68] [1 5.013746504756332 0 4 15 3999.491105736845 100]
	[RESULT 69] [0 10.138813897606386 0 1 1 1248.0885795225834 45]
	[RESULT 70] [1 6.520556734761978 0 2 1 3994.1971001646903 100]
	[RESULT 71] [0 5.577042659568225 1 1 19 3973.242541369582 100]
	[RESULT 72] [0 5.011580467179619 0 1 9 3759.5527535457486 100]
	[RESULT 73] [1 49.24295155106724 0 1 23 3999.9980409390446 96]
	[RESULT 74] [1 5.1120350929518805 0 3 14 3999.7489917043026 100]
	[RESULT 75] [1 5.7688907911142575 0 1 19 3973.242541369582 100]
	[RESULT 76] [1 5.013485877474139 0 1 17 3872.2115439331865 100]
	[RESULT 77] [1 5.198419349625278 0 4 14 3807.632005035327 100]
	[RESULT 78] [1 5.503208133166329 0 1 17 3988.620084832723 100]
	[RESULT 79] [0 6.818119092364501 0 4 15 3999.4762736487955 95]
	[RESULT 80] [1 5.023485604845033 1 3 3 3973.9823304564966 100]
	[RESULT 81] [0 5.000041179864162 0 3 14 3930.615378851023 100]
	[RESULT 82] [1 49.9167238999238 0 3 17 3999.872899957087 98]
	[RESULT 83] [1 5.895610794067713 0 1 3 3999.994176532038 100]
	[RESULT 84] [1 5.001542866324048 1 3 4 3976.7469548846366 100]
	[RESULT 85] [1 11.669136442402696 0 2 14 3987.2302881504306 100]
	[RESULT 86] [1 5.001567567880293 0 1 17 3999.853406088743 100]
	[RESULT 87] [1 5.270910251164301 1 4 3 3995.527997985929 100]
	[RESULT 88] [1 5.810723247777769 1 1 7 3998.3374225109183 100]
	[RESULT 89] [0 8.392581060135182 1 1 7 1019.0547449700615 46]
	[RESULT 90] [1 5.002017203498192 1 3 5 3946.440073047593 100]
	[RESULT 91] [1 5.138318904464295 0 4 6 3980.713268227337 100]
	[RESULT 92] [1 43.205203865379254 0 3 6 3927.7573427286966 90]
	[RESULT 93] [1 9.165051974092053 1 3 4 3969.535998997171 100]
	[RESULT 94] [1 5.705155393306097 0 3 21 3988.620084832723 100]
	[RESULT 95] [1 5.000050370276811 1 4 2 3743.5439843016816 100]
	[RESULT 96] [1 5.055370045688679 0 3 4 3999.6659521689257 100]
	[RESULT 97] [0 5.5452177786474 1 1 7 1162.5889134946683 46]
	[RESULT 98] [1 5.055856726270538 0 1 20 3996.545866445948 100]
	[RESULT 99] [1 5.131489646399515 0 4 6 3612.8619031026124 95]
	[RESULT 100] [1 7.169420861712503 0 4 7 3988.7891498925205 95]
	[RESULT 101] [1 5.020701928860169 1 3 0 3979.7202642586676 100]
	[RESULT 102] [1 5.011058981436495 0 2 21 3999.8707893506207 100]
	[RESULT 103] [1 6.666831977608563 0 3 15 3999.7847480896044 99]
	[RESULT 104] [1 5.007090009025962 1 4 4 3969.9002270096903 100]
	[RESULT 105] [1 5.299776021759225 1 3 5 3999.988003273424 100]
[OBJECTIVES]
	[RESULT 1] [ 0.02390123 -0.00158184  0.01548307  0.02017522  0.02079092  0.09096614
  0.          0.00905078  0.00548307  0.00096614  0.          0.02440123
 -0.0126157   0.01001693]
	[RESULT 2] [ 0.00790385 -0.01928194  0.01718578  0.0147306   0.02035903  0.09437156
  0.          0.00281422  0.00718578  0.00437156  0.          0.00990385
 -0.02191037  0.00481422]
	[RESULT 3] [ 0.00799352 -0.01885877  0.01685229  0.01402519  0.02032062  0.09370457
  0.          0.00314771  0.00685229  0.00370457  0.          0.00949352
 -0.02115419  0.00364771]
	[RESULT 4] [ 0.02320894 -0.00356741  0.01677635  0.021519    0.0220337   0.0935527
  0.          0.00322365  0.00677635  0.0035527   0.          0.02470894
 -0.00601471  0.00372365]
	[RESULT 5] [ 0.00440688 -0.02531269  0.01971957  0.0165328   0.01709366  0.09943914
  0.          0.00028043  0.00971957  0.00943914  0.          0.00690688
 -0.02481269  0.00471957]
	[RESULT 6] [ 4.84311477e-03 -2.50643809e-02  1.99074957e-02  1.70328010e-02
  1.72178095e-02  9.98149914e-02  0.00000000e+00  9.25042879e-05
  9.90749571e-03  9.81499142e-03  0.00000000e+00  7.34311477e-03
 -2.45643809e-02  4.90749571e-03]
	[RESULT 7] [ 0.01698895 -0.01118046  0.01816941  0.02074859  0.02440977  0.09633882
  0.          0.00183059  0.00816941  0.00633882  0.          0.01748895
 -0.01268046  0.00316941]
	[RESULT 8] [ 0.00467884 -0.0248221   0.01950094  0.01634083  0.01733895  0.09900189
  0.          0.00049906  0.00950094  0.00900189  0.          0.00767884
 -0.0238221   0.00450094]
	[RESULT 9] [ 0.00425549 -0.02549737  0.01975286  0.01650703  0.01700132  0.09950571
  0.          0.00024714  0.00975286  0.00950571  0.          0.00575549
 -0.02599737  0.00475286]
	[RESULT 10] [ 0.01810711 -0.01113473  0.01924185  0.02266632  0.02418263  0.09848369
  0.          0.00075815  0.00924185  0.00848369  0.          0.02110711
 -0.01013473  0.00424185]
	[RESULT 11] [ 0.0085235  -0.0169583   0.0154818   0.01223444  0.02127085  0.0909636
  0.          0.0045182   0.0054818   0.0009636   0.          0.0100235
 -0.02199471  0.0050182 ]
	[RESULT 12] [ 0.00456073 -0.0249604   0.01952113  0.01631207  0.0172698   0.09904227
  0.          0.00047887  0.00952113  0.00904227  0.          0.00606073
 -0.0254604   0.00452113]
	[RESULT 13] [ 2.40617908e-02 -5.87382871e-03  1.99356195e-02  2.30656753e-02
  2.29369144e-02  9.98712391e-02  0.00000000e+00  6.43804674e-05
  9.93561953e-03  9.87123907e-03  0.00000000e+00  2.60617908e-02
 -5.87382871e-03  4.93561953e-03]
	[RESULT 14] [ 2.49173606e-02 -5.07465556e-03  1.99920162e-02  2.28032954e-02
  2.27873278e-02  9.99840324e-02  0.00000000e+00  7.98381039e-06
  9.99201619e-03  9.98403238e-03  0.00000000e+00  2.64173606e-02
 -5.57465556e-03  4.99201619e-03]
	[RESULT 15] [ 2.40650721e-02 -5.87080531e-03  1.99358774e-02  2.33136479e-02
  2.31854027e-02  9.98717547e-02  0.00000000e+00  6.41226405e-05
  9.93587736e-03  9.87175472e-03  0.00000000e+00  2.70650721e-02
 -6.99905059e-03  7.06412264e-03]
	[RESULT 16] [ 0.00844837 -0.01861729  0.01706566  0.01482268  0.02069135  0.09413133
  0.          0.00293434  0.00706566  0.00413133  0.          0.00894837
 -0.02148596  0.00343434]
	[RESULT 17] [ 4.13428271e-03 -2.58578917e-02  1.99921744e-02  1.68054030e-02
  1.68210541e-02  9.99843489e-02  0.00000000e+00  7.82557229e-06
  9.99217443e-03  9.98434886e-03  0.00000000e+00  7.13428271e-03
 -2.48578917e-02  4.99217443e-03]
	[RESULT 18] [ 0.0079264  -0.01920431  0.01713071  0.01465927  0.02039784  0.09426143
  0.          0.00286929  0.00713071  0.00426143  0.          0.0089264
 -0.02194289  0.00386929]
	[RESULT 19] [ 0.00413084 -0.02575233  0.01988317  0.01664018  0.01687383  0.09976634
  0.          0.00011683  0.00988317  0.00976634  0.          0.00613084
 -0.02575233  0.00488317]
	[RESULT 20] [ 4.54005771e-03 -2.53646134e-02  1.99046711e-02  1.68770355e-02
  1.70676933e-02  9.98093423e-02  0.00000000e+00  9.53288747e-05
  9.90467113e-03  9.80934225e-03  0.00000000e+00  7.04005771e-03
 -2.48646134e-02  4.90467113e-03]
	[RESULT 21] [0.03475522 0.00935297 0.01589181 0.02378989 0.01557352 0.09178362
 0.         0.00932457 0.00589181 0.00178362 0.         0.03175522
 0.00013659 0.01110819]
	[RESULT 22] [0.01564201 0.02078549 0.01514348 0.01510578 0.00539275 0.09028697
 0.         0.00993045 0.00514348 0.00028697 0.         0.01514201
 0.00549853 0.01035652]
	[RESULT 23] [ 0.01574689 -0.01254553  0.01829241  0.02006206  0.02347724  0.09658483
  0.          0.00170759  0.00829241  0.00658483  0.          0.01874689
 -0.0119607   0.00370759]
	[RESULT 24] [ 0.0155029  -0.01247312  0.01797602  0.01946548  0.02351344  0.09595204
  0.          0.00202398  0.00797602  0.00595204  0.          0.0170029
 -0.01752108  0.00752398]
	[RESULT 25] [ 0.02123225 -0.0080197   0.01925195  0.02424405  0.02425985  0.0985039
  0.          0.00074805  0.00925195  0.0085039   0.          0.02373225
 -0.0075197   0.00425195]
	[RESULT 26] [ 0.02182281 -0.00608179  0.0179046   0.0227683   0.0230409   0.0958092
  0.          0.0020954   0.0079046   0.0058092   0.          0.02232281
 -0.01227259  0.0075954 ]
	[RESULT 27] [ 0.00417701 -0.02567113  0.01984814  0.01661071  0.01691444  0.09969628
  0.          0.00015186  0.00984814  0.00969628  0.          0.00667701
 -0.02517113  0.00484814]
	[RESULT 28] [ 0.00706482 -0.01991588  0.01698069  0.01375345  0.01979206  0.09396139
  0.          0.00301931  0.00698069  0.00396139  0.          0.00856482
 -0.02195449  0.00351931]
	[RESULT 29] [0.02020999 0.0201277  0.01966231 0.01061154 0.00993615 0.09932461
 0.         0.00033769 0.00966231 0.00932461 0.         0.01970999
 0.0043723  0.00466231]
	[RESULT 30] [ 0.02413133 -0.00502679  0.01915812  0.02444715  0.0227634   0.09831625
  0.          0.00084188  0.00915812  0.00831625  0.          0.02713133
 -0.00771055  0.00784188]
	[RESULT 31] [ 0.00684693 -0.02075088  0.0175978   0.01457017  0.01937456  0.09519561
  0.          0.0024022   0.0075978   0.00519561  0.          0.00934693
 -0.02155527  0.0039022 ]
	[RESULT 32] [ 0.00490786 -0.02466638  0.01957424  0.01656529  0.01741681  0.09914848
  0.          0.00042576  0.00957424  0.00914848  0.          0.00640786
 -0.02516638  0.00457424]
	[RESULT 33] [ 0.02353184 -0.00193749  0.01546933  0.01971992  0.02121874  0.09093866
  0.          0.00990799  0.00546933  0.00093866  0.          0.02603184
 -0.01199883  0.01103067]
	[RESULT 34] [ 0.02323387 -0.0018839   0.01511777  0.01929359  0.02094195  0.09023554
  0.          0.00514669  0.00511777  0.00023554  0.          0.02373387
 -0.00864837  0.00538223]
	[RESULT 35] [ 0.01251365 -0.01737902  0.01989267  0.02084583  0.02106049  0.09978534
  0.          0.00010733  0.00989267  0.00978534  0.          0.01551365
 -0.01637902  0.00489267]
	[RESULT 36] [ 2.72949447e-02 -2.70411888e-03  1.99990636e-02  2.16039322e-02
  2.16020594e-02  9.99981272e-02  0.00000000e+00  9.36376819e-07
  9.99906362e-03  9.99812725e-03  0.00000000e+00  2.97949447e-02
 -3.70599163e-03  6.50093638e-03]
	[RESULT 37] [ 0.00442728 -0.02514732  0.0195746   0.01632555  0.01717634  0.09914921
  0.          0.0004254   0.0095746   0.00914921  0.          0.00592728
 -0.02564732  0.0045746 ]
	[RESULT 38] [ 0.03056502  0.00448848  0.01607653  0.02414731  0.01800576  0.09215307
  0.          0.0087704   0.00607653  0.00215307  0.          0.03356502
 -0.00435845  0.01092347]
	[RESULT 39] [ 0.00421425 -0.02563329  0.01984754  0.01662843  0.01693335  0.09969508
  0.          0.00015246  0.00984754  0.00969508  0.          0.00671425
 -0.02513329  0.00484754]
	[RESULT 40] [ 0.02855103 -0.00133535  0.01988638  0.02114492  0.02091767  0.09977276
  0.          0.00011362  0.00988638  0.00977276  0.          0.03155103
 -0.00033535  0.00488638]
	[RESULT 41] [ 0.01707284 -0.01234611  0.01941895  0.02241485  0.02357695  0.09883791
  0.          0.00058105  0.00941895  0.00883791  0.          0.02007284
 -0.01134611  0.00441895]
	[RESULT 42] [ 0.01916586 -0.00924675  0.01841261  0.02195184  0.02487337  0.09682522
  0.          0.00158739  0.00841261  0.00682522  0.          0.02166586
 -0.00874675  0.00341261]
	[RESULT 43] [ 2.21889312e-02 -7.80571633e-03  1.99946475e-02  2.39135632e-02
  2.39028582e-02  9.99892950e-02  0.00000000e+00  5.35249899e-06
  9.99464750e-03  9.98929500e-03  0.00000000e+00  2.36889312e-02
 -8.30571633e-03  4.99464750e-03]
	[RESULT 44] [ 2.05711162e-02 -9.34196972e-03  1.99130859e-02  2.49051870e-02
  2.49209849e-02  9.98261719e-02  0.00000000e+00  8.69140663e-05
  9.91308593e-03  9.82617187e-03  0.00000000e+00  2.30711162e-02
 -8.84196972e-03  4.91308593e-03]
	[RESULT 45] [ 0.01796505 -0.01044733  0.01841239  0.02135111  0.02452633  0.09682477
  0.          0.00158761  0.00841239  0.00682477  0.          0.01946505
 -0.01094733  0.00341239]
	[RESULT 46] [ 0.00421145 -0.02565862  0.01987007  0.01666083  0.01692069  0.09974014
  0.          0.00012993  0.00987007  0.00974014  0.          0.00571145
 -0.02615862  0.00487007]
	[RESULT 47] [ 0.00671799 -0.02063025  0.01734824  0.01413136  0.01943487  0.09469649
  0.          0.00265176  0.00734824  0.00469649  0.          0.00921799
 -0.02193377  0.00415176]
	[RESULT 48] [ 2.58081847e-02 -4.19156350e-03  1.99997482e-02  2.23462854e-02
  2.23457817e-02  9.99994963e-02  0.00000000e+00  2.51838699e-07
  9.99974816e-03  9.99949632e-03  0.00000000e+00  2.88081847e-02
 -3.19156350e-03  4.99974816e-03]
	[RESULT 49] [ 1.90848496e-02 -1.08696012e-02  1.99544508e-02  2.42241011e-02
  2.43151994e-02  9.99089017e-02  0.00000000e+00  4.55491718e-05
  9.95445083e-03  9.90890166e-03  0.00000000e+00  2.20848496e-02
 -1.19606995e-02  7.04554917e-03]
	[RESULT 50] [ 0.03114844  0.0058722   0.01527623  0.02348857  0.0170639   0.09055247
  0.          0.00472377  0.00527623  0.00055247  0.          0.03164844
 -0.00057533  0.00522377]
	[RESULT 51] [ 0.00901202 -0.02042559  0.01943762  0.01841244  0.0195372   0.09887523
  0.          0.00056238  0.00943762  0.00887523  0.          0.01051202
 -0.02092559  0.00443762]
	[RESULT 52] [ 0.02360025 -0.00561864  0.01921889  0.02462153  0.02305932  0.09843779
  0.          0.00078111  0.00921889  0.00843779  0.          0.02610025
 -0.00511864  0.00421889]
	[RESULT 53] [ 2.67027227e-02 -3.24003784e-03  1.99427605e-02  2.19844979e-02
  2.18700189e-02  9.98855210e-02  0.00000000e+00  5.72394760e-05
  9.94276052e-03  9.88552105e-03  0.00000000e+00  2.97027227e-02
 -2.24003784e-03  4.94276052e-03]
	[RESULT 54] [ 0.00424879 -0.02550407  0.01975286  0.01650368  0.01699797  0.09950571
  0.          0.00024714  0.00975286  0.00950571  0.          0.00624879
 -0.02550407  0.00475286]
	[RESULT 55] [ 2.80456579e-02 -9.92623389e-04  1.90382813e-02  2.26697491e-02
  2.07463117e-02  9.80765626e-02  0.00000000e+00  9.61718693e-04
  9.03828131e-03  8.07656261e-03  0.00000000e+00  3.10456579e-02
  7.37661061e-06  4.03828131e-03]
	[RESULT 56] [ 0.03047022  0.00238345  0.01808677  0.02263474  0.01880827  0.09617354
  0.          0.00191323  0.00808677  0.00617354  0.          0.03097022
 -0.00344301  0.00741323]
	[RESULT 57] [ 0.0253275  -0.00412636  0.01945386  0.02340546  0.02231318  0.09890772
  0.          0.00054614  0.00945386  0.00890772  0.          0.0283275
 -0.00312636  0.00445386]
	[RESULT 58] [ 0.02725392  0.00096445  0.01628946  0.02306115  0.01951777  0.09257892
  0.          0.00663162  0.00628946  0.00257892  0.          0.02775392
 -0.00845662  0.00921054]
	[RESULT 59] [ 0.00763669 -0.01876726  0.01640395  0.01317426  0.02036637  0.09280789
  0.          0.00359605  0.00640395  0.00280789  0.          0.01063669
 -0.02195937  0.00559605]
	[RESULT 60] [ 2.38283857e-02 -6.17134296e-03  1.99997287e-02  2.33362142e-02
  2.33356715e-02  9.99994573e-02  0.00000000e+00  2.71336132e-07
  9.99972866e-03  9.99945733e-03  0.00000000e+00  2.58283857e-02
 -6.17134296e-03  4.99972866e-03]
	[RESULT 61] [ 0.02981196  0.00302273  0.01678923  0.02491017  0.01848863  0.09357846
  0.          0.00321077  0.00678923  0.00357846  0.          0.03181196
 -0.00039881  0.00521077]
	[RESULT 62] [ 0.0051878  -0.02462495  0.01981275  0.01731303  0.01768753  0.0996255
  0.          0.00018725  0.00981275  0.0096255   0.          0.0061878
 -0.02562495  0.00481275]
	[RESULT 63] [ 0.00712709 -0.01975984  0.01688693  0.01364393  0.01987008  0.09377385
  0.          0.00311307  0.00688693  0.00377385  0.          0.01012709
 -0.02198599  0.00511307]
	[RESULT 64] [ 0.02709097 -0.001626    0.01871697  0.02362907  0.021063    0.09743393
  0.          0.00128303  0.00871697  0.00743393  0.          0.03009097
 -0.000626    0.00371697]
	[RESULT 65] [ 0.0062404  -0.02152062  0.01776102  0.01451174  0.01898969  0.09552205
  0.          0.00223898  0.00776102  0.00552205  0.          0.0092404
 -0.02199857  0.00423898]
	[RESULT 66] [ 3.18334551e-02  1.87895033e-03  1.99545047e-02  1.91515154e-02
  1.90605248e-02  9.99090095e-02  0.00000000e+00  4.54952637e-05
  9.95450474e-03  9.90900947e-03  0.00000000e+00  3.23334551e-02
 -2.12040198e-04  5.54549526e-03]
	[RESULT 67] [ 0.0194568  -0.00971536  0.01917216  0.02323665  0.02489232  0.09834432
  0.          0.00082784  0.00917216  0.00834432  0.          0.0219568
 -0.00921536  0.00417216]
	[RESULT 68] [ 4.56654249e-03 -2.53656570e-02  1.99321995e-02  1.69315705e-02
  1.70671715e-02  9.98643990e-02  0.00000000e+00  6.78005038e-05
  9.93219950e-03  9.86439899e-03  0.00000000e+00  7.56654249e-03
 -2.43656570e-02  4.93219950e-03]
	[RESULT 69] [0.0163967  0.02221119 0.01581449 0.01447662 0.0061056  0.09162898
 0.         0.00418551 0.00581449 0.00162898 0.         0.0158967
 0.00058221 0.00468551]
	[RESULT 70] [ 0.01172601 -0.01525767  0.01698369  0.01608854  0.02212116  0.09396738
  0.          0.00301631  0.00698369  0.00396738  0.          0.01372601
 -0.0172903   0.00401631]
	[RESULT 71] [ 0.02475395 -0.00341654  0.01817049  0.02463271  0.02170827  0.09634098
  0.          0.00182951  0.00817049  0.00634098  0.          0.02525395
 -0.00907555  0.00732951]
	[RESULT 72] [ 2.77027227e-02 -2.24003784e-03  1.99427605e-02  2.12344979e-02
  2.11200189e-02  9.98855210e-02  0.00000000e+00  5.72394760e-05
  9.94276052e-03  9.88552105e-03  0.00000000e+00  2.82027227e-02
 -3.74003784e-03  4.94276052e-03]
	[RESULT 73] [ 0.02489144 -0.00021907  0.01511051  0.01986149  0.02035953  0.09022103
  0.          0.00516846  0.00511051  0.00022103  0.          0.02639144
 -0.00599804  0.00538949]
	[RESULT 74] [ 0.00475225 -0.02474401  0.01949626  0.01637052  0.017378    0.09899252
  0.          0.00050374  0.00949626  0.00899252  0.          0.00725225
 -0.02424401  0.00449626]
	[RESULT 75] [ 0.01909782 -0.00872881  0.01782663  0.02103885  0.02461441  0.09565326
  0.          0.00217337  0.00782663  0.00565326  0.          0.02059782
 -0.00922881  0.00282663]
	[RESULT 76] [ 2.49759090e-02 -4.95755889e-03  1.99334679e-02  2.28618437e-02
  2.27287794e-02  9.98669357e-02  0.00000000e+00  6.65321430e-05
  9.93346786e-03  9.86693571e-03  0.00000000e+00  2.64759090e-02
 -5.45755889e-03  4.93346786e-03]
	[RESULT 77] [ 0.02695253 -0.00221963  0.01917216  0.02301549  0.02135982  0.09834432
  0.          0.00082784  0.00917216  0.00834432  0.          0.02995253
 -0.00121963  0.00417216]
	[RESULT 78] [ 0.01349397 -0.01483225  0.01832622  0.01898631  0.02233388  0.09665244
  0.          0.00167378  0.00832622  0.00665244  0.          0.01499397
 -0.01533225  0.00332622]
	[RESULT 79] [ 0.02540541 -0.00136882  0.01677423  0.02286406  0.02068441  0.09354847
  0.          0.00322577  0.00677423  0.00354847  0.          0.02740541
 -0.00482035  0.00522577]
	[RESULT 80] [ 0.02186408 -0.00802119  0.01988527  0.02449006  0.0242606   0.09977053
  0.          0.00011473  0.00988527  0.00977053  0.          0.02436408
 -0.00925066  0.00661473]
	[RESULT 81] [ 2.33783644e-02 -6.62142970e-03  1.99997941e-02  2.33111266e-02
  2.33107149e-02  9.99995882e-02  0.00000000e+00  2.05890842e-07
  9.99979411e-03  9.99958822e-03  0.00000000e+00  2.48783644e-02
 -7.12142970e-03  4.99979411e-03]
	[RESULT 82] [ 0.0223509  -0.002758    0.01510889  0.01858879  0.021629    0.09021779
  0.          0.00617332  0.00510889  0.00021779  0.          0.0248509
 -0.00854021  0.00639111]
	[RESULT 83] [ 0.00636815 -0.02126952  0.01763767  0.01439058  0.01911524  0.09527534
  0.          0.00236233  0.00763767  0.00527534  0.          0.00786815
 -0.02199418  0.00286233]
	[RESULT 84] [ 2.10551520e-02 -8.93714553e-03  1.99922976e-02  2.47339777e-02
  2.47185728e-02  9.99845951e-02  0.00000000e+00  7.70244777e-06
  9.99229755e-03  9.98459510e-03  0.00000000e+00  2.35551520e-02
 -9.95255042e-03  6.50770245e-03]
	[RESULT 85] [ 0.01680039 -0.00885158  0.01565196  0.01662814  0.02467579  0.09130393
  0.          0.00434804  0.00565196  0.00130393  0.          0.01880039
 -0.01354765  0.00534804]
	[RESULT 86] [ 4.15356490e-03 -2.58386095e-02  1.99921744e-02  1.68150441e-02
  1.68306952e-02  9.99843489e-02  0.00000000e+00  7.82557229e-06
  9.99217443e-03  9.98434886e-03  0.00000000e+00  5.65356490e-03
 -2.63386095e-02  4.99217443e-03]
	[RESULT 87] [ 0.01385924 -0.01507494  0.01893419  0.0200809   0.02221253  0.09786838
  0.          0.00106581  0.00893419  0.00786838  0.          0.01685924
 -0.01820657  0.00806581]
	[RESULT 88] [ 0.01279758 -0.01496375  0.01776133  0.01779078  0.02226813  0.09552266
  0.          0.00223867  0.00776133  0.00552266  0.          0.01429758
 -0.02044109  0.00773867]
	[RESULT 89] [0.01170984 0.01784812 0.01613828 0.0116475  0.00392406 0.09227657
 0.         0.00708515 0.00613828 0.00227657 0.         0.01120984
 0.00057156 0.00936172]
	[RESULT 90] [ 2.60543557e-02 -3.93557862e-03  1.99899343e-02  2.22379207e-02
  2.22177893e-02  9.99798686e-02  0.00000000e+00  1.00657129e-05
  9.98993429e-03  9.97986857e-03  0.00000000e+00  2.85543557e-02
 -4.95571005e-03  6.51006571e-03]
	[RESULT 91] [ 0.01549498 -0.01389746  0.01939244  0.02158615  0.02280127  0.09878488
  0.          0.00060756  0.00939244  0.00878488  0.          0.01849498
 -0.01289746  0.00439244]
	[RESULT 92] [0.02437294 0.02049953 0.01512753 0.01974517 0.01000024 0.09025507
 0.         0.0061174  0.00512753 0.00025507 0.         0.02187294
 0.0082454  0.00637247]
	[RESULT 93] [ 0.02676339  0.00079534  0.01596804  0.02208376  0.01985233  0.09193609
  0.          0.00859587  0.00596804  0.00193609  0.          0.02926339
 -0.00826857  0.01053196]
	[RESULT 94] [ 0.01388791 -0.01404438  0.01793228  0.01859238  0.02272781  0.09586457
  0.          0.00206772  0.00793228  0.00586457  0.          0.01638791
 -0.01417981  0.00356772]
	[RESULT 95] [3.17796562e-02 1.77990804e-03 1.99997482e-02 1.93605497e-02
 1.93600460e-02 9.99994963e-02 0.00000000e+00 2.51838699e-07
 9.99974816e-03 9.99949632e-03 0.00000000e+00 3.47796562e-02
 7.79404365e-04 7.00025184e-03]
	[RESULT 96] [ 0.00459197 -0.02514571  0.01973767  0.0166525   0.01717715  0.09947535
  0.          0.00026233  0.00973767  0.00947535  0.          0.00709197
 -0.02464571  0.00473767]
	[RESULT 97] [0.01381777 0.02205356 0.01823579 0.0095552  0.00602678 0.09647158
 0.         0.00176421 0.00823579 0.00647158 0.         0.01331777
 0.00058198 0.00726421]
	[RESULT 98] [ 0.00729933 -0.02243616  0.01973549  0.0180029   0.01853192  0.09947098
  0.          0.00026451  0.00973549  0.00947098  0.          0.00879933
 -0.02293616  0.00473549]
	[RESULT 99] [0.02526877 0.01531228 0.01941895 0.01375595 0.01259386 0.09883791
 0.         0.00058105 0.00941895 0.00883791 0.         0.02226877
 0.00668772 0.00441895]
	[RESULT 100] [0.03182907 0.0052515  0.01657758 0.0244691  0.01762425 0.09315515
 0.         0.00342242 0.00657758 0.00315515 0.         0.03482907
 0.00240665 0.00542242]
	[RESULT 101] [ 0.02029833 -0.00960026  0.01989859  0.02474705  0.02494987  0.09979718
  0.          0.00010141  0.00989859  0.00979718  0.          0.02279833
 -0.01080308  0.00660141]
	[RESULT 102] [ 4.18323636e-03 -2.57620736e-02  1.99453099e-02  1.67595830e-02
  1.68689632e-02  9.98906198e-02  0.00000000e+00  5.46900905e-05
  9.94530991e-03  9.89061982e-03  0.00000000e+00  6.18323636e-03
 -2.57620736e-02  4.94530991e-03]
	[RESULT 103] [ 0.01733853 -0.00953635  0.01687488  0.01873159  0.02498182  0.09374977
  0.          0.00312512  0.00687488  0.00374977  0.          0.01983853
 -0.01178659  0.00462512]
	[RESULT 104] [ 2.26921410e-02 -7.27265849e-03  1.99647995e-02  2.39567302e-02
  2.38863292e-02  9.99295991e-02  0.00000000e+00  3.52004735e-05
  9.96479953e-03  9.92959905e-03  0.00000000e+00  2.56921410e-02
 -8.34305944e-03  7.03520047e-03]
	[RESULT 105] [ 0.01016517 -0.01868164  0.01884682  0.01810281  0.02040918  0.09769363
  0.          0.00115318  0.00884682  0.00769363  0.          0.01266517
 -0.02198801  0.00765318]
