[METRICS]
	[DISEQUILIBRIUM COUNT] 0
	[MINIMUM S0 sTrt S1 DISTANCE]0.010515308399463241
	[MINIMUM S0 sTrt S21 DISTANCE]0.00935113676764697
	[MINIMUM S0 sTrt S22 DISTANCE]0.015108695781928638
	[MINIMUM S7 sTrt S6 DISTANCE]0.007704399987347121
	[MINIMUM S7 sTrt S8 DISTANCE]0.0028120026107916196
	[MINIMUM S7 sTrt S21 DISTANCE]0.09021739156385726
	[MINIMUM S7 esTrt S22 DISTANCE]0.0
	[MINIMUM S14 sTrt S13 DISTANCE]1.0316291917944476e-06
	[MINIMUM S14 sTrt S15 DISTANCE]0.005108695781928629
	[MINIMUM S14 sTrt S21 DISTANCE]0.0002173915638572499
	[MINIMUM S14 sTrt S22 DISTANCE]0.0
	[MINIMUM S20 sTrt S19 DISTANCE]0.008581224289939016
	[MINIMUM S20 sTrt S21 DISTANCE]0.00040661157024794725
	[MINIMUM S20 sTrt S22 DISTANCE]0.003678546763829199
	[AVERAGE S0 sTrt S1 DISTANCE]0.011648187414511214
	[AVERAGE S0 sTrt S21 DISTANCE]0.017690001066823138
	[AVERAGE S0 sTrt S22 DISTANCE]0.01606930306208014
	[AVERAGE S7 sTrt S6 DISTANCE]0.01172579501635523
	[AVERAGE S7 sTrt S8 DISTANCE]0.0038644011405154113
	[AVERAGE S7 sTrt S21 DISTANCE]0.09213860612416011
	[AVERAGE S7 sTrt S22 DISTANCE]0.0
	[AVERAGE S14 sTrt S13 DISTANCE]0.007220203043730431
	[AVERAGE S14 sTrt S15 DISTANCE]0.006069303062080098
	[AVERAGE S14 sTrt S21 DISTANCE]0.002138606124160172
	[AVERAGE S14 sTrt S22 DISTANCE]0.0
	[AVERAGE S20 sTrt S19 DISTANCE]0.011041992216149652
	[AVERAGE S20 sTrt S21 DISTANCE]0.00047151350902333136
	[AVERAGE S20 sTrt S22 DISTANCE]0.009436579290861108
[VARIABLES]
	[RESULT 1] [0 49.98869678903576 1 3 24 1000.0033846080661 1]
	[RESULT 2] [0 8.70206507201294 1 1 24 1002.1867272468623 1]
	[RESULT 3] [0 8.488551776035125 1 1 23 1000.0000044657231 1]
	[RESULT 4] [0 8.486147337420265 1 1 22 1000.0782094597282 1]
	[RESULT 5] [0 8.607222847931972 1 1 24 1000.0014803752088 1]
	[RESULT 6] [0 8.620905073856918 1 1 24 1000.0000046356832 1]
	[RESULT 7] [0 8.49393847227249 1 1 21 1000.0001311967515 1]
	[RESULT 8] [0 8.591323158072395 1 1 24 1000.0000047469349 1]
	[RESULT 9] [0 8.707934186839132 1 1 21 1000.0000001884349 1]
	[RESULT 10] [0 8.315630168211797 1 1 22 1000.3111841690562 1]
	[RESULT 11] [0 8.833068217780164 1 1 22 1000.0000000901949 1]
	[RESULT 12] [0 8.274136067422669 1 1 23 1000.0339292535938 1]
	[RESULT 13] [0 8.7037038537475 1 1 24 1000.0000000460561 1]
	[RESULT 14] [0 8.554078590606172 1 1 24 1000.0000815656607 1]
	[RESULT 15] [0 8.707934186839132 1 1 21 1000.0000001884349 1]
	[RESULT 16] [0 8.703872924713638 1 1 24 1000.0000001898977 1]
	[RESULT 17] [0 8.75680833937532 1 1 23 1000.0000039562972 1]
	[RESULT 18] [0 9.649128736005384 1 1 24 1000.0000239867711 1]
	[RESULT 19] [0 9.715987913163357 1 1 24 1000.0000002215719 1]
	[RESULT 20] [0 9.658461553993128 1 1 24 1000.0000057397408 1]
	[RESULT 21] [0 8.95228865868284 1 1 24 1000.0000054597103 1]
	[RESULT 22] [0 49.97436385219249 1 1 24 1000.0852637584229 1]
	[RESULT 23] [0 8.622597142113325 1 1 24 1000.0000046356832 1]
	[RESULT 24] [0 8.488551776035125 1 1 23 1000.0000044657231 1]
	[RESULT 25] [0 8.591323158072395 1 1 24 1000.0000047469349 1]
	[RESULT 26] [0 9.668213123985446 1 1 24 1000.0000057520061 1]
	[RESULT 27] [0 8.19968038577944 1 1 23 1000.000007301799 1]
	[RESULT 28] [0 8.315288673792892 1 1 22 1000.0002913609052 1]
	[RESULT 29] [0 8.383838450477494 1 1 20 1000.0067707368344 1]
	[RESULT 30] [0 8.703872924713638 1 1 24 1000.0000001898977 1]
	[RESULT 31] [0 8.942743977658658 1 1 24 1000.0004355922458 1]
	[RESULT 32] [0 8.722219379262548 1 1 22 1000.0002939045895 1]
	[RESULT 33] [0 8.530607218673147 1 1 21 1000.016998851631 1]
	[RESULT 34] [0 8.707934186839132 1 1 21 1000.0000001884349 1]
	[RESULT 35] [0 8.7037038537475 1 1 24 1000.0000000460561 1]
	[RESULT 36] [0 8.77975792996097 1 1 24 1000.0000020628136 1]
	[RESULT 37] [0 9.35613802273864 1 1 24 1000.0000020243837 1]
	[RESULT 38] [0 8.760163682282467 1 1 23 1000.0000543830026 1]
	[RESULT 39] [0 49.98869678903576 1 3 24 1000.0033846080661 1]
	[RESULT 40] [0 8.497953624243275 1 1 24 1000.0000150611637 1]
	[RESULT 41] [0 8.497632870046292 1 1 24 1000.000000537399 1]
	[RESULT 42] [0 8.324499501123409 1 1 24 1000.0000529977109 1]
	[RESULT 43] [0 8.489964867269425 1 1 24 1000.0000523813612 1]
	[RESULT 44] [0 49.60054319876707 1 1 24 1000.0849296744423 1]
	[RESULT 45] [0 8.497632870046292 1 1 24 1000.000000537399 1]
	[RESULT 46] [0 8.329709100773956 1 1 23 1000.0000150166502 1]
	[RESULT 47] [0 8.489964867269425 1 1 24 1000.0000523813612 1]
	[RESULT 48] [0 8.698616211858903 1 1 24 1000.0001617673747 1]
	[RESULT 49] [0 8.54543713362656 1 1 24 1000.0000001702764 1]
	[RESULT 50] [0 8.707934186839132 1 1 21 1000.0000001884349 1]
	[RESULT 51] [0 8.79188439128274 1 1 24 1000.0000426672738 1]
	[RESULT 52] [0 8.489964867269425 1 1 24 1000.0000523813612 1]
	[RESULT 53] [0 8.7577418793166 1 1 22 1000.0000987518677 1]
	[RESULT 54] [0 7.798438181630956 1 1 24 1000.0445863884894 1]
	[RESULT 55] [0 7.860318528122187 1 1 21 1000.0000017342447 1]
	[RESULT 56] [0 7.122746815970437 1 1 24 1000.0026735482014 1]
	[RESULT 57] [0 7.860318528122187 1 1 21 1000.0000017342447 1]
	[RESULT 58] [0 6.738886042717592 1 1 22 1000.2168316654991 1]
	[RESULT 59] [0 7.341476909194005 1 1 24 1000.0000017342447 1]
	[RESULT 60] [0 9.702417291692083 1 1 24 1000.0214824276876 1]
	[RESULT 61] [0 7.860318528122187 1 1 21 1000.0000017342447 1]
	[RESULT 62] [0 6.70404653739958 1 1 23 1000.0287164869803 1]
	[RESULT 63] [0 7.341476909194005 1 1 24 1000.0000017342447 1]
	[RESULT 64] [0 7.905443144346554 1 1 22 1000.0031616478888 1]
	[RESULT 65] [0 7.392052828089589 1 1 24 1000.6309151854541 1]
	[RESULT 66] [0 7.04832203973216 1 1 24 1000.0801646827216 1]
	[RESULT 67] [0 8.707945822654779 1 1 24 1000.0000082410296 1]
	[RESULT 68] [0 8.525754218061357 1 1 23 1000.0410560687768 1]
	[RESULT 69] [0 8.707934186839132 1 1 21 1000.0000001884349 1]
	[RESULT 70] [0 8.810051869827463 1 1 22 1000.0000462889815 1]
	[RESULT 71] [0 8.810051869827463 1 1 22 1000.0000462889815 1]
	[RESULT 72] [0 8.489964867269425 1 1 24 1000.0000523813612 1]
	[RESULT 73] [0 8.764758926377791 1 1 22 1000.0000458109965 1]
	[RESULT 74] [0 7.341476909194005 1 1 24 1000.0000017342447 1]
	[RESULT 75] [0 8.764758926377791 1 1 22 1000.0000458109965 1]
[OBJECTIVES]
	[RESULT 1] [0.01051533 0.01562406 0.01510872 0.01259458 0.00281203 0.09021744
 0.         0.00882617 0.00510872 0.00021744 0.         0.00901533
 0.00040661 0.01139128]
	[RESULT 2] [0.01147012 0.01753349 0.01606336 0.01164002 0.00376674 0.09212673
 0.         0.00730991 0.00606336 0.00212673 0.         0.01097012
 0.00040676 0.00943664]
	[RESULT 3] [0.01152056 0.0176345  0.01611395 0.01158936 0.00381725 0.09222789
 0.         0.00715816 0.00611395 0.00222789 0.         0.01102056
 0.00040661 0.00938605]
	[RESULT 4] [0.01152116 0.0176357  0.01611454 0.01158877 0.00381785 0.09222908
 0.         0.00715637 0.00611454 0.00222908 0.         0.01102116
 0.00040662 0.00938546]
	[RESULT 5] [0.01149186 0.01757712 0.01608525 0.01161805 0.00378856 0.0921705
 0.         0.00724424 0.00608525 0.0021705  0.         0.01099186
 0.00040661 0.00941475]
	[RESULT 6] [0.01148865 0.01757069 0.01608204 0.01162127 0.00378534 0.09216408
 0.         0.00725388 0.00608204 0.00216408 0.         0.01098865
 0.00040661 0.00941796]
	[RESULT 7] [0.01151922 0.01763183 0.01611261 0.0115907  0.00381592 0.09222522
 0.         0.00716217 0.00611261 0.00222522 0.         0.01101922
 0.00040661 0.00938739]
	[RESULT 8] [0.01149562 0.01758463 0.01608901 0.0116143  0.00379232 0.09217802
 0.         0.00723297 0.00608901 0.00217802 0.         0.01099562
 0.00040661 0.00941099]
	[RESULT 9] [0.01146865 0.01753069 0.01606204 0.01164127 0.00376534 0.09212407
 0.         0.00731389 0.00606204 0.00212407 0.         0.01096865
 0.00040661 0.00943796]
	[RESULT 10] [0.01156521 0.01772379 0.01615858 0.01154474 0.0038619  0.09231716
 0.         0.00702426 0.00615858 0.00231716 0.         0.01106521
 0.00040663 0.00934142]
	[RESULT 11] [0.01144115 0.01747569 0.01603454 0.01166877 0.00373785 0.09206908
 0.         0.00739638 0.00603454 0.00206908 0.         0.01094115
 0.00040661 0.00946546]
	[RESULT 12] [0.01157644 0.01774627 0.01616983 0.01153348 0.00387313 0.09233965
 0.         0.00699052 0.00616983 0.00233965 0.         0.01107644
 0.00040661 0.00933017]
	[RESULT 13] [0.0114696  0.0175326  0.01606299 0.01164031 0.0037663  0.09212598
 0.         0.00731102 0.00606299 0.00212598 0.         0.0109696
 0.00040661 0.00943701]
	[RESULT 14] [0.01150453 0.01760245 0.01609792 0.01160539 0.00380122 0.09219583
 0.         0.00720625 0.00609792 0.00219583 0.         0.01100453
 0.00040661 0.00940208]
	[RESULT 15] [0.01146865 0.01753069 0.01606204 0.01164127 0.00376534 0.09212407
 0.         0.00731389 0.00606204 0.00212407 0.         0.01096865
 0.00040661 0.00943796]
	[RESULT 16] [0.01146957 0.01753252 0.01606295 0.01164035 0.00376626 0.09212591
 0.         0.00731114 0.00606295 0.00212591 0.         0.01096957
 0.00040661 0.00943705]
	[RESULT 17] [0.01145774 0.01750886 0.01605112 0.01165218 0.00375443 0.09210225
 0.         0.00734663 0.00605112 0.00210225 0.         0.01095774
 0.00040661 0.00944888]
	[RESULT 18] [0.0112917  0.0171768  0.01588509 0.01181821 0.0035884  0.09177018
 0.         0.00784472 0.00588509 0.00177018 0.         0.0107917
 0.00040661 0.00961491]
	[RESULT 19] [0.01128135 0.01715609 0.01587474 0.01182857 0.00357805 0.09174948
 0.         0.00787578 0.00587474 0.00174948 0.         0.01078135
 0.00040661 0.00962526]
	[RESULT 20] [0.01129024 0.01717388 0.01588363 0.01181967 0.00358694 0.09176726
 0.         0.0078491  0.00588363 0.00176726 0.         0.01079024
 0.00040661 0.00961637]
	[RESULT 21] [0.01141625 0.01742588 0.01600963 0.01169367 0.00371294 0.09201927
 0.         0.0074711  0.00600963 0.00201927 0.         0.01091625
 0.00040661 0.00949037]
	[RESULT 22] [0.01051537 0.01562413 0.01510876 0.01259455 0.00281206 0.09021751
 0.         0.00982627 0.00510876 0.00021751 0.         0.01001537
 0.00040662 0.01039124]
	[RESULT 23] [0.01148825 0.0175699  0.01608164 0.01162166 0.00378495 0.09216329
 0.         0.00725507 0.00608164 0.00216329 0.         0.01098825
 0.00040661 0.00941836]
	[RESULT 24] [0.01152056 0.0176345  0.01611395 0.01158936 0.00381725 0.09222789
 0.         0.00715816 0.00611395 0.00222789 0.         0.01102056
 0.00040661 0.00938605]
	[RESULT 25] [0.01149562 0.01758463 0.01608901 0.0116143  0.00379232 0.09217802
 0.         0.00723297 0.00608901 0.00217802 0.         0.01099562
 0.00040661 0.00941099]
	[RESULT 26] [0.01128872 0.01717084 0.01588211 0.01182119 0.00358542 0.09176422
 0.         0.00785366 0.00588211 0.00176422 0.         0.01078872
 0.00040661 0.00961789]
	[RESULT 27] [0.01159718 0.01778775 0.01619057 0.01151274 0.00389387 0.09238113
 0.         0.0069283  0.00619057 0.00238113 0.         0.01109718
 0.00040661 0.00930943]
	[RESULT 28] [0.01156528 0.01772395 0.01615867 0.01154463 0.00386198 0.09231734
 0.         0.00702399 0.00615867 0.00231734 0.         0.01106528
 0.00040661 0.00934133]
	[RESULT 29] [0.01154717 0.01768772 0.01614055 0.01156275 0.00384386 0.09228111
 0.         0.00707834 0.00614055 0.00228111 0.         0.01104717
 0.00040661 0.00935945]
	[RESULT 30] [0.01146957 0.01753252 0.01606295 0.01164035 0.00376626 0.09212591
 0.         0.00731114 0.00606295 0.00212591 0.         0.01096957
 0.00040661 0.00943705]
	[RESULT 31] [0.0114182  0.01742978 0.01601158 0.01169172 0.00371489 0.09202317
 0.         0.00746525 0.00601158 0.00202317 0.         0.0109182
 0.00040661 0.00948842]
	[RESULT 32] [0.01146544 0.01752426 0.01605882 0.01164448 0.00376213 0.09211765
 0.         0.00732353 0.00605882 0.00211765 0.         0.01096544
 0.00040661 0.00944118]
	[RESULT 33] [0.01151022 0.01761382 0.0161036  0.0115997  0.00380691 0.09220721
 0.         0.00718919 0.0061036  0.00220721 0.         0.01101022
 0.00040661 0.0093964 ]
	[RESULT 34] [0.01146865 0.01753069 0.01606204 0.01164127 0.00376534 0.09212407
 0.         0.00731389 0.00606204 0.00212407 0.         0.01096865
 0.00040661 0.00943796]
	[RESULT 35] [0.0114696  0.0175326  0.01606299 0.01164031 0.0037663  0.09212598
 0.         0.00731102 0.00606299 0.00212598 0.         0.0109696
 0.00040661 0.00943701]
	[RESULT 36] [0.01145269 0.01749877 0.01604608 0.01165723 0.00374938 0.09209216
 0.         0.00736177 0.00604608 0.00209216 0.         0.01095269
 0.00040661 0.00945392]
	[RESULT 37] [0.01134012 0.01727363 0.01593351 0.0117698  0.00363681 0.09186702
 0.         0.00769947 0.00593351 0.00186702 0.         0.01084012
 0.00040661 0.00956649]
	[RESULT 38] [0.011457   0.01750738 0.01605038 0.01165292 0.00375369 0.09210077
 0.         0.00734885 0.00605038 0.00210077 0.         0.010957
 0.00040661 0.00944962]
	[RESULT 39] [0.01051533 0.01562406 0.01510872 0.01259458 0.00281203 0.09021744
 0.         0.00882617 0.00510872 0.00021744 0.         0.00901533
 0.00040661 0.01139128]
	[RESULT 40] [0.01151823 0.01762984 0.01611162 0.01159169 0.00381492 0.09222323
 0.         0.00716515 0.00611162 0.00222323 0.         0.01101823
 0.00040661 0.00938838]
	[RESULT 41] [0.01151831 0.01763    0.0161117  0.01159161 0.003815   0.09222339
 0.         0.00716491 0.0061117  0.00222339 0.         0.01101831
 0.00040661 0.0093883 ]
	[RESULT 42] [0.01156281 0.01771902 0.0161562  0.0115471  0.00385951 0.09231241
 0.         0.00703139 0.0061562  0.00231241 0.         0.01106281
 0.00040661 0.0093438 ]
	[RESULT 43] [0.01152021 0.0176338  0.01611359 0.01158971 0.0038169  0.09222719
 0.         0.00715922 0.00611359 0.00222719 0.         0.01102021
 0.00040661 0.00938641]
	[RESULT 44] [0.01051627 0.01562591 0.01510965 0.01259366 0.00281296 0.0902193
 0.         0.00982894 0.00510965 0.0002193  0.         0.01001627
 0.00040662 0.01039035]
	[RESULT 45] [0.01151831 0.01763    0.0161117  0.01159161 0.003815   0.09222339
 0.         0.00716491 0.0061117  0.00222339 0.         0.01101831
 0.00040661 0.0093883 ]
	[RESULT 46] [0.01156142 0.01771624 0.01615481 0.01154849 0.00385812 0.09230962
 0.         0.00703556 0.00615481 0.00230962 0.         0.01106142
 0.00040661 0.00934519]
	[RESULT 47] [0.01152021 0.0176338  0.01611359 0.01158971 0.0038169  0.09222719
 0.         0.00715922 0.00611359 0.00222719 0.         0.01102021
 0.00040661 0.00938641]
	[RESULT 48] [0.01147075 0.0175349  0.01606414 0.01163916 0.00376745 0.09212829
 0.         0.00730757 0.00606414 0.00212829 0.         0.01097075
 0.00040661 0.00943586]
	[RESULT 49] [0.01150662 0.01760662 0.0161     0.0116033  0.00380331 0.09220001
 0.         0.00719999 0.0061     0.00220001 0.         0.01100662
 0.00040661 0.0094    ]
	[RESULT 50] [0.01146865 0.01753069 0.01606204 0.01164127 0.00376534 0.09212407
 0.         0.00731389 0.00606204 0.00212407 0.         0.01096865
 0.00040661 0.00943796]
	[RESULT 51] [0.01145004 0.01749347 0.01604343 0.01165987 0.00374674 0.09208686
 0.         0.00736971 0.00604343 0.00208686 0.         0.01095004
 0.00040661 0.00945657]
	[RESULT 52] [0.01152021 0.0176338  0.01611359 0.01158971 0.0038169  0.09222719
 0.         0.00715922 0.00611359 0.00222719 0.         0.01102021
 0.00040661 0.00938641]
	[RESULT 53] [0.01145753 0.01750845 0.01605092 0.01165239 0.00375422 0.09210184
 0.         0.00734724 0.00605092 0.00210184 0.         0.01095753
 0.00040661 0.00944908]
	[RESULT 54] [0.01172295 0.01803928 0.01631633 0.01138698 0.00401964 0.09263266
 0.         0.00655101 0.00631633 0.00263266 0.         0.01122295
 0.00040661 0.00918367]
	[RESULT 55] [0.01170184 0.01799707 0.01629523 0.01140808 0.00399854 0.09259046
 0.         0.00661431 0.00629523 0.00259046 0.         0.01120184
 0.00040661 0.00920477]
	[RESULT 56] [0.01200777 0.01860892 0.01660115 0.01110215 0.00430446 0.09320231
 0.         0.00569654 0.00660115 0.00320231 0.         0.01150777
 0.00040661 0.00889885]
	[RESULT 57] [0.01170184 0.01799707 0.01629523 0.01140808 0.00399854 0.09259046
 0.         0.00661431 0.00629523 0.00259046 0.         0.01120184
 0.00040661 0.00920477]
	[RESULT 58] [0.01223219 0.01905775 0.01682556 0.01087775 0.00452887 0.09365112
 0.         0.00502332 0.00682556 0.00365112 0.         0.01173219
 0.00040663 0.00867444]
	[RESULT 59] [0.01190296 0.0183993  0.01649634 0.01120696 0.00419965 0.09299269
 0.         0.00601097 0.00649634 0.00299269 0.         0.01140296
 0.00040661 0.00900366]
	[RESULT 60] [0.01128343 0.01716026 0.01587682 0.01182649 0.00358013 0.09175364
 0.         0.00786954 0.00587682 0.00175364 0.         0.01078343
 0.00040661 0.00962318]
	[RESULT 61] [0.01170184 0.01799707 0.01629523 0.01140808 0.00399854 0.09259046
 0.         0.00661431 0.00629523 0.00259046 0.         0.01120184
 0.00040661 0.00920477]
	[RESULT 62] [0.01225569 0.01910477 0.01684908 0.01085423 0.00455239 0.09369816
 0.         0.00495276 0.00684908 0.00369816 0.         0.01175569
 0.00040661 0.00865092]
	[RESULT 63] [0.01190296 0.0183993  0.01649634 0.01120696 0.00419965 0.09299269
 0.         0.00601097 0.00649634 0.00299269 0.         0.01140296
 0.00040661 0.00900366]
	[RESULT 64] [0.01168688 0.01796714 0.01628026 0.01142304 0.00398357 0.09256053
 0.         0.00665921 0.00628026 0.00256053 0.         0.01118688
 0.00040661 0.00921974]
	[RESULT 65] [0.01188069 0.01835472 0.01647403 0.01122929 0.00417736 0.09294807
 0.         0.0060779  0.00647403 0.00294807 0.         0.01138069
 0.00040665 0.00902597]
	[RESULT 66] [0.01204686 0.01868711 0.01664025 0.01106306 0.00434356 0.09328049
 0.         0.00557926 0.00664025 0.00328049 0.         0.01154686
 0.00040662 0.00885975]
	[RESULT 67] [0.01146865 0.01753068 0.01606203 0.01164127 0.00376534 0.09212407
 0.         0.0073139  0.00606203 0.00212407 0.         0.01096865
 0.00040661 0.00943797]
	[RESULT 68] [0.0115114  0.01761619 0.01610479 0.01159852 0.0038081  0.09220958
 0.         0.00718564 0.00610479 0.00220958 0.         0.0110114
 0.00040661 0.00939521]
	[RESULT 69] [0.01146865 0.01753069 0.01606204 0.01164127 0.00376534 0.09212407
 0.         0.00731389 0.00606204 0.00212407 0.         0.01096865
 0.00040661 0.00943796]
	[RESULT 70] [0.0114461  0.01748559 0.01603949 0.01166382 0.0037428  0.09207898
 0.         0.00738153 0.00603949 0.00207898 0.         0.0109461
 0.00040661 0.00946051]
	[RESULT 71] [0.0114461  0.01748559 0.01603949 0.01166382 0.0037428  0.09207898
 0.         0.00738153 0.00603949 0.00207898 0.         0.0109461
 0.00040661 0.00946051]
	[RESULT 72] [0.01152021 0.0176338  0.01611359 0.01158971 0.0038169  0.09222719
 0.         0.00715922 0.00611359 0.00222719 0.         0.01102021
 0.00040661 0.00938641]
	[RESULT 73] [0.01145598 0.01750535 0.01604937 0.01165393 0.00375268 0.09209874
 0.         0.00735189 0.00604937 0.00209874 0.         0.01095598
 0.00040661 0.00945063]
	[RESULT 74] [0.01190296 0.0183993  0.01649634 0.01120696 0.00419965 0.09299269
 0.         0.00601097 0.00649634 0.00299269 0.         0.01140296
 0.00040661 0.00900366]
	[RESULT 75] [0.01145598 0.01750535 0.01604937 0.01165393 0.00375268 0.09209874
 0.         0.00735189 0.00604937 0.00209874 0.         0.01095598
 0.00040661 0.00945063]
