[METRICS]
	[DISEQUILIBRIUM COUNT] 0
	[MINIMUM S0 sTrt S1 DISTANCE]0.010515307238425642
	[MINIMUM S0 sTrt S21 DISTANCE]0.009273775980792057
	[MINIMUM S0 sTrt S22 DISTANCE]0.015108695658771487
	[MINIMUM S7 sTrt S6 DISTANCE]0.007765742477086446
	[MINIMUM S7 sTrt S8 DISTANCE]0.0028120014516255787
	[MINIMUM S7 sTrt S21 DISTANCE]0.09021739131754293
	[MINIMUM S7 esTrt S22 DISTANCE]0.0
	[MINIMUM S14 sTrt S13 DISTANCE]6.207373275463057e-05
	[MINIMUM S14 sTrt S15 DISTANCE]0.005108695658771478
	[MINIMUM S14 sTrt S21 DISTANCE]0.00021739131754291985
	[MINIMUM S14 sTrt S22 DISTANCE]0.0
	[MINIMUM S20 sTrt S19 DISTANCE]0.008725203056189734
	[MINIMUM S20 sTrt S21 DISTANCE]0.0004066115702479507
	[MINIMUM S20 sTrt S22 DISTANCE]0.0035779590623696844
	[AVERAGE S0 sTrt S1 DISTANCE]0.011554468476696257
	[AVERAGE S0 sTrt S21 DISTANCE]0.017519174363042584
	[AVERAGE S0 sTrt S22 DISTANCE]0.01598541512856271
	[AVERAGE S7 sTrt S6 DISTANCE]0.011804015383838233
	[AVERAGE S7 sTrt S8 DISTANCE]0.003774845640963715
	[AVERAGE S7 sTrt S21 DISTANCE]0.09197083025712562
	[AVERAGE S7 sTrt S22 DISTANCE]0.0
	[AVERAGE S14 sTrt S13 DISTANCE]0.007428536173620283
	[AVERAGE S14 sTrt S15 DISTANCE]0.005985415128562748
	[AVERAGE S14 sTrt S21 DISTANCE]0.0019708302571254757
	[AVERAGE S14 sTrt S22 DISTANCE]0.0
	[AVERAGE S20 sTrt S19 DISTANCE]0.010948029654765278
	[AVERAGE S20 sTrt S21 DISTANCE]0.0004578944271789155
	[AVERAGE S20 sTrt S22 DISTANCE]0.009516825767795816
[VARIABLES]
	[RESULT 1] [0 49.98856525411235 1 3 9 1000.0000402669938 1]
	[RESULT 2] [0 8.498505043967626 1 1 11 1000.0595682707478 1]
	[RESULT 3] [0 8.511162420711019 1 1 8 1000.0000890718393 1]
	[RESULT 4] [0 8.62765233093938 1 1 1 1000.0000367560687 1]
	[RESULT 5] [0 8.536341011725852 1 1 9 1000.0002233903882 1]
	[RESULT 6] [0 8.557674935796435 1 1 5 1000.0595682707478 1]
	[RESULT 7] [0 8.627153607410296 1 1 5 1000.0083568548765 1]
	[RESULT 8] [0 8.519526664242962 1 1 9 1000.0000722594676 1]
	[RESULT 9] [0 8.230032842580664 1 1 5 1000.000698926331 1]
	[RESULT 10] [0 8.828099338745643 1 1 9 1000.0000109828945 1]
	[RESULT 11] [0 8.34586671431319 1 1 5 1000.0015728068663 1]
	[RESULT 12] [0 8.751581280546311 1 1 9 1000.0003329206996 1]
	[RESULT 13] [0 8.514428599327854 1 1 11 1000.0000063963545 1]
	[RESULT 14] [0 8.733193491244666 1 1 7 1000.0000040204862 1]
	[RESULT 15] [0 8.600726143910903 1 1 10 1000.0015736318933 1]
	[RESULT 16] [0 8.733190905890927 1 1 8 1000.0000028824671 1]
	[RESULT 17] [0 8.734554659358704 1 1 7 1000.0000000195829 1]
	[RESULT 18] [0 8.766908325712762 1 1 11 1000.0000145791556 1]
	[RESULT 19] [0 49.98856525411235 1 3 9 1000.0000402669938 1]
	[RESULT 20] [0 9.711202552866286 1 1 9 1000.0002203921636 1]
	[RESULT 21] [0 8.977795548249384 1 1 9 1000.0000033948224 1]
	[RESULT 22] [0 9.376258231903229 1 1 8 1000.0000026063598 1]
	[RESULT 23] [0 49.999968346284874 1 1 8 1000.0000410353301 1]
	[RESULT 24] [0 8.670626276321384 1 1 8 1000.0000000685845 1]
	[RESULT 25] [0 8.627830370451878 1 1 11 1000.0000000397548 1]
	[RESULT 26] [0 8.733193491244666 1 1 7 1000.0000040204862 1]
	[RESULT 27] [0 9.673026348026443 1 1 11 1000.0000026063598 1]
	[RESULT 28] [0 8.230032842580664 1 1 5 1000.000698926331 1]
	[RESULT 29] [0 8.40334390129593 1 1 9 1000.0000150297025 1]
	[RESULT 30] [0 8.419566537074653 1 1 7 1000.0000027039847 1]
	[RESULT 31] [0 8.979229404217348 1 1 8 1000.0000034019307 1]
	[RESULT 32] [0 8.749463056050876 1 1 7 1000.0000121088399 1]
	[RESULT 33] [0 8.511187020758799 1 1 13 1000.0000000027205 1]
	[RESULT 34] [0 8.733193491244666 1 1 7 1000.0000040204862 1]
	[RESULT 35] [0 8.619114228397386 1 1 11 1000.0000204422236 1]
	[RESULT 36] [0 8.733192200415854 1 1 8 1000.0000028776794 1]
	[RESULT 37] [0 8.819175253841138 1 1 7 1000.0000002110484 1]
	[RESULT 38] [0 9.373566385409516 1 1 8 1000.0000018008207 1]
	[RESULT 39] [0 8.733192200415854 1 1 8 1000.0000028776794 1]
	[RESULT 40] [0 8.734567036284716 1 1 4 1000.0000001762933 1]
	[RESULT 41] [0 8.798896302072324 1 1 11 1000.0002780191076 1]
	[RESULT 42] [0 49.9998612250008 1 3 8 1000.0168411705544 1]
	[RESULT 43] [0 8.513919286734493 1 1 11 1000.0000000033679 1]
	[RESULT 44] [0 8.511162420711019 1 1 8 1000.0000890718393 1]
	[RESULT 45] [0 8.513919286734493 1 1 11 1000.0000000033679 1]
	[RESULT 46] [0 8.331633844239823 1 1 8 1000.0001563819733 1]
	[RESULT 47] [0 8.5134508975065 1 1 11 1000.0000009877015 1]
	[RESULT 48] [0 49.999994645899925 1 1 8 1000.0000490828468 1]
	[RESULT 49] [0 8.513919286734493 1 1 11 1000.0000000033679 1]
	[RESULT 50] [0 8.331633844239823 1 1 8 1000.0001563819733 1]
	[RESULT 51] [0 8.733120077389916 1 1 6 1000.0001697324741 1]
	[RESULT 52] [0 8.733190905890927 1 1 8 1000.0000028824671 1]
	[RESULT 53] [0 8.622809266002903 1 1 11 1000.0000358567432 1]
	[RESULT 54] [0 8.733190905890927 1 1 8 1000.0000028824671 1]
	[RESULT 55] [0 8.734567036284716 1 1 4 1000.0000001762933 1]
	[RESULT 56] [0 9.373566385409516 1 1 10 1000.0000018008207 1]
	[RESULT 57] [0 8.733190905890927 1 1 8 1000.0000028824671 1]
	[RESULT 58] [0 8.734567036284716 1 1 4 1000.0000001762933 1]
	[RESULT 59] [0 8.814543303045161 1 1 9 1000.0013498854295 1]
	[RESULT 60] [0 7.806390012918935 1 1 6 1000.0001697324741 1]
	[RESULT 61] [0 7.8592726634254175 1 1 11 1000.0018232499967 1]
	[RESULT 62] [0 7.165741095900958 1 1 7 1000.0000009897713 1]
	[RESULT 63] [0 7.8592726634254175 1 1 11 1000.0018232499967 1]
	[RESULT 64] [0 6.622297747306941 1 1 8 1000.0000205133288 1]
	[RESULT 65] [0 9.787804398400235 1 1 11 1000.0000041006292 1]
	[RESULT 66] [0 7.881844610739005 1 1 11 1000.0004680907491 1]
	[RESULT 67] [0 6.525412906062725 1 1 11 1010.3909155578301 1]
	[RESULT 68] [0 7.9005979816566505 1 1 11 1000.0000161613077 1]
	[RESULT 69] [0 7.225432990449702 1 1 5 1000.3190774901797 1]
	[RESULT 70] [0 8.511187020758799 1 1 13 1000.0000000027205 1]
	[RESULT 71] [0 8.622809266002903 1 1 11 1000.0000358567432 1]
	[RESULT 72] [0 8.733190905890927 1 1 8 1000.0000028824671 1]
	[RESULT 73] [0 8.734554659358704 1 1 7 1000.0000000195829 1]
	[RESULT 74] [0 8.819175253841138 1 1 5 1000.0000002110484 1]
	[RESULT 75] [0 9.373566385409516 1 1 8 1000.0000018008207 1]
	[RESULT 76] [0 8.819175253841138 1 1 5 1000.0000002110484 1]
	[RESULT 77] [0 8.5134508975065 1 1 11 1000.0000009877015 1]
	[RESULT 78] [0 7.344631788245268 1 1 11 1000.0000003587908 1]
	[RESULT 79] [0 8.788546640832319 1 1 5 1000.000698926331 1]
[OBJECTIVES]
	[RESULT 1] [0.01051533 0.01562406 0.01510872 0.01259458 0.00281203 0.09021745
 0.         0.00882617 0.00510872 0.00021745 0.         0.00901533
 0.00040661 0.01139128]
	[RESULT 2] [0.0115181  0.01762958 0.01611148 0.01159183 0.00381479 0.09222296
 0.         0.00716556 0.00611148 0.00222296 0.         0.0110181
 0.00040662 0.00938852]
	[RESULT 3] [0.01151497 0.01762334 0.01610836 0.01159494 0.00381167 0.09221672
 0.         0.00717491 0.00610836 0.00221672 0.         0.01101497
 0.00040661 0.00939164]
	[RESULT 4] [0.01148707 0.01756753 0.01608046 0.01162284 0.00378377 0.09216092
 0.         0.00725862 0.00608046 0.00216092 0.         0.01098707
 0.00040661 0.00941954]
	[RESULT 5] [0.01150882 0.01761103 0.01610221 0.0116011  0.00380552 0.09220442
 0.         0.00719337 0.00610221 0.00220442 0.         0.01100882
 0.00040661 0.00939779]
	[RESULT 6] [0.01150367 0.01760072 0.01609705 0.01160626 0.00380036 0.0921941
 0.         0.00720885 0.00609705 0.0021941  0.         0.01100367
 0.00040662 0.00940295]
	[RESULT 7] [0.01148719 0.01756777 0.01608058 0.01162273 0.00378388 0.09216116
 0.         0.00725827 0.00608058 0.00216116 0.         0.01098719
 0.00040661 0.00941942]
	[RESULT 8] [0.01151292 0.01761923 0.01610631 0.011597   0.00380962 0.09221262
 0.         0.00718107 0.00610631 0.00221262 0.         0.01101292
 0.00040661 0.00939369]
	[RESULT 9] [0.01158864 0.01777066 0.01618202 0.01152128 0.00388533 0.09236405
 0.         0.00695393 0.00618202 0.00236405 0.         0.01108864
 0.00040661 0.00931798]
	[RESULT 10] [0.01144222 0.01747782 0.0160356  0.0116677  0.00373891 0.09207121
 0.         0.00739319 0.0060356  0.00207121 0.         0.01094222
 0.00040661 0.0094644 ]
	[RESULT 11] [0.01155713 0.01770765 0.01615052 0.01155279 0.00385382 0.09230104
 0.         0.00704844 0.00615052 0.00230104 0.         0.01105713
 0.00040661 0.00934948]
	[RESULT 12] [0.01145889 0.01751117 0.01605228 0.01165102 0.00375559 0.09210456
 0.         0.00734316 0.00605228 0.00210456 0.         0.01095889
 0.00040661 0.00944772]
	[RESULT 13] [0.01151417 0.01762173 0.01610756 0.01159575 0.00381087 0.09221512
 0.         0.00717732 0.00610756 0.00221512 0.         0.01101417
 0.00040661 0.00939244]
	[RESULT 14] [0.01146298 0.01751935 0.01605637 0.01164694 0.00375968 0.09211274
 0.         0.00733089 0.00605637 0.00211274 0.         0.01096298
 0.00040661 0.00944363]
	[RESULT 15] [0.0114934  0.01758018 0.01608678 0.01161652 0.00379009 0.09217357
 0.         0.00723965 0.00608678 0.00217357 0.         0.0109934
 0.00040661 0.00941322]
	[RESULT 16] [0.01146298 0.01751935 0.01605637 0.01164694 0.00375968 0.09211274
 0.         0.00733089 0.00605637 0.00211274 0.         0.01096298
 0.00040661 0.00944363]
	[RESULT 17] [0.01146268 0.01751874 0.01605607 0.01164724 0.00375937 0.09211213
 0.         0.0073318  0.00605607 0.00211213 0.         0.01096268
 0.00040661 0.00944393]
	[RESULT 18] [0.01145551 0.01750441 0.0160489  0.01165441 0.0037522  0.0920978
 0.         0.00735331 0.0060489  0.0020978  0.         0.01095551
 0.00040661 0.0094511 ]
	[RESULT 19] [0.01051533 0.01562406 0.01510872 0.01259458 0.00281203 0.09021745
 0.         0.00882617 0.00510872 0.00021745 0.         0.00901533
 0.00040661 0.01139128]
	[RESULT 20] [0.01128208 0.01715756 0.01587547 0.01182783 0.00357878 0.09175094
 0.         0.00787358 0.00587547 0.00175094 0.         0.01078208
 0.00040661 0.00962453]
	[RESULT 21] [0.01141107 0.01741553 0.01600446 0.01169885 0.00370777 0.09200892
 0.         0.00748662 0.00600446 0.00200892 0.         0.01091107
 0.00040661 0.00949554]
	[RESULT 22] [0.01133663 0.01726664 0.01593001 0.01177329 0.00363332 0.09186003
 0.         0.00770996 0.00593001 0.00186003 0.         0.01083663
 0.00040661 0.00956999]
	[RESULT 23] [0.01051531 0.015624   0.0151087  0.01259461 0.002812   0.09021739
 0.         0.00982609 0.0051087  0.00021739 0.         0.01001531
 0.00040661 0.0103913 ]
	[RESULT 24] [0.01147713 0.01754765 0.01607052 0.01163279 0.00377383 0.09214104
 0.         0.00728844 0.00607052 0.00214104 0.         0.01097713
 0.00040661 0.00942948]
	[RESULT 25] [0.01148703 0.01756745 0.01608042 0.01162289 0.00378373 0.09216084
 0.         0.00725874 0.00608042 0.00216084 0.         0.01098703
 0.00040661 0.00941958]
	[RESULT 26] [0.01146298 0.01751935 0.01605637 0.01164694 0.00375968 0.09211274
 0.         0.00733089 0.00605637 0.00211274 0.         0.01096298
 0.00040661 0.00944363]
	[RESULT 27] [0.01128798 0.01716934 0.01588136 0.01182194 0.00358467 0.09176273
 0.         0.00785591 0.00588136 0.00176273 0.         0.01078798
 0.00040661 0.00961864]
	[RESULT 28] [0.01158864 0.01777066 0.01618202 0.01152128 0.00388533 0.09236405
 0.         0.00695393 0.00618202 0.00236405 0.         0.01108864
 0.00040661 0.00931798]
	[RESULT 29] [0.01154211 0.01767761 0.0161355  0.01156781 0.00383881 0.092271
 0.         0.0070935  0.0061355  0.002271   0.         0.01104211
 0.00040661 0.0093645 ]
	[RESULT 30] [0.01153794 0.01766928 0.01613133 0.01157197 0.00383464 0.09226267
 0.         0.007106   0.00613133 0.00226267 0.         0.01103794
 0.00040661 0.00936867]
	[RESULT 31] [0.01141078 0.01741495 0.01600417 0.01169913 0.00370748 0.09200834
 0.         0.00748749 0.00600417 0.00200834 0.         0.01091078
 0.00040661 0.00949583]
	[RESULT 32] [0.01145936 0.01751211 0.01605275 0.01165056 0.00375606 0.0921055
 0.         0.00734175 0.00605275 0.0021055  0.         0.01095936
 0.00040661 0.00944725]
	[RESULT 33] [0.01151497 0.01762332 0.01610836 0.01159495 0.00381166 0.09221671
 0.         0.00717493 0.00610836 0.00221671 0.         0.01101497
 0.00040661 0.00939164]
	[RESULT 34] [0.01146298 0.01751935 0.01605637 0.01164694 0.00375968 0.09211274
 0.         0.00733089 0.00605637 0.00211274 0.         0.01096298
 0.00040661 0.00944363]
	[RESULT 35] [0.01148907 0.01757153 0.01608246 0.01162085 0.00378576 0.09216492
 0.         0.00725262 0.00608246 0.00216492 0.         0.01098907
 0.00040661 0.00941754]
	[RESULT 36] [0.01146298 0.01751935 0.01605637 0.01164694 0.00375968 0.09211274
 0.         0.00733089 0.00605637 0.00211274 0.         0.01096298
 0.00040661 0.00944363]
	[RESULT 37] [0.01144413 0.01748166 0.01603752 0.01166578 0.00374083 0.09207504
 0.         0.00738743 0.00603752 0.00207504 0.         0.01094413
 0.00040661 0.00946248]
	[RESULT 38] [0.01133709 0.01726757 0.01593048 0.01177283 0.00363379 0.09186096
 0.         0.00770856 0.00593048 0.00186096 0.         0.01083709
 0.00040661 0.00956952]
	[RESULT 39] [0.01146298 0.01751935 0.01605637 0.01164694 0.00375968 0.09211274
 0.         0.00733089 0.00605637 0.00211274 0.         0.01096298
 0.00040661 0.00944363]
	[RESULT 40] [0.01146267 0.01751874 0.01605606 0.01164724 0.00375937 0.09211213
 0.         0.00733181 0.00605606 0.00211213 0.         0.01096267
 0.00040661 0.00944394]
	[RESULT 41] [0.01144852 0.01749042 0.01604191 0.0116614  0.00374521 0.09208381
 0.         0.00737428 0.00604191 0.00208381 0.         0.01094852
 0.00040661 0.00945809]
	[RESULT 42] [0.01051531 0.015624   0.0151087  0.01259461 0.002812   0.09021739
 0.         0.00882609 0.0051087  0.00021739 0.         0.00901531
 0.00040661 0.0113913 ]
	[RESULT 43] [0.0115143  0.01762198 0.01610768 0.01159562 0.00381099 0.09221537
 0.         0.00717695 0.00610768 0.00221537 0.         0.0110143
 0.00040661 0.00939232]
	[RESULT 44] [0.01151497 0.01762334 0.01610836 0.01159494 0.00381167 0.09221672
 0.         0.00717491 0.00610836 0.00221672 0.         0.01101497
 0.00040661 0.00939164]
	[RESULT 45] [0.0115143  0.01762198 0.01610768 0.01159562 0.00381099 0.09221537
 0.         0.00717695 0.00610768 0.00221537 0.         0.0110143
 0.00040661 0.00939232]
	[RESULT 46] [0.01156091 0.01771521 0.0161543  0.01154901 0.0038576  0.0923086
 0.         0.0070371  0.0061543  0.0023086  0.         0.01106091
 0.00040661 0.0093457 ]
	[RESULT 47] [0.01151441 0.01762221 0.0161078  0.01159551 0.00381111 0.0922156
 0.         0.0071766  0.0061078  0.0022156  0.         0.01101441
 0.00040661 0.0093922 ]
	[RESULT 48] [0.01051531 0.015624   0.0151087  0.01259461 0.002812   0.09021739
 0.         0.00982609 0.0051087  0.00021739 0.         0.01001531
 0.00040661 0.0103913 ]
	[RESULT 49] [0.0115143  0.01762198 0.01610768 0.01159562 0.00381099 0.09221537
 0.         0.00717695 0.00610768 0.00221537 0.         0.0110143
 0.00040661 0.00939232]
	[RESULT 50] [0.01156091 0.01771521 0.0161543  0.01154901 0.0038576  0.0923086
 0.         0.0070371  0.0061543  0.0023086  0.         0.01106091
 0.00040661 0.0093457 ]
	[RESULT 51] [0.011463   0.01751938 0.01605639 0.01164692 0.00375969 0.09211277
 0.         0.00733084 0.00605639 0.00211277 0.         0.010963
 0.00040661 0.00944361]
	[RESULT 52] [0.01146298 0.01751935 0.01605637 0.01164694 0.00375968 0.09211274
 0.         0.00733089 0.00605637 0.00211274 0.         0.01096298
 0.00040661 0.00944363]
	[RESULT 53] [0.0114882  0.0175698  0.01608159 0.01162171 0.0037849  0.09216319
 0.         0.00725522 0.00608159 0.00216319 0.         0.0109882
 0.00040661 0.00941841]
	[RESULT 54] [0.01146298 0.01751935 0.01605637 0.01164694 0.00375968 0.09211274
 0.         0.00733089 0.00605637 0.00211274 0.         0.01096298
 0.00040661 0.00944363]
	[RESULT 55] [0.01146267 0.01751874 0.01605606 0.01164724 0.00375937 0.09211213
 0.         0.00733181 0.00605606 0.00211213 0.         0.01096267
 0.00040661 0.00944394]
	[RESULT 56] [0.01133709 0.01726757 0.01593048 0.01177283 0.00363379 0.09186096
 0.         0.00770856 0.00593048 0.00186096 0.         0.01083709
 0.00040661 0.00956952]
	[RESULT 57] [0.01146298 0.01751935 0.01605637 0.01164694 0.00375968 0.09211274
 0.         0.00733089 0.00605637 0.00211274 0.         0.01096298
 0.00040661 0.00944363]
	[RESULT 58] [0.01146267 0.01751874 0.01605606 0.01164724 0.00375937 0.09211213
 0.         0.00733181 0.00605606 0.00211213 0.         0.01096267
 0.00040661 0.00944394]
	[RESULT 59] [0.01144513 0.01748365 0.01603852 0.01166479 0.00374183 0.09207704
 0.         0.00738444 0.00603852 0.00207704 0.         0.01094513
 0.00040661 0.00946148]
	[RESULT 60] [0.01172019 0.01803377 0.01631358 0.01138973 0.00401689 0.09262716
 0.         0.00655926 0.00631358 0.00262716 0.         0.01122019
 0.00040661 0.00918642]
	[RESULT 61] [0.01170219 0.01799777 0.01629558 0.01140772 0.00399889 0.09259116
 0.         0.00661326 0.00629558 0.00259116 0.         0.01120219
 0.00040661 0.00920442]
	[RESULT 62] [0.01198602 0.01856543 0.01657941 0.0111239  0.00428271 0.09315882
 0.         0.00576177 0.00657941 0.00315882 0.         0.01148602
 0.00040661 0.00892059]
	[RESULT 63] [0.01170219 0.01799777 0.01629558 0.01140772 0.00399889 0.09259116
 0.         0.00661326 0.00629558 0.00259116 0.         0.01120219
 0.00040661 0.00920442]
	[RESULT 64] [0.01231334 0.01922006 0.01690672 0.01079658 0.00461003 0.09381345
 0.         0.00477983 0.00690672 0.00381345 0.         0.01181334
 0.00040661 0.00859328]
	[RESULT 65] [0.0112705  0.01713438 0.01586389 0.01183942 0.00356719 0.09172777
 0.         0.00790834 0.00586389 0.00172777 0.         0.0107705
 0.00040661 0.00963611]
	[RESULT 66] [0.01169466 0.01798271 0.01628805 0.01141526 0.00399135 0.09257609
 0.         0.00663586 0.00628805 0.00257609 0.         0.01119466
 0.00040661 0.00921195]
	[RESULT 67] [0.0123872  0.01936707 0.01697987 0.01072379 0.00468354 0.09395975
 0.         0.00456038 0.00697987 0.00395975 0.         0.0118872
 0.00040732 0.00852013]
	[RESULT 68] [0.01168847 0.01797032 0.01628185 0.01142145 0.00398516 0.09256371
 0.         0.00665444 0.00628185 0.00256371 0.         0.01118847
 0.00040661 0.00921815]
	[RESULT 69] [0.01195681 0.01850699 0.01655018 0.01115314 0.0042535  0.09310036
 0.         0.00584946 0.00655018 0.00310036 0.         0.01145681
 0.00040663 0.00894982]
	[RESULT 70] [0.01151497 0.01762332 0.01610836 0.01159495 0.00381166 0.09221671
 0.         0.00717493 0.00610836 0.00221671 0.         0.01101497
 0.00040661 0.00939164]
	[RESULT 71] [0.0114882  0.0175698  0.01608159 0.01162171 0.0037849  0.09216319
 0.         0.00725522 0.00608159 0.00216319 0.         0.0109882
 0.00040661 0.00941841]
	[RESULT 72] [0.01146298 0.01751935 0.01605637 0.01164694 0.00375968 0.09211274
 0.         0.00733089 0.00605637 0.00211274 0.         0.01096298
 0.00040661 0.00944363]
	[RESULT 73] [0.01146268 0.01751874 0.01605607 0.01164724 0.00375937 0.09211213
 0.         0.0073318  0.00605607 0.00211213 0.         0.01096268
 0.00040661 0.00944393]
	[RESULT 74] [0.01144413 0.01748166 0.01603752 0.01166578 0.00374083 0.09207504
 0.         0.00738743 0.00603752 0.00207504 0.         0.01094413
 0.00040661 0.00946248]
	[RESULT 75] [0.01133709 0.01726757 0.01593048 0.01177283 0.00363379 0.09186096
 0.         0.00770856 0.00593048 0.00186096 0.         0.01083709
 0.00040661 0.00956952]
	[RESULT 76] [0.01144413 0.01748166 0.01603752 0.01166578 0.00374083 0.09207504
 0.         0.00738743 0.00603752 0.00207504 0.         0.01094413
 0.00040661 0.00946248]
	[RESULT 77] [0.01151441 0.01762221 0.0161078  0.01159551 0.00381111 0.0922156
 0.         0.0071766  0.0061078  0.0022156  0.         0.01101441
 0.00040661 0.0093922 ]
	[RESULT 78] [0.01190154 0.01839648 0.01649493 0.01120837 0.00419824 0.09298987
 0.         0.0060152  0.00649493 0.00298987 0.         0.01140154
 0.00040661 0.00900507]
	[RESULT 79] [0.01145077 0.01749493 0.01604416 0.01165915 0.00374746 0.09208832
 0.         0.00736753 0.00604416 0.00208832 0.         0.01095077
 0.00040661 0.00945584]
