[METRICS]
	[DISEQUILIBRIUM COUNT] 0
	[MINIMUM S0 sTrt S1 DISTANCE]0.010522003053417328
	[MINIMUM S0 sTrt S21 DISTANCE]0.015636972091073228
	[MINIMUM S0 sTrt S22 DISTANCE]0.015108896592487181
	[MINIMUM S7 sTrt S6 DISTANCE]0.007726448354540172
	[MINIMUM S7 sTrt S8 DISTANCE]0.002818486045536639
	[MINIMUM S7 sTrt S21 DISTANCE]0.0902177931849743
	[MINIMUM S7 esTrt S22 DISTANCE]0.0
	[MINIMUM S14 sTrt S13 DISTANCE]1.604449127706742e-05
	[MINIMUM S14 sTrt S15 DISTANCE]0.005108896592487144
	[MINIMUM S14 sTrt S21 DISTANCE]0.00021779318497429367
	[MINIMUM S14 sTrt S22 DISTANCE]0.0
	[MINIMUM S20 sTrt S19 DISTANCE]0.008662121807256673
	[MINIMUM S20 sTrt S21 DISTANCE]0.00040661157025166303
	[MINIMUM S20 sTrt S22 DISTANCE]0.0036350880342692904
	[AVERAGE S0 sTrt S1 DISTANCE]0.012083773379262914
	[AVERAGE S0 sTrt S21 DISTANCE]0.018563610466747992
	[AVERAGE S0 sTrt S22 DISTANCE]0.016494925428288246
	[AVERAGE S7 sTrt S6 DISTANCE]0.011303910311905018
	[AVERAGE S7 sTrt S8 DISTANCE]0.004293761168481492
	[AVERAGE S7 sTrt S21 DISTANCE]0.0929898508565765
	[AVERAGE S7 sTrt S22 DISTANCE]0.0
	[AVERAGE S14 sTrt S13 DISTANCE]0.005998530849927033
	[AVERAGE S14 sTrt S15 DISTANCE]0.006494925428288244
	[AVERAGE S14 sTrt S21 DISTANCE]0.002989850856576467
	[AVERAGE S14 sTrt S22 DISTANCE]0.0
	[AVERAGE S20 sTrt S19 DISTANCE]0.011509123519319084
	[AVERAGE S20 sTrt S21 DISTANCE]0.0004673328868506219
	[AVERAGE S20 sTrt S22 DISTANCE]0.008962221847162331
[VARIABLES]
	[RESULT 1] [0 7.477477880930448 1 1 12 1000.0000026326907 1]
	[RESULT 2] [0 7.2919738479088805 1 1 13 1000.0000025521797 1]
	[RESULT 3] [0 7.196771056467918 1 1 19 1000.0000308756048 1]
	[RESULT 4] [0 7.202336454233422 1 1 19 1000.0000926952016 1]
	[RESULT 5] [0 7.287138900182792 1 1 13 1000.0001541805001 1]
	[RESULT 6] [0 7.191894879646059 1 1 19 1000.0179957074055 1]
	[RESULT 7] [0 7.197069188569902 1 1 8 1000.0000189149657 1]
	[RESULT 8] [0 7.197191062395755 1 1 9 1001.7747482873931 1]
	[RESULT 9] [0 7.000590281131887 1 1 17 1000.0002275974309 1]
	[RESULT 10] [0 6.808573655581241 1 1 13 1000.0002002530609 1]
	[RESULT 11] [0 7.0220298537268 1 1 19 1000.0208205992162 1]
	[RESULT 12] [0 7.194231498745631 1 1 17 1000.0000163731117 1]
	[RESULT 13] [0 7.103549406289495 1 1 13 1000.0000466032784 1]
	[RESULT 14] [0 7.252240777662703 1 1 11 1000.0017220422243 1]
	[RESULT 15] [0 7.2460839252222495 1 1 11 1000.0000005330818 1]
	[RESULT 16] [0 36.80790956030767 1 3 15 1000.0002281970496 1]
	[RESULT 17] [0 7.640490187473395 1 1 8 1000.0006434995119 1]
	[RESULT 18] [0 7.747951862345093 1 1 13 1000.0009077781247 1]
	[RESULT 19] [0 7.640490187473395 1 1 8 1000.0006434995119 1]
	[RESULT 20] [0 7.440180792656364 1 1 13 1000.0000007109601 1]
	[RESULT 21] [0 7.602009771162788 1 1 19 1000.0000798071778 1]
	[RESULT 22] [0 9.422484419584247 1 1 19 1000.0000002352411 1]
	[RESULT 23] [0 7.285989835502356 1 1 13 1000.0000757970753 1]
	[RESULT 24] [0 7.195441288773479 1 1 11 1000.0000001184225 1]
	[RESULT 25] [0 7.202336454233422 1 1 19 1000.0000926952016 1]
	[RESULT 26] [0 7.195441288773479 1 1 11 1000.0000001184225 1]
	[RESULT 27] [0 7.197520359775017 1 1 11 1000.0000009175344 1]
	[RESULT 28] [0 7.640490187473395 1 1 8 1000.0006434995119 1]
	[RESULT 29] [0 7.195441288773479 1 1 11 1000.0000001184225 1]
	[RESULT 30] [0 7.00043377424132 1 1 13 1000.0002667627018 1]
	[RESULT 31] [0 7.200073621803072 1 1 13 1000.0000215742847 1]
	[RESULT 32] [0 6.846706174578572 1 1 13 1000.0000518142426 1]
	[RESULT 33] [0 7.200073621803072 1 1 13 1000.0000215742847 1]
	[RESULT 34] [0 6.662273941833052 1 1 13 1000.0002505932924 1]
	[RESULT 35] [0 7.013741574756369 1 1 9 1000.0000339315151 1]
	[RESULT 36] [0 7.445081793939938 1 1 13 1000.0000524416491 1]
	[RESULT 37] [0 7.197102451987158 1 1 18 1000.0001552308162 1]
	[RESULT 38] [0 7.038190947032494 1 1 9 1000.0005460427942 1]
	[RESULT 39] [0 7.195451758286808 1 1 10 1000.0002410693244 1]
	[RESULT 40] [0 7.2463891968662955 1 1 6 1000.0006917990169 1]
	[RESULT 41] [0 7.095046638502449 1 1 19 1000.0000058542646 1]
	[RESULT 42] [0 7.252240777662703 1 1 11 1000.0017220422243 1]
	[RESULT 43] [0 7.197353120650613 1 1 18 1000.000000249771 1]
	[RESULT 44] [0 7.2429399698235155 1 1 9 1000.0000145466661 1]
	[RESULT 45] [0 7.743878356856641 1 1 13 1000.0005614273026 1]
	[RESULT 46] [0 7.194003068171554 1 1 18 1000.0000272605987 1]
	[RESULT 47] [0 7.20781737406728 1 1 13 1000.0000029689234 1]
	[RESULT 48] [0 7.048643489584417 1 1 18 1000.0031339835398 1]
	[RESULT 49] [0 7.194231498745631 1 1 17 1000.0000163731117 1]
	[RESULT 50] [0 9.809600081580191 1 1 20 1000.0000002352411 1]
	[RESULT 51] [0 7.208033565766849 1 1 13 1000.0000025304407 1]
	[RESULT 52] [0 7.058075216750999 1 1 13 1000.0006030978537 1]
	[RESULT 53] [0 7.194003068171554 1 1 18 1000.0000272605987 1]
	[RESULT 54] [0 7.2957826369809755 1 1 13 1000.0000335147396 1]
	[RESULT 55] [0 7.193939080791171 1 1 23 1000.0002183380192 1]
	[RESULT 56] [0 7.254936342335886 1 1 11 1000.0017304398477 1]
	[RESULT 57] [0 7.103549406289495 1 1 13 1000.0000466032784 1]
	[RESULT 58] [0 7.252240777662703 1 1 11 1000.0017220422243 1]
	[RESULT 59] [0 7.1990981118591995 1 1 12 1000.0000178706847 1]
	[RESULT 60] [0 7.602009771162788 1 1 19 1000.0000798071778 1]
	[RESULT 61] [0 7.246549492396629 1 1 11 1000.0000007256225 1]
	[RESULT 62] [0 7.197353120650613 1 1 18 1000.000000249771 1]
	[RESULT 63] [0 7.194003068171554 1 1 18 1000.0000272605987 1]
	[RESULT 64] [0 7.00043377424132 1 1 13 1000.0002667627018 1]
	[RESULT 65] [0 7.197793052946331 1 1 12 1000.0000565127575 1]
	[RESULT 66] [0 6.845720440699566 1 1 18 1000.0000119422283 1]
	[RESULT 67] [0 6.662273941833052 1 1 13 1000.0002505932924 1]
	[RESULT 68] [0 7.445081793939938 1 1 13 1000.0000524416491 1]
	[RESULT 69] [0 7.202336454233422 1 1 11 1000.0000926952016 1]
	[RESULT 70] [0 6.662273941833052 1 1 13 1000.0002505932924 1]
	[RESULT 71] [0 7.014386195130065 1 1 15 1000.00000044819 1]
	[RESULT 72] [0 7.031371859946524 1 1 13 1000.0002002530609 1]
	[RESULT 73] [0 7.0100790067096845 1 1 15 1000.0018477465529 1]
	[RESULT 74] [0 7.031371859946524 1 1 13 1000.0002002530609 1]
	[RESULT 75] [0 7.195451758286808 1 1 10 1000.0002410693244 1]
	[RESULT 76] [0 7.103549406289495 1 1 13 1000.0000466032784 1]
	[RESULT 77] [0 7.252240777662703 1 1 11 1000.0017220422243 1]
	[RESULT 78] [0 7.013283587370481 1 1 18 1000.0000660284368 1]
	[RESULT 79] [0 7.200073621803072 1 1 13 1000.0000215742847 1]
	[RESULT 80] [0 7.246538685336143 1 1 10 1000.0000189666683 1]
	[RESULT 81] [0 7.194003068171554 1 1 18 1000.0000272605987 1]
	[RESULT 82] [0 7.014451525932522 1 1 19 1000.0000017214797 1]
	[RESULT 83] [0 7.246126862618656 1 1 6 1000.0000002242103 1]
[OBJECTIVES]
	[RESULT 1] [0.01184444 0.01828226 0.01643782 0.01126548 0.00414113 0.09287565
 0.         0.00618653 0.00643782 0.00287565 0.         0.01134444
 0.00040661 0.00906218]
	[RESULT 2] [0.01192546 0.0184443  0.01651885 0.01118446 0.00422215 0.09303769
 0.         0.00594346 0.00651885 0.00303769 0.         0.01142546
 0.00040661 0.00898115]
	[RESULT 3] [0.01197069 0.01853477 0.01656408 0.01113923 0.00426738 0.09312816
 0.         0.00580777 0.00656408 0.00312816 0.         0.01147069
 0.00040661 0.00893592]
	[RESULT 4] [0.01196797 0.01852933 0.01656136 0.01114195 0.00426467 0.09312272
 0.         0.00581592 0.00656136 0.00312272 0.         0.01146797
 0.00040661 0.00893864]
	[RESULT 5] [0.01192769 0.01844877 0.01652108 0.01118223 0.00422439 0.09304216
 0.         0.00593676 0.00652108 0.00304216 0.         0.01142769
 0.00040661 0.00897892]
	[RESULT 6] [0.01197308 0.01853955 0.01656647 0.01113684 0.00426977 0.09313294
 0.         0.0058006  0.00656647 0.00313294 0.         0.01147308
 0.00040661 0.00893353]
	[RESULT 7] [0.01197054 0.01853448 0.01656393 0.01113937 0.00426724 0.09312786
 0.         0.0058082  0.00656393 0.00312786 0.         0.01147054
 0.00040661 0.00893607]
	[RESULT 8] [0.01197061 0.01853448 0.01656387 0.01113949 0.00426724 0.09312775
 0.         0.00580838 0.00656387 0.00312775 0.         0.01147061
 0.00040673 0.00893613]
	[RESULT 9] [0.01207295 0.01873929 0.01666634 0.01103697 0.00436964 0.09333268
 0.         0.00550098 0.00666634 0.00333268 0.         0.01157295
 0.00040661 0.00883366]
	[RESULT 10] [0.01218687 0.01896714 0.01678026 0.01092304 0.00448357 0.09356053
 0.         0.00515921 0.00678026 0.00356053 0.         0.01168687
 0.00040661 0.00871974]
	[RESULT 11] [0.01206113 0.01871565 0.01665452 0.01104879 0.00435782 0.09330903
 0.         0.00553645 0.00665452 0.00330903 0.         0.01156113
 0.00040661 0.00884548]
	[RESULT 12] [0.01197193 0.01853726 0.01656532 0.01113798 0.00426863 0.09313064
 0.         0.00580403 0.00656532 0.00313064 0.         0.01147193
 0.00040661 0.00893468]
	[RESULT 13] [0.01201767 0.01862873 0.01661106 0.01109225 0.00431436 0.09322212
 0.         0.00566682 0.00661106 0.00322212 0.         0.01151767
 0.00040661 0.00888894]
	[RESULT 14] [0.01194401 0.01848141 0.0165374  0.0111659  0.00424071 0.0930748
 0.         0.0058878  0.0065374  0.0030748  0.         0.01144401
 0.00040661 0.0089626 ]
	[RESULT 15] [0.01194693 0.01848725 0.01654032 0.01116299 0.00424362 0.09308064
 0.         0.00587905 0.00654032 0.00308064 0.         0.01144693
 0.00040661 0.00895968]
	[RESULT 16] [0.01055901 0.01571142 0.0151524  0.0125509  0.00285571 0.0903048
 0.         0.00895721 0.0051524  0.0003048  0.         0.00905901
 0.00040661 0.0113476 ]
	[RESULT 17] [0.01178005 0.01815349 0.01637344 0.01132986 0.00407675 0.09274688
 0.         0.00637968 0.00637344 0.00274688 0.         0.01128005
 0.00040661 0.00912656]
	[RESULT 18] [0.01174067 0.01807474 0.01633406 0.01136924 0.00403737 0.09266812
 0.         0.00649781 0.00633406 0.00266812 0.         0.01124067
 0.00040661 0.00916594]
	[RESULT 19] [0.01178005 0.01815349 0.01637344 0.01132986 0.00407675 0.09274688
 0.         0.00637968 0.00637344 0.00274688 0.         0.01128005
 0.00040661 0.00912656]
	[RESULT 20] [0.01186002 0.01831344 0.01645341 0.01124989 0.00415672 0.09290682
 0.         0.00613976 0.00645341 0.00290682 0.         0.01136002
 0.00040661 0.00904659]
	[RESULT 21] [0.01179473 0.01818284 0.01638811 0.01131519 0.00409142 0.09277623
 0.         0.00633566 0.00638811 0.00277623 0.         0.01129473
 0.00040661 0.00911189]
	[RESULT 22] [0.0113287  0.01725078 0.01592209 0.01178122 0.00362539 0.09184417
 0.         0.00773374 0.00592209 0.00184417 0.         0.0108287
 0.00040661 0.00957791]
	[RESULT 23] [0.01192822 0.01844983 0.01652161 0.01118169 0.00422492 0.09304322
 0.         0.00593517 0.00652161 0.00304322 0.         0.01142822
 0.00040661 0.00897839]
	[RESULT 24] [0.01197134 0.01853607 0.01656473 0.01113858 0.00426803 0.09312946
 0.         0.00580581 0.00656473 0.00312946 0.         0.01147134
 0.00040661 0.00893527]
	[RESULT 25] [0.01196797 0.01852933 0.01656136 0.01114195 0.00426467 0.09312272
 0.         0.00581592 0.00656136 0.00312272 0.         0.01146797
 0.00040661 0.00893864]
	[RESULT 26] [0.01197134 0.01853607 0.01656473 0.01113858 0.00426803 0.09312946
 0.         0.00580581 0.00656473 0.00312946 0.         0.01147134
 0.00040661 0.00893527]
	[RESULT 27] [0.01197032 0.01853403 0.01656371 0.01113959 0.00426702 0.09312742
 0.         0.00580886 0.00656371 0.00312742 0.         0.01147032
 0.00040661 0.00893629]
	[RESULT 28] [0.01178005 0.01815349 0.01637344 0.01132986 0.00407675 0.09274688
 0.         0.00637968 0.00637344 0.00274688 0.         0.01128005
 0.00040661 0.00912656]
	[RESULT 29] [0.01197134 0.01853607 0.01656473 0.01113858 0.00426803 0.09312946
 0.         0.00580581 0.00656473 0.00312946 0.         0.01147134
 0.00040661 0.00893527]
	[RESULT 30] [0.01207304 0.01873946 0.01666643 0.01103688 0.00436973 0.09333285
 0.         0.00550072 0.00666643 0.00333285 0.         0.01157304
 0.00040661 0.00883357]
	[RESULT 31] [0.01196908 0.01853154 0.01656246 0.01114084 0.00426577 0.09312493
 0.         0.00581261 0.00656246 0.00312493 0.         0.01146908
 0.00040661 0.00893754]
	[RESULT 32] [0.01216303 0.01891944 0.01675642 0.01094689 0.00445972 0.09351283
 0.         0.00523075 0.00675642 0.00351283 0.         0.01166303
 0.00040661 0.00874358]
	[RESULT 33] [0.01196908 0.01853154 0.01656246 0.01114084 0.00426577 0.09312493
 0.         0.00581261 0.00656246 0.00312493 0.         0.01146908
 0.00040661 0.00893754]
	[RESULT 34] [0.01228471 0.0191628  0.01687809 0.01082521 0.0045814  0.09375619
 0.         0.00486572 0.00687809 0.00375619 0.         0.01178471
 0.00040661 0.00862191]
	[RESULT 35] [0.01206568 0.01872475 0.01665907 0.01104424 0.00436237 0.09331813
 0.         0.0055228  0.00665907 0.00331813 0.         0.01156568
 0.00040661 0.00884093]
	[RESULT 36] [0.01185796 0.0183093  0.01645134 0.01125196 0.00415465 0.09290269
 0.         0.00614597 0.00645134 0.00290269 0.         0.01135796
 0.00040661 0.00904866]
	[RESULT 37] [0.01197053 0.01853444 0.01656392 0.01113939 0.00426722 0.09312783
 0.         0.00580825 0.00656392 0.00312783 0.         0.01147053
 0.00040661 0.00893608]
	[RESULT 38] [0.01205233 0.01869804 0.01664572 0.01105759 0.00434902 0.09329143
 0.         0.00556285 0.00664572 0.00329143 0.         0.01155233
 0.00040661 0.00885428]
	[RESULT 39] [0.01197134 0.01853606 0.01656472 0.01113858 0.00426803 0.09312945
 0.         0.00580583 0.00656472 0.00312945 0.         0.01147134
 0.00040661 0.00893528]
	[RESULT 40] [0.01194678 0.01848696 0.01654017 0.01116313 0.00424348 0.09308035
 0.         0.00587948 0.00654017 0.00308035 0.         0.01144678
 0.00040661 0.00895983]
	[RESULT 41] [0.0120221  0.01863758 0.01661548 0.01108782 0.00431879 0.09323097
 0.         0.00565355 0.00661548 0.00323097 0.         0.0115221
 0.00040661 0.00888452]
	[RESULT 42] [0.01194401 0.01848141 0.0165374  0.0111659  0.00424071 0.0930748
 0.         0.0058878  0.0065374  0.0030748  0.         0.01144401
 0.00040661 0.0089626 ]
	[RESULT 43] [0.01197041 0.0185342  0.01656379 0.01113951 0.0042671  0.09312759
 0.         0.00580862 0.00656379 0.00312759 0.         0.01147041
 0.00040661 0.00893621]
	[RESULT 44] [0.01194842 0.01849023 0.01654181 0.01116149 0.00424512 0.09308362
 0.         0.00587457 0.00654181 0.00308362 0.         0.01144842
 0.00040661 0.00895819]
	[RESULT 45] [0.01174213 0.01807764 0.01633551 0.01136779 0.00403882 0.09267103
 0.         0.00649346 0.00633551 0.00267103 0.         0.01124213
 0.00040661 0.00916449]
	[RESULT 46] [0.01197205 0.01853748 0.01656543 0.01113787 0.00426874 0.09313087
 0.         0.0058037  0.00656543 0.00313087 0.         0.01147205
 0.00040661 0.00893457]
	[RESULT 47] [0.0119653  0.018524   0.01655869 0.01114461 0.004262   0.09311738
 0.         0.00582392 0.00655869 0.00311738 0.         0.0114653
 0.00040661 0.00894131]
	[RESULT 48] [0.01204669 0.01868676 0.01664007 0.01106323 0.00434338 0.09328015
 0.         0.00557978 0.00664007 0.00328015 0.         0.01154669
 0.00040661 0.00885993]
	[RESULT 49] [0.01197193 0.01853726 0.01656532 0.01113798 0.00426863 0.09313064
 0.         0.00580403 0.00656532 0.00313064 0.         0.01147193
 0.00040661 0.00893468]
	[RESULT 50] [0.01126726 0.0171279  0.01586064 0.01184266 0.00356395 0.09172129
 0.         0.00791807 0.00586064 0.00172129 0.         0.01076726
 0.00040661 0.00963936]
	[RESULT 51] [0.0119652  0.01852379 0.01655859 0.01114472 0.00426189 0.09311717
 0.         0.00582424 0.00655859 0.00311717 0.         0.0114652
 0.00040661 0.00894141]
	[RESULT 52] [0.01204163 0.01867664 0.01663502 0.01106829 0.00433832 0.09327003
 0.         0.00559495 0.00663502 0.00327003 0.         0.01154163
 0.00040661 0.00886498]
	[RESULT 53] [0.01197205 0.01853748 0.01656543 0.01113787 0.00426874 0.09313087
 0.         0.0058037  0.00656543 0.00313087 0.         0.01147205
 0.00040661 0.00893457]
	[RESULT 54] [0.0119237  0.01844079 0.01651709 0.01118622 0.0042204  0.09303418
 0.         0.00594873 0.00651709 0.00303418 0.         0.0114237
 0.00040661 0.00898291]
	[RESULT 55] [0.01197208 0.01853754 0.01656547 0.01113784 0.00426877 0.09313093
 0.         0.0058036  0.00656547 0.00313093 0.         0.01147208
 0.00040661 0.00893453]
	[RESULT 56] [0.01194274 0.01847887 0.01653613 0.01116718 0.00423943 0.09307226
 0.         0.00589161 0.00653613 0.00307226 0.         0.01144274
 0.00040661 0.00896387]
	[RESULT 57] [0.01201767 0.01862873 0.01661106 0.01109225 0.00431436 0.09322212
 0.         0.00566682 0.00661106 0.00322212 0.         0.01151767
 0.00040661 0.00888894]
	[RESULT 58] [0.01194401 0.01848141 0.0165374  0.0111659  0.00424071 0.0930748
 0.         0.0058878  0.0065374  0.0030748  0.         0.01144401
 0.00040661 0.0089626 ]
	[RESULT 59] [0.01196955 0.01853249 0.01656294 0.01114037 0.00426625 0.09312588
 0.         0.00581118 0.00656294 0.00312588 0.         0.01146955
 0.00040661 0.00893706]
	[RESULT 60] [0.01179473 0.01818284 0.01638811 0.01131519 0.00409142 0.09277623
 0.         0.00633566 0.00638811 0.00277623 0.         0.01129473
 0.00040661 0.00911189]
	[RESULT 61] [0.01194671 0.0184868  0.0165401  0.01116321 0.0042434  0.09308019
 0.         0.00587971 0.0065401  0.00308019 0.         0.01144671
 0.00040661 0.0089599 ]
	[RESULT 62] [0.01197041 0.0185342  0.01656379 0.01113951 0.0042671  0.09312759
 0.         0.00580862 0.00656379 0.00312759 0.         0.01147041
 0.00040661 0.00893621]
	[RESULT 63] [0.01197205 0.01853748 0.01656543 0.01113787 0.00426874 0.09313087
 0.         0.0058037  0.00656543 0.00313087 0.         0.01147205
 0.00040661 0.00893457]
	[RESULT 64] [0.01207304 0.01873946 0.01666643 0.01103688 0.00436973 0.09333285
 0.         0.00550072 0.00666643 0.00333285 0.         0.01157304
 0.00040661 0.00883357]
	[RESULT 65] [0.01197019 0.01853377 0.01656358 0.01113973 0.00426688 0.09312716
 0.         0.00580926 0.00656358 0.00312716 0.         0.01147019
 0.00040661 0.00893642]
	[RESULT 66] [0.01216364 0.01892066 0.01675702 0.01094628 0.00446033 0.09351405
 0.         0.00522893 0.00675702 0.00351405 0.         0.01166364
 0.00040661 0.00874298]
	[RESULT 67] [0.01228471 0.0191628  0.01687809 0.01082521 0.0045814  0.09375619
 0.         0.00486572 0.00687809 0.00375619 0.         0.01178471
 0.00040661 0.00862191]
	[RESULT 68] [0.01185796 0.0183093  0.01645134 0.01125196 0.00415465 0.09290269
 0.         0.00614597 0.00645134 0.00290269 0.         0.01135796
 0.00040661 0.00904866]
	[RESULT 69] [0.01196797 0.01852933 0.01656136 0.01114195 0.00426467 0.09312272
 0.         0.00581592 0.00656136 0.00312272 0.         0.01146797
 0.00040661 0.00893864]
	[RESULT 70] [0.01228471 0.0191628  0.01687809 0.01082521 0.0045814  0.09375619
 0.         0.00486572 0.00687809 0.00375619 0.         0.01178471
 0.00040661 0.00862191]
	[RESULT 71] [0.01206532 0.01872404 0.01665871 0.01104459 0.00436202 0.09331742
 0.         0.00552386 0.00665871 0.00331742 0.         0.01156532
 0.00040661 0.00884129]
	[RESULT 72] [0.01205603 0.01870545 0.01664942 0.01105389 0.00435272 0.09329884
 0.         0.00555175 0.00664942 0.00329884 0.         0.01155603
 0.00040661 0.00885058]
	[RESULT 73] [0.0120677  0.01872878 0.01666109 0.01104222 0.00436439 0.09332217
 0.         0.00551674 0.00666109 0.00332217 0.         0.0115677
 0.00040661 0.00883891]
	[RESULT 74] [0.01205603 0.01870545 0.01664942 0.01105389 0.00435272 0.09329884
 0.         0.00555175 0.00664942 0.00329884 0.         0.01155603
 0.00040661 0.00885058]
	[RESULT 75] [0.01197134 0.01853606 0.01656472 0.01113858 0.00426803 0.09312945
 0.         0.00580583 0.00656472 0.00312945 0.         0.01147134
 0.00040661 0.00893528]
	[RESULT 76] [0.01201767 0.01862873 0.01661106 0.01109225 0.00431436 0.09322212
 0.         0.00566682 0.00661106 0.00322212 0.         0.01151767
 0.00040661 0.00888894]
	[RESULT 77] [0.01194401 0.01848141 0.0165374  0.0111659  0.00424071 0.0930748
 0.         0.0058878  0.0065374  0.0030748  0.         0.01144401
 0.00040661 0.0089626 ]
	[RESULT 78] [0.01206593 0.01872525 0.01665932 0.01104399 0.00436263 0.09331864
 0.         0.00552204 0.00665932 0.00331864 0.         0.01156593
 0.00040661 0.00884068]
	[RESULT 79] [0.01196908 0.01853154 0.01656246 0.01114084 0.00426577 0.09312493
 0.         0.00581261 0.00656246 0.00312493 0.         0.01146908
 0.00040661 0.00893754]
	[RESULT 80] [0.01194671 0.01848682 0.0165401  0.0111632  0.00424341 0.0930802
 0.         0.00587969 0.0065401  0.0030802  0.         0.01144671
 0.00040661 0.0089599 ]
	[RESULT 81] [0.01197205 0.01853748 0.01656543 0.01113787 0.00426874 0.09313087
 0.         0.0058037  0.00656543 0.00313087 0.         0.01147205
 0.00040661 0.00893457]
	[RESULT 82] [0.01206529 0.01872396 0.01665868 0.01104463 0.00436198 0.09331735
 0.         0.00552397 0.00665868 0.00331735 0.         0.01156529
 0.00040661 0.00884132]
	[RESULT 83] [0.01194691 0.01848721 0.0165403  0.01116301 0.0042436  0.09308059
 0.         0.00587911 0.0065403  0.00308059 0.         0.01144691
 0.00040661 0.0089597 ]
