[METRICS]
	[DISEQUILIBRIUM COUNT] 0
	[MINIMUM S0 sTrt S1 DISTANCE]0.01051531787020743
	[MINIMUM S0 sTrt S21 DISTANCE]0.008804967826792465
	[MINIMUM S0 sTrt S22 DISTANCE]0.01510870629982064
	[MINIMUM S7 sTrt S6 DISTANCE]0.007883354443625368
	[MINIMUM S7 sTrt S8 DISTANCE]0.0028120120850140817
	[MINIMUM S7 sTrt S21 DISTANCE]0.09021741259964126
	[MINIMUM S7 esTrt S22 DISTANCE]0.0
	[MINIMUM S14 sTrt S13 DISTANCE]0.0001800486346691943
	[MINIMUM S14 sTrt S15 DISTANCE]0.005108706299820631
	[MINIMUM S14 sTrt S21 DISTANCE]0.00021741259964125348
	[MINIMUM S14 sTrt S22 DISTANCE]0.0
	[MINIMUM S20 sTrt S19 DISTANCE]0.008515334121816265
	[MINIMUM S20 sTrt S21 DISTANCE]0.000406611570248485
	[MINIMUM S20 sTrt S22 DISTANCE]0.0035504913677370242
	[AVERAGE S0 sTrt S1 DISTANCE]0.011551918410082686
	[AVERAGE S0 sTrt S21 DISTANCE]0.01749315021182161
	[AVERAGE S0 sTrt S22 DISTANCE]0.015958453384198705
	[AVERAGE S7 sTrt S6 DISTANCE]0.011842534564475572
	[AVERAGE S7 sTrt S8 DISTANCE]0.0037596110316837675
	[AVERAGE S7 sTrt S21 DISTANCE]0.09191690676839732
	[AVERAGE S7 sTrt S22 DISTANCE]0.0
	[AVERAGE S14 sTrt S13 DISTANCE]0.007511941935055117
	[AVERAGE S14 sTrt S15 DISTANCE]0.005958453384198637
	[AVERAGE S14 sTrt S21 DISTANCE]0.0019169067683972483
	[AVERAGE S14 sTrt S22 DISTANCE]0.0
	[AVERAGE S20 sTrt S19 DISTANCE]0.01094351504873833
	[AVERAGE S20 sTrt S21 DISTANCE]0.00046864586242329685
	[AVERAGE S20 sTrt S22 DISTANCE]0.009530090308444364
[VARIABLES]
	[RESULT 1] [0 49.98868038051887 1 4 10 1000.002124813249 1]
	[RESULT 2] [0 9.00379294473648 1 1 13 1000.059882422731 1]
	[RESULT 3] [0 8.753582510150034 1 1 7 1000.0000433657332 1]
	[RESULT 4] [0 8.75740405243478 1 1 11 1000.0002281546299 1]
	[RESULT 5] [0 9.002598255116297 1 1 9 1000.0000085499196 1]
	[RESULT 6] [0 8.75740405243478 1 1 11 1000.0002281546299 1]
	[RESULT 7] [0 8.9134574990548 1 1 10 1000.0019829057986 1]
	[RESULT 8] [0 8.88943384872827 1 1 11 1000.0000134241726 1]
	[RESULT 9] [0 8.848373167213193 1 1 11 1000.0037319627393 1]
	[RESULT 10] [0 8.796442815971156 1 1 8 1000.0004873271688 1]
	[RESULT 11] [0 8.53338432844515 1 1 7 1000.0000417974264 1]
	[RESULT 12] [0 8.619015650853516 1 1 6 1000.0000072543733 1]
	[RESULT 13] [0 9.174866766290572 1 1 11 1000.0001893484681 1]
	[RESULT 14] [0 9.013160165721105 1 1 7 1000.0000162850899 1]
	[RESULT 15] [0 8.85292955785093 1 1 8 1000.0045412003099 1]
	[RESULT 16] [0 9.013005224960242 1 1 6 1000.0002953287824 1]
	[RESULT 17] [0 9.080137079301265 1 1 7 1000.000200306892 1]
	[RESULT 18] [0 49.98868038051887 1 4 10 1000.002124813249 1]
	[RESULT 19] [0 10.03796550683828 1 1 9 1000.0000090436977 1]
	[RESULT 20] [0 10.099746472706894 1 1 9 1000.000001221809 1]
	[RESULT 21] [0 10.03796550683828 1 1 9 1000.0000090436977 1]
	[RESULT 22] [0 9.275586033593832 1 1 10 1000.0015848041788 1]
	[RESULT 23] [0 9.674457231835039 1 1 9 1000.0000021690836 1]
	[RESULT 24] [0 49.8790906091582 1 1 8 1000.0005902363469 1]
	[RESULT 25] [0 8.936954112480919 1 1 10 1000.0000491385072 1]
	[RESULT 26] [0 8.756513215994127 1 1 6 1000.0000052650862 1]
	[RESULT 27] [0 8.870533749465803 1 1 8 1000.0004482136476 1]
	[RESULT 28] [0 8.756513215994127 1 1 6 1000.0000052650862 1]
	[RESULT 29] [0 9.158094786461465 1 1 7 1000.0003826030746 1]
	[RESULT 30] [0 9.013056727315655 1 1 7 1000.0000162850899 1]
	[RESULT 31] [0 10.065375245577593 1 1 9 1000.0000022329682 1]
	[RESULT 32] [0 8.384268152875176 1 1 6 1000.0002183664636 1]
	[RESULT 33] [0 9.14996914260684 1 1 11 1000.0001017131156 1]
	[RESULT 34] [0 8.619015650853516 1 1 6 1000.0000072543733 1]
	[RESULT 35] [0 9.12815969296443 1 1 6 1000.000024790362 1]
	[RESULT 36] [0 8.737715281901105 1 1 11 1000.0001893484681 1]
	[RESULT 37] [0 9.080137079301265 1 1 7 1000.000200306892 1]
	[RESULT 38] [0 9.245723279431111 1 1 9 1000.0000006630203 1]
	[RESULT 39] [0 9.14996914260684 1 1 11 1000.0001017131156 1]
	[RESULT 40] [0 9.069936682431797 1 1 10 1000.0000340355936 1]
	[RESULT 41] [0 8.752004741903585 1 1 10 1000.000816992935 1]
	[RESULT 42] [0 9.013160165721105 1 1 7 1000.0000162850899 1]
	[RESULT 43] [0 8.875995925082663 1 1 9 1000.0000318749563 1]
	[RESULT 44] [0 9.013005224960242 1 1 6 1000.0002953287824 1]
	[RESULT 45] [0 9.15884925018242 1 1 10 1000.0000008413375 1]
	[RESULT 46] [0 9.800980158049867 1 1 11 1000.0000134241726 1]
	[RESULT 47] [0 9.010365150946635 1 1 5 1000.0000093647753 1]
	[RESULT 48] [0 9.08078836927835 1 1 7 1000.000002450721 1]
	[RESULT 49] [0 9.093628849036362 1 1 2 1000.0000517534512 1]
	[RESULT 50] [0 49.98868038051887 1 4 10 1000.002124813249 1]
	[RESULT 51] [0 8.747482568507417 1 1 7 1000.0000314793807 1]
	[RESULT 52] [0 8.75740405243478 1 1 11 1000.0002281546299 1]
	[RESULT 53] [0 8.631071279070921 1 1 10 1000.0007921820325 1]
	[RESULT 54] [0 8.756187556460317 1 1 15 1000.0001471436404 1]
	[RESULT 55] [0 49.68211908125734 1 1 8 1000.0008036279244 1]
	[RESULT 56] [0 8.751292543018359 1 1 10 1000.000019294158 1]
	[RESULT 57] [0 8.631071279070921 1 1 10 1000.0007921820325 1]
	[RESULT 58] [0 8.756187556460317 1 1 15 1000.0001471436404 1]
	[RESULT 59] [0 8.980873703450538 1 1 9 1000.0009231716722 1]
	[RESULT 60] [0 8.756973960250795 1 1 11 1000.0002299340752 1]
	[RESULT 61] [0 9.013160165721105 1 1 7 1000.0000162850899 1]
	[RESULT 62] [0 8.848373167213193 1 1 11 1000.0037319627393 1]
	[RESULT 63] [0 9.013160165721105 1 1 7 1000.0000162850899 1]
	[RESULT 64] [0 9.677770644299365 1 1 16 1000.0240043213978 1]
	[RESULT 65] [0 9.013160165721105 1 1 7 1000.0000162850899 1]
	[RESULT 66] [0 9.08078836927835 1 1 7 1000.000002450721 1]
	[RESULT 67] [0 8.756187556460317 1 1 15 1000.0001471436404 1]
	[RESULT 68] [0 9.079499012770583 1 1 9 1000.0000505383966 1]
	[RESULT 69] [0 8.023224869779703 1 1 10 1000.0000015677475 1]
	[RESULT 70] [0 8.023224869779703 1 1 10 1000.0000015677475 1]
	[RESULT 71] [0 7.197457246616091 1 1 8 1000.0000833407203 1]
	[RESULT 72] [0 8.023224869779703 1 1 10 1000.0000015677475 1]
	[RESULT 73] [0 6.840663969753653 1 1 10 1000.0044520764053 1]
	[RESULT 74] [0 7.4921946051366515 1 1 8 1000.0003470924939 1]
	[RESULT 75] [0 10.324155342098866 1 1 9 1000.000160195352 1]
	[RESULT 76] [0 8.023224869779703 1 1 10 1000.0000015677475 1]
	[RESULT 77] [0 7.4599623497974425 1 1 16 1000.0592266570951 1]
	[RESULT 78] [0 8.023224869779703 1 1 10 1000.0000015677475 1]
	[RESULT 79] [0 7.582344180552432 1 1 4 1000.0000088215398 1]
	[RESULT 80] [0 7.267235947244066 1 1 15 1006.4100680183026 1]
	[RESULT 81] [0 8.746845050986462 1 1 10 1000.0000106003778 1]
	[RESULT 82] [0 9.013160165721105 1 1 7 1000.0000162850899 1]
	[RESULT 83] [0 8.875995925082663 1 1 10 1000.0000318749563 1]
	[RESULT 84] [0 9.013005224960242 1 1 6 1000.0002953287824 1]
	[RESULT 85] [0 9.08014957692837 1 1 7 1000.0001376336805 1]
	[RESULT 86] [0 9.160449966439515 1 1 8 1000.0005918773321 1]
	[RESULT 87] [0 9.600180447741598 1 1 6 1000.0003162510469 1]
	[RESULT 88] [0 9.013005224960242 1 1 6 1000.0002953287824 1]
	[RESULT 89] [0 9.08078836927835 1 1 7 1000.000002450721 1]
	[RESULT 90] [0 9.013005224960242 1 1 6 1000.0002953287824 1]
	[RESULT 91] [0 8.756187556460317 1 1 15 1000.0001471436404 1]
	[RESULT 92] [0 9.1729175200171 1 1 10 1000.0001382029188 1]
	[RESULT 93] [0 7.410797542561966 1 1 7 1000.0000057207178 1]
	[RESULT 94] [0 9.073410010571493 1 1 15 1000.0003366533612 1]
[OBJECTIVES]
	[RESULT 1] [0.01051533 0.01562406 0.01510872 0.01259458 0.00281203 0.09021744
 0.         0.00832617 0.00510872 0.00021744 0.         0.00851533
 0.00040661 0.01189128]
	[RESULT 2] [0.01140586 0.0174051  0.01599924 0.01170407 0.00370255 0.09199848
 0.         0.00750227 0.00599924 0.00199848 0.         0.01090586
 0.00040662 0.00950076]
	[RESULT 3] [0.01145845 0.01751029 0.01605184 0.01165147 0.00375514 0.09210368
 0.         0.00734449 0.00605184 0.00210368 0.         0.01095845
 0.00040661 0.00944816]
	[RESULT 4] [0.0114576  0.0175086  0.01605099 0.01165231 0.0037543  0.09210199
 0.         0.00734702 0.00605099 0.00210199 0.         0.0109576
 0.00040661 0.00944901]
	[RESULT 5] [0.01140609 0.01740557 0.01599948 0.01170383 0.00370279 0.09199896
 0.         0.00750156 0.00599948 0.00199896 0.         0.01090609
 0.00040661 0.00950052]
	[RESULT 6] [0.0114576  0.0175086  0.01605099 0.01165231 0.0037543  0.09210199
 0.         0.00734702 0.00605099 0.00210199 0.         0.0109576
 0.00040661 0.00944901]
	[RESULT 7] [0.01142423 0.01744184 0.01601761 0.01168569 0.00372092 0.09203523
 0.         0.00744716 0.00601761 0.00203523 0.         0.01092423
 0.00040661 0.00948239]
	[RESULT 8] [0.01142922 0.01745184 0.01602261 0.01168069 0.00372592 0.09204523
 0.         0.00743216 0.00602261 0.00204523 0.         0.01092922
 0.00040661 0.00947739]
	[RESULT 9] [0.01143789 0.01746916 0.01603127 0.01167203 0.00373458 0.09206255
 0.         0.00740618 0.00603127 0.00206255 0.         0.01093789
 0.00040661 0.00946873]
	[RESULT 10] [0.01144905 0.01749149 0.01604244 0.01166087 0.00374574 0.09208488
 0.         0.00737268 0.00604244 0.00208488 0.         0.01094905
 0.00040661 0.00945756]
	[RESULT 11] [0.01150954 0.01761247 0.01610293 0.01160038 0.00380623 0.09220586
 0.         0.00719121 0.00610293 0.00220586 0.         0.01100954
 0.00040661 0.00939707]
	[RESULT 12] [0.01148909 0.01757158 0.01608248 0.01162082 0.00378579 0.09216496
 0.         0.00725255 0.00608248 0.00216496 0.         0.01098909
 0.00040661 0.00941752]
	[RESULT 13] [0.01137282 0.01733903 0.01596621 0.0117371  0.00366951 0.09193242
 0.         0.00760137 0.00596621 0.00193242 0.         0.01087282
 0.00040661 0.00953379]
	[RESULT 14] [0.01140399 0.01740136 0.01599737 0.01170593 0.00370068 0.09199475
 0.         0.00750788 0.00599737 0.00199475 0.         0.01090399
 0.00040661 0.00950263]
	[RESULT 15] [0.01143692 0.01746722 0.01603031 0.011673   0.00373361 0.09206061
 0.         0.00740908 0.00603031 0.00206061 0.         0.01093692
 0.00040661 0.00946969]
	[RESULT 16] [0.01140402 0.01740142 0.01599741 0.0117059  0.00370071 0.09199481
 0.         0.00750778 0.00599741 0.00199481 0.         0.01090402
 0.00040661 0.00950259]
	[RESULT 17] [0.01139084 0.01737506 0.01598423 0.01171908 0.00368753 0.09196845
 0.         0.00754732 0.00598423 0.00196845 0.         0.01089084
 0.00040661 0.00951577]
	[RESULT 18] [0.01051533 0.01562406 0.01510872 0.01259458 0.00281203 0.09021744
 0.         0.00832617 0.00510872 0.00021744 0.         0.00851533
 0.00040661 0.01189128]
	[RESULT 19] [0.01123471 0.0170628  0.01582809 0.01187521 0.0035314  0.09165619
 0.         0.00801572 0.00582809 0.00165619 0.         0.01073471
 0.00040661 0.00967191]
	[RESULT 20] [0.01122632 0.01704602 0.01581971 0.0118836  0.00352301 0.09163941
 0.         0.00804088 0.00581971 0.00163941 0.         0.01072632
 0.00040661 0.00968029]
	[RESULT 21] [0.01123471 0.0170628  0.01582809 0.01187521 0.0035314  0.09165619
 0.         0.00801572 0.00582809 0.00165619 0.         0.01073471
 0.00040661 0.00967191]
	[RESULT 22] [0.01135437 0.01730214 0.01594776 0.01175554 0.00365107 0.09189552
 0.         0.00765671 0.00594776 0.00189552 0.         0.01085437
 0.00040661 0.00955224]
	[RESULT 23] [0.01128775 0.01716889 0.01588114 0.01182216 0.00358445 0.09176228
 0.         0.00785658 0.00588114 0.00176228 0.         0.01078775
 0.00040661 0.00961886]
	[RESULT 24] [0.01051559 0.01562458 0.01510898 0.01259432 0.00281229 0.09021796
 0.         0.00982695 0.00510898 0.00021796 0.         0.01001559
 0.00040661 0.01039102]
	[RESULT 25] [0.01141938 0.01743215 0.01601277 0.01169054 0.00371608 0.09202554
 0.         0.00746169 0.00601277 0.00202554 0.         0.01091938
 0.00040661 0.00948723]
	[RESULT 26] [0.0114578  0.01750899 0.01605119 0.01165212 0.0037545  0.09210238
 0.         0.00734643 0.00605119 0.00210238 0.         0.0109578
 0.00040661 0.00944881]
	[RESULT 27] [0.01143319 0.01745977 0.01602658 0.01167672 0.00372989 0.09205316
 0.         0.00742026 0.00602658 0.00205316 0.         0.01093319
 0.00040661 0.00947342]
	[RESULT 28] [0.0114578  0.01750899 0.01605119 0.01165212 0.0037545  0.09210238
 0.         0.00734643 0.00605119 0.00210238 0.         0.0109578
 0.00040661 0.00944881]
	[RESULT 29] [0.01137596 0.01734531 0.01596935 0.01173396 0.00367266 0.0919387
 0.         0.00759195 0.00596935 0.0019387  0.         0.01087596
 0.00040661 0.00953065]
	[RESULT 30] [0.01140401 0.0174014  0.0159974  0.01170591 0.0037007  0.09199479
 0.         0.00750781 0.0059974  0.00199479 0.         0.01090401
 0.00040661 0.0095026 ]
	[RESULT 31] [0.01123096 0.01705531 0.01582435 0.01187895 0.00352766 0.0916487
 0.         0.00802695 0.00582435 0.0016487  0.         0.01073096
 0.00040661 0.00967565]
	[RESULT 32] [0.01154705 0.01768749 0.01614044 0.01156286 0.00384375 0.09228088
 0.         0.00707868 0.00614044 0.00228088 0.         0.01104705
 0.00040661 0.00935956]
	[RESULT 33] [0.01137749 0.01734837 0.01597088 0.01173243 0.00367419 0.09194176
 0.         0.00758736 0.00597088 0.00194176 0.         0.01087749
 0.00040661 0.00952912]
	[RESULT 34] [0.01148909 0.01757158 0.01608248 0.01162082 0.00378579 0.09216496
 0.         0.00725255 0.00608248 0.00216496 0.         0.01098909
 0.00040661 0.00941752]
	[RESULT 35] [0.01138162 0.01735663 0.01597501 0.0117283  0.00367831 0.09195002
 0.         0.00757497 0.00597501 0.00195002 0.         0.01088162
 0.00040661 0.00952499]
	[RESULT 36] [0.01146197 0.01751733 0.01605536 0.01164794 0.00375867 0.09211072
 0.         0.00733392 0.00605536 0.00211072 0.         0.01096197
 0.00040661 0.00944464]
	[RESULT 37] [0.01139084 0.01737506 0.01598423 0.01171908 0.00368753 0.09196845
 0.         0.00754732 0.00598423 0.00196845 0.         0.01089084
 0.00040661 0.00951577]
	[RESULT 38] [0.01135977 0.01731293 0.01595316 0.01175015 0.00365646 0.09190631
 0.         0.00764053 0.00595316 0.00190631 0.         0.01085977
 0.00040661 0.00954684]
	[RESULT 39] [0.01137749 0.01734837 0.01597088 0.01173243 0.00367419 0.09194176
 0.         0.00758736 0.00597088 0.00194176 0.         0.01087749
 0.00040661 0.00952912]
	[RESULT 40] [0.01139282 0.01737902 0.01598621 0.0117171  0.00368951 0.09197241
 0.         0.00754138 0.00598621 0.00197241 0.         0.01089282
 0.00040661 0.00951379]
	[RESULT 41] [0.0114588  0.01751099 0.01605219 0.01165112 0.00375549 0.09210438
 0.         0.00734344 0.00605219 0.00210438 0.         0.0109588
 0.00040661 0.00944781]
	[RESULT 42] [0.01140399 0.01740136 0.01599737 0.01170593 0.00370068 0.09199475
 0.         0.00750788 0.00599737 0.00199475 0.         0.01090399
 0.00040661 0.00950263]
	[RESULT 43] [0.01143204 0.01745747 0.01602543 0.01167787 0.00372874 0.09205086
 0.         0.00742371 0.00602543 0.00205086 0.         0.01093204
 0.00040661 0.00947457]
	[RESULT 44] [0.01140402 0.01740142 0.01599741 0.0117059  0.00370071 0.09199481
 0.         0.00750778 0.00599741 0.00199481 0.         0.01090402
 0.00040661 0.00950259]
	[RESULT 45] [0.01137582 0.01734503 0.01596921 0.0117341  0.00367251 0.09193842
 0.         0.00759237 0.00596921 0.00193842 0.         0.01087582
 0.00040661 0.00953079]
	[RESULT 46] [0.01126853 0.01713046 0.01586192 0.01184138 0.00356523 0.09172385
 0.         0.00791423 0.00586192 0.00172385 0.         0.01076853
 0.00040661 0.00963808]
	[RESULT 47] [0.01140454 0.01740247 0.01599793 0.01170537 0.00370124 0.09199586
 0.         0.00750621 0.00599793 0.00199586 0.         0.01090454
 0.00040661 0.00950207]
	[RESULT 48] [0.01139071 0.01737481 0.0159841  0.01171921 0.00368741 0.0919682
 0.         0.0075477  0.0059841  0.0019682  0.         0.01089071
 0.00040661 0.0095159 ]
	[RESULT 49] [0.01138823 0.01736985 0.01598162 0.01172169 0.00368492 0.09196324
 0.         0.00755514 0.00598162 0.00196324 0.         0.01088823
 0.00040661 0.00951838]
	[RESULT 50] [0.01051533 0.01562406 0.01510872 0.01259458 0.00281203 0.09021744
 0.         0.00832617 0.00510872 0.00021744 0.         0.00851533
 0.00040661 0.01189128]
	[RESULT 51] [0.0114598  0.01751299 0.01605319 0.01165012 0.0037565  0.09210638
 0.         0.00734043 0.00605319 0.00210638 0.         0.0109598
 0.00040661 0.00944681]
	[RESULT 52] [0.0114576  0.0175086  0.01605099 0.01165231 0.0037543  0.09210199
 0.         0.00734702 0.00605099 0.00210199 0.         0.0109576
 0.00040661 0.00944901]
	[RESULT 53] [0.01148628 0.01756594 0.01607966 0.01162364 0.00378297 0.09215933
 0.         0.00726101 0.00607966 0.00215933 0.         0.01098628
 0.00040661 0.00942034]
	[RESULT 54] [0.01145787 0.01750914 0.01605126 0.01165204 0.00375457 0.09210252
 0.         0.00734621 0.00605126 0.00210252 0.         0.01095787
 0.00040661 0.00944874]
	[RESULT 55] [0.01051606 0.01562552 0.01510945 0.01259385 0.00281276 0.0902189
 0.         0.00982836 0.00510945 0.0002189  0.         0.01001606
 0.00040661 0.01039055]
	[RESULT 56] [0.01145896 0.0175113  0.01605235 0.01165096 0.00375565 0.09210469
 0.         0.00734296 0.00605235 0.00210469 0.         0.01095896
 0.00040661 0.00944765]
	[RESULT 57] [0.01148628 0.01756594 0.01607966 0.01162364 0.00378297 0.09215933
 0.         0.00726101 0.00607966 0.00215933 0.         0.01098628
 0.00040661 0.00942034]
	[RESULT 58] [0.01145787 0.01750914 0.01605126 0.01165204 0.00375457 0.09210252
 0.         0.00734621 0.00605126 0.00210252 0.         0.01095787
 0.00040661 0.00944874]
	[RESULT 59] [0.01141045 0.01741429 0.01600384 0.01169947 0.00370715 0.09200768
 0.         0.00748848 0.00600384 0.00200768 0.         0.01091045
 0.00040661 0.00949616]
	[RESULT 60] [0.0114577  0.01750879 0.01605109 0.01165222 0.00375439 0.09210218
 0.         0.00734673 0.00605109 0.00210218 0.         0.0109577
 0.00040661 0.00944891]
	[RESULT 61] [0.01140399 0.01740136 0.01599737 0.01170593 0.00370068 0.09199475
 0.         0.00750788 0.00599737 0.00199475 0.         0.01090399
 0.00040661 0.00950263]
	[RESULT 62] [0.01143789 0.01746916 0.01603127 0.01167203 0.00373458 0.09206255
 0.         0.00740618 0.00603127 0.00206255 0.         0.01093789
 0.00040661 0.00946873]
	[RESULT 63] [0.01140399 0.01740136 0.01599737 0.01170593 0.00370068 0.09199475
 0.         0.00750788 0.00599737 0.00199475 0.         0.01090399
 0.00040661 0.00950263]
	[RESULT 64] [0.01128724 0.01716787 0.01588063 0.01182268 0.00358393 0.09176125
 0.         0.00785812 0.00588063 0.00176125 0.         0.01078724
 0.00040661 0.00961937]
	[RESULT 65] [0.01140399 0.01740136 0.01599737 0.01170593 0.00370068 0.09199475
 0.         0.00750788 0.00599737 0.00199475 0.         0.01090399
 0.00040661 0.00950263]
	[RESULT 66] [0.01139071 0.01737481 0.0159841  0.01171921 0.00368741 0.0919682
 0.         0.0075477  0.0059841  0.0019682  0.         0.01089071
 0.00040661 0.0095159 ]
	[RESULT 67] [0.01145787 0.01750914 0.01605126 0.01165204 0.00375457 0.09210252
 0.         0.00734621 0.00605126 0.00210252 0.         0.01095787
 0.00040661 0.00944874]
	[RESULT 68] [0.01139096 0.01737531 0.01598435 0.01171896 0.00368765 0.0919687
 0.         0.00754695 0.00598435 0.0019687  0.         0.01089096
 0.00040661 0.00951565]
	[RESULT 69] [0.0116494  0.01789218 0.01624278 0.01146052 0.00394609 0.09248557
 0.         0.00677165 0.00624278 0.00248557 0.         0.0111494
 0.00040661 0.00925722]
	[RESULT 70] [0.0116494  0.01789218 0.01624278 0.01146052 0.00394609 0.09248557
 0.         0.00677165 0.00624278 0.00248557 0.         0.0111494
 0.00040661 0.00925722]
	[RESULT 71] [0.01197035 0.0185341  0.01656374 0.01113956 0.00426705 0.09312749
 0.         0.00580877 0.00656374 0.00312749 0.         0.01147035
 0.00040661 0.00893626]
	[RESULT 72] [0.0116494  0.01789218 0.01624278 0.01146052 0.00394609 0.09248557
 0.         0.00677165 0.00624278 0.00248557 0.         0.0111494
 0.00040661 0.00925722]
	[RESULT 73] [0.01216676 0.01892692 0.01676015 0.01094315 0.00446346 0.0935203
 0.         0.00521954 0.00676015 0.0035203  0.         0.01166676
 0.00040661 0.00873985]
	[RESULT 74] [0.01183838 0.01827014 0.01643176 0.01127154 0.00413507 0.09286353
 0.         0.00620471 0.00643176 0.00286353 0.         0.01133838
 0.00040661 0.00906824]
	[RESULT 75] [0.01119723 0.01698785 0.01579062 0.01191269 0.00349393 0.09158124
 0.         0.00812814 0.00579062 0.00158124 0.         0.01069723
 0.00040661 0.00970938]
	[RESULT 76] [0.0116494  0.01789218 0.01624278 0.01146052 0.00394609 0.09248557
 0.         0.00677165 0.00624278 0.00248557 0.         0.0111494
 0.00040661 0.00925722]
	[RESULT 77] [0.01185172 0.01829682 0.0164451  0.01125821 0.00414841 0.0928902
 0.         0.00616469 0.0064451  0.0028902  0.         0.01135172
 0.00040662 0.0090549 ]
	[RESULT 78] [0.0116494  0.01789218 0.01624278 0.01146052 0.00394609 0.09248557
 0.         0.00677165 0.00624278 0.00248557 0.         0.0111494
 0.00040661 0.00925722]
	[RESULT 79] [0.01180235 0.01819808 0.01639573 0.01130757 0.00409904 0.09279147
 0.         0.0063128  0.00639573 0.00279147 0.         0.01130235
 0.00040661 0.00910427]
	[RESULT 80] [0.0119374  0.01846774 0.01653035 0.01117318 0.00423387 0.09306069
 0.         0.00590896 0.00653035 0.00306069 0.         0.0114374
 0.00040705 0.00896965]
	[RESULT 81] [0.01145994 0.01751327 0.01605333 0.01164997 0.00375664 0.09210666
 0.         0.00734001 0.00605333 0.00210666 0.         0.01095994
 0.00040661 0.00944667]
	[RESULT 82] [0.01140399 0.01740136 0.01599737 0.01170593 0.00370068 0.09199475
 0.         0.00750788 0.00599737 0.00199475 0.         0.01090399
 0.00040661 0.00950263]
	[RESULT 83] [0.01143204 0.01745747 0.01602543 0.01167787 0.00372874 0.09205086
 0.         0.00742371 0.00602543 0.00205086 0.         0.01093204
 0.00040661 0.00947457]
	[RESULT 84] [0.01140402 0.01740142 0.01599741 0.0117059  0.00370071 0.09199481
 0.         0.00750778 0.00599741 0.00199481 0.         0.01090402
 0.00040661 0.00950259]
	[RESULT 85] [0.01139083 0.01737506 0.01598422 0.01171908 0.00368753 0.09196845
 0.         0.00754733 0.00598422 0.00196845 0.         0.01089083
 0.00040661 0.00951578]
	[RESULT 86] [0.01137552 0.01734443 0.01596891 0.0117344  0.00367221 0.09193782
 0.         0.00759328 0.00596891 0.00193782 0.         0.01087552
 0.00040661 0.00953109]
	[RESULT 87] [0.01129944 0.01719227 0.01589283 0.01181048 0.00359613 0.09178566
 0.         0.00782151 0.00589283 0.00178566 0.         0.01079944
 0.00040661 0.00960717]
	[RESULT 88] [0.01140402 0.01740142 0.01599741 0.0117059  0.00370071 0.09199481
 0.         0.00750778 0.00599741 0.00199481 0.         0.01090402
 0.00040661 0.00950259]
	[RESULT 89] [0.01139071 0.01737481 0.0159841  0.01171921 0.00368741 0.0919682
 0.         0.0075477  0.0059841  0.0019682  0.         0.01089071
 0.00040661 0.0095159 ]
	[RESULT 90] [0.01140402 0.01740142 0.01599741 0.0117059  0.00370071 0.09199481
 0.         0.00750778 0.00599741 0.00199481 0.         0.01090402
 0.00040661 0.00950259]
	[RESULT 91] [0.01145787 0.01750914 0.01605126 0.01165204 0.00375457 0.09210252
 0.         0.00734621 0.00605126 0.00210252 0.         0.01095787
 0.00040661 0.00944874]
	[RESULT 92] [0.01137318 0.01733976 0.01596657 0.01173673 0.00366988 0.09193315
 0.         0.00760028 0.00596657 0.00193315 0.         0.01087318
 0.00040661 0.00953343]
	[RESULT 93] [0.01187254 0.01833848 0.01646593 0.01123737 0.00416924 0.09293187
 0.         0.0061022  0.00646593 0.00293187 0.         0.01137254
 0.00040661 0.00903407]
	[RESULT 94] [0.01139214 0.01737767 0.01598553 0.01171778 0.00368884 0.09197106
 0.         0.00754341 0.00598553 0.00197106 0.         0.01089214
 0.00040661 0.00951447]
