[METRICS]
	[DISEQUILIBRIUM COUNT] 0
	[MINIMUM S0 sTrt S1 DISTANCE]0.010515307222421666
	[MINIMUM S0 sTrt S21 DISTANCE]0.007149948620143898
	[MINIMUM S0 sTrt S22 DISTANCE]0.015108695652173931
	[MINIMUM S7 sTrt S6 DISTANCE]0.012081897347577808
	[MINIMUM S7 sTrt S8 DISTANCE]0.002812001437297873
	[MINIMUM S7 sTrt S21 DISTANCE]0.09021739130434783
	[MINIMUM S7 esTrt S22 DISTANCE]0.0
	[MINIMUM S14 sTrt S13 DISTANCE]0.002672858746824769
	[MINIMUM S14 sTrt S15 DISTANCE]0.005108695652173922
	[MINIMUM S14 sTrt S21 DISTANCE]0.00021739130434782206
	[MINIMUM S14 sTrt S22 DISTANCE]0.0
	[MINIMUM S20 sTrt S19 DISTANCE]0.008515307222421775
	[MINIMUM S20 sTrt S21 DISTANCE]0.0004066115702479334
	[MINIMUM S20 sTrt S22 DISTANCE]0.0036728587468247836
	[AVERAGE S0 sTrt S1 DISTANCE]0.01067752067570033
	[AVERAGE S0 sTrt S21 DISTANCE]0.015775544082028036
	[AVERAGE S0 sTrt S22 DISTANCE]0.015118046259608522
	[AVERAGE S7 sTrt S6 DISTANCE]0.012665677821826399
	[AVERAGE S7 sTrt S8 DISTANCE]0.002902388231066343
	[AVERAGE S7 sTrt S21 DISTANCE]0.09023609251921706
	[AVERAGE S7 sTrt S22 DISTANCE]0.0
	[AVERAGE S14 sTrt S13 DISTANCE]0.009197483073468625
	[AVERAGE S14 sTrt S15 DISTANCE]0.00511804625960854
	[AVERAGE S14 sTrt S21 DISTANCE]0.00023609251921704108
	[AVERAGE S14 sTrt S22 DISTANCE]0.0
	[AVERAGE S20 sTrt S19 DISTANCE]0.009576960451610796
	[AVERAGE S20 sTrt S21 DISTANCE]0.00046376631861270605
	[AVERAGE S20 sTrt S22 DISTANCE]0.010891757661960086
[VARIABLES]
	[RESULT 1] [0 49.99999999999957 1 4 5 1000.0000000000396 1]
	[RESULT 2] [0 49.999999999999915 1 2 8 1000.0000000000485 1]
	[RESULT 3] [0 49.99999999999997 1 2 8 1000.0000000000292 1]
	[RESULT 4] [0 50.0 1 3 7 1000.0000000000089 1]
	[RESULT 5] [0 49.99999917313145 1 4 11 1024.0488332085927 1]
	[RESULT 6] [0 50.0 1 2 7 1000.0000000000299 1]
	[RESULT 7] [0 50.0 1 3 7 1000.0000000000089 1]
	[RESULT 8] [0 49.999999999999915 1 2 8 1000.0000000000485 1]
	[RESULT 9] [0 49.999999999999915 1 2 8 1000.0000000000485 1]
	[RESULT 10] [0 50.0 1 3 7 1000.0000000000089 1]
	[RESULT 11] [0 49.999999999999915 1 2 8 1000.0000000000485 1]
	[RESULT 12] [0 50.0 1 2 7 1000.0000000000001 1]
	[RESULT 13] [0 50.0 1 2 8 1000.0000000000389 1]
	[RESULT 14] [0 50.0 1 3 8 1000.0000000000022 1]
	[RESULT 15] [0 49.999999999999915 1 2 8 1000.0000000000485 1]
	[RESULT 16] [0 49.99999999999994 1 2 8 1000.0000000000292 1]
	[RESULT 17] [0 50.0 1 1 7 1000.0000000000089 1]
	[RESULT 18] [0 49.99999999999957 1 1 5 1000.0 1]
	[RESULT 19] [0 50.0 1 1 7 1000.0000000000089 1]
	[RESULT 20] [0 50.0 1 1 7 1000.0000000000089 1]
	[RESULT 21] [0 50.0 1 1 7 1000.0000000000089 1]
	[RESULT 22] [0 50.0 1 1 7 1000.0000000000089 1]
	[RESULT 23] [0 50.0 1 2 8 1000.0000000000389 1]
	[RESULT 24] [0 50.0 1 3 9 1000.0000000000077 1]
	[RESULT 25] [0 50.0 1 2 8 1000.0000000000352 1]
	[RESULT 26] [0 50.0 1 2 8 1000.0000000000352 1]
	[RESULT 27] [0 50.0 1 2 8 1000.0000000000352 1]
	[RESULT 28] [0 50.0 1 1 7 1000.0000000000089 1]
	[RESULT 29] [0 50.0 1 2 8 1000.0000000000352 1]
	[RESULT 30] [0 49.999999999999915 1 2 8 1000.0000000000485 1]
	[RESULT 31] [0 50.0 1 3 7 1000.0000000000089 1]
	[RESULT 32] [0 49.999999999999915 1 2 8 1000.0000000000485 1]
	[RESULT 33] [0 49.999999999999915 1 2 8 1000.0000000000485 1]
	[RESULT 34] [0 49.999999999999915 1 2 8 1000.0000000000485 1]
	[RESULT 35] [0 50.0 1 1 7 1000.0000000000089 1]
	[RESULT 36] [0 49.999999999999915 1 2 8 1000.0000000000485 1]
	[RESULT 37] [0 49.999999999999915 1 2 8 1000.0000000000485 1]
	[RESULT 38] [0 50.0 1 2 8 1000.0000000000389 1]
	[RESULT 39] [0 50.0 1 3 7 1000.0000000000089 1]
	[RESULT 40] [0 50.0 1 2 7 1000.0000000000389 1]
	[RESULT 41] [0 50.0 1 1 7 1000.0000000000089 1]
	[RESULT 42] [0 50.0 1 2 8 1000.0000000000352 1]
	[RESULT 43] [0 49.999999999999915 1 2 8 1000.0000000000485 1]
	[RESULT 44] [0 50.0 1 2 7 1000.0000000000389 1]
	[RESULT 45] [0 50.0 1 4 6 1000.0000000000152 1]
	[RESULT 46] [0 50.0 1 2 7 1000.0000000000389 1]
	[RESULT 47] [0 50.0 1 2 7 1000.0000000000018 1]
	[RESULT 48] [0 50.0 1 2 7 1000.0000000000018 1]
	[RESULT 49] [0 50.0 1 2 7 1000.0000000000018 1]
	[RESULT 50] [0 50.0 1 1 8 1000.0000000000089 1]
	[RESULT 51] [0 50.0 1 2 7 1000.0000000000018 1]
	[RESULT 52] [0 49.999999999999915 1 2 8 1000.0000000000485 1]
	[RESULT 53] [0 50.0 1 2 9 1000.0000000000438 1]
	[RESULT 54] [0 50.0 1 2 9 1000.0000000000438 1]
	[RESULT 55] [0 50.0 1 3 7 1000.0000000000089 1]
	[RESULT 56] [0 50.0 1 1 7 1000.0000000000089 1]
	[RESULT 57] [0 50.0 1 4 6 1000.0000000000152 1]
	[RESULT 58] [0 50.0 1 2 8 1000.0000000000389 1]
	[RESULT 59] [0 49.999999999999915 1 2 8 1000.0000000000485 1]
	[RESULT 60] [0 49.99999999999994 1 2 8 1000.0000000000292 1]
	[RESULT 61] [0 37.876825369131836 1 1 7 1000.0000000000025 1]
	[RESULT 62] [0 50.0 1 2 8 1000.0 1]
	[RESULT 63] [0 49.999999999999915 1 2 8 1000.0000000000485 1]
	[RESULT 64] [0 49.999999999999915 1 2 7 1000.0000000000047 1]
	[RESULT 65] [0 50.0 1 2 8 1000.0 1]
	[RESULT 66] [0 50.0 1 2 8 1000.0 1]
	[RESULT 67] [0 50.0 1 2 8 1000.0000000000389 1]
	[RESULT 68] [0 50.0 1 3 7 1000.0000000000089 1]
	[RESULT 69] [0 50.0 1 2 7 1000.0000000000299 1]
	[RESULT 70] [0 50.0 1 2 7 1000.0000000000299 1]
	[RESULT 71] [0 50.0 1 2 7 1000.0000000000299 1]
	[RESULT 72] [0 49.99999999999957 1 1 5 1000.0 1]
	[RESULT 73] [0 50.0 1 2 7 1000.0000000000299 1]
	[RESULT 74] [0 49.999999999999915 1 2 8 1000.0000000000485 1]
	[RESULT 75] [0 50.0 1 2 7 1000.0000000000299 1]
	[RESULT 76] [0 50.0 1 2 7 1000.0000000000299 1]
[OBJECTIVES]
	[RESULT 1] [0.01051531 0.015624   0.0151087  0.01259461 0.002812   0.09021739
 0.         0.00832609 0.0051087  0.00021739 0.         0.00851531
 0.00040661 0.0118913 ]
	[RESULT 2] [0.01051531 0.015624   0.0151087  0.01259461 0.002812   0.09021739
 0.         0.00932609 0.0051087  0.00021739 0.         0.00951531
 0.00040661 0.0108913 ]
	[RESULT 3] [0.01051531 0.015624   0.0151087  0.01259461 0.002812   0.09021739
 0.         0.00932609 0.0051087  0.00021739 0.         0.00951531
 0.00040661 0.0108913 ]
	[RESULT 4] [0.01051531 0.015624   0.0151087  0.01259461 0.002812   0.09021739
 0.         0.00882609 0.0051087  0.00021739 0.         0.00901531
 0.00040661 0.0113913 ]
	[RESULT 5] [0.01051696 0.01562566 0.0151087  0.01259544 0.00281283 0.09021739
 0.         0.00832609 0.0051087  0.00021739 0.         0.00851696
 0.00040827 0.0118913 ]
	[RESULT 6] [0.01051531 0.015624   0.0151087  0.01259461 0.002812   0.09021739
 0.         0.00932609 0.0051087  0.00021739 0.         0.00951531
 0.00040661 0.0108913 ]
	[RESULT 7] [0.01051531 0.015624   0.0151087  0.01259461 0.002812   0.09021739
 0.         0.00882609 0.0051087  0.00021739 0.         0.00901531
 0.00040661 0.0113913 ]
	[RESULT 8] [0.01051531 0.015624   0.0151087  0.01259461 0.002812   0.09021739
 0.         0.00932609 0.0051087  0.00021739 0.         0.00951531
 0.00040661 0.0108913 ]
	[RESULT 9] [0.01051531 0.015624   0.0151087  0.01259461 0.002812   0.09021739
 0.         0.00932609 0.0051087  0.00021739 0.         0.00951531
 0.00040661 0.0108913 ]
	[RESULT 10] [0.01051531 0.015624   0.0151087  0.01259461 0.002812   0.09021739
 0.         0.00882609 0.0051087  0.00021739 0.         0.00901531
 0.00040661 0.0113913 ]
	[RESULT 11] [0.01051531 0.015624   0.0151087  0.01259461 0.002812   0.09021739
 0.         0.00932609 0.0051087  0.00021739 0.         0.00951531
 0.00040661 0.0108913 ]
	[RESULT 12] [0.01051531 0.015624   0.0151087  0.01259461 0.002812   0.09021739
 0.         0.00932609 0.0051087  0.00021739 0.         0.00951531
 0.00040661 0.0108913 ]
	[RESULT 13] [0.01051531 0.015624   0.0151087  0.01259461 0.002812   0.09021739
 0.         0.00932609 0.0051087  0.00021739 0.         0.00951531
 0.00040661 0.0108913 ]
	[RESULT 14] [0.01051531 0.015624   0.0151087  0.01259461 0.002812   0.09021739
 0.         0.00882609 0.0051087  0.00021739 0.         0.00901531
 0.00040661 0.0113913 ]
	[RESULT 15] [0.01051531 0.015624   0.0151087  0.01259461 0.002812   0.09021739
 0.         0.00932609 0.0051087  0.00021739 0.         0.00951531
 0.00040661 0.0108913 ]
	[RESULT 16] [0.01051531 0.015624   0.0151087  0.01259461 0.002812   0.09021739
 0.         0.00932609 0.0051087  0.00021739 0.         0.00951531
 0.00040661 0.0108913 ]
	[RESULT 17] [0.01051531 0.015624   0.0151087  0.01259461 0.002812   0.09021739
 0.         0.00982609 0.0051087  0.00021739 0.         0.01001531
 0.00040661 0.0103913 ]
	[RESULT 18] [0.01051531 0.015624   0.0151087  0.01259461 0.002812   0.09021739
 0.         0.00982609 0.0051087  0.00021739 0.         0.01001531
 0.00040661 0.0103913 ]
	[RESULT 19] [0.01051531 0.015624   0.0151087  0.01259461 0.002812   0.09021739
 0.         0.00982609 0.0051087  0.00021739 0.         0.01001531
 0.00040661 0.0103913 ]
	[RESULT 20] [0.01051531 0.015624   0.0151087  0.01259461 0.002812   0.09021739
 0.         0.00982609 0.0051087  0.00021739 0.         0.01001531
 0.00040661 0.0103913 ]
	[RESULT 21] [0.01051531 0.015624   0.0151087  0.01259461 0.002812   0.09021739
 0.         0.00982609 0.0051087  0.00021739 0.         0.01001531
 0.00040661 0.0103913 ]
	[RESULT 22] [0.01051531 0.015624   0.0151087  0.01259461 0.002812   0.09021739
 0.         0.00982609 0.0051087  0.00021739 0.         0.01001531
 0.00040661 0.0103913 ]
	[RESULT 23] [0.01051531 0.015624   0.0151087  0.01259461 0.002812   0.09021739
 0.         0.00932609 0.0051087  0.00021739 0.         0.00951531
 0.00040661 0.0108913 ]
	[RESULT 24] [0.01051531 0.015624   0.0151087  0.01259461 0.002812   0.09021739
 0.         0.00882609 0.0051087  0.00021739 0.         0.00901531
 0.00040661 0.0113913 ]
	[RESULT 25] [0.01051531 0.015624   0.0151087  0.01259461 0.002812   0.09021739
 0.         0.00932609 0.0051087  0.00021739 0.         0.00951531
 0.00040661 0.0108913 ]
	[RESULT 26] [0.01051531 0.015624   0.0151087  0.01259461 0.002812   0.09021739
 0.         0.00932609 0.0051087  0.00021739 0.         0.00951531
 0.00040661 0.0108913 ]
	[RESULT 27] [0.01051531 0.015624   0.0151087  0.01259461 0.002812   0.09021739
 0.         0.00932609 0.0051087  0.00021739 0.         0.00951531
 0.00040661 0.0108913 ]
	[RESULT 28] [0.01051531 0.015624   0.0151087  0.01259461 0.002812   0.09021739
 0.         0.00982609 0.0051087  0.00021739 0.         0.01001531
 0.00040661 0.0103913 ]
	[RESULT 29] [0.01051531 0.015624   0.0151087  0.01259461 0.002812   0.09021739
 0.         0.00932609 0.0051087  0.00021739 0.         0.00951531
 0.00040661 0.0108913 ]
	[RESULT 30] [0.01051531 0.015624   0.0151087  0.01259461 0.002812   0.09021739
 0.         0.00932609 0.0051087  0.00021739 0.         0.00951531
 0.00040661 0.0108913 ]
	[RESULT 31] [0.01051531 0.015624   0.0151087  0.01259461 0.002812   0.09021739
 0.         0.00882609 0.0051087  0.00021739 0.         0.00901531
 0.00040661 0.0113913 ]
	[RESULT 32] [0.01051531 0.015624   0.0151087  0.01259461 0.002812   0.09021739
 0.         0.00932609 0.0051087  0.00021739 0.         0.00951531
 0.00040661 0.0108913 ]
	[RESULT 33] [0.01051531 0.015624   0.0151087  0.01259461 0.002812   0.09021739
 0.         0.00932609 0.0051087  0.00021739 0.         0.00951531
 0.00040661 0.0108913 ]
	[RESULT 34] [0.01051531 0.015624   0.0151087  0.01259461 0.002812   0.09021739
 0.         0.00932609 0.0051087  0.00021739 0.         0.00951531
 0.00040661 0.0108913 ]
	[RESULT 35] [0.01051531 0.015624   0.0151087  0.01259461 0.002812   0.09021739
 0.         0.00982609 0.0051087  0.00021739 0.         0.01001531
 0.00040661 0.0103913 ]
	[RESULT 36] [0.01051531 0.015624   0.0151087  0.01259461 0.002812   0.09021739
 0.         0.00932609 0.0051087  0.00021739 0.         0.00951531
 0.00040661 0.0108913 ]
	[RESULT 37] [0.01051531 0.015624   0.0151087  0.01259461 0.002812   0.09021739
 0.         0.00932609 0.0051087  0.00021739 0.         0.00951531
 0.00040661 0.0108913 ]
	[RESULT 38] [0.01051531 0.015624   0.0151087  0.01259461 0.002812   0.09021739
 0.         0.00932609 0.0051087  0.00021739 0.         0.00951531
 0.00040661 0.0108913 ]
	[RESULT 39] [0.01051531 0.015624   0.0151087  0.01259461 0.002812   0.09021739
 0.         0.00882609 0.0051087  0.00021739 0.         0.00901531
 0.00040661 0.0113913 ]
	[RESULT 40] [0.01051531 0.015624   0.0151087  0.01259461 0.002812   0.09021739
 0.         0.00932609 0.0051087  0.00021739 0.         0.00951531
 0.00040661 0.0108913 ]
	[RESULT 41] [0.01051531 0.015624   0.0151087  0.01259461 0.002812   0.09021739
 0.         0.00982609 0.0051087  0.00021739 0.         0.01001531
 0.00040661 0.0103913 ]
	[RESULT 42] [0.01051531 0.015624   0.0151087  0.01259461 0.002812   0.09021739
 0.         0.00932609 0.0051087  0.00021739 0.         0.00951531
 0.00040661 0.0108913 ]
	[RESULT 43] [0.01051531 0.015624   0.0151087  0.01259461 0.002812   0.09021739
 0.         0.00932609 0.0051087  0.00021739 0.         0.00951531
 0.00040661 0.0108913 ]
	[RESULT 44] [0.01051531 0.015624   0.0151087  0.01259461 0.002812   0.09021739
 0.         0.00932609 0.0051087  0.00021739 0.         0.00951531
 0.00040661 0.0108913 ]
	[RESULT 45] [0.01051531 0.015624   0.0151087  0.01259461 0.002812   0.09021739
 0.         0.00832609 0.0051087  0.00021739 0.         0.00851531
 0.00040661 0.0118913 ]
	[RESULT 46] [0.01051531 0.015624   0.0151087  0.01259461 0.002812   0.09021739
 0.         0.00932609 0.0051087  0.00021739 0.         0.00951531
 0.00040661 0.0108913 ]
	[RESULT 47] [0.01051531 0.015624   0.0151087  0.01259461 0.002812   0.09021739
 0.         0.00932609 0.0051087  0.00021739 0.         0.00951531
 0.00040661 0.0108913 ]
	[RESULT 48] [0.01051531 0.015624   0.0151087  0.01259461 0.002812   0.09021739
 0.         0.00932609 0.0051087  0.00021739 0.         0.00951531
 0.00040661 0.0108913 ]
	[RESULT 49] [0.01051531 0.015624   0.0151087  0.01259461 0.002812   0.09021739
 0.         0.00932609 0.0051087  0.00021739 0.         0.00951531
 0.00040661 0.0108913 ]
	[RESULT 50] [0.01051531 0.015624   0.0151087  0.01259461 0.002812   0.09021739
 0.         0.00982609 0.0051087  0.00021739 0.         0.01001531
 0.00040661 0.0103913 ]
	[RESULT 51] [0.01051531 0.015624   0.0151087  0.01259461 0.002812   0.09021739
 0.         0.00932609 0.0051087  0.00021739 0.         0.00951531
 0.00040661 0.0108913 ]
	[RESULT 52] [0.01051531 0.015624   0.0151087  0.01259461 0.002812   0.09021739
 0.         0.00932609 0.0051087  0.00021739 0.         0.00951531
 0.00040661 0.0108913 ]
	[RESULT 53] [0.01051531 0.015624   0.0151087  0.01259461 0.002812   0.09021739
 0.         0.00932609 0.0051087  0.00021739 0.         0.00951531
 0.00040661 0.0108913 ]
	[RESULT 54] [0.01051531 0.015624   0.0151087  0.01259461 0.002812   0.09021739
 0.         0.00932609 0.0051087  0.00021739 0.         0.00951531
 0.00040661 0.0108913 ]
	[RESULT 55] [0.01051531 0.015624   0.0151087  0.01259461 0.002812   0.09021739
 0.         0.00882609 0.0051087  0.00021739 0.         0.00901531
 0.00040661 0.0113913 ]
	[RESULT 56] [0.01051531 0.015624   0.0151087  0.01259461 0.002812   0.09021739
 0.         0.00982609 0.0051087  0.00021739 0.         0.01001531
 0.00040661 0.0103913 ]
	[RESULT 57] [0.01051531 0.015624   0.0151087  0.01259461 0.002812   0.09021739
 0.         0.00832609 0.0051087  0.00021739 0.         0.00851531
 0.00040661 0.0118913 ]
	[RESULT 58] [0.01051531 0.015624   0.0151087  0.01259461 0.002812   0.09021739
 0.         0.00932609 0.0051087  0.00021739 0.         0.00951531
 0.00040661 0.0108913 ]
	[RESULT 59] [0.01051531 0.015624   0.0151087  0.01259461 0.002812   0.09021739
 0.         0.00932609 0.0051087  0.00021739 0.         0.00951531
 0.00040661 0.0108913 ]
	[RESULT 60] [0.01051531 0.015624   0.0151087  0.01259461 0.002812   0.09021739
 0.         0.00932609 0.0051087  0.00021739 0.         0.00951531
 0.00040661 0.0108913 ]
	[RESULT 61] [0.01055421 0.0157018  0.01514759 0.01255571 0.0028509  0.09029519
 0.         0.00994278 0.00514759 0.00029519 0.         0.01005421
 0.00040661 0.01035241]
	[RESULT 62] [0.01051531 0.015624   0.0151087  0.01259461 0.002812   0.09021739
 0.         0.00932609 0.0051087  0.00021739 0.         0.00951531
 0.00040661 0.0108913 ]
	[RESULT 63] [0.01051531 0.015624   0.0151087  0.01259461 0.002812   0.09021739
 0.         0.00932609 0.0051087  0.00021739 0.         0.00951531
 0.00040661 0.0108913 ]
	[RESULT 64] [0.01051531 0.015624   0.0151087  0.01259461 0.002812   0.09021739
 0.         0.00932609 0.0051087  0.00021739 0.         0.00951531
 0.00040661 0.0108913 ]
	[RESULT 65] [0.01051531 0.015624   0.0151087  0.01259461 0.002812   0.09021739
 0.         0.00932609 0.0051087  0.00021739 0.         0.00951531
 0.00040661 0.0108913 ]
	[RESULT 66] [0.01051531 0.015624   0.0151087  0.01259461 0.002812   0.09021739
 0.         0.00932609 0.0051087  0.00021739 0.         0.00951531
 0.00040661 0.0108913 ]
	[RESULT 67] [0.01051531 0.015624   0.0151087  0.01259461 0.002812   0.09021739
 0.         0.00932609 0.0051087  0.00021739 0.         0.00951531
 0.00040661 0.0108913 ]
	[RESULT 68] [0.01051531 0.015624   0.0151087  0.01259461 0.002812   0.09021739
 0.         0.00882609 0.0051087  0.00021739 0.         0.00901531
 0.00040661 0.0113913 ]
	[RESULT 69] [0.01051531 0.015624   0.0151087  0.01259461 0.002812   0.09021739
 0.         0.00932609 0.0051087  0.00021739 0.         0.00951531
 0.00040661 0.0108913 ]
	[RESULT 70] [0.01051531 0.015624   0.0151087  0.01259461 0.002812   0.09021739
 0.         0.00932609 0.0051087  0.00021739 0.         0.00951531
 0.00040661 0.0108913 ]
	[RESULT 71] [0.01051531 0.015624   0.0151087  0.01259461 0.002812   0.09021739
 0.         0.00932609 0.0051087  0.00021739 0.         0.00951531
 0.00040661 0.0108913 ]
	[RESULT 72] [0.01051531 0.015624   0.0151087  0.01259461 0.002812   0.09021739
 0.         0.00982609 0.0051087  0.00021739 0.         0.01001531
 0.00040661 0.0103913 ]
	[RESULT 73] [0.01051531 0.015624   0.0151087  0.01259461 0.002812   0.09021739
 0.         0.00932609 0.0051087  0.00021739 0.         0.00951531
 0.00040661 0.0108913 ]
	[RESULT 74] [0.01051531 0.015624   0.0151087  0.01259461 0.002812   0.09021739
 0.         0.00932609 0.0051087  0.00021739 0.         0.00951531
 0.00040661 0.0108913 ]
	[RESULT 75] [0.01051531 0.015624   0.0151087  0.01259461 0.002812   0.09021739
 0.         0.00932609 0.0051087  0.00021739 0.         0.00951531
 0.00040661 0.0108913 ]
	[RESULT 76] [0.01051531 0.015624   0.0151087  0.01259461 0.002812   0.09021739
 0.         0.00932609 0.0051087  0.00021739 0.         0.00951531
 0.00040661 0.0108913 ]
