[METRICS]
	[DISEQUILIBRIUM COUNT] 0
	[MINIMUM S0 sTrt S1 DISTANCE]0.010515307222421666
	[MINIMUM S0 sTrt S21 DISTANCE]0.008445378639897486
	[MINIMUM S0 sTrt S22 DISTANCE]0.015108695652173931
	[MINIMUM S7 sTrt S6 DISTANCE]0.007984168246849499
	[MINIMUM S7 sTrt S8 DISTANCE]0.002812001437297873
	[MINIMUM S7 sTrt S21 DISTANCE]0.09021739130434783
	[MINIMUM S7 esTrt S22 DISTANCE]0.0
	[MINIMUM S14 sTrt S13 DISTANCE]0.0002808624616854605
	[MINIMUM S14 sTrt S15 DISTANCE]0.005108695652173922
	[MINIMUM S14 sTrt S21 DISTANCE]0.00021739130434782206
	[MINIMUM S14 sTrt S22 DISTANCE]0.0
	[MINIMUM S20 sTrt S19 DISTANCE]0.008515307222421775
	[MINIMUM S20 sTrt S21 DISTANCE]0.0004066115702479334
	[MINIMUM S20 sTrt S22 DISTANCE]0.004727911824039872
	[AVERAGE S0 sTrt S1 DISTANCE]0.010948471371755267
	[AVERAGE S0 sTrt S21 DISTANCE]0.016280322284482077
	[AVERAGE S0 sTrt S22 DISTANCE]0.015359494872969507
	[AVERAGE S7 sTrt S6 DISTANCE]0.012440156793592881
	[AVERAGE S7 sTrt S8 DISTANCE]0.0031595601965720985
	[AVERAGE S7 sTrt S21 DISTANCE]0.09071898974593895
	[AVERAGE S7 sTrt S22 DISTANCE]0.0
	[AVERAGE S14 sTrt S13 DISTANCE]0.008328096984725175
	[AVERAGE S14 sTrt S15 DISTANCE]0.005359494872969524
	[AVERAGE S14 sTrt S21 DISTANCE]0.0007189897459390084
	[AVERAGE S14 sTrt S22 DISTANCE]0.0
	[AVERAGE S20 sTrt S19 DISTANCE]0.00946928938572092
	[AVERAGE S20 sTrt S21 DISTANCE]0.00047345021890386936
	[AVERAGE S20 sTrt S22 DISTANCE]0.011010112970167763
[VARIABLES]
	[RESULT 1] [0 50.0 1 4 14 1000.0000000000132 1]
	[RESULT 2] [0 50.0 1 4 14 1000.0 1]
	[RESULT 3] [0 9.36955655808588 1 1 17 1000.0022208332971 1]
	[RESULT 4] [0 9.153516726592335 1 1 17 1000.0000000000102 1]
	[RESULT 5] [0 50.0 1 4 14 1000.0000000000032 1]
	[RESULT 6] [0 50.0 1 4 15 1000.000000000001 1]
	[RESULT 7] [0 50.0 1 4 14 1000.0000000000132 1]
	[RESULT 8] [0 9.381471017403282 1 1 17 1000.0000091624603 1]
	[RESULT 9] [0 9.381471017403282 1 1 17 1000.0000091624603 1]
	[RESULT 10] [0 50.0 1 4 17 1000.0000000000146 1]
	[RESULT 11] [0 50.0 1 4 15 1000.000000000001 1]
	[RESULT 12] [0 50.0 1 4 15 1000.000000000001 1]
	[RESULT 13] [0 50.0 1 4 15 1000.000000000001 1]
	[RESULT 14] [0 9.09778284819405 1 1 14 1000.0000023272205 1]
	[RESULT 15] [0 9.764814630577332 1 1 17 1000.0006150485759 1]
	[RESULT 16] [0 9.37663244408743 1 1 17 1000.0000045875727 1]
	[RESULT 17] [0 50.0 1 4 14 1000.0000000000146 1]
	[RESULT 18] [0 50.0 1 4 14 1000.0000000000049 1]
	[RESULT 19] [0 50.0 1 4 14 1000.0000000000132 1]
	[RESULT 20] [0 10.768998488514239 1 1 14 1000.0 1]
	[RESULT 21] [0 10.768998488514239 1 1 14 1000.0 1]
	[RESULT 22] [0 10.912059866727443 1 1 16 1000.0000017146037 1]
	[RESULT 23] [0 9.599893035508055 1 1 15 1000.0000005441714 1]
	[RESULT 24] [0 10.768998488514239 1 1 14 1000.0000000000146 1]
	[RESULT 25] [0 50.0 1 1 17 1000.0000000000132 1]
	[RESULT 26] [0 50.0 1 4 14 1000.0000000000132 1]
	[RESULT 27] [0 9.381981655089175 1 1 17 1000.000003109041 1]
	[RESULT 28] [0 9.37663244408743 1 1 17 1000.0000045875727 1]
	[RESULT 29] [0 50.0 1 4 14 1000.0000000000146 1]
	[RESULT 30] [0 10.768998488514239 1 1 14 1000.0 1]
	[RESULT 31] [0 9.381981655089175 1 1 17 1000.000003109041 1]
	[RESULT 32] [0 9.09778284819405 1 1 14 1000.0000023272205 1]
	[RESULT 33] [0 50.0 1 4 17 1000.0000000000146 1]
	[RESULT 34] [0 50.0 1 4 17 1000.0000000000136 1]
	[RESULT 35] [0 50.0 1 4 17 1000.0000000000136 1]
	[RESULT 36] [0 50.0 1 4 14 1000.0000000000146 1]
	[RESULT 37] [0 50.0 1 4 17 1000.0000000000136 1]
	[RESULT 38] [0 9.599893035508055 1 1 15 1000.0000005441714 1]
	[RESULT 39] [0 50.0 1 4 17 1000.0000000000136 1]
	[RESULT 40] [0 50.0 1 4 17 1000.0000000000136 1]
	[RESULT 41] [0 9.09778284819405 1 1 14 1000.0000023272205 1]
	[RESULT 42] [0 9.708548692002779 1 1 14 1000.0000023272205 1]
	[RESULT 43] [0 50.0 1 4 17 1000.0000000000136 1]
	[RESULT 44] [0 9.369399895628836 1 1 17 1000.0000071290378 1]
	[RESULT 45] [0 50.0 1 4 14 1000.0000000000146 1]
	[RESULT 46] [0 50.0 1 4 17 1000.0000000000146 1]
	[RESULT 47] [0 10.768998488514239 1 1 14 1000.0000000000146 1]
	[RESULT 48] [0 9.369399895628836 1 1 17 1000.0000071290378 1]
	[RESULT 49] [0 50.0 1 4 17 1000.0000000000136 1]
	[RESULT 50] [0 50.0 1 4 17 1000.0 1]
	[RESULT 51] [0 9.34419382392118 1 1 17 1000.0000000001901 1]
	[RESULT 52] [0 9.369627738916607 1 1 15 1000.0000000051579 1]
	[RESULT 53] [0 9.302779656680901 1 1 14 1000.0000011739277 1]
	[RESULT 54] [0 9.369399895628836 1 1 17 1000.0000071290378 1]
	[RESULT 55] [0 9.369400567770048 1 1 16 1000.0000017146037 1]
	[RESULT 56] [0 50.0 1 1 15 1000.0000000000132 1]
	[RESULT 57] [0 9.369399895628836 1 1 17 1000.0000071290378 1]
	[RESULT 58] [0 9.36962885327318 1 1 20 1000.0000017146037 1]
	[RESULT 59] [0 50.0 1 4 14 1000.0000000000132 1]
	[RESULT 60] [0 9.708548692002779 1 1 14 1000.0000023272205 1]
	[RESULT 61] [0 50.0 1 4 17 1000.0000000000146 1]
	[RESULT 62] [0 9.708548692002779 1 1 14 1000.0000023272205 1]
	[RESULT 63] [0 50.0 1 4 14 1000.0000000000146 1]
	[RESULT 64] [0 50.0 1 4 17 1000.0000000000146 1]
	[RESULT 65] [0 10.768998488514239 1 1 14 1000.0000000000146 1]
	[RESULT 66] [0 50.0 1 4 17 1000.0000000000146 1]
	[RESULT 67] [0 50.0 1 4 17 1000.0000000000146 1]
	[RESULT 68] [0 9.369400567770048 1 1 16 1000.0000017146037 1]
	[RESULT 69] [0 50.0 1 4 17 1000.0000000000146 1]
	[RESULT 70] [0 50.0 1 4 14 1000.0000000000032 1]
	[RESULT 71] [0 8.234523183273929 1 1 18 1004.6906378078177 3]
	[RESULT 72] [0 7.438034822235091 1 1 13 1000.0000000059574 1]
	[RESULT 73] [0 8.15167651776736 1 1 14 1000.0000014617225 1]
	[RESULT 74] [0 7.046717446976967 1 1 18 1000.1512940255493 1]
	[RESULT 75] [0 7.874212266747344 1 1 14 1000.0000024983426 1]
	[RESULT 76] [0 11.45923433934201 1 1 17 1000.0009285655847 1]
	[RESULT 77] [0 8.178058773711573 1 1 18 1014.8346446803043 1]
	[RESULT 78] [0 7.046717446976967 1 1 18 1000.1512940255493 1]
	[RESULT 79] [0 7.693104320843242 1 1 15 1000.0007911850801 1]
	[RESULT 80] [0 8.670219374871529 1 1 14 1000.00000252729 1]
	[RESULT 81] [0 7.884649747303063 1 1 16 1000.0006886833801 1]
	[RESULT 82] [0 9.09778284819405 1 1 14 1000.0000023272205 1]
	[RESULT 83] [0 9.404422500481289 1 1 14 1000.0000002469499 1]
	[RESULT 84] [0 9.37663244408743 1 1 17 1000.0000045875727 1]
	[RESULT 85] [0 50.0 1 4 14 1000.0000000000146 1]
	[RESULT 86] [0 50.0 1 4 17 1000.0000000000136 1]
	[RESULT 87] [0 10.768998488514239 1 1 14 1000.0000000000146 1]
	[RESULT 88] [0 9.775259788733877 1 1 17 1000.0661299557177 1]
	[RESULT 89] [0 50.0 1 4 17 1000.0000000000167 1]
	[RESULT 90] [0 50.0 1 4 14 1000.0000000000146 1]
	[RESULT 91] [0 9.369400567770048 1 1 16 1000.0000017146037 1]
	[RESULT 92] [0 50.0 1 4 17 1000.0000000000146 1]
	[RESULT 93] [0 7.693104320843242 1 1 15 1000.0007911850801 1]
	[RESULT 94] [0 9.404422500481289 1 1 14 1000.0000002469499 1]
[OBJECTIVES]
	[RESULT 1] [0.01051531 0.015624   0.0151087  0.01259461 0.002812   0.09021739
 0.         0.00832609 0.0051087  0.00021739 0.         0.00851531
 0.00040661 0.0118913 ]
	[RESULT 2] [0.01051531 0.015624   0.0151087  0.01259461 0.002812   0.09021739
 0.         0.00832609 0.0051087  0.00021739 0.         0.00851531
 0.00040661 0.0118913 ]
	[RESULT 3] [0.01133779 0.01726896 0.01593118 0.01177213 0.00363448 0.09186235
 0.         0.00770647 0.00593118 0.00186235 0.         0.01083779
 0.00040661 0.00956882]
	[RESULT 4] [0.01137682 0.01734703 0.01597021 0.01173309 0.00367352 0.09194042
 0.         0.00758937 0.00597021 0.00194042 0.         0.01087682
 0.00040661 0.00952979]
	[RESULT 5] [0.01051531 0.015624   0.0151087  0.01259461 0.002812   0.09021739
 0.         0.00832609 0.0051087  0.00021739 0.         0.00851531
 0.00040661 0.0118913 ]
	[RESULT 6] [0.01051531 0.015624   0.0151087  0.01259461 0.002812   0.09021739
 0.         0.00832609 0.0051087  0.00021739 0.         0.00851531
 0.00040661 0.0118913 ]
	[RESULT 7] [0.01051531 0.015624   0.0151087  0.01259461 0.002812   0.09021739
 0.         0.00832609 0.0051087  0.00021739 0.         0.00851531
 0.00040661 0.0118913 ]
	[RESULT 8] [0.01133573 0.01726484 0.01592911 0.01177419 0.00363242 0.09185823
 0.         0.00771266 0.00592911 0.00185823 0.         0.01083573
 0.00040661 0.00957089]
	[RESULT 9] [0.01133573 0.01726484 0.01592911 0.01177419 0.00363242 0.09185823
 0.         0.00771266 0.00592911 0.00185823 0.         0.01083573
 0.00040661 0.00957089]
	[RESULT 10] [0.01051531 0.015624   0.0151087  0.01259461 0.002812   0.09021739
 0.         0.00832609 0.0051087  0.00021739 0.         0.00851531
 0.00040661 0.0118913 ]
	[RESULT 11] [0.01051531 0.015624   0.0151087  0.01259461 0.002812   0.09021739
 0.         0.00832609 0.0051087  0.00021739 0.         0.00851531
 0.00040661 0.0118913 ]
	[RESULT 12] [0.01051531 0.015624   0.0151087  0.01259461 0.002812   0.09021739
 0.         0.00832609 0.0051087  0.00021739 0.         0.00851531
 0.00040661 0.0118913 ]
	[RESULT 13] [0.01051531 0.015624   0.0151087  0.01259461 0.002812   0.09021739
 0.         0.00832609 0.0051087  0.00021739 0.         0.00851531
 0.00040661 0.0118913 ]
	[RESULT 14] [0.01138743 0.01736825 0.01598082 0.01172249 0.00368412 0.09196164
 0.         0.00755754 0.00598082 0.00196164 0.         0.01088743
 0.00040661 0.00951918]
	[RESULT 15] [0.01127394 0.01714127 0.01586733 0.01183598 0.00357064 0.09173466
 0.         0.00789801 0.00586733 0.00173466 0.         0.01077394
 0.00040661 0.00963267]
	[RESULT 16] [0.01133656 0.01726651 0.01592995 0.01177336 0.00363326 0.0918599
 0.         0.00771015 0.00592995 0.0018599  0.         0.01083656
 0.00040661 0.00957005]
	[RESULT 17] [0.01051531 0.015624   0.0151087  0.01259461 0.002812   0.09021739
 0.         0.00832609 0.0051087  0.00021739 0.         0.00851531
 0.00040661 0.0118913 ]
	[RESULT 18] [0.01051531 0.015624   0.0151087  0.01259461 0.002812   0.09021739
 0.         0.00832609 0.0051087  0.00021739 0.         0.00851531
 0.00040661 0.0118913 ]
	[RESULT 19] [0.01051531 0.015624   0.0151087  0.01259461 0.002812   0.09021739
 0.         0.00832609 0.0051087  0.00021739 0.         0.00851531
 0.00040661 0.0118913 ]
	[RESULT 20] [0.01114527 0.01688393 0.01573866 0.01196464 0.00344197 0.09147732
 0.         0.00828401 0.00573866 0.00147732 0.         0.01064527
 0.00040661 0.00976134]
	[RESULT 21] [0.01114527 0.01688393 0.01573866 0.01196464 0.00344197 0.09147732
 0.         0.00828401 0.00573866 0.00147732 0.         0.01064527
 0.00040661 0.00976134]
	[RESULT 22] [0.01112998 0.01685336 0.01572337 0.01197993 0.00342668 0.09144675
 0.         0.00832988 0.00572337 0.00144675 0.         0.01062998
 0.00040661 0.00977663]
	[RESULT 23] [0.01129949 0.01719236 0.01589287 0.01181043 0.00359618 0.09178575
 0.         0.00782138 0.00589287 0.00178575 0.         0.01079949
 0.00040661 0.00960713]
	[RESULT 24] [0.01114527 0.01688393 0.01573866 0.01196464 0.00344197 0.09147732
 0.         0.00828401 0.00573866 0.00147732 0.         0.01064527
 0.00040661 0.00976134]
	[RESULT 25] [0.01051531 0.015624   0.0151087  0.01259461 0.002812   0.09021739
 0.         0.00982609 0.0051087  0.00021739 0.         0.01001531
 0.00040661 0.0103913 ]
	[RESULT 26] [0.01051531 0.015624   0.0151087  0.01259461 0.002812   0.09021739
 0.         0.00832609 0.0051087  0.00021739 0.         0.00851531
 0.00040661 0.0118913 ]
	[RESULT 27] [0.01133564 0.01726466 0.01592903 0.01177428 0.00363233 0.09185805
 0.         0.00771292 0.00592903 0.00185805 0.         0.01083564
 0.00040661 0.00957097]
	[RESULT 28] [0.01133656 0.01726651 0.01592995 0.01177336 0.00363326 0.0918599
 0.         0.00771015 0.00592995 0.0018599  0.         0.01083656
 0.00040661 0.00957005]
	[RESULT 29] [0.01051531 0.015624   0.0151087  0.01259461 0.002812   0.09021739
 0.         0.00832609 0.0051087  0.00021739 0.         0.00851531
 0.00040661 0.0118913 ]
	[RESULT 30] [0.01114527 0.01688393 0.01573866 0.01196464 0.00344197 0.09147732
 0.         0.00828401 0.00573866 0.00147732 0.         0.01064527
 0.00040661 0.00976134]
	[RESULT 31] [0.01133564 0.01726466 0.01592903 0.01177428 0.00363233 0.09185805
 0.         0.00771292 0.00592903 0.00185805 0.         0.01083564
 0.00040661 0.00957097]
	[RESULT 32] [0.01138743 0.01736825 0.01598082 0.01172249 0.00368412 0.09196164
 0.         0.00755754 0.00598082 0.00196164 0.         0.01088743
 0.00040661 0.00951918]
	[RESULT 33] [0.01051531 0.015624   0.0151087  0.01259461 0.002812   0.09021739
 0.         0.00832609 0.0051087  0.00021739 0.         0.00851531
 0.00040661 0.0118913 ]
	[RESULT 34] [0.01051531 0.015624   0.0151087  0.01259461 0.002812   0.09021739
 0.         0.00832609 0.0051087  0.00021739 0.         0.00851531
 0.00040661 0.0118913 ]
	[RESULT 35] [0.01051531 0.015624   0.0151087  0.01259461 0.002812   0.09021739
 0.         0.00832609 0.0051087  0.00021739 0.         0.00851531
 0.00040661 0.0118913 ]
	[RESULT 36] [0.01051531 0.015624   0.0151087  0.01259461 0.002812   0.09021739
 0.         0.00832609 0.0051087  0.00021739 0.         0.00851531
 0.00040661 0.0118913 ]
	[RESULT 37] [0.01051531 0.015624   0.0151087  0.01259461 0.002812   0.09021739
 0.         0.00832609 0.0051087  0.00021739 0.         0.00851531
 0.00040661 0.0118913 ]
	[RESULT 38] [0.01129949 0.01719236 0.01589287 0.01181043 0.00359618 0.09178575
 0.         0.00782138 0.00589287 0.00178575 0.         0.01079949
 0.00040661 0.00960713]
	[RESULT 39] [0.01051531 0.015624   0.0151087  0.01259461 0.002812   0.09021739
 0.         0.00832609 0.0051087  0.00021739 0.         0.00851531
 0.00040661 0.0118913 ]
	[RESULT 40] [0.01051531 0.015624   0.0151087  0.01259461 0.002812   0.09021739
 0.         0.00832609 0.0051087  0.00021739 0.         0.00851531
 0.00040661 0.0118913 ]
	[RESULT 41] [0.01138743 0.01736825 0.01598082 0.01172249 0.00368412 0.09196164
 0.         0.00755754 0.00598082 0.00196164 0.         0.01088743
 0.00040661 0.00951918]
	[RESULT 42] [0.01128249 0.01715837 0.01587588 0.01182743 0.00357919 0.09175176
 0.         0.00787236 0.00587588 0.00175176 0.         0.01078249
 0.00040661 0.00962412]
	[RESULT 43] [0.01051531 0.015624   0.0151087  0.01259461 0.002812   0.09021739
 0.         0.00832609 0.0051087  0.00021739 0.         0.00851531
 0.00040661 0.0118913 ]
	[RESULT 44] [0.01133781 0.01726902 0.0159312  0.0117721  0.00363451 0.09186241
 0.         0.00770639 0.0059312  0.00186241 0.         0.01083781
 0.00040661 0.0095688 ]
	[RESULT 45] [0.01051531 0.015624   0.0151087  0.01259461 0.002812   0.09021739
 0.         0.00832609 0.0051087  0.00021739 0.         0.00851531
 0.00040661 0.0118913 ]
	[RESULT 46] [0.01051531 0.015624   0.0151087  0.01259461 0.002812   0.09021739
 0.         0.00832609 0.0051087  0.00021739 0.         0.00851531
 0.00040661 0.0118913 ]
	[RESULT 47] [0.01114527 0.01688393 0.01573866 0.01196464 0.00344197 0.09147732
 0.         0.00828401 0.00573866 0.00147732 0.         0.01064527
 0.00040661 0.00976134]
	[RESULT 48] [0.01133781 0.01726902 0.0159312  0.0117721  0.00363451 0.09186241
 0.         0.00770639 0.0059312  0.00186241 0.         0.01083781
 0.00040661 0.0095688 ]
	[RESULT 49] [0.01051531 0.015624   0.0151087  0.01259461 0.002812   0.09021739
 0.         0.00832609 0.0051087  0.00021739 0.         0.00851531
 0.00040661 0.0118913 ]
	[RESULT 50] [0.01051531 0.015624   0.0151087  0.01259461 0.002812   0.09021739
 0.         0.00832609 0.0051087  0.00021739 0.         0.00851531
 0.00040661 0.0118913 ]
	[RESULT 51] [0.01134221 0.0172778  0.01593559 0.01176771 0.0036389  0.09187119
 0.         0.00769322 0.00593559 0.00187119 0.         0.01084221
 0.00040661 0.00956441]
	[RESULT 52] [0.01133777 0.01726894 0.01593116 0.01177214 0.00363447 0.09186233
 0.         0.00770651 0.00593116 0.00186233 0.         0.01083777
 0.00040661 0.00956884]
	[RESULT 53] [0.01134951 0.01729241 0.0159429  0.0117604  0.00364621 0.0918858
 0.         0.00767129 0.0059429  0.0018858  0.         0.01084951
 0.00040661 0.0095571 ]
	[RESULT 54] [0.01133781 0.01726902 0.0159312  0.0117721  0.00363451 0.09186241
 0.         0.00770639 0.0059312  0.00186241 0.         0.01083781
 0.00040661 0.0095688 ]
	[RESULT 55] [0.01133781 0.01726902 0.0159312  0.0117721  0.00363451 0.09186241
 0.         0.00770639 0.0059312  0.00186241 0.         0.01083781
 0.00040661 0.0095688 ]
	[RESULT 56] [0.01051531 0.015624   0.0151087  0.01259461 0.002812   0.09021739
 0.         0.00982609 0.0051087  0.00021739 0.         0.01001531
 0.00040661 0.0103913 ]
	[RESULT 57] [0.01133781 0.01726902 0.0159312  0.0117721  0.00363451 0.09186241
 0.         0.00770639 0.0059312  0.00186241 0.         0.01083781
 0.00040661 0.0095688 ]
	[RESULT 58] [0.01133777 0.01726894 0.01593116 0.01177214 0.00363447 0.09186233
 0.         0.00770651 0.00593116 0.00186233 0.         0.01083777
 0.00040661 0.00956884]
	[RESULT 59] [0.01051531 0.015624   0.0151087  0.01259461 0.002812   0.09021739
 0.         0.00832609 0.0051087  0.00021739 0.         0.00851531
 0.00040661 0.0118913 ]
	[RESULT 60] [0.01128249 0.01715837 0.01587588 0.01182743 0.00357919 0.09175176
 0.         0.00787236 0.00587588 0.00175176 0.         0.01078249
 0.00040661 0.00962412]
	[RESULT 61] [0.01051531 0.015624   0.0151087  0.01259461 0.002812   0.09021739
 0.         0.00832609 0.0051087  0.00021739 0.         0.00851531
 0.00040661 0.0118913 ]
	[RESULT 62] [0.01128249 0.01715837 0.01587588 0.01182743 0.00357919 0.09175176
 0.         0.00787236 0.00587588 0.00175176 0.         0.01078249
 0.00040661 0.00962412]
	[RESULT 63] [0.01051531 0.015624   0.0151087  0.01259461 0.002812   0.09021739
 0.         0.00832609 0.0051087  0.00021739 0.         0.00851531
 0.00040661 0.0118913 ]
	[RESULT 64] [0.01051531 0.015624   0.0151087  0.01259461 0.002812   0.09021739
 0.         0.00832609 0.0051087  0.00021739 0.         0.00851531
 0.00040661 0.0118913 ]
	[RESULT 65] [0.01114527 0.01688393 0.01573866 0.01196464 0.00344197 0.09147732
 0.         0.00828401 0.00573866 0.00147732 0.         0.01064527
 0.00040661 0.00976134]
	[RESULT 66] [0.01051531 0.015624   0.0151087  0.01259461 0.002812   0.09021739
 0.         0.00832609 0.0051087  0.00021739 0.         0.00851531
 0.00040661 0.0118913 ]
	[RESULT 67] [0.01051531 0.015624   0.0151087  0.01259461 0.002812   0.09021739
 0.         0.00832609 0.0051087  0.00021739 0.         0.00851531
 0.00040661 0.0118913 ]
	[RESULT 68] [0.01133781 0.01726902 0.0159312  0.0117721  0.00363451 0.09186241
 0.         0.00770639 0.0059312  0.00186241 0.         0.01083781
 0.00040661 0.0095688 ]
	[RESULT 69] [0.01051531 0.015624   0.0151087  0.01259461 0.002812   0.09021739
 0.         0.00832609 0.0051087  0.00021739 0.         0.00851531
 0.00040661 0.0118913 ]
	[RESULT 70] [0.01051531 0.015624   0.0151087  0.01259461 0.002812   0.09021739
 0.         0.00832609 0.0051087  0.00021739 0.         0.00851531
 0.00040661 0.0118913 ]
	[RESULT 71] [0.01159178 0.01777256 0.01618077 0.01152474 0.00388628 0.09236154
 0.         0.00695769 0.00618077 0.00236154 0.         0.01109178
 0.00041101 0.00931923]
	[RESULT 72] [0.01186093 0.01831525 0.01645432 0.01124899 0.00415762 0.09290864
 0.         0.00613704 0.00645432 0.00290864 0.         0.01136093
 0.00040661 0.00904568]
	[RESULT 73] [0.01161094 0.01781528 0.01620433 0.01149897 0.00390764 0.09240867
 0.         0.006887   0.00620433 0.00240867 0.         0.01111094
 0.00040661 0.00929567]
	[RESULT 74] [0.01204773 0.01868884 0.01664111 0.0110622  0.00434442 0.09328222
 0.         0.00557667 0.00664111 0.00328222 0.         0.01154773
 0.00040662 0.00885889]
	[RESULT 75] [0.0116972  0.01798778 0.01629058 0.01141272 0.00399389 0.09258117
 0.         0.00662825 0.00629058 0.00258117 0.         0.0111972
 0.00040661 0.00920942]
	[RESULT 76] [0.01107692 0.01674723 0.01567031 0.012033   0.00337362 0.09134062
 0.         0.00848907 0.00567031 0.00134062 0.         0.01057692
 0.00040661 0.00982969]
	[RESULT 77] [0.01160436 0.01780109 0.01619673 0.01150709 0.00390054 0.09239346
 0.         0.00690982 0.00619673 0.00239346 0.         0.01110436
 0.00040763 0.00930327]
	[RESULT 78] [0.01204773 0.01868884 0.01664111 0.0110622  0.00434442 0.09328222
 0.         0.00557667 0.00664111 0.00328222 0.         0.01154773
 0.00040662 0.00885889]
	[RESULT 79] [0.01176049 0.01811436 0.01635387 0.01134943 0.00405718 0.09270775
 0.         0.00643838 0.00635387 0.00270775 0.         0.01126049
 0.00040661 0.00914613]
	[RESULT 80] [0.01147723 0.01754784 0.01607061 0.01163269 0.00377392 0.09214123
 0.         0.00728816 0.00607061 0.00214123 0.         0.01097723
 0.00040661 0.00942939]
	[RESULT 81] [0.01169373 0.01798085 0.01628712 0.01141619 0.00399042 0.09257423
 0.         0.00663865 0.00628712 0.00257423 0.         0.01119373
 0.00040661 0.00921288]
	[RESULT 82] [0.01138743 0.01736825 0.01598082 0.01172249 0.00368412 0.09196164
 0.         0.00755754 0.00598082 0.00196164 0.         0.01088743
 0.00040661 0.00951918]
	[RESULT 83] [0.01133178 0.01725695 0.01592517 0.01177814 0.00362847 0.09185034
 0.         0.0077245  0.00592517 0.00185034 0.         0.01083178
 0.00040661 0.00957483]
	[RESULT 84] [0.01133656 0.01726651 0.01592995 0.01177336 0.00363326 0.0918599
 0.         0.00771015 0.00592995 0.0018599  0.         0.01083656
 0.00040661 0.00957005]
	[RESULT 85] [0.01051531 0.015624   0.0151087  0.01259461 0.002812   0.09021739
 0.         0.00832609 0.0051087  0.00021739 0.         0.00851531
 0.00040661 0.0118913 ]
	[RESULT 86] [0.01051531 0.015624   0.0151087  0.01259461 0.002812   0.09021739
 0.         0.00832609 0.0051087  0.00021739 0.         0.00851531
 0.00040661 0.0118913 ]
	[RESULT 87] [0.01114527 0.01688393 0.01573866 0.01196464 0.00344197 0.09147732
 0.         0.00828401 0.00573866 0.00147732 0.         0.01064527
 0.00040661 0.00976134]
	[RESULT 88] [0.01127238 0.01713814 0.01586576 0.01183755 0.00356907 0.09173152
 0.         0.00790271 0.00586576 0.00173152 0.         0.01077238
 0.00040662 0.00963424]
	[RESULT 89] [0.01051531 0.015624   0.0151087  0.01259461 0.002812   0.09021739
 0.         0.00832609 0.0051087  0.00021739 0.         0.00851531
 0.00040661 0.0118913 ]
	[RESULT 90] [0.01051531 0.015624   0.0151087  0.01259461 0.002812   0.09021739
 0.         0.00832609 0.0051087  0.00021739 0.         0.00851531
 0.00040661 0.0118913 ]
	[RESULT 91] [0.01133781 0.01726902 0.0159312  0.0117721  0.00363451 0.09186241
 0.         0.00770639 0.0059312  0.00186241 0.         0.01083781
 0.00040661 0.0095688 ]
	[RESULT 92] [0.01051531 0.015624   0.0151087  0.01259461 0.002812   0.09021739
 0.         0.00832609 0.0051087  0.00021739 0.         0.00851531
 0.00040661 0.0118913 ]
	[RESULT 93] [0.01176049 0.01811436 0.01635387 0.01134943 0.00405718 0.09270775
 0.         0.00643838 0.00635387 0.00270775 0.         0.01126049
 0.00040661 0.00914613]
	[RESULT 94] [0.01133178 0.01725695 0.01592517 0.01177814 0.00362847 0.09185034
 0.         0.0077245  0.00592517 0.00185034 0.         0.01083178
 0.00040661 0.00957483]
