[METRICS]
	[DISEQUILIBRIUM COUNT] 0
	[MINIMUM S0 sTrt S1 DISTANCE]0.01058343027099573
	[MINIMUM S0 sTrt S21 DISTANCE]0.015696674355246343
	[MINIMUM S0 sTrt S22 DISTANCE]0.015108996253582363
	[MINIMUM S7 sTrt S6 DISTANCE]0.007713558506010354
	[MINIMUM S7 sTrt S8 DISTANCE]0.0028483371776231725
	[MINIMUM S7 sTrt S21 DISTANCE]0.0902179925071647
	[MINIMUM S7 esTrt S22 DISTANCE]0.0
	[MINIMUM S14 sTrt S13 DISTANCE]1.0252682476674657e-05
	[MINIMUM S14 sTrt S15 DISTANCE]0.005108996253582354
	[MINIMUM S14 sTrt S21 DISTANCE]0.00021799250716468543
	[MINIMUM S14 sTrt S22 DISTANCE]0.0
	[MINIMUM S20 sTrt S19 DISTANCE]0.008669663766249003
	[MINIMUM S20 sTrt S21 DISTANCE]0.000406611570248544
	[MINIMUM S20 sTrt S22 DISTANCE]0.002861890273900075
	[AVERAGE S0 sTrt S1 DISTANCE]0.012176814919761652
	[AVERAGE S0 sTrt S21 DISTANCE]0.018758496564381073
	[AVERAGE S0 sTrt S22 DISTANCE]0.016597247775215145
	[AVERAGE S7 sTrt S6 DISTANCE]0.011197507785853785
	[AVERAGE S7 sTrt S8 DISTANCE]0.004392003336283937
	[AVERAGE S7 sTrt S21 DISTANCE]0.09319449555043002
	[AVERAGE S7 sTrt S22 DISTANCE]0.0
	[AVERAGE S14 sTrt S13 DISTANCE]0.0057562199632616605
	[AVERAGE S14 sTrt S15 DISTANCE]0.006597247775215109
	[AVERAGE S14 sTrt S21 DISTANCE]0.0031944955504301558
	[AVERAGE S14 sTrt S22 DISTANCE]0.0
	[AVERAGE S20 sTrt S19 DISTANCE]0.011631296712478895
	[AVERAGE S20 sTrt S21 DISTANCE]0.00047555234396616877
	[AVERAGE S20 sTrt S22 DISTANCE]0.008844411547067194
[VARIABLES]
	[RESULT 1] [0 7.451015560634629 1 1 23 1000.0232240229184 1]
	[RESULT 2] [0 7.205788336639345 1 1 24 1000.9854440294228 1]
	[RESULT 3] [0 7.120995316710282 1 1 23 1000.0000250791691 1]
	[RESULT 4] [0 7.119593682219802 1 1 21 1000.0003822701657 1]
	[RESULT 5] [0 7.108361033184491 1 1 23 1000.0084263585991 1]
	[RESULT 6] [0 7.1688257766577275 1 1 21 1000.0693466366961 1]
	[RESULT 7] [0 7.118842734137874 1 1 23 1000.0003802836176 1]
	[RESULT 8] [0 6.923422571704038 1 1 23 1000.0001640001835 1]
	[RESULT 9] [0 7.132581792365956 1 1 23 1000.0001252993761 1]
	[RESULT 10] [0 6.758177826033658 1 1 21 1002.7440447318716 1]
	[RESULT 11] [0 7.129690088296619 1 1 23 1000.0011710386663 1]
	[RESULT 12] [0 7.0062747903005596 1 1 24 1002.0620733242918 1]
	[RESULT 13] [0 7.028220321461657 1 1 23 1000.0000003289231 1]
	[RESULT 14] [0 7.180868970903257 1 1 21 1000.000025401002 1]
	[RESULT 15] [0 7.17598506361994 1 1 19 1000.0069377564204 1]
	[RESULT 16] [0 12.735524976550531 1 1 24 1000.00418776028 1]
	[RESULT 17] [0 7.505663982104799 1 1 23 1000.0011808553886 1]
	[RESULT 18] [0 7.632707790959627 1 1 23 1000.0001961162175 1]
	[RESULT 19] [0 7.505663982104799 1 1 23 1000.0011808553886 1]
	[RESULT 20] [0 7.35241116594923 1 1 23 1000.0011604539083 1]
	[RESULT 21] [0 7.493163393440906 1 1 21 1000.0000624954401 1]
	[RESULT 22] [0 9.06182670375248 1 1 24 1000.0001200804539 1]
	[RESULT 23] [0 7.24286335691471 1 1 24 1000.0003588352951 1]
	[RESULT 24] [0 7.121552684197184 1 1 22 1000.0000000481933 1]
	[RESULT 25] [0 7.130311988129384 1 1 19 1000.0000000481933 1]
	[RESULT 26] [0 7.121552684197184 1 1 22 1000.0000000481933 1]
	[RESULT 27] [0 7.128561840254087 1 1 22 1000.0000458308797 1]
	[RESULT 28] [0 7.505663982104799 1 1 23 1000.0011808553886 1]
	[RESULT 29] [0 6.8979782047521665 1 1 21 1000.0693466366961 1]
	[RESULT 30] [0 7.128320006719518 1 1 23 1000.000121127914 1]
	[RESULT 31] [0 7.128320006719518 1 1 23 1000.000121127914 1]
	[RESULT 32] [0 6.599601838534319 1 1 20 1000.0000868404383 1]
	[RESULT 33] [0 6.947930730257704 1 1 21 1000.0000455116137 1]
	[RESULT 34] [0 7.128320006719518 1 1 22 1000.000121127914 1]
	[RESULT 35] [0 6.999295454341941 1 1 23 1000.0000025086899 1]
	[RESULT 36] [0 7.18175382358261 1 1 22 1000.0002360169448 1]
	[RESULT 37] [0 7.028220321461657 1 1 23 1000.0000003289231 1]
	[RESULT 38] [0 6.9522958816480385 1 1 23 1000.0003011707084 1]
	[RESULT 39] [0 7.131366967870308 1 1 23 1000.0000857987093 1]
	[RESULT 40] [0 7.487356988268627 1 1 18 1000.0004556864017 1]
	[RESULT 41] [0 7.181727622756018 1 1 23 1000.0000452219967 1]
	[RESULT 42] [0 6.9522958816480385 1 1 23 1000.0003011707084 1]
	[RESULT 43] [0 7.176507351715381 1 1 24 1000.0000138158128 1]
	[RESULT 44] [0 7.7885920419128745 1 1 23 1000.0000284673227 1]
	[RESULT 45] [0 7.13271244377717 1 1 23 1000.0000030881524 1]
	[RESULT 46] [0 7.002255192889321 1 1 23 1000.0000082439199 1]
	[RESULT 47] [0 9.390009777109967 1 1 21 1000.0011656836398 1]
	[RESULT 48] [0 7.13260885500208 1 1 23 1000.0000013754009 1]
	[RESULT 49] [0 7.002255192889321 1 1 23 1000.0000082439199 1]
	[RESULT 50] [0 7.227162556887236 1 1 23 1000.0021906472832 1]
	[RESULT 51] [0 7.180527463197216 1 1 23 1000.0000027876558 1]
	[RESULT 52] [0 7.010613446318736 1 1 19 1000.0009578245107 1]
	[RESULT 53] [0 7.180527463197216 1 1 23 1000.0000027876558 1]
	[RESULT 54] [0 7.128561840254087 1 1 22 1000.0000458308797 1]
	[RESULT 55] [0 7.493163393440906 1 1 21 1000.0000624954401 1]
	[RESULT 56] [0 7.180527463197216 1 1 23 1000.0000027876558 1]
	[RESULT 57] [0 6.947930730257704 1 1 21 1000.0000455116137 1]
	[RESULT 58] [0 7.173868731654228 1 1 23 1000.0016606899882 1]
	[RESULT 59] [0 6.8979782047521665 1 1 21 1000.0693466366961 1]
	[RESULT 60] [0 7.132608245843474 1 1 23 1000.0000105284449 1]
	[RESULT 61] [0 6.80258074799493 1 1 24 1000.0000154656939 1]
	[RESULT 62] [0 7.132608245843474 1 1 23 1000.0000105284449 1]
	[RESULT 63] [0 6.601498138456783 1 1 21 1000.0000868404383 1]
	[RESULT 64] [0 6.948110713089292 1 1 21 1000.0707282478755 1]
	[RESULT 65] [0 7.346358867098835 1 1 24 1000.0012074804456 1]
	[RESULT 66] [0 6.59383060348819 1 1 22 1000.0000153819022 1]
	[RESULT 67] [0 6.958105794304579 1 1 24 1000.0006637750926 1]
	[RESULT 68] [0 7.005070913675407 1 1 23 1000.0000494258215 1]
	[RESULT 69] [0 6.96327393520025 1 1 23 1000.000007109928 1]
	[RESULT 70] [0 7.000414643801739 1 1 24 1000.0105833010641 1]
	[RESULT 71] [0 7.121552684197184 1 1 21 1000.0000000481933 1]
	[RESULT 72] [0 7.183193097773327 1 1 23 1000.0000724021507 1]
	[RESULT 73] [0 7.046255840875303 1 1 21 1000.0246386561948 1]
	[RESULT 74] [0 7.183274488398577 1 1 23 1000.0000724021507 1]
	[RESULT 75] [0 6.958413771821614 1 1 20 1000.0011784624853 1]
	[RESULT 76] [0 7.135184405530582 1 1 24 1000.00006531613 1]
	[RESULT 77] [0 7.482607420666317 1 1 23 1000.0000020554671 1]
	[RESULT 78] [0 6.957457053049733 1 1 23 1000.0046246817435 1]
	[RESULT 79] [0 7.125188965166179 1 1 21 1000.0008753099103 1]
	[RESULT 80] [0 7.121236722351736 1 1 20 1000.0167357310048 1]
	[RESULT 81] [0 6.96327393520025 1 1 23 1000.000007109928 1]
	[RESULT 82] [0 7.179314603671418 1 1 22 1000.0001224884694 1]
[OBJECTIVES]
	[RESULT 1] [0.01185546 0.01830431 0.01644885 0.01125446 0.00415216 0.0928977
 0.         0.00615345 0.00644885 0.0028977  0.         0.01135546
 0.00040661 0.00905115]
	[RESULT 2] [0.01196636 0.01852604 0.01655968 0.01114366 0.00426302 0.09311936
 0.         0.00582096 0.00655968 0.00311936 0.         0.01146636
 0.00040668 0.00894032]
	[RESULT 3] [0.01200866 0.01861072 0.01660205 0.01110125 0.00430536 0.09320411
 0.         0.00569384 0.00660205 0.00320411 0.         0.01150866
 0.00040661 0.00889795]
	[RESULT 4] [0.01200938 0.01861216 0.01660277 0.01110053 0.00430608 0.09320555
 0.         0.00569168 0.00660277 0.00320555 0.         0.01150938
 0.00040661 0.00889723]
	[RESULT 5] [0.01201518 0.01862374 0.01660856 0.01109474 0.00431187 0.09321713
 0.         0.00567431 0.00660856 0.00321713 0.         0.01151518
 0.00040661 0.00889144]
	[RESULT 6] [0.01198449 0.01856236 0.01657787 0.01112544 0.00428118 0.09315574
 0.         0.00576639 0.00657787 0.00315574 0.         0.01148449
 0.00040662 0.00892213]
	[RESULT 7] [0.01200977 0.01861293 0.01660316 0.01110015 0.00430646 0.09320632
 0.         0.00569052 0.00660316 0.00320632 0.         0.01150977
 0.00040661 0.00889684]
	[RESULT 8] [0.01211694 0.01882726 0.01671032 0.01099298 0.00441363 0.09342065
 0.         0.00536903 0.00671032 0.00342065 0.         0.01161694
 0.00040661 0.00878968]
	[RESULT 9] [0.01200274 0.01859887 0.01659613 0.01110718 0.00429943 0.09319226
 0.         0.00571162 0.00659613 0.00319226 0.         0.01150274
 0.00040661 0.00890387]
	[RESULT 10] [0.01221959 0.01903238 0.01681279 0.01089061 0.00451619 0.09362558
 0.         0.00506163 0.00681279 0.00362558 0.         0.01171959
 0.0004068  0.00868721]
	[RESULT 11] [0.01200421 0.01860182 0.0165976  0.0111057  0.00430091 0.0931952
 0.         0.00570719 0.0065976  0.0031952  0.         0.01150421
 0.00040661 0.0089024 ]
	[RESULT 12] [0.01206994 0.01873313 0.01666319 0.01104019 0.00436656 0.09332638
 0.         0.00551044 0.00666319 0.00332638 0.         0.01156994
 0.00040675 0.00883681]
	[RESULT 13] [0.01205775 0.01870888 0.01665113 0.01105217 0.00435444 0.09330227
 0.         0.0055466  0.00665113 0.00330227 0.         0.01155775
 0.00040661 0.00884887]
	[RESULT 14] [0.01197851 0.01855041 0.0165719  0.01113141 0.0042752  0.0931438
 0.         0.00578431 0.0065719  0.0031438  0.         0.01147851
 0.00040661 0.0089281 ]
	[RESULT 15] [0.01198093 0.01855524 0.01657431 0.01112899 0.00427762 0.09314863
 0.         0.00577706 0.00657431 0.00314863 0.         0.01148093
 0.00040661 0.00892569]
	[RESULT 16] [0.01097899 0.01655136 0.01557238 0.01213093 0.00327568 0.09114475
 0.         0.00878287 0.00557238 0.00114475 0.         0.01047899
 0.00040661 0.00992762]
	[RESULT 17] [0.01183287 0.01825914 0.01642626 0.01127704 0.00412957 0.09285253
 0.         0.00622121 0.00642626 0.00285253 0.         0.01133287
 0.00040661 0.00907374]
	[RESULT 18] [0.011783   0.01815938 0.01637638 0.01132692 0.00407969 0.09275277
 0.         0.00637085 0.00637638 0.00275277 0.         0.011283
 0.00040661 0.00912362]
	[RESULT 19] [0.01183287 0.01825914 0.01642626 0.01127704 0.00412957 0.09285253
 0.         0.00622121 0.00642626 0.00285253 0.         0.01133287
 0.00040661 0.00907374]
	[RESULT 20] [0.01189808 0.01838954 0.01649146 0.01121184 0.00419477 0.09298293
 0.         0.00602561 0.00649146 0.00298293 0.         0.01139808
 0.00040661 0.00900854]
	[RESULT 21] [0.01183798 0.01826935 0.01643137 0.01127194 0.00413467 0.09286273
 0.         0.0062059  0.00643137 0.00286273 0.         0.01133798
 0.00040661 0.00906863]
	[RESULT 22] [0.0113944  0.01738218 0.01598779 0.01171552 0.00369109 0.09197557
 0.         0.00753664 0.00598779 0.00197557 0.         0.0108944
 0.00040661 0.00951221]
	[RESULT 23] [0.01194846 0.01849031 0.01654185 0.01116146 0.00424515 0.09308369
 0.         0.00587446 0.00654185 0.00308369 0.         0.01144846
 0.00040661 0.00895815]
	[RESULT 24] [0.01200838 0.01861015 0.01660177 0.01110154 0.00430507 0.09320353
 0.         0.0056947  0.00660177 0.00320353 0.         0.01150838
 0.00040661 0.00889823]
	[RESULT 25] [0.0120039  0.01860118 0.01659728 0.01110602 0.00430059 0.09319457
 0.         0.00570815 0.00659728 0.00319457 0.         0.0115039
 0.00040661 0.00890272]
	[RESULT 26] [0.01200838 0.01861015 0.01660177 0.01110154 0.00430507 0.09320353
 0.         0.0056947  0.00660177 0.00320353 0.         0.01150838
 0.00040661 0.00889823]
	[RESULT 27] [0.01200479 0.01860297 0.01659818 0.01110513 0.00430148 0.09319636
 0.         0.00570546 0.00659818 0.00319636 0.         0.01150479
 0.00040661 0.00890182]
	[RESULT 28] [0.01183287 0.01825914 0.01642626 0.01127704 0.00412957 0.09285253
 0.         0.00622121 0.00642626 0.00285253 0.         0.01133287
 0.00040661 0.00907374]
	[RESULT 29] [0.01213196 0.0188573  0.01672534 0.01097797 0.00442865 0.09345068
 0.         0.00532398 0.00672534 0.00345068 0.         0.01163196
 0.00040662 0.00877466]
	[RESULT 30] [0.01200491 0.01860322 0.0165983  0.011105   0.00430161 0.0931966
 0.         0.00570509 0.0065983  0.0031966  0.         0.01150491
 0.00040661 0.0089017 ]
	[RESULT 31] [0.01200491 0.01860322 0.0165983  0.011105   0.00430161 0.0931966
 0.         0.00570509 0.0065983  0.0031966  0.         0.01150491
 0.00040661 0.0089017 ]
	[RESULT 32] [0.01232998 0.01925335 0.01692337 0.01077993 0.00462668 0.09384674
 0.         0.00472989 0.00692337 0.00384674 0.         0.01182998
 0.00040661 0.00857663]
	[RESULT 33] [0.01210272 0.01879882 0.0166961  0.0110072  0.00439941 0.09339221
 0.         0.00541169 0.0066961  0.00339221 0.         0.01160272
 0.00040661 0.0088039 ]
	[RESULT 34] [0.01200491 0.01860322 0.0165983  0.011105   0.00430161 0.0931966
 0.         0.00570509 0.0065983  0.0031966  0.         0.01150491
 0.00040661 0.0089017 ]
	[RESULT 35] [0.01207367 0.01874073 0.01666706 0.01103625 0.00437036 0.09333412
 0.         0.00549883 0.00666706 0.00333412 0.         0.01157367
 0.00040661 0.00883294]
	[RESULT 36] [0.01197807 0.01854953 0.01657146 0.01113185 0.00427477 0.09314292
 0.         0.00578562 0.00657146 0.00314292 0.         0.01147807
 0.00040661 0.00892854]
	[RESULT 37] [0.01205775 0.01870888 0.01665113 0.01105217 0.00435444 0.09330227
 0.         0.0055466  0.00665113 0.00330227 0.         0.01155775
 0.00040661 0.00884887]
	[RESULT 38] [0.01210021 0.01879381 0.0166936  0.01100971 0.0043969  0.09338719
 0.         0.00541921 0.0066936  0.00338719 0.         0.01160021
 0.00040661 0.0088064 ]
	[RESULT 39] [0.01200336 0.01860011 0.01659675 0.01110656 0.00430005 0.09319349
 0.         0.00570976 0.00659675 0.00319349 0.         0.01150336
 0.00040661 0.00890325]
	[RESULT 40] [0.01184036 0.01827411 0.01643375 0.01126956 0.00413706 0.0928675
 0.         0.00619875 0.00643375 0.0028675  0.         0.01134036
 0.00040661 0.00906625]
	[RESULT 41] [0.01197808 0.01854956 0.01657147 0.01113183 0.00427478 0.09314295
 0.         0.00578558 0.00657147 0.00314295 0.         0.01147808
 0.00040661 0.00892853]
	[RESULT 42] [0.01210021 0.01879381 0.0166936  0.01100971 0.0043969  0.09338719
 0.         0.00541921 0.0066936  0.00338719 0.         0.01160021
 0.00040661 0.0088064 ]
	[RESULT 43] [0.01198067 0.01855472 0.01657406 0.01112925 0.00427736 0.09314811
 0.         0.00577783 0.00657406 0.00314811 0.         0.01148067
 0.00040661 0.00892594]
	[RESULT 44] [0.01172636 0.01804611 0.01631975 0.01138355 0.00402306 0.0926395
 0.         0.00654075 0.00631975 0.0026395  0.         0.01122636
 0.00040661 0.00918025]
	[RESULT 45] [0.01200267 0.01859873 0.01659606 0.01110724 0.00429937 0.09319212
 0.         0.00571182 0.00659606 0.00319212 0.         0.01150267
 0.00040661 0.00890394]
	[RESULT 46] [0.01207203 0.01873744 0.01666541 0.01103789 0.00436872 0.09333083
 0.         0.00550376 0.00666541 0.00333083 0.         0.01157203
 0.00040661 0.00883459]
	[RESULT 47] [0.01133425 0.0172619  0.01592764 0.01177566 0.00363095 0.09185528
 0.         0.00771707 0.00592764 0.00185528 0.         0.01083425
 0.00040661 0.00957236]
	[RESULT 48] [0.01200273 0.01859884 0.01659611 0.01110719 0.00429942 0.09319223
 0.         0.00571166 0.00659611 0.00319223 0.         0.01150273
 0.00040661 0.00890389]
	[RESULT 49] [0.01207203 0.01873744 0.01666541 0.01103789 0.00436872 0.09333083
 0.         0.00550376 0.00666541 0.00333083 0.         0.01157203
 0.00040661 0.00883459]
	[RESULT 50] [0.01195596 0.01850531 0.01654935 0.01115396 0.00425265 0.0930987
 0.         0.00585195 0.00654935 0.0030987  0.         0.01145596
 0.00040661 0.00895065]
	[RESULT 51] [0.01197868 0.01855074 0.01657207 0.01113124 0.00427537 0.09314413
 0.         0.0057838  0.00657207 0.00314413 0.         0.01147868
 0.00040661 0.00892793]
	[RESULT 52] [0.0120674  0.01872819 0.01666079 0.01104251 0.0043641  0.09332158
 0.         0.00551763 0.00666079 0.00332158 0.         0.0115674
 0.00040661 0.00883921]
	[RESULT 53] [0.01197868 0.01855074 0.01657207 0.01113124 0.00427537 0.09314413
 0.         0.0057838  0.00657207 0.00314413 0.         0.01147868
 0.00040661 0.00892793]
	[RESULT 54] [0.01200479 0.01860297 0.01659818 0.01110513 0.00430148 0.09319636
 0.         0.00570546 0.00659818 0.00319636 0.         0.01150479
 0.00040661 0.00890182]
	[RESULT 55] [0.01183798 0.01826935 0.01643137 0.01127194 0.00413467 0.09286273
 0.         0.0062059  0.00643137 0.00286273 0.         0.01133798
 0.00040661 0.00906863]
	[RESULT 56] [0.01197868 0.01855074 0.01657207 0.01113124 0.00427537 0.09314413
 0.         0.0057838  0.00657207 0.00314413 0.         0.01147868
 0.00040661 0.00892793]
	[RESULT 57] [0.01210272 0.01879882 0.0166961  0.0110072  0.00439941 0.09339221
 0.         0.00541169 0.0066961  0.00339221 0.         0.01160272
 0.00040661 0.0088039 ]
	[RESULT 58] [0.01198198 0.01855734 0.01657536 0.01112794 0.00427867 0.09315073
 0.         0.00577391 0.00657536 0.00315073 0.         0.01148198
 0.00040661 0.00892464]
	[RESULT 59] [0.01213196 0.0188573  0.01672534 0.01097797 0.00442865 0.09345068
 0.         0.00532398 0.00672534 0.00345068 0.         0.01163196
 0.00040662 0.00877466]
	[RESULT 60] [0.01200273 0.01859884 0.01659611 0.01110719 0.00429942 0.09319223
 0.         0.00571166 0.00659611 0.00319223 0.         0.01150273
 0.00040661 0.00890389]
	[RESULT 61] [0.01219068 0.01897475 0.01678407 0.01091924 0.00448738 0.09356814
 0.         0.00514779 0.00678407 0.00356814 0.         0.01169068
 0.00040661 0.00871593]
	[RESULT 62] [0.01200273 0.01859884 0.01659611 0.01110719 0.00429942 0.09319223
 0.         0.00571166 0.00659611 0.00319223 0.         0.01150273
 0.00040661 0.00890389]
	[RESULT 63] [0.01232858 0.01925055 0.01692197 0.01078134 0.00462528 0.09384394
 0.         0.00473409 0.00692197 0.00384394 0.         0.01182858
 0.00040661 0.00857803]
	[RESULT 64] [0.01210262 0.01879862 0.016696   0.01100731 0.00439931 0.093392
 0.         0.005412   0.006696   0.003392   0.         0.01160262
 0.00040662 0.008804  ]
	[RESULT 65] [0.01190077 0.01839493 0.01649416 0.01120914 0.00419747 0.09298832
 0.         0.00601752 0.00649416 0.00298832 0.         0.01140077
 0.00040661 0.00900584]
	[RESULT 66] [0.01233426 0.01926191 0.01692765 0.01077565 0.00463096 0.0938553
 0.         0.00471705 0.00692765 0.0038553  0.         0.01183426
 0.00040661 0.00857235]
	[RESULT 67] [0.01209688 0.01878715 0.01669027 0.01101303 0.00439358 0.09338054
 0.         0.00542919 0.00669027 0.00338054 0.         0.01159688
 0.00040661 0.00880973]
	[RESULT 68] [0.01207047 0.01873432 0.01666385 0.01103945 0.00436716 0.09332771
 0.         0.00550844 0.00666385 0.00332771 0.         0.01157047
 0.00040661 0.00883615]
	[RESULT 69] [0.01209393 0.01878126 0.01668732 0.01101598 0.00439063 0.09337465
 0.         0.00543803 0.00668732 0.00337465 0.         0.01159393
 0.00040661 0.00881268]
	[RESULT 70] [0.01207305 0.01873948 0.01666644 0.01103687 0.00436974 0.09333287
 0.         0.00550069 0.00666644 0.00333287 0.         0.01157305
 0.00040661 0.00883356]
	[RESULT 71] [0.01200838 0.01861015 0.01660177 0.01110154 0.00430507 0.09320353
 0.         0.0056947  0.00660177 0.00320353 0.         0.01150838
 0.00040661 0.00889823]
	[RESULT 72] [0.01197736 0.01854811 0.01657075 0.01113256 0.00427406 0.0931415
 0.         0.00578775 0.00657075 0.0031415  0.         0.01147736
 0.00040661 0.00892925]
	[RESULT 73] [0.01204797 0.01868933 0.01664136 0.01106195 0.00434467 0.09328272
 0.         0.00557592 0.00664136 0.00328272 0.         0.01154797
 0.00040661 0.00885864]
	[RESULT 74] [0.01197732 0.01854803 0.01657071 0.0111326  0.00427402 0.09314142
 0.         0.00578787 0.00657071 0.00314142 0.         0.01147732
 0.00040661 0.00892929]
	[RESULT 75] [0.01209671 0.0187868  0.01669009 0.01101321 0.0043934  0.09338019
 0.         0.00542972 0.00669009 0.00338019 0.         0.01159671
 0.00040661 0.00880991]
	[RESULT 76] [0.01200141 0.01859622 0.0165948  0.0111085  0.00429811 0.09318961
 0.         0.00571559 0.0065948  0.00318961 0.         0.01150141
 0.00040661 0.0089052 ]
	[RESULT 77] [0.01184232 0.01827802 0.01643571 0.0112676  0.00413901 0.09287141
 0.         0.00619288 0.00643571 0.00287141 0.         0.01134232
 0.00040661 0.00906429]
	[RESULT 78] [0.01209725 0.0187879  0.01669064 0.01101266 0.00439395 0.09338128
 0.         0.00542808 0.00669064 0.00338128 0.         0.01159725
 0.00040661 0.00880936]
	[RESULT 79] [0.01200651 0.01860642 0.0165999  0.0111034  0.00430321 0.09319981
 0.         0.00570029 0.0065999  0.00319981 0.         0.01150651
 0.00040661 0.0089001 ]
	[RESULT 80] [0.01200854 0.01861047 0.01660193 0.01110138 0.00430524 0.09320386
 0.         0.00569421 0.00660193 0.00320386 0.         0.01150854
 0.00040661 0.00889807]
	[RESULT 81] [0.01209393 0.01878126 0.01668732 0.01101598 0.00439063 0.09337465
 0.         0.00543803 0.00668732 0.00337465 0.         0.01159393
 0.00040661 0.00881268]
	[RESULT 82] [0.01197928 0.01855194 0.01657267 0.01113064 0.00427597 0.09314533
 0.         0.005782   0.00657267 0.00314533 0.         0.01147928
 0.00040661 0.00892733]
