[METRICS]
	[DISEQUILIBRIUM COUNT] 0
	[MINIMUM S0 sTrt S1 DISTANCE]0.010553861434841827
	[MINIMUM S0 sTrt S21 DISTANCE]0.015682851300642845
	[MINIMUM S0 sTrt S22 DISTANCE]0.015108764880903652
	[MINIMUM S7 sTrt S6 DISTANCE]0.007712067149139079
	[MINIMUM S7 sTrt S8 DISTANCE]0.0028414256503214164
	[MINIMUM S7 sTrt S21 DISTANCE]0.09021752976180729
	[MINIMUM S7 esTrt S22 DISTANCE]0.0
	[MINIMUM S14 sTrt S13 DISTANCE]2.3782093854785025e-06
	[MINIMUM S14 sTrt S15 DISTANCE]0.005108764880903671
	[MINIMUM S14 sTrt S21 DISTANCE]0.00021752976180727107
	[MINIMUM S14 sTrt S22 DISTANCE]0.0
	[MINIMUM S20 sTrt S19 DISTANCE]0.008681176812910252
	[MINIMUM S20 sTrt S21 DISTANCE]0.000406611570247975
	[MINIMUM S20 sTrt S22 DISTANCE]0.0034126527827631134
	[AVERAGE S0 sTrt S1 DISTANCE]0.012100945077596691
	[AVERAGE S0 sTrt S21 DISTANCE]0.01863554997283684
	[AVERAGE S0 sTrt S22 DISTANCE]0.016542375577619003
	[AVERAGE S7 sTrt S6 DISTANCE]0.011241531021109365
	[AVERAGE S7 sTrt S8 DISTANCE]0.004326282176347394
	[AVERAGE S7 sTrt S21 DISTANCE]0.09308475115523832
	[AVERAGE S7 sTrt S22 DISTANCE]0.0
	[AVERAGE S14 sTrt S13 DISTANCE]0.005898129285606944
	[AVERAGE S14 sTrt S15 DISTANCE]0.006542375577619021
	[AVERAGE S14 sTrt S21 DISTANCE]0.003084751155238035
	[AVERAGE S14 sTrt S22 DISTANCE]0.0
	[AVERAGE S20 sTrt S19 DISTANCE]0.011510188775075864
	[AVERAGE S20 sTrt S21 DISTANCE]0.000457381224345396
	[AVERAGE S20 sTrt S22 DISTANCE]0.00894726027672274
[VARIABLES]
	[RESULT 1] [0 7.48921063365612 1 1 4 1000.000816937968 1]
	[RESULT 2] [0 7.244570208846106 1 1 3 1000.0000000006011 1]
	[RESULT 3] [0 7.181439903690755 1 1 3 1000.0000915618049 1]
	[RESULT 4] [0 7.09678467493972 1 1 7 1000.1427888575247 1]
	[RESULT 5] [0 7.295917021862035 1 1 6 1000.0120083044691 1]
	[RESULT 6] [0 7.193975482747555 1 1 5 1000.0800940046059 1]
	[RESULT 7] [0 7.2020271533232165 1 1 6 1000.0000851784602 1]
	[RESULT 8] [0 7.012330779838536 1 1 4 1000.0000645527067 1]
	[RESULT 9] [0 7.175679425957827 1 1 4 1000.0000563808305 1]
	[RESULT 10] [0 7.028329527123347 1 1 4 1000.0544401865885 1]
	[RESULT 11] [0 7.2398577396038695 1 1 5 1000.0000169407815 1]
	[RESULT 12] [0 7.0708140629309115 1 1 4 1000.0000331503621 1]
	[RESULT 13] [0 7.2398577396038695 1 1 5 1000.0000169407815 1]
	[RESULT 14] [0 6.984717676658348 1 1 3 1000.0007154215609 1]
	[RESULT 15] [0 7.219212912710447 1 1 4 1000.0011716915856 1]
	[RESULT 16] [0 36.487932272669816 1 3 3 1000.0062031056366 1]
	[RESULT 17] [0 7.713882482998583 1 1 2 1000.0030870140457 1]
	[RESULT 18] [0 7.414310783726196 1 1 6 1000.0000012974223 1]
	[RESULT 19] [0 7.541004361599814 1 1 3 1000.0158996903496 1]
	[RESULT 20] [0 9.304398685997953 1 1 3 1000.0018718296309 1]
	[RESULT 21] [0 7.265493468487716 1 1 3 1000.0007316982222 1]
	[RESULT 22] [0 7.174169609557849 1 1 7 1000.0000127469174 1]
	[RESULT 23] [0 7.174882919222993 1 1 3 1000.0000047095309 1]
	[RESULT 24] [0 7.238669348684183 1 1 3 1000.0000208133155 1]
	[RESULT 25] [0 7.59371465765728 1 1 3 1000.0004602531545 1]
	[RESULT 26] [0 7.178099342794281 1 1 3 1000.0000280361934 1]
	[RESULT 27] [0 6.96498223450335 1 1 7 1000.015847112175 1]
	[RESULT 28] [0 7.174169609557849 1 1 7 1000.0000127469174 1]
	[RESULT 29] [0 6.825362923526815 1 1 4 1000.0000333731901 1]
	[RESULT 30] [0 6.6613747772132275 1 1 1 1000.0000074072949 1]
	[RESULT 31] [0 7.417325276330397 1 1 7 1000.0000008047921 1]
	[RESULT 32] [0 7.029213455123714 1 1 7 1000.0002111189696 1]
	[RESULT 33] [0 7.2195897487037515 1 1 4 1000.0011716915856 1]
	[RESULT 34] [0 7.075974990375477 1 1 6 1000.0000014635116 1]
	[RESULT 35] [0 7.2195897487037515 1 1 4 1000.0011716915856 1]
	[RESULT 36] [0 7.005655642093198 1 1 3 1000.0000155151628 1]
	[RESULT 37] [0 7.58370832375612 1 1 6 1000.000481366759 1]
	[RESULT 38] [0 7.2396955404864665 1 1 4 1000.0000208133155 1]
	[RESULT 39] [0 7.005655642093198 1 1 3 1000.0000155151628 1]
	[RESULT 40] [0 7.2396955404864665 1 1 4 1000.0000208133155 1]
	[RESULT 41] [0 7.775586692887531 1 1 4 1000.006995380092 1]
	[RESULT 42] [0 7.174882919222993 1 1 7 1000.0000047095309 1]
	[RESULT 43] [0 7.174882919222993 1 1 7 1000.0000047095309 1]
	[RESULT 44] [0 7.065518475835214 1 1 6 1000.0000116394364 1]
	[RESULT 45] [0 7.1780957896441455 1 1 7 1000.0001235619055 1]
	[RESULT 46] [0 9.647370415677575 1 1 7 1000.0582674033158 1]
	[RESULT 47] [0 7.174882919222993 1 1 7 1000.0000047095309 1]
	[RESULT 48] [0 7.0708140629309115 1 1 4 1000.0000331503621 1]
	[RESULT 49] [0 7.174882919222993 1 1 7 1000.0000047095309 1]
	[RESULT 50] [0 7.277729951709162 1 1 3 1000.0007316982222 1]
	[RESULT 51] [0 7.174169609557849 1 1 7 1000.0000127469174 1]
	[RESULT 52] [0 7.2195897487037515 1 1 4 1000.0011716915856 1]
	[RESULT 53] [0 7.079158279879981 1 1 5 1000.0000000862917 1]
	[RESULT 54] [0 7.2195897487037515 1 1 4 1000.0011716915856 1]
	[RESULT 55] [0 6.986362381591095 1 1 6 1000.0000035992747 1]
	[RESULT 56] [0 7.174169609557849 1 1 7 1000.0000127469174 1]
	[RESULT 57] [0 7.581587917682939 1 1 6 1000.0158378193198 1]
	[RESULT 58] [0 7.238669348684183 1 1 3 1000.0000208133155 1]
	[RESULT 59] [0 6.986362381591095 1 1 6 1000.0000035992747 1]
	[RESULT 60] [0 7.176182066324047 1 1 2 1000.0000548267234 1]
	[RESULT 61] [0 7.174882919222993 1 1 7 1000.0000047095309 1]
	[RESULT 62] [0 6.979683927646645 1 1 4 1000.0000367977561 1]
	[RESULT 63] [0 6.8558590343504004 1 1 4 1000.0052369211452 1]
	[RESULT 64] [0 7.188403680376938 1 1 7 1000.00001606835 1]
	[RESULT 65] [0 6.6613747772132275 1 1 1 1000.0000074072949 1]
	[RESULT 66] [0 7.010742412793562 1 1 2 1000.0000280740478 1]
	[RESULT 67] [0 7.414515014515081 1 1 7 1001.3875391095559 1]
	[RESULT 68] [0 7.18804015721305 1 1 6 1000.0000000218082 1]
	[RESULT 69] [0 7.010742412793562 1 1 2 1000.0000280740478 1]
	[RESULT 70] [0 7.010742412793562 1 1 2 1000.0000280740478 1]
	[RESULT 71] [0 7.010742412793562 1 1 4 1000.0000280740478 1]
	[RESULT 72] [0 7.013905343360582 1 1 7 1000.1427888575247 1]
	[RESULT 73] [0 7.174938745186797 1 1 7 1000.0000047095309 1]
	[RESULT 74] [0 7.072024107694556 1 1 7 1000.0000210233919 1]
	[RESULT 75] [0 7.010742412793562 1 1 4 1000.0000280740478 1]
	[RESULT 76] [0 7.178099342794281 1 1 3 1000.0000280361934 1]
	[RESULT 77] [0 7.572778672283124 1 1 3 1000.0007642071139 1]
	[RESULT 78] [0 7.238669348684183 1 1 3 1000.0000208133155 1]
	[RESULT 79] [0 7.176182066324047 1 1 2 1000.0000548267234 1]
	[RESULT 80] [0 7.178408552097466 1 1 7 1000.0000009401726 1]
	[RESULT 81] [0 7.207382409734071 1 1 4 1000.0000350982393 1]
	[RESULT 82] [0 6.988664619124171 1 1 3 1000.0000377154524 1]
[OBJECTIVES]
	[RESULT 1] [0.0118396  0.01827259 0.01643299 0.01127032 0.00413629 0.09286598
 0.         0.00620103 0.00643299 0.00286598 0.         0.0113396
 0.00040661 0.00906701]
	[RESULT 2] [0.01194765 0.01848868 0.01654104 0.01116227 0.00424434 0.09308207
 0.         0.00587689 0.00654104 0.00308207 0.         0.01144765
 0.00040661 0.00895896]
	[RESULT 3] [0.01197823 0.01854984 0.01657162 0.01113169 0.00427492 0.09314323
 0.         0.00578515 0.00657162 0.00314323 0.         0.01147823
 0.00040661 0.00892838]
	[RESULT 4] [0.0120212  0.01863578 0.01661458 0.01108873 0.00431789 0.09322916
 0.         0.00565627 0.00661458 0.00322916 0.         0.0115212
 0.00040662 0.00888542]
	[RESULT 5] [0.01192364 0.01844067 0.01651703 0.01118628 0.00422033 0.09303406
 0.         0.00594891 0.00651703 0.00303406 0.         0.01142364
 0.00040661 0.00898297]
	[RESULT 6] [0.01197206 0.01853751 0.01656545 0.01113786 0.00426876 0.09313089
 0.         0.00580366 0.00656545 0.00313089 0.         0.01147206
 0.00040662 0.00893455]
	[RESULT 7] [0.01196812 0.01852963 0.01656151 0.01114179 0.00426482 0.09312302
 0.         0.00581547 0.00656151 0.00312302 0.         0.01146812
 0.00040661 0.00893849]
	[RESULT 8] [0.01206646 0.0187263  0.01665984 0.01104346 0.00436315 0.09331969
 0.         0.00552047 0.00665984 0.00331969 0.         0.01156646
 0.00040661 0.00884016]
	[RESULT 9] [0.01198108 0.01855554 0.01657447 0.01112884 0.00427777 0.09314893
 0.         0.0057766  0.00657447 0.00314893 0.         0.01148108
 0.00040661 0.00892553]
	[RESULT 10] [0.01205769 0.01870877 0.01665108 0.01105223 0.00435438 0.09330215
 0.         0.00554677 0.00665108 0.00330215 0.         0.01155769
 0.00040662 0.00884892]
	[RESULT 11] [0.01194989 0.01849317 0.01654328 0.01116003 0.00424658 0.09308656
 0.         0.00587017 0.00654328 0.00308656 0.         0.01144989
 0.00040661 0.00895672]
	[RESULT 12] [0.01203484 0.01866308 0.01662823 0.01107507 0.00433154 0.09325647
 0.         0.0056153  0.00662823 0.00325647 0.         0.01153484
 0.00040661 0.00887177]
	[RESULT 13] [0.01194989 0.01849317 0.01654328 0.01116003 0.00424658 0.09308656
 0.         0.00587017 0.00654328 0.00308656 0.         0.01144989
 0.00040661 0.00895672]
	[RESULT 14] [0.01208181 0.01875701 0.0166752  0.01102811 0.00437851 0.0933504
 0.         0.0054744  0.0066752  0.0033504  0.         0.01158181
 0.00040661 0.0088248 ]
	[RESULT 15] [0.01195979 0.01851296 0.01655317 0.01115013 0.00425648 0.09310635
 0.         0.00584048 0.00655317 0.00310635 0.         0.01145979
 0.00040661 0.00894683]
	[RESULT 16] [0.01056052 0.01571442 0.0151539  0.0125494  0.00285721 0.09030781
 0.         0.00896171 0.0051539  0.00030781 0.         0.00906052
 0.00040661 0.0113461 ]
	[RESULT 17] [0.01175291 0.01809921 0.0163463  0.01135701 0.00404961 0.0926926
 0.         0.0064611  0.0063463  0.0026926  0.         0.01125291
 0.00040661 0.0091537 ]
	[RESULT 18] [0.01187104 0.01833546 0.01646442 0.01123888 0.00416773 0.09292885
 0.         0.00610673 0.00646442 0.00292885 0.         0.01137104
 0.00040661 0.00903558]
	[RESULT 19] [0.01181864 0.01823067 0.01641203 0.01129128 0.00411534 0.09282406
 0.         0.00626391 0.00641203 0.00282406 0.         0.01131864
 0.00040661 0.00908797]
	[RESULT 20] [0.01134923 0.01729184 0.01594261 0.01176069 0.00364592 0.09188523
 0.         0.00767216 0.00594261 0.00188523 0.         0.01084923
 0.00040661 0.00955739]
	[RESULT 21] [0.01193777 0.01846894 0.01653116 0.01117214 0.00423447 0.09306232
 0.         0.00590651 0.00653116 0.00306232 0.         0.01143777
 0.00040661 0.00896884]
	[RESULT 22] [0.01198183 0.01855704 0.01657522 0.01112809 0.00427852 0.09315043
 0.         0.00577435 0.00657522 0.00315043 0.         0.01148183
 0.00040661 0.00892478]
	[RESULT 23] [0.01198147 0.01855633 0.01657486 0.01112844 0.00427817 0.09314972
 0.         0.00577542 0.00657486 0.00314972 0.         0.01148147
 0.00040661 0.00892514]
	[RESULT 24] [0.01195046 0.0184943  0.01654384 0.01115946 0.00424715 0.09308769
 0.         0.00586847 0.00654384 0.00308769 0.         0.01145046
 0.00040661 0.00895616]
	[RESULT 25] [0.01179793 0.01818925 0.01639132 0.01131199 0.00409462 0.09278264
 0.         0.00632605 0.00639132 0.00278264 0.         0.01129793
 0.00040661 0.00910868]
	[RESULT 26] [0.01197988 0.01855315 0.01657327 0.01113004 0.00427657 0.09314653
 0.         0.0057802  0.00657327 0.00314653 0.         0.01147988
 0.00040661 0.00892673]
	[RESULT 27] [0.01209296 0.01877931 0.01668635 0.01101696 0.00438966 0.0933727
 0.         0.00544095 0.00668635 0.0033727  0.         0.01159296
 0.00040661 0.00881365]
	[RESULT 28] [0.01198183 0.01855704 0.01657522 0.01112809 0.00427852 0.09315043
 0.         0.00577435 0.00657522 0.00315043 0.         0.01148183
 0.00040661 0.00892478]
	[RESULT 29] [0.0121763  0.01894598 0.01676968 0.01093362 0.00447299 0.09353937
 0.         0.00519095 0.00676968 0.00353937 0.         0.0116763
 0.00040661 0.00873032]
	[RESULT 30] [0.01228534 0.01916407 0.01687873 0.01082458 0.00458203 0.09375746
 0.         0.00486382 0.00687873 0.00375746 0.         0.01178534
 0.00040661 0.00862127]
	[RESULT 31] [0.01186974 0.01833288 0.01646313 0.01124017 0.00416644 0.09292627
 0.         0.0061106  0.00646313 0.00292627 0.         0.01136974
 0.00040661 0.00903687]
	[RESULT 32] [0.01205721 0.0187078  0.01665059 0.01105271 0.0043539  0.09330119
 0.         0.00554822 0.00665059 0.00330119 0.         0.01155721
 0.00040661 0.00884941]
	[RESULT 33] [0.0119596  0.0185126  0.01655299 0.01115031 0.0042563  0.09310599
 0.         0.00584102 0.00655299 0.00310599 0.         0.0114596
 0.00040661 0.00894701]
	[RESULT 34] [0.01203211 0.01865761 0.0166255  0.0110778  0.00432881 0.093251
 0.         0.0056235  0.0066255  0.003251   0.         0.01153211
 0.00040661 0.0088745 ]
	[RESULT 35] [0.0119596  0.0185126  0.01655299 0.01115031 0.0042563  0.09310599
 0.         0.00584102 0.00655299 0.00310599 0.         0.0114596
 0.00040661 0.00894701]
	[RESULT 36] [0.01207014 0.01873367 0.01666353 0.01103978 0.00436684 0.09332706
 0.         0.00550941 0.00666353 0.00332706 0.         0.01157014
 0.00040661 0.00883647]
	[RESULT 37] [0.01180181 0.01819702 0.0163952  0.0113081  0.00409851 0.09279041
 0.         0.00631439 0.0063952  0.00279041 0.         0.01130181
 0.00040661 0.0091048 ]
	[RESULT 38] [0.01194997 0.01849332 0.01654335 0.01115995 0.00424666 0.09308671
 0.         0.00586994 0.00654335 0.00308671 0.         0.01144997
 0.00040661 0.00895665]
	[RESULT 39] [0.01207014 0.01873367 0.01666353 0.01103978 0.00436684 0.09332706
 0.         0.00550941 0.00666353 0.00332706 0.         0.01157014
 0.00040661 0.00883647]
	[RESULT 40] [0.01194997 0.01849332 0.01654335 0.01115995 0.00424666 0.09308671
 0.         0.00586994 0.00654335 0.00308671 0.         0.01144997
 0.00040661 0.00895665]
	[RESULT 41] [0.01173091 0.01805521 0.0163243  0.01137901 0.0040276  0.09264859
 0.         0.00652711 0.0063243  0.00264859 0.         0.01123091
 0.00040661 0.0091757 ]
	[RESULT 42] [0.01198147 0.01855633 0.01657486 0.01112844 0.00427817 0.09314972
 0.         0.00577542 0.00657486 0.00314972 0.         0.01148147
 0.00040661 0.00892514]
	[RESULT 43] [0.01198147 0.01855633 0.01657486 0.01112844 0.00427817 0.09314972
 0.         0.00577542 0.00657486 0.00314972 0.         0.01148147
 0.00040661 0.00892514]
	[RESULT 44] [0.01203766 0.0186687  0.01663105 0.01107226 0.00433435 0.09326209
 0.         0.00560686 0.00663105 0.00326209 0.         0.01153766
 0.00040661 0.00886895]
	[RESULT 45] [0.01197988 0.01855315 0.01657327 0.01113004 0.00427657 0.09314654
 0.         0.00578019 0.00657327 0.00314654 0.         0.01147988
 0.00040661 0.00892673]
	[RESULT 46] [0.01129198 0.01717735 0.01588537 0.01181794 0.00358868 0.09177074
 0.         0.0078439  0.00588537 0.00177074 0.         0.01079198
 0.00040662 0.00961463]
	[RESULT 47] [0.01198147 0.01855633 0.01657486 0.01112844 0.00427817 0.09314972
 0.         0.00577542 0.00657486 0.00314972 0.         0.01148147
 0.00040661 0.00892514]
	[RESULT 48] [0.01203484 0.01866308 0.01662823 0.01107507 0.00433154 0.09325647
 0.         0.0056153  0.00662823 0.00325647 0.         0.01153484
 0.00040661 0.00887177]
	[RESULT 49] [0.01198147 0.01855633 0.01657486 0.01112844 0.00427817 0.09314972
 0.         0.00577542 0.00657486 0.00314972 0.         0.01148147
 0.00040661 0.00892514]
	[RESULT 50] [0.01193206 0.0184575  0.01652545 0.01117786 0.00422875 0.09305089
 0.         0.00592366 0.00652545 0.00305089 0.         0.01143206
 0.00040661 0.00897455]
	[RESULT 51] [0.01198183 0.01855704 0.01657522 0.01112809 0.00427852 0.09315043
 0.         0.00577435 0.00657522 0.00315043 0.         0.01148183
 0.00040661 0.00892478]
	[RESULT 52] [0.0119596  0.0185126  0.01655299 0.01115031 0.0042563  0.09310599
 0.         0.00584102 0.00655299 0.00310599 0.         0.0114596
 0.00040661 0.00894701]
	[RESULT 53] [0.01203043 0.01865425 0.01662382 0.01107949 0.00432713 0.09324764
 0.         0.00562854 0.00662382 0.00324764 0.         0.01153043
 0.00040661 0.00887618]
	[RESULT 54] [0.0119596  0.0185126  0.01655299 0.01115031 0.0042563  0.09310599
 0.         0.00584102 0.00655299 0.00310599 0.         0.0114596
 0.00040661 0.00894701]
	[RESULT 55] [0.01208089 0.01875517 0.01667428 0.01102903 0.00437758 0.09334856
 0.         0.00547717 0.00667428 0.00334856 0.         0.01158089
 0.00040661 0.00882572]
	[RESULT 56] [0.01198183 0.01855704 0.01657522 0.01112809 0.00427852 0.09315043
 0.         0.00577435 0.00657522 0.00315043 0.         0.01148183
 0.00040661 0.00892478]
	[RESULT 57] [0.01180264 0.01819867 0.01639603 0.01130728 0.00409934 0.09279206
 0.         0.00631191 0.00639603 0.00279206 0.         0.01130264
 0.00040661 0.00910397]
	[RESULT 58] [0.01195046 0.0184943  0.01654384 0.01115946 0.00424715 0.09308769
 0.         0.00586847 0.00654384 0.00308769 0.         0.01145046
 0.00040661 0.00895616]
	[RESULT 59] [0.01208089 0.01875517 0.01667428 0.01102903 0.00437758 0.09334856
 0.         0.00547717 0.00667428 0.00334856 0.         0.01158089
 0.00040661 0.00882572]
	[RESULT 60] [0.01198083 0.01855505 0.01657422 0.01112909 0.00427752 0.09314843
 0.         0.00577735 0.00657422 0.00314843 0.         0.01148083
 0.00040661 0.00892578]
	[RESULT 61] [0.01198147 0.01855633 0.01657486 0.01112844 0.00427817 0.09314972
 0.         0.00577542 0.00657486 0.00314972 0.         0.01148147
 0.00040661 0.00892514]
	[RESULT 62] [0.01208464 0.01876267 0.01667803 0.01102528 0.00438134 0.09335606
 0.         0.00546591 0.00667803 0.00335606 0.         0.01158464
 0.00040661 0.00882197]
	[RESULT 63] [0.0121574  0.01890819 0.01675079 0.01095252 0.00445409 0.09350157
 0.         0.00524764 0.00675079 0.00350157 0.         0.0116574
 0.00040661 0.00874921]
	[RESULT 64] [0.01197479 0.01854298 0.01656818 0.01113512 0.00427149 0.09313637
 0.         0.00579545 0.00656818 0.00313637 0.         0.01147479
 0.00040661 0.00893182]
	[RESULT 65] [0.01228534 0.01916407 0.01687873 0.01082458 0.00458203 0.09375746
 0.         0.00486382 0.00687873 0.00375746 0.         0.01178534
 0.00040661 0.00862127]
	[RESULT 66] [0.01206733 0.01872805 0.01666072 0.01104259 0.00436403 0.09332144
 0.         0.00551784 0.00666072 0.00332144 0.         0.01156733
 0.00040661 0.00883928]
	[RESULT 67] [0.01187104 0.01833538 0.01646434 0.01123902 0.00416769 0.09292867
 0.         0.00610699 0.00646434 0.00292867 0.         0.01137104
 0.00040671 0.00903566]
	[RESULT 68] [0.01197497 0.01854333 0.01656836 0.01113494 0.00427167 0.09313672
 0.         0.00579491 0.00656836 0.00313672 0.         0.01147497
 0.00040661 0.00893164]
	[RESULT 69] [0.01206733 0.01872805 0.01666072 0.01104259 0.00436403 0.09332144
 0.         0.00551784 0.00666072 0.00332144 0.         0.01156733
 0.00040661 0.00883928]
	[RESULT 70] [0.01206733 0.01872805 0.01666072 0.01104259 0.00436403 0.09332144
 0.         0.00551784 0.00666072 0.00332144 0.         0.01156733
 0.00040661 0.00883928]
	[RESULT 71] [0.01206733 0.01872805 0.01666072 0.01104259 0.00436403 0.09332144
 0.         0.00551784 0.00666072 0.00332144 0.         0.01156733
 0.00040661 0.00883928]
	[RESULT 72] [0.0120656  0.01872458 0.01665898 0.01104433 0.00436229 0.09331795
 0.         0.00552307 0.00665898 0.00331795 0.         0.0115656
 0.00040662 0.00884102]
	[RESULT 73] [0.01198145 0.01855628 0.01657483 0.01112847 0.00427814 0.09314967
 0.         0.0057755  0.00657483 0.00314967 0.         0.01148145
 0.00040661 0.00892517]
	[RESULT 74] [0.0120342  0.01866179 0.01662759 0.01107571 0.0043309  0.09325518
 0.         0.00561723 0.00662759 0.00325518 0.         0.0115342
 0.00040661 0.00887241]
	[RESULT 75] [0.01206733 0.01872805 0.01666072 0.01104259 0.00436403 0.09332144
 0.         0.00551784 0.00666072 0.00332144 0.         0.01156733
 0.00040661 0.00883928]
	[RESULT 76] [0.01197988 0.01855315 0.01657327 0.01113004 0.00427657 0.09314653
 0.         0.0057802  0.00657327 0.00314653 0.         0.01147988
 0.00040661 0.00892673]
	[RESULT 77] [0.01180608 0.01820555 0.01639947 0.01130383 0.00410278 0.09279894
 0.         0.00630159 0.00639947 0.00279894 0.         0.01130608
 0.00040661 0.00910053]
	[RESULT 78] [0.01195046 0.0184943  0.01654384 0.01115946 0.00424715 0.09308769
 0.         0.00586847 0.00654384 0.00308769 0.         0.01145046
 0.00040661 0.00895616]
	[RESULT 79] [0.01198083 0.01855505 0.01657422 0.01112909 0.00427752 0.09314843
 0.         0.00577735 0.00657422 0.00314843 0.         0.01148083
 0.00040661 0.00892578]
	[RESULT 80] [0.01197973 0.01855284 0.01657311 0.01113019 0.00427642 0.09314623
 0.         0.00578066 0.00657311 0.00314623 0.         0.01147973
 0.00040661 0.00892689]
	[RESULT 81] [0.01196552 0.01852442 0.0165589  0.0111444  0.00426221 0.09311781
 0.         0.00582329 0.0065589  0.00311781 0.         0.01146552
 0.00040661 0.0089411 ]
	[RESULT 82] [0.0120796  0.01875259 0.01667299 0.01103032 0.00437629 0.09334598
 0.         0.00548104 0.00667299 0.00334598 0.         0.0115796
 0.00040661 0.00882701]
