[METRICS]
	[DISEQUILIBRIUM COUNT] 0
	[MINIMUM S0 sTrt S1 DISTANCE]0.010515307222421666
	[MINIMUM S0 sTrt S21 DISTANCE]0.006098208572049971
	[MINIMUM S0 sTrt S22 DISTANCE]0.015108695652173931
	[MINIMUM S7 sTrt S6 DISTANCE]0.008003781914819708
	[MINIMUM S7 sTrt S8 DISTANCE]0.002812001437297873
	[MINIMUM S7 sTrt S21 DISTANCE]0.09021739130434783
	[MINIMUM S7 esTrt S22 DISTANCE]0.0
	[MINIMUM S14 sTrt S13 DISTANCE]4.0106861657784876e-05
	[MINIMUM S14 sTrt S15 DISTANCE]0.005108695652173922
	[MINIMUM S14 sTrt S21 DISTANCE]0.00021739130434782206
	[MINIMUM S14 sTrt S22 DISTANCE]0.0
	[MINIMUM S20 sTrt S19 DISTANCE]0.008515307222421775
	[MINIMUM S20 sTrt S21 DISTANCE]0.0002324184082520414
	[MINIMUM S20 sTrt S22 DISTANCE]0.003284370848009116
	[AVERAGE S0 sTrt S1 DISTANCE]0.01098938544750466
	[AVERAGE S0 sTrt S21 DISTANCE]0.01632988701386478
	[AVERAGE S0 sTrt S22 DISTANCE]0.015389988153102893
	[AVERAGE S7 sTrt S6 DISTANCE]0.012415621731452383
	[AVERAGE S7 sTrt S8 DISTANCE]0.003195598037658059
	[AVERAGE S7 sTrt S21 DISTANCE]0.09077997630620584
	[AVERAGE S7 sTrt S22 DISTANCE]0.0
	[AVERAGE S14 sTrt S13 DISTANCE]0.008340774550013865
	[AVERAGE S14 sTrt S15 DISTANCE]0.005389988153102866
	[AVERAGE S14 sTrt S21 DISTANCE]0.0007799763062057106
	[AVERAGE S14 sTrt S22 DISTANCE]0.0
	[AVERAGE S20 sTrt S19 DISTANCE]0.009580281806048242
	[AVERAGE S20 sTrt S21 DISTANCE]0.00046891273576662567
	[AVERAGE S20 sTrt S22 DISTANCE]0.010909168297309667
[VARIABLES]
	[RESULT 1] [0 49.9999999999994 1 4 2 1000.0000000000025 1]
	[RESULT 2] [0 9.66706158374466 1 1 4 1000.0000000291584 1]
	[RESULT 3] [0 9.581874739181867 1 1 5 1000.0000004010965 1]
	[RESULT 4] [0 50.0 1 4 3 1000.0000000000047 1]
	[RESULT 5] [0 50.0 1 4 2 1000.0 1]
	[RESULT 6] [0 49.99999999999925 1 4 2 1000.0000000000454 1]
	[RESULT 7] [0 9.665628347527832 1 1 5 1000.0000352003809 1]
	[RESULT 8] [0 50.0 1 4 2 1000.0 1]
	[RESULT 9] [0 9.665628347527832 1 1 5 1000.0000352003809 1]
	[RESULT 10] [0 9.220078790107237 1 1 7 1000.0000003859683 1]
	[RESULT 11] [0 49.99999999999902 1 4 3 1000.0000000000018 1]
	[RESULT 12] [0 50.0 1 4 2 1000.0 1]
	[RESULT 13] [0 49.99999999999942 1 4 2 1000.0 1]
	[RESULT 14] [0 10.146575345568342 1 1 9 1000.0000000825943 1]
	[RESULT 15] [0 50.0 1 4 3 1000.0000000000047 1]
	[RESULT 16] [0 10.168301850831568 1 1 7 1000.0000000335576 1]
	[RESULT 17] [0 49.99999999999902 1 4 6 1000.000000000028 1]
	[RESULT 18] [0 11.99067463265889 1 1 6 1000.0000000000007 1]
	[RESULT 19] [0 11.79630179832361 1 1 6 1000.0000000677326 1]
	[RESULT 20] [0 10.398794399882984 1 1 6 1000.0000585152262 1]
	[RESULT 21] [0 11.081205455839905 1 1 6 1000.0000030364874 1]
	[RESULT 22] [0 50.0 1 1 6 1000.0000000000007 1]
	[RESULT 23] [0 49.99999999999902 1 4 6 1000.0000000000039 1]
	[RESULT 24] [0 9.689455080525455 1 1 6 1000.0000351904453 1]
	[RESULT 25] [0 50.0 1 4 2 1000.0 1]
	[RESULT 26] [0 49.99999999999902 1 4 2 1000.0000000000032 1]
	[RESULT 27] [0 10.166745884009389 1 1 6 1000.0000088695896 1]
	[RESULT 28] [0 9.291940967357528 1 1 6 1000.0000000133894 1]
	[RESULT 29] [0 49.99999999999902 1 4 2 1000.0000000000032 1]
	[RESULT 30] [0 50.0 1 4 3 1000.0000000000047 1]
	[RESULT 31] [0 49.99999999999902 1 4 2 1000.0000000000032 1]
	[RESULT 32] [0 49.99999999999902 1 4 2 1000.0000000000032 1]
	[RESULT 33] [0 10.399737187885979 1 1 6 1000.0000327191325 1]
	[RESULT 34] [0 49.999999999999055 1 4 6 1000.0000000000007 1]
	[RESULT 35] [0 49.99999999999902 1 4 2 1000.0000000000032 1]
	[RESULT 36] [0 49.99999999999902 1 4 3 1000.0000000000032 1]
	[RESULT 37] [0 10.146575345568342 1 1 9 1000.0000000825943 1]
	[RESULT 38] [0 50.0 1 4 3 1000.0000000000175 1]
	[RESULT 39] [0 10.168301850831568 1 1 8 1000.0000000335576 1]
	[RESULT 40] [0 49.99999999999902 1 4 2 1000.0000000000032 1]
	[RESULT 41] [0 49.99999999999902 1 4 3 1000.0000000000032 1]
	[RESULT 42] [0 11.077046792986314 1 1 6 1000.0000039233738 1]
	[RESULT 43] [0 10.166745884009389 1 1 6 1000.0000088695896 1]
	[RESULT 44] [0 49.99999999999902 1 4 2 1000.0000000000032 1]
	[RESULT 45] [0 49.99999999999902 1 4 3 1000.0000000000032 1]
	[RESULT 46] [0 49.999999999999055 1 4 6 1000.0 1]
	[RESULT 47] [0 9.665628347527832 1 1 5 1000.0000352003809 1]
	[RESULT 48] [0 9.591804875955019 1 1 7 1000.0000175991244 1]
	[RESULT 49] [0 9.587153895490188 1 1 3 1000.0000000176143 1]
	[RESULT 50] [0 9.689455080525455 1 1 6 1000.0000351904453 1]
	[RESULT 51] [0 50.0 1 1 6 1000.0000000000007 1]
	[RESULT 52] [0 9.58671053759055 1 1 3 1000.0000000122515 1]
	[RESULT 53] [0 9.689425478199873 1 1 6 1000.0000000064205 1]
	[RESULT 54] [0 9.857578074973253 1 1 5 1000.0058310370039 1]
	[RESULT 55] [0 49.99999999999902 1 4 6 1000.0000000000039 1]
	[RESULT 56] [0 10.146575345568342 1 1 9 1000.0000000825943 1]
	[RESULT 57] [0 50.0 1 4 3 1000.0000000000047 1]
	[RESULT 58] [0 10.166745884009389 1 1 6 1000.0000088695896 1]
	[RESULT 59] [0 49.99999999999902 1 4 2 1000.0000000000032 1]
	[RESULT 60] [0 49.99999999999902 1 4 2 1000.0000000000032 1]
	[RESULT 61] [0 11.095548401733465 1 1 6 1000.0000312243624 1]
	[RESULT 62] [0 10.166745884009389 1 1 6 1000.0000088695896 1]
	[RESULT 63] [0 49.99999999999902 1 4 2 1000.0000000000032 1]
	[RESULT 64] [0 49.99999999999902 1 4 2 1000.0000000000032 1]
	[RESULT 65] [0 9.689425478199873 1 1 6 1000.0000000064205 1]
	[RESULT 66] [0 49.99999999999962 1 4 2 1000.0000000000039 1]
	[RESULT 67] [0 49.99999999999922 1 4 2 1000.0000000000025 1]
	[RESULT 68] [0 8.37099849426479 1 1 3 1000.0000000850852 1]
	[RESULT 69] [0 7.275870267122411 1 1 3 1000.0000000850852 1]
	[RESULT 70] [0 8.37099849426479 1 1 3 1000.0000000850852 1]
	[RESULT 71] [0 6.741861716470662 1 1 1 1000.00003493552 1]
	[RESULT 72] [0 7.481613635411067 1 1 2 1000.0000354763536 1]
	[RESULT 73] [0 12.681573902721851 1 1 2 1000.0000940067846 1]
	[RESULT 74] [0 8.37099849426479 1 1 3 1000.0000000850852 1]
	[RESULT 75] [0 6.741861716470662 1 1 1 1000.00003493552 1]
	[RESULT 76] [0 7.481613635411067 1 1 2 1000.0000354763536 1]
	[RESULT 77] [0 8.556229056824856 1 1 5 1000.0000000249098 1]
	[RESULT 78] [0 8.034097341069256 1 1 6 1000.0000289240166 1]
	[RESULT 79] [0 7.0303343209970794 1 1 4 1000.0000000060212 1]
	[RESULT 80] [0 49.99999999999942 1 4 3 1000.0 1]
	[RESULT 81] [0 10.146575345568342 1 1 9 1000.0000000825943 1]
	[RESULT 82] [0 50.0 1 4 3 1000.0000000000047 1]
	[RESULT 83] [0 10.168301850831568 1 1 8 1000.0000000335576 1]
	[RESULT 84] [0 50.0 1 4 1 1000.0000000000175 1]
	[RESULT 85] [0 50.0 1 4 2 1000.0 1]
	[RESULT 86] [0 10.166745884009389 1 1 6 1000.0000088695896 1]
	[RESULT 87] [0 50.0 1 4 2 1000.0000000000468 1]
	[RESULT 88] [0 50.0 1 4 2 1000.0000000000175 1]
	[RESULT 89] [0 9.67850538163612 1 1 3 1000.000000728077 1]
	[RESULT 90] [0 50.0 1 4 3 1000.0 1]
	[RESULT 91] [0 7.49768569079842 1 1 1 1000.000028678249 1]
	[RESULT 92] [0 50.0 1 4 6 1000.0000000000039 1]
[OBJECTIVES]
	[RESULT 1] [0.01051531 0.015624   0.0151087  0.01259461 0.002812   0.09021739
 0.         0.00832609 0.0051087  0.00021739 0.         0.00851531
 0.00040661 0.0118913 ]
	[RESULT 2] [0.0112889  0.01717119 0.01588229 0.01182101 0.0035856  0.09176458
 0.         0.00785313 0.00588229 0.00176458 0.         0.0107889
 0.00040661 0.00961771]
	[RESULT 3] [0.01130237 0.01719812 0.01589576 0.01180755 0.00359906 0.09179151
 0.         0.00781273 0.00589576 0.00179151 0.         0.01080237
 0.00040661 0.00960424]
	[RESULT 4] [0.01051531 0.015624   0.0151087  0.01259461 0.002812   0.09021739
 0.         0.00832609 0.0051087  0.00021739 0.         0.00851531
 0.00040661 0.0118913 ]
	[RESULT 5] [0.01051531 0.015624   0.0151087  0.01259461 0.002812   0.09021739
 0.         0.00832609 0.0051087  0.00021739 0.         0.00851531
 0.00040661 0.0118913 ]
	[RESULT 6] [0.01051531 0.015624   0.0151087  0.01259461 0.002812   0.09021739
 0.         0.00832609 0.0051087  0.00021739 0.         0.00851531
 0.00040661 0.0118913 ]
	[RESULT 7] [0.01128913 0.01717164 0.01588251 0.01182079 0.00358582 0.09176503
 0.         0.00785246 0.00588251 0.00176503 0.         0.01078913
 0.00040661 0.00961749]
	[RESULT 8] [0.01051531 0.015624   0.0151087  0.01259461 0.002812   0.09021739
 0.         0.00832609 0.0051087  0.00021739 0.         0.00851531
 0.00040661 0.0118913 ]
	[RESULT 9] [0.01128913 0.01717164 0.01588251 0.01182079 0.00358582 0.09176503
 0.         0.00785246 0.00588251 0.00176503 0.         0.01078913
 0.00040661 0.00961749]
	[RESULT 10] [0.01136445 0.01732229 0.01595784 0.01174547 0.00366115 0.09191568
 0.         0.00762648 0.00595784 0.00191568 0.         0.01086445
 0.00040661 0.00954216]
	[RESULT 11] [0.01051531 0.015624   0.0151087  0.01259461 0.002812   0.09021739
 0.         0.00832609 0.0051087  0.00021739 0.         0.00851531
 0.00040661 0.0118913 ]
	[RESULT 12] [0.01051531 0.015624   0.0151087  0.01259461 0.002812   0.09021739
 0.         0.00832609 0.0051087  0.00021739 0.         0.00851531
 0.00040661 0.0118913 ]
	[RESULT 13] [0.01051531 0.015624   0.0151087  0.01259461 0.002812   0.09021739
 0.         0.00832609 0.0051087  0.00021739 0.         0.00851531
 0.00040661 0.0118913 ]
	[RESULT 14] [0.01122007 0.01703353 0.01581346 0.01188984 0.00351677 0.09162692
 0.         0.00805962 0.00581346 0.00162692 0.         0.01072007
 0.00040661 0.00968654]
	[RESULT 15] [0.01051531 0.015624   0.0151087  0.01259461 0.002812   0.09021739
 0.         0.00832609 0.0051087  0.00021739 0.         0.00851531
 0.00040661 0.0118913 ]
	[RESULT 16] [0.01121721 0.0170278  0.0158106  0.01189271 0.0035139  0.09162119
 0.         0.00806821 0.0058106  0.00162119 0.         0.01071721
 0.00040661 0.0096894 ]
	[RESULT 17] [0.01051531 0.015624   0.0151087  0.01259461 0.002812   0.09021739
 0.         0.00832609 0.0051087  0.00021739 0.         0.00851531
 0.00040661 0.0118913 ]
	[RESULT 18] [0.01103234 0.01665807 0.01562573 0.01207758 0.00332904 0.09125146
 0.         0.00862281 0.00562573 0.00125146 0.         0.01053234
 0.00040661 0.00987427]
	[RESULT 19] [0.01104794 0.01668927 0.01564133 0.01206198 0.00334464 0.09128266
 0.         0.00857601 0.00564133 0.00128266 0.         0.01054794
 0.00040661 0.00985867]
	[RESULT 20] [0.01118801 0.01696941 0.0157814  0.01192191 0.0034847  0.09156279
 0.         0.00815581 0.0057814  0.00156279 0.         0.01068801
 0.00040661 0.0097186 ]
	[RESULT 21] [0.01111271 0.0168188  0.01570609 0.01199721 0.0034094  0.09141219
 0.         0.00838172 0.00570609 0.00141219 0.         0.01061271
 0.00040661 0.00979391]
	[RESULT 22] [0.01051531 0.015624   0.0151087  0.01259461 0.002812   0.09021739
 0.         0.00982609 0.0051087  0.00021739 0.         0.01001531
 0.00040661 0.0103913 ]
	[RESULT 23] [0.01051531 0.015624   0.0151087  0.01259461 0.002812   0.09021739
 0.         0.00832609 0.0051087  0.00021739 0.         0.00851531
 0.00040661 0.0118913 ]
	[RESULT 24] [0.01128543 0.01716425 0.01587882 0.01182449 0.00358212 0.09175764
 0.         0.00786354 0.00587882 0.00175764 0.         0.01078543
 0.00040661 0.00962118]
	[RESULT 25] [0.01051531 0.015624   0.0151087  0.01259461 0.002812   0.09021739
 0.         0.00832609 0.0051087  0.00021739 0.         0.00851531
 0.00040661 0.0118913 ]
	[RESULT 26] [0.01051531 0.015624   0.0151087  0.01259461 0.002812   0.09021739
 0.         0.00832609 0.0051087  0.00021739 0.         0.00851531
 0.00040661 0.0118913 ]
	[RESULT 27] [0.01121741 0.01702821 0.0158108  0.01189251 0.00351411 0.0916216
 0.         0.0080676  0.0058108  0.0016216  0.         0.01071741
 0.00040661 0.0096892 ]
	[RESULT 28] [0.01135144 0.01729628 0.01594483 0.01175847 0.00364814 0.09188967
 0.         0.0076655  0.00594483 0.00188967 0.         0.01085144
 0.00040661 0.00955517]
	[RESULT 29] [0.01051531 0.015624   0.0151087  0.01259461 0.002812   0.09021739
 0.         0.00832609 0.0051087  0.00021739 0.         0.00851531
 0.00040661 0.0118913 ]
	[RESULT 30] [0.01051531 0.015624   0.0151087  0.01259461 0.002812   0.09021739
 0.         0.00832609 0.0051087  0.00021739 0.         0.00851531
 0.00040661 0.0118913 ]
	[RESULT 31] [0.01051531 0.015624   0.0151087  0.01259461 0.002812   0.09021739
 0.         0.00832609 0.0051087  0.00021739 0.         0.00851531
 0.00040661 0.0118913 ]
	[RESULT 32] [0.01051531 0.015624   0.0151087  0.01259461 0.002812   0.09021739
 0.         0.00832609 0.0051087  0.00021739 0.         0.00851531
 0.00040661 0.0118913 ]
	[RESULT 33] [0.01118789 0.01696918 0.01578128 0.01192202 0.00348459 0.09156256
 0.         0.00815615 0.00578128 0.00156256 0.         0.01068789
 0.00040661 0.00971872]
	[RESULT 34] [0.01051531 0.015624   0.0151087  0.01259461 0.002812   0.09021739
 0.         0.00832609 0.0051087  0.00021739 0.         0.00851531
 0.00040661 0.0118913 ]
	[RESULT 35] [0.01051531 0.015624   0.0151087  0.01259461 0.002812   0.09021739
 0.         0.00832609 0.0051087  0.00021739 0.         0.00851531
 0.00040661 0.0118913 ]
	[RESULT 36] [0.01051531 0.015624   0.0151087  0.01259461 0.002812   0.09021739
 0.         0.00832609 0.0051087  0.00021739 0.         0.00851531
 0.00040661 0.0118913 ]
	[RESULT 37] [0.01122007 0.01703353 0.01581346 0.01188984 0.00351677 0.09162692
 0.         0.00805962 0.00581346 0.00162692 0.         0.01072007
 0.00040661 0.00968654]
	[RESULT 38] [0.01051531 0.015624   0.0151087  0.01259461 0.002812   0.09021739
 0.         0.00832609 0.0051087  0.00021739 0.         0.00851531
 0.00040661 0.0118913 ]
	[RESULT 39] [0.01121721 0.0170278  0.0158106  0.01189271 0.0035139  0.09162119
 0.         0.00806821 0.0058106  0.00162119 0.         0.01071721
 0.00040661 0.0096894 ]
	[RESULT 40] [0.01051531 0.015624   0.0151087  0.01259461 0.002812   0.09021739
 0.         0.00832609 0.0051087  0.00021739 0.         0.00851531
 0.00040661 0.0118913 ]
	[RESULT 41] [0.01051531 0.015624   0.0151087  0.01259461 0.002812   0.09021739
 0.         0.00832609 0.0051087  0.00021739 0.         0.00851531
 0.00040661 0.0118913 ]
	[RESULT 42] [0.01111312 0.01681963 0.01570651 0.0119968  0.00340982 0.09141302
 0.         0.00838047 0.00570651 0.00141302 0.         0.01061312
 0.00040661 0.00979349]
	[RESULT 43] [0.01121741 0.01702821 0.0158108  0.01189251 0.00351411 0.0916216
 0.         0.0080676  0.0058108  0.0016216  0.         0.01071741
 0.00040661 0.0096892 ]
	[RESULT 44] [0.01051531 0.015624   0.0151087  0.01259461 0.002812   0.09021739
 0.         0.00832609 0.0051087  0.00021739 0.         0.00851531
 0.00040661 0.0118913 ]
	[RESULT 45] [0.01051531 0.015624   0.0151087  0.01259461 0.002812   0.09021739
 0.         0.00832609 0.0051087  0.00021739 0.         0.00851531
 0.00040661 0.0118913 ]
	[RESULT 46] [0.01051531 0.015624   0.0151087  0.01259461 0.002812   0.09021739
 0.         0.00832609 0.0051087  0.00021739 0.         0.00851531
 0.00040661 0.0118913 ]
	[RESULT 47] [0.01128913 0.01717164 0.01588251 0.01182079 0.00358582 0.09176503
 0.         0.00785246 0.00588251 0.00176503 0.         0.01078913
 0.00040661 0.00961749]
	[RESULT 48] [0.01130078 0.01719494 0.01589417 0.01180914 0.00359747 0.09178833
 0.         0.0078175  0.00589417 0.00178833 0.         0.01080078
 0.00040661 0.00960583]
	[RESULT 49] [0.01130152 0.01719643 0.01589491 0.0118084  0.00359822 0.09178982
 0.         0.00781527 0.00589491 0.00178982 0.         0.01080152
 0.00040661 0.00960509]
	[RESULT 50] [0.01128543 0.01716425 0.01587882 0.01182449 0.00358212 0.09175764
 0.         0.00786354 0.00587882 0.00175764 0.         0.01078543
 0.00040661 0.00962118]
	[RESULT 51] [0.01051531 0.015624   0.0151087  0.01259461 0.002812   0.09021739
 0.         0.00982609 0.0051087  0.00021739 0.         0.01001531
 0.00040661 0.0103913 ]
	[RESULT 52] [0.01130159 0.01719657 0.01589498 0.01180832 0.00359829 0.09178996
 0.         0.00781506 0.00589498 0.00178996 0.         0.01080159
 0.00040661 0.00960502]
	[RESULT 53] [0.01128543 0.01716426 0.01587882 0.01182448 0.00358213 0.09175765
 0.         0.00786353 0.00587882 0.00175765 0.         0.01078543
 0.00040661 0.00962118]
	[RESULT 54] [0.01126021 0.0171138  0.0158536  0.01184971 0.0035569  0.09170719
 0.         0.00793921 0.0058536  0.00170719 0.         0.01076021
 0.00040661 0.0096464 ]
	[RESULT 55] [0.01051531 0.015624   0.0151087  0.01259461 0.002812   0.09021739
 0.         0.00832609 0.0051087  0.00021739 0.         0.00851531
 0.00040661 0.0118913 ]
	[RESULT 56] [0.01122007 0.01703353 0.01581346 0.01188984 0.00351677 0.09162692
 0.         0.00805962 0.00581346 0.00162692 0.         0.01072007
 0.00040661 0.00968654]
	[RESULT 57] [0.01051531 0.015624   0.0151087  0.01259461 0.002812   0.09021739
 0.         0.00832609 0.0051087  0.00021739 0.         0.00851531
 0.00040661 0.0118913 ]
	[RESULT 58] [0.01121741 0.01702821 0.0158108  0.01189251 0.00351411 0.0916216
 0.         0.0080676  0.0058108  0.0016216  0.         0.01071741
 0.00040661 0.0096892 ]
	[RESULT 59] [0.01051531 0.015624   0.0151087  0.01259461 0.002812   0.09021739
 0.         0.00832609 0.0051087  0.00021739 0.         0.00851531
 0.00040661 0.0118913 ]
	[RESULT 60] [0.01051531 0.015624   0.0151087  0.01259461 0.002812   0.09021739
 0.         0.00832609 0.0051087  0.00021739 0.         0.00851531
 0.00040661 0.0118913 ]
	[RESULT 61] [0.01111128 0.01681595 0.01570467 0.01199864 0.00340797 0.09140933
 0.         0.008386   0.00570467 0.00140933 0.         0.01061128
 0.00040661 0.00979533]
	[RESULT 62] [0.01121741 0.01702821 0.0158108  0.01189251 0.00351411 0.0916216
 0.         0.0080676  0.0058108  0.0016216  0.         0.01071741
 0.00040661 0.0096892 ]
	[RESULT 63] [0.01051531 0.015624   0.0151087  0.01259461 0.002812   0.09021739
 0.         0.00832609 0.0051087  0.00021739 0.         0.00851531
 0.00040661 0.0118913 ]
	[RESULT 64] [0.01051531 0.015624   0.0151087  0.01259461 0.002812   0.09021739
 0.         0.00832609 0.0051087  0.00021739 0.         0.00851531
 0.00040661 0.0118913 ]
	[RESULT 65] [0.01128543 0.01716426 0.01587882 0.01182448 0.00358213 0.09175765
 0.         0.00786353 0.00587882 0.00175765 0.         0.01078543
 0.00040661 0.00962118]
	[RESULT 66] [0.01051531 0.015624   0.0151087  0.01259461 0.002812   0.09021739
 0.         0.00832609 0.0051087  0.00021739 0.         0.00851531
 0.00040661 0.0118913 ]
	[RESULT 67] [0.01051531 0.015624   0.0151087  0.01259461 0.002812   0.09021739
 0.         0.00832609 0.0051087  0.00021739 0.         0.00851531
 0.00040661 0.0118913 ]
	[RESULT 68] [0.01155051 0.01769442 0.0161439  0.0115594  0.00384721 0.09228781
 0.         0.00706829 0.0061439  0.00228781 0.         0.01105051
 0.00040661 0.0093561 ]
	[RESULT 69] [0.01193292 0.01845924 0.01652631 0.01117699 0.00422962 0.09305262
 0.         0.00592106 0.00652631 0.00305262 0.         0.01143292
 0.00040661 0.00897369]
	[RESULT 70] [0.01155051 0.01769442 0.0161439  0.0115594  0.00384721 0.09228781
 0.         0.00706829 0.0061439  0.00228781 0.         0.01105051
 0.00040661 0.0093561 ]
	[RESULT 71] [0.01223019 0.01905377 0.01682358 0.01087973 0.00452688 0.09364716
 0.         0.00502926 0.00682358 0.00364716 0.         0.01173019
 0.00040661 0.00867642]
	[RESULT 72] [0.01184273 0.01827884 0.01643612 0.01126719 0.00413942 0.09287223
 0.         0.00619165 0.00643612 0.00287223 0.         0.01134273
 0.00040661 0.00906388]
	[RESULT 73] [0.01098254 0.01655848 0.01557593 0.01212737 0.00327924 0.09115186
 0.         0.0087722  0.00557593 0.00115186 0.         0.01048254
 0.00040661 0.00992407]
	[RESULT 74] [0.01155051 0.01769442 0.0161439  0.0115594  0.00384721 0.09228781
 0.         0.00706829 0.0061439  0.00228781 0.         0.01105051
 0.00040661 0.0093561 ]
	[RESULT 75] [0.01223019 0.01905377 0.01682358 0.01087973 0.00452688 0.09364716
 0.         0.00502926 0.00682358 0.00364716 0.         0.01173019
 0.00040661 0.00867642]
	[RESULT 76] [0.01184273 0.01827884 0.01643612 0.01126719 0.00413942 0.09287223
 0.         0.00619165 0.00643612 0.00287223 0.         0.01134273
 0.00040661 0.00906388]
	[RESULT 77] [0.01150401 0.01760141 0.0160974  0.01160591 0.0038007  0.0921948
 0.         0.0072078  0.0060974  0.0021948  0.         0.01100401
 0.00040661 0.0094026 ]
	[RESULT 78] [0.01164605 0.01788548 0.01623943 0.01146387 0.00394274 0.09247887
 0.         0.0067817  0.00623943 0.00247887 0.         0.01114605
 0.00040661 0.00926057]
	[RESULT 79] [0.01205659 0.01870658 0.01664998 0.01105332 0.00435329 0.09329997
 0.         0.00555005 0.00664998 0.00329997 0.         0.01155659
 0.00040661 0.00885002]
	[RESULT 80] [0.01051531 0.015624   0.0151087  0.01259461 0.002812   0.09021739
 0.         0.00832609 0.0051087  0.00021739 0.         0.00851531
 0.00040661 0.0118913 ]
	[RESULT 81] [0.01122007 0.01703353 0.01581346 0.01188984 0.00351677 0.09162692
 0.         0.00805962 0.00581346 0.00162692 0.         0.01072007
 0.00040661 0.00968654]
	[RESULT 82] [0.01051531 0.015624   0.0151087  0.01259461 0.002812   0.09021739
 0.         0.00832609 0.0051087  0.00021739 0.         0.00851531
 0.00040661 0.0118913 ]
	[RESULT 83] [0.01121721 0.0170278  0.0158106  0.01189271 0.0035139  0.09162119
 0.         0.00806821 0.0058106  0.00162119 0.         0.01071721
 0.00040661 0.0096894 ]
	[RESULT 84] [0.01051531 0.015624   0.0151087  0.01259461 0.002812   0.09021739
 0.         0.00832609 0.0051087  0.00021739 0.         0.00851531
 0.00040661 0.0118913 ]
	[RESULT 85] [0.01051531 0.015624   0.0151087  0.01259461 0.002812   0.09021739
 0.         0.00832609 0.0051087  0.00021739 0.         0.00851531
 0.00040661 0.0118913 ]
	[RESULT 86] [0.01121741 0.01702821 0.0158108  0.01189251 0.00351411 0.0916216
 0.         0.0080676  0.0058108  0.0016216  0.         0.01071741
 0.00040661 0.0096892 ]
	[RESULT 87] [0.01051531 0.015624   0.0151087  0.01259461 0.002812   0.09021739
 0.         0.00832609 0.0051087  0.00021739 0.         0.00851531
 0.00040661 0.0118913 ]
	[RESULT 88] [0.01051531 0.015624   0.0151087  0.01259461 0.002812   0.09021739
 0.         0.00832609 0.0051087  0.00021739 0.         0.00851531
 0.00040661 0.0118913 ]
	[RESULT 89] [0.01128712 0.01716764 0.01588051 0.01182279 0.00358382 0.09176103
 0.         0.00785846 0.00588051 0.00176103 0.         0.01078712
 0.00040661 0.00961949]
	[RESULT 90] [0.01051531 0.015624   0.0151087  0.01259461 0.002812   0.09021739
 0.         0.00832609 0.0051087  0.00021739 0.         0.00851531
 0.00040661 0.0118913 ]
	[RESULT 91] [0.01183613 0.01826564 0.01642952 0.01127379 0.00413282 0.09285903
 0.         0.00621145 0.00642952 0.00285903 0.         0.01133613
 0.00040661 0.00907048]
	[RESULT 92] [0.01051531 0.015624   0.0151087  0.01259461 0.002812   0.09021739
 0.         0.00832609 0.0051087  0.00021739 0.         0.00851531
 0.00040661 0.0118913 ]
