[METRICS]
	[DISEQUILIBRIUM COUNT] 0
	[MINIMUM S0 sTrt S1 DISTANCE]0.010535737085144548
	[MINIMUM S0 sTrt S21 DISTANCE]0.012689376865721733
	[MINIMUM S0 sTrt S22 DISTANCE]0.015108938959949525
	[MINIMUM S7 sTrt S6 DISTANCE]0.00774210029021738
	[MINIMUM S7 sTrt S8 DISTANCE]0.0028312434721166624
	[MINIMUM S7 sTrt S21 DISTANCE]0.090217877919899
	[MINIMUM S7 esTrt S22 DISTANCE]0.0
	[MINIMUM S14 sTrt S13 DISTANCE]2.938103034677564e-05
	[MINIMUM S14 sTrt S15 DISTANCE]0.005108938959949516
	[MINIMUM S14 sTrt S21 DISTANCE]0.00021787791989900246
	[MINIMUM S14 sTrt S22 DISTANCE]0.0
	[MINIMUM S20 sTrt S19 DISTANCE]0.008539373118443883
	[MINIMUM S20 sTrt S21 DISTANCE]0.0004066115702486134
	[MINIMUM S20 sTrt S22 DISTANCE]0.0033917624576459693
	[AVERAGE S0 sTrt S1 DISTANCE]0.01190566382131583
	[AVERAGE S0 sTrt S21 DISTANCE]0.01819905745891383
	[AVERAGE S0 sTrt S22 DISTANCE]0.016323807511156592
	[AVERAGE S7 sTrt S6 DISTANCE]0.011472442772774667
	[AVERAGE S7 sTrt S8 DISTANCE]0.0041200577950878175
	[AVERAGE S7 sTrt S21 DISTANCE]0.0926476150223132
	[AVERAGE S7 sTrt S22 DISTANCE]0.0
	[AVERAGE S14 sTrt S13 DISTANCE]0.006515870029676346
	[AVERAGE S14 sTrt S15 DISTANCE]0.006323807511156596
	[AVERAGE S14 sTrt S21 DISTANCE]0.002647615022313132
	[AVERAGE S14 sTrt S22 DISTANCE]0.0
	[AVERAGE S20 sTrt S19 DISTANCE]0.011327232448766999
	[AVERAGE S20 sTrt S21 DISTANCE]0.00047446331168802066
	[AVERAGE S20 sTrt S22 DISTANCE]0.009159278057373961
[VARIABLES]
	[RESULT 1] [0 8.072826087271197 1 1 18 1000.0103006464392 1]
	[RESULT 2] [0 7.807120792272469 1 1 20 1000.0005560248945 1]
	[RESULT 3] [0 7.75887558254316 1 1 15 1000.00018759049 1]
	[RESULT 4] [0 7.73210105820428 1 1 24 1000.0000000295535 1]
	[RESULT 5] [0 7.73210105820428 1 1 24 1000.0000000295535 1]
	[RESULT 6] [0 7.654394404293317 1 1 23 1000.002140836534 1]
	[RESULT 7] [0 7.882399486784758 1 1 17 1000.0179697934525 1]
	[RESULT 8] [0 7.727641786968765 1 1 14 1000.0000005237929 1]
	[RESULT 9] [0 7.76178680531931 1 1 15 1000.0155010687691 1]
	[RESULT 10] [0 7.727641786968765 1 1 14 1000.0000005237929 1]
	[RESULT 11] [0 7.4284532685453835 1 1 20 1000.0036876095983 1]
	[RESULT 12] [0 7.75887558254316 1 1 15 1000.00018759049 1]
	[RESULT 13] [0 7.460452031854256 1 1 21 1000.0006655472193 1]
	[RESULT 14] [0 7.77264022215151 1 1 21 1000.0584843637616 1]
	[RESULT 15] [0 7.673850293326705 1 1 20 1000.0256531049417 1]
	[RESULT 16] [0 7.646948029824074 1 1 21 1000.0520812309258 1]
	[RESULT 17] [0 7.807120792272469 1 1 20 1000.0005560248945 1]
	[RESULT 18] [0 7.5957558717895175 1 1 19 1000.0000090858207 1]
	[RESULT 19] [0 7.793843249278031 1 1 14 1000.0000061309153 1]
	[RESULT 20] [0 7.793843249278031 1 1 14 1000.0000061309153 1]
	[RESULT 21] [0 41.6635746183746 1 4 22 1011.0762663667995 1]
	[RESULT 22] [0 8.377477837759107 1 1 14 1000.0010823115152 1]
	[RESULT 23] [0 8.482945079255677 1 1 14 1000.0000079563264 1]
	[RESULT 24] [0 8.377477837759107 1 1 14 1000.0010823115152 1]
	[RESULT 25] [0 7.989533701371783 1 1 14 1000.0000356689508 1]
	[RESULT 26] [0 8.288737268229127 1 1 24 1000.0005014773157 1]
	[RESULT 27] [0 12.087880203074516 1 1 22 1000.0000042165638 1]
	[RESULT 28] [0 7.81400797341132 1 1 17 1000.0021323286905 1]
	[RESULT 29] [0 7.73210105820428 1 1 24 1000.0000000295535 1]
	[RESULT 30] [0 7.6781061011237455 1 1 20 1000.0000023603391 1]
	[RESULT 31] [0 7.772372096766433 1 1 21 1000.0000001137619 1]
	[RESULT 32] [0 7.793843249278031 1 1 14 1000.0000061309153 1]
	[RESULT 33] [0 8.377476873434231 1 1 14 1000.0010823115152 1]
	[RESULT 34] [0 7.6781061011237455 1 1 20 1000.0000023603391 1]
	[RESULT 35] [0 7.4284532685453835 1 1 20 1000.0036876095983 1]
	[RESULT 36] [0 7.759069768187852 1 1 20 1000.0000058533914 1]
	[RESULT 37] [0 7.343063456000897 1 1 21 1000.0000086701865 1]
	[RESULT 38] [0 7.762569097883326 1 1 16 1000.0020919741503 1]
	[RESULT 39] [0 7.290977157551175 1 1 21 1000.000451533855 1]
	[RESULT 40] [0 7.601516244819493 1 1 19 1000.0000002172046 1]
	[RESULT 41] [0 7.98644331139632 1 1 14 1000.0017209889106 1]
	[RESULT 42] [0 7.646953768389662 1 1 20 1000.0004570168786 1]
	[RESULT 43] [0 7.6477364115409046 1 1 20 1000.0000092014631 1]
	[RESULT 44] [0 7.7939323306090955 1 1 14 1000.0000534893858 1]
	[RESULT 45] [0 7.772372096766433 1 1 21 1000.0000001137619 1]
	[RESULT 46] [0 8.288737268229127 1 1 24 1000.0005014773157 1]
	[RESULT 47] [0 7.7939323306090955 1 1 14 1000.0000534893858 1]
	[RESULT 48] [0 7.601516244819493 1 1 19 1000.0000002172046 1]
	[RESULT 49] [0 8.521116685943564 1 1 21 1000.0520812309258 1]
	[RESULT 50] [0 7.6781061011237455 1 1 20 1000.0000023603391 1]
	[RESULT 51] [0 7.6781061011237455 1 1 23 1000.0000023603391 1]
	[RESULT 52] [0 7.5669227270467685 1 1 11 1000.0000049748076 1]
	[RESULT 53] [0 7.6781061011237455 1 1 23 1000.0000023603391 1]
	[RESULT 54] [0 12.708945019086492 1 1 15 1000.0008524052934 1]
	[RESULT 55] [0 7.6781061011237455 1 1 20 1000.0000023603391 1]
	[RESULT 56] [0 7.542891857109058 1 1 21 1000.000626757836 1]
	[RESULT 57] [0 7.6781061011237455 1 1 20 1000.0000023603391 1]
	[RESULT 58] [0 7.647737844877338 1 1 20 1000.0010654683422 1]
	[RESULT 59] [0 7.792262370125104 1 1 14 1000.0000534893858 1]
	[RESULT 60] [0 7.6350262986072766 1 1 21 1000.0000090858207 1]
	[RESULT 61] [0 7.792262370125104 1 1 14 1000.0000534893858 1]
	[RESULT 62] [0 7.770966646370093 1 1 20 1000.0002918535995 1]
	[RESULT 63] [0 8.288737268229127 1 1 24 1000.0005014773157 1]
	[RESULT 64] [0 7.792262370125104 1 1 14 1000.0000534893858 1]
	[RESULT 65] [0 7.640035893450427 1 1 20 1000.0000011970012 1]
	[RESULT 66] [0 7.773046397871417 1 1 20 1000.0002918535995 1]
	[RESULT 67] [0 7.6781061011237455 1 1 20 1000.0000023603391 1]
	[RESULT 68] [0 7.80256650648069 1 1 14 1000.0000534893858 1]
	[RESULT 69] [0 7.290977157551175 1 1 21 1000.000451533855 1]
	[RESULT 70] [0 7.46616449633761 1 1 19 1000.000079090381 1]
	[RESULT 71] [0 6.9810887910683865 1 1 14 1000.0001840340599 1]
	[RESULT 72] [0 7.46616449633761 1 1 19 1000.000079090381 1]
	[RESULT 73] [0 6.684999913331299 1 1 20 1000.1534741385807 1]
	[RESULT 74] [0 7.1600421341857325 1 1 14 1000.0000495040415 1]
	[RESULT 75] [0 8.306756245372654 1 1 21 1000.052146218611 1]
	[RESULT 76] [0 7.511936934353217 1 1 22 1000.0000275247058 1]
	[RESULT 77] [0 6.687497501104347 1 1 21 1001.3173110588153 1]
	[RESULT 78] [0 7.222846511310081 1 1 20 1000.0013819481024 1]
	[RESULT 79] [0 7.41711257629202 1 1 21 1000.0170746688018 1]
	[RESULT 80] [0 7.342368827621791 1 1 21 1018.6375972477994 1]
	[RESULT 81] [0 7.024631891018507 1 1 21 1000.0177657351062 1]
	[RESULT 82] [0 7.647780641400092 1 1 20 1000.0036876095983 1]
	[RESULT 83] [0 7.807120792272469 1 1 20 1000.0005560248945 1]
	[RESULT 84] [0 7.639807480426161 1 1 14 1000.0010287211644 1]
	[RESULT 85] [0 7.7939323306090955 1 1 14 1000.0000534893858 1]
	[RESULT 86] [0 7.642303189925009 1 1 20 1000.000002354714 1]
	[RESULT 87] [0 7.770966646370093 1 1 20 1000.0002918535995 1]
	[RESULT 88] [0 8.288737268229127 1 1 24 1000.0005014773157 1]
	[RESULT 89] [0 7.601516244819493 1 1 19 1000.0000002172046 1]
	[RESULT 90] [0 7.7939323306090955 1 1 14 1000.0000534893858 1]
	[RESULT 91] [0 7.730112132217271 1 1 14 1000.0000056321109 1]
	[RESULT 92] [0 7.773046397871417 1 1 20 1000.0002918535995 1]
	[RESULT 93] [0 7.1600421341857325 1 1 14 1000.0000495040415 1]
	[RESULT 94] [0 7.823729054878216 1 1 24 1000.0000052962262 1]
[OBJECTIVES]
	[RESULT 1] [0.01163426 0.01786191 0.01622765 0.01147566 0.00393095 0.0924553
 0.         0.00681705 0.00622765 0.0024553  0.         0.01113426
 0.00040661 0.00927235]
	[RESULT 2] [0.01171994 0.01803327 0.01631333 0.01138998 0.00401663 0.09262666
 0.         0.00656001 0.00631333 0.00262666 0.         0.01121994
 0.00040661 0.00918667]
	[RESULT 3] [0.0117368  0.01806698 0.01633019 0.01137312 0.00403349 0.09266037
 0.         0.00650944 0.00633019 0.00266037 0.         0.0112368
 0.00040661 0.00916981]
	[RESULT 4] [0.01174634 0.01808607 0.01633973 0.01136358 0.00404303 0.09267946
 0.         0.00648082 0.00633973 0.00267946 0.         0.01124634
 0.00040661 0.00916027]
	[RESULT 5] [0.01174634 0.01808607 0.01633973 0.01136358 0.00404303 0.09267946
 0.         0.00648082 0.00633973 0.00267946 0.         0.01124634
 0.00040661 0.00916027]
	[RESULT 6] [0.01177483 0.01814304 0.01636822 0.01133509 0.00407152 0.09273643
 0.         0.00639535 0.00636822 0.00273643 0.         0.01127483
 0.00040661 0.00913178]
	[RESULT 7] [0.01169448 0.01798234 0.01628786 0.01141544 0.00399117 0.09257573
 0.         0.00663641 0.00628786 0.00257573 0.         0.01119448
 0.00040661 0.00921214]
	[RESULT 8] [0.01174794 0.01808927 0.01634133 0.01136198 0.00404464 0.09268266
 0.         0.00647601 0.00634133 0.00268266 0.         0.01124794
 0.00040661 0.00915867]
	[RESULT 9] [0.01173577 0.01806492 0.01632916 0.01137415 0.00403246 0.09265831
 0.         0.00651253 0.00632916 0.00265831 0.         0.01123577
 0.00040661 0.00917084]
	[RESULT 10] [0.01174794 0.01808927 0.01634133 0.01136198 0.00404464 0.09268266
 0.         0.00647601 0.00634133 0.00268266 0.         0.01124794
 0.00040661 0.00915867]
	[RESULT 11] [0.011865   0.01832338 0.01645838 0.01124492 0.00416169 0.09291677
 0.         0.00612485 0.00645838 0.00291677 0.         0.011365
 0.00040661 0.00904162]
	[RESULT 12] [0.0117368  0.01806698 0.01633019 0.01137312 0.00403349 0.09266037
 0.         0.00650944 0.00633019 0.00266037 0.         0.0112368
 0.00040661 0.00916981]
	[RESULT 13] [0.01185151 0.01829641 0.0164449  0.01125841 0.0041482  0.0928898
 0.         0.00616531 0.0064449  0.0028898  0.         0.01135151
 0.00040661 0.0090551 ]
	[RESULT 14] [0.01173195 0.01805728 0.01632533 0.01137798 0.00402864 0.09265066
 0.         0.006524   0.00632533 0.00265066 0.         0.01123195
 0.00040662 0.00917467]
	[RESULT 15] [0.01176758 0.01812855 0.01636097 0.01134234 0.00406428 0.09272194
 0.         0.00641709 0.00636097 0.00272194 0.         0.01126758
 0.00040661 0.00913903]
	[RESULT 16] [0.01177762 0.01814863 0.01637101 0.0113323  0.00407432 0.09274202
 0.         0.00638697 0.00637101 0.00274202 0.         0.01127762
 0.00040662 0.00912899]
	[RESULT 17] [0.01171994 0.01803327 0.01631333 0.01138998 0.00401663 0.09262666
 0.         0.00656001 0.00631333 0.00262666 0.         0.01121994
 0.00040661 0.00918667]
	[RESULT 18] [0.01179714 0.01818767 0.01639053 0.01131278 0.00409383 0.09278106
 0.         0.00632842 0.00639053 0.00278106 0.         0.01129714
 0.00040661 0.00910947]
	[RESULT 19] [0.01172454 0.01804246 0.01631792 0.01138538 0.00402123 0.09263585
 0.         0.00654623 0.00631792 0.00263585 0.         0.01122454
 0.00040661 0.00918208]
	[RESULT 20] [0.01172454 0.01804246 0.01631792 0.01138538 0.00402123 0.09263585
 0.         0.00654623 0.00631792 0.00263585 0.         0.01122454
 0.00040661 0.00918208]
	[RESULT 21] [0.01054013 0.01567288 0.01513275 0.01257093 0.00283644 0.09026551
 0.         0.00839826 0.00513275 0.00026551 0.         0.00854013
 0.00040737 0.01186725]
	[RESULT 22] [0.01154882 0.01769103 0.01614221 0.0115611  0.00384552 0.09228442
 0.         0.00707337 0.00614221 0.00228442 0.         0.01104882
 0.00040661 0.00935779]
	[RESULT 23] [0.01152195 0.01763729 0.01611534 0.01158797 0.00381864 0.09223068
 0.         0.00715399 0.00611534 0.00223068 0.         0.01102195
 0.00040661 0.00938466]
	[RESULT 24] [0.01154882 0.01769103 0.01614221 0.0115611  0.00384552 0.09228442
 0.         0.00707337 0.00614221 0.00228442 0.         0.01104882
 0.00040661 0.00935779]
	[RESULT 25] [0.01165989 0.01791317 0.01625328 0.01145003 0.00395659 0.09250656
 0.         0.00674016 0.00625328 0.00250656 0.         0.01115989
 0.00040661 0.00924672]
	[RESULT 26] [0.01157246 0.0177383  0.01616584 0.01153746 0.00386915 0.09233169
 0.         0.00700247 0.00616584 0.00233169 0.         0.01107246
 0.00040661 0.00933416]
	[RESULT 27] [0.01102482 0.01664303 0.01561821 0.0120851  0.00332151 0.09123642
 0.         0.00864537 0.00561821 0.00123642 0.         0.01052482
 0.00040661 0.00988179]
	[RESULT 28] [0.01171757 0.01802853 0.01631096 0.01139235 0.00401426 0.09262191
 0.         0.00656713 0.00631096 0.00262191 0.         0.01121757
 0.00040661 0.00918904]
	[RESULT 29] [0.01174634 0.01808607 0.01633973 0.01136358 0.00404303 0.09267946
 0.         0.00648082 0.00633973 0.00267946 0.         0.01124634
 0.00040661 0.00916027]
	[RESULT 30] [0.01176601 0.0181254  0.0163594  0.01134391 0.0040627  0.09271879
 0.         0.00642181 0.0063594  0.00271879 0.         0.01126601
 0.00040661 0.0091406 ]
	[RESULT 31] [0.01173204 0.01805746 0.01632543 0.01137788 0.00402873 0.09265085
 0.         0.00652372 0.00632543 0.00265085 0.         0.01123204
 0.00040661 0.00917457]
	[RESULT 32] [0.01172454 0.01804246 0.01631792 0.01138538 0.00402123 0.09263585
 0.         0.00654623 0.00631792 0.00263585 0.         0.01122454
 0.00040661 0.00918208]
	[RESULT 33] [0.01154882 0.01769103 0.01614221 0.0115611  0.00384552 0.09228442
 0.         0.00707337 0.00614221 0.00228442 0.         0.01104882
 0.00040661 0.00935779]
	[RESULT 34] [0.01176601 0.0181254  0.0163594  0.01134391 0.0040627  0.09271879
 0.         0.00642181 0.0063594  0.00271879 0.         0.01126601
 0.00040661 0.0091406 ]
	[RESULT 35] [0.011865   0.01832338 0.01645838 0.01124492 0.00416169 0.09291677
 0.         0.00612485 0.00645838 0.00291677 0.         0.011365
 0.00040661 0.00904162]
	[RESULT 36] [0.01173673 0.01806684 0.01633012 0.01137319 0.00403342 0.09266023
 0.         0.00650965 0.00633012 0.00266023 0.         0.01123673
 0.00040661 0.00916988]
	[RESULT 37] [0.01190225 0.01839788 0.01649563 0.01120767 0.00419894 0.09299127
 0.         0.0060131  0.00649563 0.00299127 0.         0.01140225
 0.00040661 0.00900437]
	[RESULT 38] [0.01173549 0.01806437 0.01632888 0.01137443 0.00403219 0.09265776
 0.         0.00651336 0.00632888 0.00265776 0.         0.01123549
 0.00040661 0.00917112]
	[RESULT 39] [0.01192592 0.01844522 0.01651931 0.011184   0.00422261 0.09303861
 0.         0.00594208 0.00651931 0.00303861 0.         0.01142592
 0.00040661 0.00898069]
	[RESULT 40] [0.01179492 0.01818322 0.0163883  0.011315   0.00409161 0.09277661
 0.         0.00633509 0.0063883  0.00277661 0.         0.01129492
 0.00040661 0.0091117 ]
	[RESULT 41] [0.01166086 0.01791511 0.01625425 0.01144905 0.00395756 0.0925085
 0.         0.00673725 0.00625425 0.0025085  0.         0.01116086
 0.00040661 0.00924575]
	[RESULT 42] [0.01177762 0.01814863 0.01637101 0.0113323  0.00407431 0.09274201
 0.         0.00638698 0.00637101 0.00274201 0.         0.01127762
 0.00040661 0.00912899]
	[RESULT 43] [0.01177732 0.01814804 0.01637071 0.01133259 0.00407402 0.09274143
 0.         0.00638786 0.00637071 0.00274143 0.         0.01127732
 0.00040661 0.00912929]
	[RESULT 44] [0.01172451 0.0180424  0.01631789 0.01138541 0.0040212  0.09263579
 0.         0.00654632 0.00631789 0.00263579 0.         0.01122451
 0.00040661 0.00918211]
	[RESULT 45] [0.01173204 0.01805746 0.01632543 0.01137788 0.00402873 0.09265085
 0.         0.00652372 0.00632543 0.00265085 0.         0.01123204
 0.00040661 0.00917457]
	[RESULT 46] [0.01157246 0.0177383  0.01616584 0.01153746 0.00386915 0.09233169
 0.         0.00700247 0.00616584 0.00233169 0.         0.01107246
 0.00040661 0.00933416]
	[RESULT 47] [0.01172451 0.0180424  0.01631789 0.01138541 0.0040212  0.09263579
 0.         0.00654632 0.00631789 0.00263579 0.         0.01122451
 0.00040661 0.00918211]
	[RESULT 48] [0.01179492 0.01818322 0.0163883  0.011315   0.00409161 0.09277661
 0.         0.00633509 0.0063883  0.00277661 0.         0.01129492
 0.00040661 0.0091117 ]
	[RESULT 49] [0.01151254 0.01761846 0.01610592 0.01159739 0.00380923 0.09221184
 0.         0.00718224 0.00610592 0.00221184 0.         0.01101254
 0.00040662 0.00939408]
	[RESULT 50] [0.01176601 0.0181254  0.0163594  0.01134391 0.0040627  0.09271879
 0.         0.00642181 0.0063594  0.00271879 0.         0.01126601
 0.00040661 0.0091406 ]
	[RESULT 51] [0.01176601 0.0181254  0.0163594  0.01134391 0.0040627  0.09271879
 0.         0.00642181 0.0063594  0.00271879 0.         0.01126601
 0.00040661 0.0091406 ]
	[RESULT 52] [0.01180838 0.01821015 0.01640177 0.01130154 0.00410507 0.09280354
 0.         0.00629469 0.00640177 0.00280354 0.         0.01130838
 0.00040661 0.00909823]
	[RESULT 53] [0.01176601 0.0181254  0.0163594  0.01134391 0.0040627  0.09271879
 0.         0.00642181 0.0063594  0.00271879 0.         0.01126601
 0.00040661 0.0091406 ]
	[RESULT 54] [0.01098073 0.01655486 0.01557412 0.01212918 0.00327743 0.09114824
 0.         0.00877763 0.00557412 0.00114824 0.         0.01048073
 0.00040661 0.00992588]
	[RESULT 55] [0.01176601 0.0181254  0.0163594  0.01134391 0.0040627  0.09271879
 0.         0.00642181 0.0063594  0.00271879 0.         0.01126601
 0.00040661 0.0091406 ]
	[RESULT 56] [0.01181789 0.01822916 0.01641128 0.01129203 0.00411458 0.09282255
 0.         0.00626617 0.00641128 0.00282255 0.         0.01131789
 0.00040661 0.00908872]
	[RESULT 57] [0.01176601 0.0181254  0.0163594  0.01134391 0.0040627  0.09271879
 0.         0.00642181 0.0063594  0.00271879 0.         0.01126601
 0.00040661 0.0091406 ]
	[RESULT 58] [0.01177732 0.01814804 0.01637071 0.01133259 0.00407402 0.09274143
 0.         0.00638786 0.00637071 0.00274143 0.         0.01127732
 0.00040661 0.00912929]
	[RESULT 59] [0.01172509 0.01804356 0.01631847 0.01138483 0.00402178 0.09263695
 0.         0.00654458 0.00631847 0.00263695 0.         0.01122509
 0.00040661 0.00918153]
	[RESULT 60] [0.01178212 0.01815762 0.01637551 0.0113278  0.00407881 0.09275101
 0.         0.00637348 0.00637551 0.00275101 0.         0.01128212
 0.00040661 0.00912449]
	[RESULT 61] [0.01172509 0.01804356 0.01631847 0.01138483 0.00402178 0.09263695
 0.         0.00654458 0.00631847 0.00263695 0.         0.01122509
 0.00040661 0.00918153]
	[RESULT 62] [0.01173253 0.01805845 0.01632592 0.01137739 0.00402923 0.09265184
 0.         0.00652224 0.00632592 0.00265184 0.         0.01123253
 0.00040661 0.00917408]
	[RESULT 63] [0.01157246 0.0177383  0.01616584 0.01153746 0.00386915 0.09233169
 0.         0.00700247 0.00616584 0.00233169 0.         0.01107246
 0.00040661 0.00933416]
	[RESULT 64] [0.01172509 0.01804356 0.01631847 0.01138483 0.00402178 0.09263695
 0.         0.00654458 0.00631847 0.00263695 0.         0.01122509
 0.00040661 0.00918153]
	[RESULT 65] [0.01178022 0.01815384 0.01637361 0.01132969 0.00407692 0.09274723
 0.         0.00637916 0.00637361 0.00274723 0.         0.01128022
 0.00040661 0.00912639]
	[RESULT 66] [0.0117318  0.01805699 0.01632519 0.01137812 0.00402849 0.09265038
 0.         0.00652443 0.00632519 0.00265038 0.         0.0112318
 0.00040661 0.00917481]
	[RESULT 67] [0.01176601 0.0181254  0.0163594  0.01134391 0.0040627  0.09271879
 0.         0.00642181 0.0063594  0.00271879 0.         0.01126601
 0.00040661 0.0091406 ]
	[RESULT 68] [0.01172151 0.01803641 0.0163149  0.0113884  0.00401821 0.0926298
 0.         0.0065553  0.0063149  0.0026298  0.         0.01122151
 0.00040661 0.0091851 ]
	[RESULT 69] [0.01192592 0.01844522 0.01651931 0.011184   0.00422261 0.09303861
 0.         0.00594208 0.00651931 0.00303861 0.         0.01142592
 0.00040661 0.00898069]
	[RESULT 70] [0.01184913 0.01829164 0.01644252 0.01126079 0.00414582 0.09288503
 0.         0.00617245 0.00644252 0.00288503 0.         0.01134913
 0.00040661 0.00905748]
	[RESULT 71] [0.01208385 0.01876109 0.01667724 0.01102607 0.00438055 0.09335448
 0.         0.00546828 0.00667724 0.00335448 0.         0.01158385
 0.00040661 0.00882276]
	[RESULT 72] [0.01184913 0.01829164 0.01644252 0.01126079 0.00414582 0.09288503
 0.         0.00617245 0.00644252 0.00288503 0.         0.01134913
 0.00040661 0.00905748]
	[RESULT 73] [0.01226882 0.01913102 0.0168622  0.01084111 0.00456551 0.09372439
 0.         0.00491341 0.0068622  0.00372439 0.         0.01176882
 0.00040662 0.0086378 ]
	[RESULT 74] [0.01198887 0.01857113 0.01658226 0.01112105 0.00428556 0.09316451
 0.         0.00575323 0.00658226 0.00316451 0.         0.01148887
 0.00040661 0.00891774]
	[RESULT 75] [0.01156758 0.01772855 0.01616097 0.01154234 0.00386427 0.09232193
 0.         0.0070171  0.00616097 0.00232193 0.         0.01106758
 0.00040662 0.00933903]
	[RESULT 76] [0.01183033 0.01825404 0.01642372 0.01127959 0.00412702 0.09284743
 0.         0.00622885 0.00642372 0.00284743 0.         0.01133033
 0.00040661 0.00907628]
	[RESULT 77] [0.01226717 0.01912764 0.01686047 0.01084288 0.00456382 0.09372093
 0.         0.0049186  0.00686047 0.00372093 0.         0.01176717
 0.0004067  0.00863953]
	[RESULT 78] [0.01195804 0.01850946 0.01655142 0.01115188 0.00425473 0.09310285
 0.         0.00584573 0.00655142 0.00310285 0.         0.01145804
 0.00040661 0.00894858]
	[RESULT 79] [0.01186984 0.01833306 0.01646322 0.01124008 0.00416653 0.09292645
 0.         0.00611033 0.00646322 0.00292645 0.         0.01136984
 0.00040661 0.00903678]
	[RESULT 80] [0.01190384 0.01839978 0.01649595 0.011208   0.00419989 0.09299189
 0.         0.00601216 0.00649595 0.00299189 0.         0.01140384
 0.00040789 0.00900405]
	[RESULT 81] [0.01205971 0.0187128  0.01665309 0.01105021 0.0043564  0.09330619
 0.         0.00554072 0.00665309 0.00330619 0.         0.01155971
 0.00040661 0.00884691]
	[RESULT 82] [0.01177731 0.018148   0.0163707  0.01133261 0.004074   0.09274139
 0.         0.00638791 0.0063707  0.00274139 0.         0.01127731
 0.00040661 0.0091293 ]
	[RESULT 83] [0.01171994 0.01803327 0.01631333 0.01138998 0.00401663 0.09262666
 0.         0.00656001 0.00631333 0.00262666 0.         0.01121994
 0.00040661 0.00918667]
	[RESULT 84] [0.01178031 0.01815401 0.0163737  0.01132961 0.004077   0.0927474
 0.         0.0063789  0.0063737  0.0027474  0.         0.01128031
 0.00040661 0.0091263 ]
	[RESULT 85] [0.01172451 0.0180424  0.01631789 0.01138541 0.0040212  0.09263579
 0.         0.00654632 0.00631789 0.00263579 0.         0.01122451
 0.00040661 0.00918211]
	[RESULT 86] [0.01177937 0.01815213 0.01637276 0.01133055 0.00407606 0.09274552
 0.         0.00638173 0.00637276 0.00274552 0.         0.01127937
 0.00040661 0.00912724]
	[RESULT 87] [0.01173253 0.01805845 0.01632592 0.01137739 0.00402923 0.09265184
 0.         0.00652224 0.00632592 0.00265184 0.         0.01123253
 0.00040661 0.00917408]
	[RESULT 88] [0.01157246 0.0177383  0.01616584 0.01153746 0.00386915 0.09233169
 0.         0.00700247 0.00616584 0.00233169 0.         0.01107246
 0.00040661 0.00933416]
	[RESULT 89] [0.01179492 0.01818322 0.0163883  0.011315   0.00409161 0.09277661
 0.         0.00633509 0.0063883  0.00277661 0.         0.01129492
 0.00040661 0.0091117 ]
	[RESULT 90] [0.01172451 0.0180424  0.01631789 0.01138541 0.0040212  0.09263579
 0.         0.00654632 0.00631789 0.00263579 0.         0.01122451
 0.00040661 0.00918211]
	[RESULT 91] [0.01174705 0.0180875  0.01634044 0.01136286 0.00404375 0.09268088
 0.         0.00647867 0.00634044 0.00268088 0.         0.01124705
 0.00040661 0.00915956]
	[RESULT 92] [0.0117318  0.01805699 0.01632519 0.01137812 0.00402849 0.09265038
 0.         0.00652443 0.00632519 0.00265038 0.         0.0112318
 0.00040661 0.00917481]
	[RESULT 93] [0.01198887 0.01857113 0.01658226 0.01112105 0.00428556 0.09316451
 0.         0.00575323 0.00658226 0.00316451 0.         0.01148887
 0.00040661 0.00891774]
	[RESULT 94] [0.01171424 0.01802186 0.01630762 0.01139568 0.00401093 0.09261525
 0.         0.00657713 0.00630762 0.00261525 0.         0.01121424
 0.00040661 0.00919238]
