[METRICS]
	[DISEQUILIBRIUM COUNT] 0
	[MINIMUM S0 sTrt S1 DISTANCE]0.010607015703671507
	[MINIMUM S0 sTrt S21 DISTANCE]0.015746641116902122
	[MINIMUM S0 sTrt S22 DISTANCE]0.01510913804828748
	[MINIMUM S7 sTrt S6 DISTANCE]0.007708435010387371
	[MINIMUM S7 sTrt S8 DISTANCE]0.0028733205584510757
	[MINIMUM S7 sTrt S21 DISTANCE]0.09021827609657491
	[MINIMUM S7 esTrt S22 DISTANCE]0.0
	[MINIMUM S14 sTrt S13 DISTANCE]5.1291760579941226e-06
	[MINIMUM S14 sTrt S15 DISTANCE]0.005109138048287443
	[MINIMUM S14 sTrt S21 DISTANCE]0.00021827609657491115
	[MINIMUM S14 sTrt S22 DISTANCE]0.0
	[MINIMUM S20 sTrt S19 DISTANCE]0.008599936162485333
	[MINIMUM S20 sTrt S21 DISTANCE]0.0004066115702483254
	[MINIMUM S20 sTrt S22 DISTANCE]0.003684984688944515
	[AVERAGE S0 sTrt S1 DISTANCE]0.012161413264902738
	[AVERAGE S0 sTrt S21 DISTANCE]0.0186703681784157
	[AVERAGE S0 sTrt S22 DISTANCE]0.01653056926578104
	[AVERAGE S7 sTrt S6 DISTANCE]0.01129080511473226
	[AVERAGE S7 sTrt S8 DISTANCE]0.004351943646294325
	[AVERAGE S7 sTrt S21 DISTANCE]0.09306113853156209
	[AVERAGE S7 sTrt S22 DISTANCE]0.0
	[AVERAGE S14 sTrt S13 DISTANCE]0.005911153055422013
	[AVERAGE S14 sTrt S15 DISTANCE]0.006530569265781076
	[AVERAGE S14 sTrt S21 DISTANCE]0.0030611385315620996
	[AVERAGE S14 sTrt S22 DISTANCE]0.0
	[AVERAGE S20 sTrt S19 DISTANCE]0.01159558693437068
	[AVERAGE S20 sTrt S21 DISTANCE]0.0005119152884071523
	[AVERAGE S20 sTrt S22 DISTANCE]0.008916328354036511
[VARIABLES]
	[RESULT 1] [0 7.444292880016242 1 1 0 1000.0107031666499 1]
	[RESULT 2] [0 7.240862504152067 1 1 0 1000.000515350243 1]
	[RESULT 3] [0 7.175909518284255 1 1 2 1000.0000050715429 1]
	[RESULT 4] [0 7.17207422240847 1 1 2 1000.0001238625003 1]
	[RESULT 5] [0 7.175909518284255 1 1 2 1000.0000050715429 1]
	[RESULT 6] [0 7.160951401813739 1 1 0 1000.0002051304036 1]
	[RESULT 7] [0 7.170913148070832 1 1 0 1000.0000338005646 1]
	[RESULT 8] [0 7.176366958161608 1 1 2 1000.0036903331326 1]
	[RESULT 9] [0 7.202870016492104 1 1 0 1000.0000002728348 1]
	[RESULT 10] [0 6.981258414939255 1 1 0 1000.00072685251 1]
	[RESULT 11] [0 7.17519549406928 1 1 3 1000.0005023515469 1]
	[RESULT 12] [0 6.834797088958315 1 1 0 1000.5660929038437 1]
	[RESULT 13] [0 7.009435657274132 1 1 0 1000.0038394769612 1]
	[RESULT 14] [0 7.172126138184299 1 1 0 1000.0000126714077 1]
	[RESULT 15] [0 7.2302797080407455 1 1 2 1000.0000000373009 1]
	[RESULT 16] [0 7.06277946053333 1 1 0 1000.0002048304194 1]
	[RESULT 17] [0 6.989065700906202 1 1 2 1000.0008247533506 1]
	[RESULT 18] [0 7.219720460235972 1 1 2 1000.0000075020985 1]
	[RESULT 19] [0 12.113398376531716 1 1 0 1000.0014068056872 1]
	[RESULT 20] [0 7.73784986900355 1 1 2 1000.0004484975647 1]
	[RESULT 21] [0 7.610063888669533 1 1 1 1000.0002371703802 1]
	[RESULT 22] [0 7.417606349319842 1 1 0 1000.0003678451588 1]
	[RESULT 23] [0 7.57366718307443 1 1 0 1000.0009299710534 1]
	[RESULT 24] [0 9.413749625790967 1 1 0 1000.0627740577495 1]
	[RESULT 25] [0 7.256905661573501 1 1 0 1000.0000845704299 1]
	[RESULT 26] [0 7.175388980463802 1 1 0 1000.0000023035343 1]
	[RESULT 27] [0 7.17210850471865 1 1 0 1000.0000057418456 1]
	[RESULT 28] [0 7.174781096263278 1 1 2 1000.000216907782 1]
	[RESULT 29] [0 7.231925577458437 1 1 2 1000.0000665836425 1]
	[RESULT 30] [0 7.619434514457218 1 1 0 1000.0002181944838 1]
	[RESULT 31] [0 7.172095663393482 1 1 0 1000.000007477368 1]
	[RESULT 32] [0 6.977915614059503 1 1 2 1000.0001084814926 1]
	[RESULT 33] [0 7.174455964250051 1 1 0 1000.0010692203142 1]
	[RESULT 34] [0 6.82227761187237 1 1 0 1000.0001315184077 1]
	[RESULT 35] [0 7.174781096263278 1 1 2 1000.000216907782 1]
	[RESULT 36] [0 6.660871747726003 1 1 1 1000.001677791752 1]
	[RESULT 37] [0 6.98834778271909 1 1 2 1000.0000736957483 1]
	[RESULT 38] [0 7.417606349319842 1 1 0 1000.0003678451588 1]
	[RESULT 39] [0 7.036472794495104 1 1 1 1000.0000196901885 1]
	[RESULT 40] [0 7.172126138184299 1 1 0 1000.0000126714077 1]
	[RESULT 41] [0 7.064162392819653 1 1 2 1000.0000758317994 1]
	[RESULT 42] [0 6.995482714696338 1 1 3 1000.0000007034146 1]
	[RESULT 43] [0 7.176394323418305 1 1 0 1000.0000060931228 1]
	[RESULT 44] [0 7.555991061303263 1 1 0 1000.0000014937052 1]
	[RESULT 45] [0 7.232468191011408 1 1 0 1000.0000000311426 1]
	[RESULT 46] [0 6.995482714696338 1 1 3 1000.0000007034146 1]
	[RESULT 47] [0 7.653932174427469 1 1 0 1000.0284905580503 1]
	[RESULT 48] [0 7.189783549275843 1 1 0 1000.0001716576379 1]
	[RESULT 49] [0 7.172095663393482 1 1 0 1000.000007477368 1]
	[RESULT 50] [0 7.189783549275843 1 1 0 1000.0001716576379 1]
	[RESULT 51] [0 7.046039810835127 1 1 1 1000.0035516370856 1]
	[RESULT 52] [0 9.703740468810777 1 1 0 1000.0000536239486 1]
	[RESULT 53] [0 7.1903694808814445 1 1 0 1000.0000201106967 1]
	[RESULT 54] [0 7.046039810835127 1 1 1 1000.0035516370856 1]
	[RESULT 55] [0 7.267983897354331 1 1 0 1000.000046477539 1]
	[RESULT 56] [0 7.172126138184299 1 1 0 1000.0000126714077 1]
	[RESULT 57] [0 7.2302797080407455 1 1 2 1000.0000000373009 1]
	[RESULT 58] [0 7.06277946053333 1 1 0 1000.0002048304194 1]
	[RESULT 59] [0 6.9855622440931615 1 1 1 1000.0000883224408 1]
	[RESULT 60] [0 7.17572003343262 1 1 2 1000.0000063180811 1]
	[RESULT 61] [0 7.573139167102591 1 1 5 1000.0044997584067 1]
	[RESULT 62] [0 6.9855622440931615 1 1 1 1000.0000883224408 1]
	[RESULT 63] [0 7.176812165962612 1 1 1 1000.0000771556035 1]
	[RESULT 64] [0 7.172126138184299 1 1 0 1000.0000126714077 1]
	[RESULT 65] [0 7.2379768268178895 1 1 0 1000.0000126124958 1]
	[RESULT 66] [0 6.984054896570261 1 1 2 1000.0000772853116 1]
	[RESULT 67] [0 7.182447640614148 1 1 0 1000.0001238625003 1]
	[RESULT 68] [0 6.8374231835977035 1 1 2 1000.0082161771921 1]
	[RESULT 69] [0 7.182447640614148 1 1 0 1000.0001238625003 1]
	[RESULT 70] [0 6.660871747726003 1 1 1 1000.001677791752 1]
	[RESULT 71] [0 7.00198180655408 1 1 5 1000.0008465843958 1]
	[RESULT 72] [0 7.41514288673666 1 1 0 1000.0004484975647 1]
	[RESULT 73] [0 7.190651980338388 1 1 0 1000.0000319215685 1]
	[RESULT 74] [0 6.670868256324884 1 1 1 1000.0016663278199 1]
	[RESULT 75] [0 7.004594877562541 1 1 3 1000.0014801735658 1]
	[RESULT 76] [0 7.046039810835127 1 1 1 1000.0035516370856 1]
	[RESULT 77] [0 7.001528692978215 1 1 0 1000.0079919476327 1]
	[RESULT 78] [0 7.00198180655408 1 1 5 1000.0008465843958 1]
	[RESULT 79] [0 7.172126138184299 1 1 0 1000.0000126714077 1]
	[RESULT 80] [0 7.2302797080407455 1 1 2 1000.0000000373009 1]
	[RESULT 81] [0 7.064162392819653 1 1 2 1000.0000758317994 1]
	[RESULT 82] [0 7.23079543611669 1 1 1 1000.0000993463319 1]
	[RESULT 83] [0 6.993135829487015 1 1 0 1000.0000130490553 1]
	[RESULT 84] [0 7.176394323418305 1 1 0 1000.0000060931228 1]
	[RESULT 85] [0 7.56418726563144 1 1 0 1000.0010692203142 1]
	[RESULT 86] [0 7.232468191011408 1 1 0 1000.0000000311426 1]
	[RESULT 87] [0 6.988496456751286 1 1 3 1000.0019720024527 1]
	[RESULT 88] [0 7.202127078411142 1 1 0 1000.0005694217961 1]
	[RESULT 89] [0 7.176160947329711 1 1 0 1000.0004501349024 1]
	[RESULT 90] [0 7.010900002788206 1 1 0 1000.000018500244 1]
[OBJECTIVES]
	[RESULT 1] [0.01185829 0.01830997 0.01645168 0.01125163 0.00415498 0.09290335
 0.         0.00614497 0.00645168 0.00290335 0.         0.01135829
 0.00040661 0.00904832]
	[RESULT 2] [0.01194941 0.01849221 0.0165428  0.01116051 0.0042461  0.0930856
 0.         0.0058716  0.0065428  0.0030856  0.         0.01144941
 0.00040661 0.0089572 ]
	[RESULT 3] [0.01198096 0.01855532 0.01657435 0.01112895 0.00427766 0.0931487
 0.         0.00577694 0.00657435 0.0031487  0.         0.01148096
 0.00040661 0.00892565]
	[RESULT 4] [0.01198287 0.01855912 0.01657626 0.01112705 0.00427956 0.09315251
 0.         0.00577123 0.00657626 0.00315251 0.         0.01148287
 0.00040661 0.00892374]
	[RESULT 5] [0.01198096 0.01855532 0.01657435 0.01112895 0.00427766 0.0931487
 0.         0.00577694 0.00657435 0.0031487  0.         0.01148096
 0.00040661 0.00892565]
	[RESULT 6] [0.01198841 0.01857022 0.0165818  0.0111215  0.00428511 0.0931636
 0.         0.00575459 0.0065818  0.0031636  0.         0.01148841
 0.00040661 0.0089182 ]
	[RESULT 7] [0.01198344 0.01856028 0.01657683 0.01112647 0.00428014 0.09315367
 0.         0.0057695  0.00657683 0.00315367 0.         0.01148344
 0.00040661 0.00892317]
	[RESULT 8] [0.01198074 0.01855486 0.01657413 0.01112918 0.00427743 0.09314825
 0.         0.00577762 0.00657413 0.00314825 0.         0.01148074
 0.00040661 0.00892587]
	[RESULT 9] [0.01196771 0.01852881 0.0165611  0.01114221 0.00426441 0.0931222
 0.         0.0058167  0.0065611  0.0031222  0.         0.01146771
 0.00040661 0.0089389 ]
	[RESULT 10] [0.01208376 0.0187609  0.01667714 0.01102616 0.00438045 0.09335429
 0.         0.00546857 0.00667714 0.00335429 0.         0.01158376
 0.00040661 0.00882286]
	[RESULT 11] [0.01198132 0.01855602 0.01657471 0.0111286  0.00427801 0.09314941
 0.         0.00577588 0.00657471 0.00314941 0.         0.01148132
 0.00040661 0.00892529]
	[RESULT 12] [0.01217044 0.01893424 0.01676379 0.01093953 0.00446712 0.09352759
 0.         0.00520862 0.00676379 0.00352759 0.         0.01167044
 0.00040665 0.00873621]
	[RESULT 13] [0.01206805 0.01872949 0.01666144 0.01104186 0.00436475 0.09332288
 0.         0.00551568 0.00666144 0.00332288 0.         0.01156805
 0.00040661 0.00883856]
	[RESULT 14] [0.01198284 0.01855907 0.01657623 0.01112708 0.00427954 0.09315246
 0.         0.00577131 0.00657623 0.00315246 0.         0.01148284
 0.00040661 0.00892377]
	[RESULT 15] [0.01195447 0.01850232 0.01654785 0.01115545 0.00425116 0.09309571
 0.         0.00585644 0.00654785 0.00309571 0.         0.01145447
 0.00040661 0.00895215]
	[RESULT 16] [0.01203912 0.01867162 0.0166325  0.0110708  0.00433581 0.09326501
 0.         0.00560249 0.0066325  0.00326501 0.         0.01153912
 0.00040661 0.0088675 ]
	[RESULT 17] [0.01207938 0.01875214 0.01667276 0.01103054 0.00437607 0.09334553
 0.         0.00548171 0.00667276 0.00334553 0.         0.01157938
 0.00040661 0.00882724]
	[RESULT 18] [0.01195954 0.01851247 0.01655293 0.01115038 0.00425624 0.09310586
 0.         0.00584121 0.00655293 0.00310586 0.         0.01145954
 0.00040661 0.00894707]
	[RESULT 19] [0.01102288 0.01663914 0.01561626 0.01208704 0.00331957 0.09123253
 0.         0.00865121 0.00561626 0.00123253 0.         0.01052288
 0.00040661 0.00988374]
	[RESULT 20] [0.01174428 0.01808195 0.01633767 0.01136564 0.00404097 0.09267533
 0.         0.006487   0.00633767 0.00267533 0.         0.01124428
 0.00040661 0.00916233]
	[RESULT 21] [0.01179163 0.01817665 0.01638502 0.01131829 0.00408832 0.09277003
 0.         0.00634495 0.00638502 0.00277003 0.         0.01129163
 0.00040661 0.00911498]
	[RESULT 22] [0.01186962 0.01833264 0.01646301 0.01124029 0.00416632 0.09292602
 0.         0.00611096 0.00646301 0.00292602 0.         0.01136962
 0.00040661 0.00903699]
	[RESULT 23] [0.01180573 0.01820486 0.01639912 0.01130418 0.00410243 0.09279825
 0.         0.00630263 0.00639912 0.00279825 0.         0.01130573
 0.00040661 0.00910088]
	[RESULT 24] [0.01133019 0.01725376 0.01592357 0.01177973 0.00362688 0.09184715
 0.         0.00772928 0.00592357 0.00184715 0.         0.01083019
 0.00040662 0.00957643]
	[RESULT 25] [0.01194181 0.01847701 0.0165352  0.01116811 0.00423851 0.0930704
 0.         0.0058944  0.0065352  0.0030704  0.         0.01144181
 0.00040661 0.0089648 ]
	[RESULT 26] [0.01198122 0.01855583 0.01657461 0.0111287  0.00427792 0.09314922
 0.         0.00577617 0.00657461 0.00314922 0.         0.01148122
 0.00040661 0.00892539]
	[RESULT 27] [0.01198285 0.01855909 0.01657624 0.01112707 0.00427954 0.09315248
 0.         0.00577128 0.00657624 0.00315248 0.         0.01148285
 0.00040661 0.00892376]
	[RESULT 28] [0.01198152 0.01855644 0.01657491 0.01112839 0.00427822 0.09314982
 0.         0.00577526 0.00657491 0.00314982 0.         0.01148152
 0.00040661 0.00892509]
	[RESULT 29] [0.01195368 0.01850074 0.01654707 0.01115624 0.00425037 0.09309413
 0.         0.0058588  0.00654707 0.00309413 0.         0.01145368
 0.00040661 0.00895293]
	[RESULT 30] [0.01178804 0.01816947 0.01638143 0.01132187 0.00408474 0.09276286
 0.         0.00635571 0.00638143 0.00276286 0.         0.01128804
 0.00040661 0.00911857]
	[RESULT 31] [0.01198286 0.0185591  0.01657625 0.01112706 0.00427955 0.09315249
 0.         0.00577126 0.00657625 0.00315249 0.         0.01148286
 0.00040661 0.00892375]
	[RESULT 32] [0.01208564 0.01876467 0.01667903 0.01102428 0.00438233 0.09335805
 0.         0.00546292 0.00667903 0.00335805 0.         0.01158564
 0.00040661 0.00882097]
	[RESULT 33] [0.01198168 0.01855676 0.01657507 0.01112823 0.00427838 0.09315015
 0.         0.00577478 0.00657507 0.00315015 0.         0.01148168
 0.00040661 0.00892493]
	[RESULT 34] [0.01217823 0.01894985 0.01677162 0.01093169 0.00447492 0.09354324
 0.         0.00518514 0.00677162 0.00354324 0.         0.01167823
 0.00040661 0.00872838]
	[RESULT 35] [0.01198152 0.01855644 0.01657491 0.01112839 0.00427822 0.09314982
 0.         0.00577526 0.00657491 0.00314982 0.         0.01148152
 0.00040661 0.00892509]
	[RESULT 36] [0.0122857  0.01916478 0.01687908 0.01082422 0.00458239 0.09375817
 0.         0.00486275 0.00687908 0.00375817 0.         0.0117857
 0.00040661 0.00862092]
	[RESULT 37] [0.01207978 0.01875294 0.01667317 0.01103014 0.00437647 0.09334633
 0.         0.0054805  0.00667317 0.00334633 0.         0.01157978
 0.00040661 0.00882683]
	[RESULT 38] [0.01186962 0.01833264 0.01646301 0.01124029 0.00416632 0.09292602
 0.         0.00611096 0.00646301 0.00292602 0.         0.01136962
 0.00040661 0.00903699]
	[RESULT 39] [0.01205326 0.01869991 0.01664665 0.01105666 0.00434995 0.09329329
 0.         0.00556006 0.00664665 0.00329329 0.         0.01155326
 0.00040661 0.00885335]
	[RESULT 40] [0.01198284 0.01855907 0.01657623 0.01112708 0.00427954 0.09315246
 0.         0.00577131 0.00657623 0.00315246 0.         0.01148284
 0.00040661 0.00892377]
	[RESULT 41] [0.01203838 0.01867015 0.01663177 0.01107154 0.00433507 0.09326353
 0.         0.0056047  0.00663177 0.00326353 0.         0.01153838
 0.00040661 0.00886823]
	[RESULT 42] [0.01207579 0.01874497 0.01666918 0.01103413 0.00437249 0.09333836
 0.         0.00549246 0.00666918 0.00333836 0.         0.01157579
 0.00040661 0.00883082]
	[RESULT 43] [0.01198072 0.01855484 0.01657411 0.01112919 0.00427742 0.09314822
 0.         0.00577766 0.00657411 0.00314822 0.         0.01148072
 0.00040661 0.00892589]
	[RESULT 44] [0.01181269 0.01821877 0.01640608 0.01129723 0.00410938 0.09281216
 0.         0.00628177 0.00640608 0.00281216 0.         0.01131269
 0.00040661 0.00909392]
	[RESULT 45] [0.01195342 0.01850022 0.01654681 0.0111565  0.00425011 0.09309361
 0.         0.00585958 0.00654681 0.00309361 0.         0.01145342
 0.00040661 0.00895319]
	[RESULT 46] [0.01207579 0.01874497 0.01666918 0.01103413 0.00437249 0.09333836
 0.         0.00549246 0.00666918 0.00333836 0.         0.01157579
 0.00040661 0.00883082]
	[RESULT 47] [0.011775   0.01814339 0.01636839 0.01133492 0.0040717  0.09273678
 0.         0.00639483 0.00636839 0.00273678 0.         0.011275
 0.00040661 0.00913161]
	[RESULT 48] [0.01197412 0.01854162 0.0165675  0.0111358  0.00427081 0.09313501
 0.         0.00579749 0.0065675  0.00313501 0.         0.01147412
 0.00040661 0.0089325 ]
	[RESULT 49] [0.01198286 0.0185591  0.01657625 0.01112706 0.00427955 0.09315249
 0.         0.00577126 0.00657625 0.00315249 0.         0.01148286
 0.00040661 0.00892375]
	[RESULT 50] [0.01197412 0.01854162 0.0165675  0.0111358  0.00427081 0.09313501
 0.         0.00579749 0.0065675  0.00313501 0.         0.01147412
 0.00040661 0.0089325 ]
	[RESULT 51] [0.01204809 0.01868956 0.01664148 0.01106183 0.00434478 0.09328295
 0.         0.00557557 0.00664148 0.00328295 0.         0.01154809
 0.00040661 0.00885852]
	[RESULT 52] [0.01128323 0.01715985 0.01587662 0.01182669 0.00357992 0.09175324
 0.         0.00787015 0.00587662 0.00175324 0.         0.01078323
 0.00040661 0.00962338]
	[RESULT 53] [0.01197383 0.01854104 0.01656722 0.01113609 0.00427052 0.09313443
 0.         0.00579835 0.00656722 0.00313443 0.         0.01147383
 0.00040661 0.00893278]
	[RESULT 54] [0.01204809 0.01868956 0.01664148 0.01106183 0.00434478 0.09328295
 0.         0.00557557 0.00664148 0.00328295 0.         0.01154809
 0.00040661 0.00885852]
	[RESULT 55] [0.01193661 0.0184666  0.01653    0.01117331 0.0042333  0.09305999
 0.         0.00591001 0.00653    0.00305999 0.         0.01143661
 0.00040661 0.00897   ]
	[RESULT 56] [0.01198284 0.01855907 0.01657623 0.01112708 0.00427954 0.09315246
 0.         0.00577131 0.00657623 0.00315246 0.         0.01148284
 0.00040661 0.00892377]
	[RESULT 57] [0.01195447 0.01850232 0.01654785 0.01115545 0.00425116 0.09309571
 0.         0.00585644 0.00654785 0.00309571 0.         0.01145447
 0.00040661 0.00895215]
	[RESULT 58] [0.01203912 0.01867162 0.0166325  0.0110708  0.00433581 0.09326501
 0.         0.00560249 0.0066325  0.00326501 0.         0.01153912
 0.00040661 0.0088675 ]
	[RESULT 59] [0.01208134 0.01875606 0.01667473 0.01102858 0.00437803 0.09334945
 0.         0.00547582 0.00667473 0.00334945 0.         0.01158134
 0.00040661 0.00882527]
	[RESULT 60] [0.01198106 0.0185555  0.01657445 0.01112886 0.00427775 0.09314889
 0.         0.00577666 0.00657445 0.00314889 0.         0.01148106
 0.00040661 0.00892555]
	[RESULT 61] [0.01180594 0.01820527 0.01639933 0.01130398 0.00410264 0.09279866
 0.         0.00630201 0.00639933 0.00279866 0.         0.01130594
 0.00040661 0.00910067]
	[RESULT 62] [0.01208134 0.01875606 0.01667473 0.01102858 0.00437803 0.09334945
 0.         0.00547582 0.00667473 0.00334945 0.         0.01158134
 0.00040661 0.00882527]
	[RESULT 63] [0.01198052 0.01855442 0.0165739  0.0111294  0.00427721 0.09314781
 0.         0.00577829 0.0065739  0.00314781 0.         0.01148052
 0.00040661 0.0089261 ]
	[RESULT 64] [0.01198284 0.01855907 0.01657623 0.01112708 0.00427954 0.09315246
 0.         0.00577131 0.00657623 0.00315246 0.         0.01148284
 0.00040661 0.00892377]
	[RESULT 65] [0.01195079 0.01849496 0.01654417 0.01115913 0.00424748 0.09308835
 0.         0.00586748 0.00654417 0.00308835 0.         0.01145079
 0.00040661 0.00895583]
	[RESULT 66] [0.01208218 0.01875776 0.01667557 0.01102773 0.00437888 0.09335114
 0.         0.00547328 0.00667557 0.00335114 0.         0.01158218
 0.00040661 0.00882443]
	[RESULT 67] [0.01197773 0.01854885 0.01657112 0.01113219 0.00427442 0.09314224
 0.         0.00578665 0.00657112 0.00314224 0.         0.01147773
 0.00040661 0.00892888]
	[RESULT 68] [0.01216877 0.01893094 0.01676216 0.01094114 0.00446547 0.09352432
 0.         0.00521351 0.00676216 0.00352432 0.         0.01166877
 0.00040661 0.00873784]
	[RESULT 69] [0.01197773 0.01854885 0.01657112 0.01113219 0.00427442 0.09314224
 0.         0.00578665 0.00657112 0.00314224 0.         0.01147773
 0.00040661 0.00892888]
	[RESULT 70] [0.0122857  0.01916478 0.01687908 0.01082422 0.00458239 0.09375817
 0.         0.00486275 0.00687908 0.00375817 0.         0.0117857
 0.00040661 0.00862092]
	[RESULT 71] [0.01207218 0.01873774 0.01666557 0.01103774 0.00436887 0.09333113
 0.         0.0055033  0.00666557 0.00333113 0.         0.01157218
 0.00040661 0.00883443]
	[RESULT 72] [0.01187068 0.01833475 0.01646407 0.01123924 0.00416737 0.09292814
 0.         0.0061078  0.00646407 0.00292814 0.         0.01137068
 0.00040661 0.00903593]
	[RESULT 73] [0.01197369 0.01854077 0.01656708 0.01113623 0.00427038 0.09313416
 0.         0.00579877 0.00656708 0.00313416 0.         0.01147369
 0.00040661 0.00893292]
	[RESULT 74] [0.01227866 0.01915071 0.01687205 0.01083126 0.00457536 0.0937441
 0.         0.00488385 0.00687205 0.0037441  0.         0.01177866
 0.00040661 0.00862795]
	[RESULT 75] [0.01207073 0.01873485 0.01666412 0.01103919 0.00436742 0.09332824
 0.         0.00550765 0.00666412 0.00332824 0.         0.01157073
 0.00040661 0.00883588]
	[RESULT 76] [0.01204809 0.01868956 0.01664148 0.01106183 0.00434478 0.09328295
 0.         0.00557557 0.00664148 0.00328295 0.         0.01154809
 0.00040661 0.00885852]
	[RESULT 77] [0.01207243 0.01873825 0.01666582 0.01103749 0.00436912 0.09333164
 0.         0.00550255 0.00666582 0.00333164 0.         0.01157243
 0.00040661 0.00883418]
	[RESULT 78] [0.01207218 0.01873774 0.01666557 0.01103774 0.00436887 0.09333113
 0.         0.0055033  0.00666557 0.00333113 0.         0.01157218
 0.00040661 0.00883443]
	[RESULT 79] [0.01198284 0.01855907 0.01657623 0.01112708 0.00427954 0.09315246
 0.         0.00577131 0.00657623 0.00315246 0.         0.01148284
 0.00040661 0.00892377]
	[RESULT 80] [0.01195447 0.01850232 0.01654785 0.01115545 0.00425116 0.09309571
 0.         0.00585644 0.00654785 0.00309571 0.         0.01145447
 0.00040661 0.00895215]
	[RESULT 81] [0.01203838 0.01867015 0.01663177 0.01107154 0.00433507 0.09326353
 0.         0.0056047  0.00663177 0.00326353 0.         0.01153838
 0.00040661 0.00886823]
	[RESULT 82] [0.01195422 0.01850182 0.01654761 0.0111557  0.00425091 0.09309521
 0.         0.00585718 0.00654761 0.00309521 0.         0.01145422
 0.00040661 0.00895239]
	[RESULT 83] [0.0120771  0.01874759 0.01667049 0.01103282 0.00437379 0.09334098
 0.         0.00548853 0.00667049 0.00334098 0.         0.0115771
 0.00040661 0.00882951]
	[RESULT 84] [0.01198072 0.01855484 0.01657411 0.01112919 0.00427742 0.09314822
 0.         0.00577766 0.00657411 0.00314822 0.         0.01148072
 0.00040661 0.00892589]
	[RESULT 85] [0.01180946 0.0182123  0.01640284 0.01130046 0.00410615 0.09280569
 0.         0.00629147 0.00640284 0.00280569 0.         0.01130946
 0.00040661 0.00909716]
	[RESULT 86] [0.01195342 0.01850022 0.01654681 0.0111565  0.00425011 0.09309361
 0.         0.00585958 0.00654681 0.00309361 0.         0.01145342
 0.00040661 0.00895319]
	[RESULT 87] [0.01207969 0.01875278 0.01667308 0.01103022 0.00437639 0.09334616
 0.         0.00548075 0.00667308 0.00334616 0.         0.01157969
 0.00040661 0.00882692]
	[RESULT 88] [0.01196807 0.01852954 0.01656146 0.01114184 0.00426477 0.09312292
 0.         0.00581561 0.00656146 0.00312292 0.         0.01146807
 0.00040661 0.00893854]
	[RESULT 89] [0.01198084 0.01855507 0.01657423 0.01112908 0.00427753 0.09314846
 0.         0.00577732 0.00657423 0.00314846 0.         0.01148084
 0.00040661 0.00892577]
	[RESULT 90] [0.01206724 0.01872788 0.01666063 0.01104267 0.00436394 0.09332127
 0.         0.0055181  0.00666063 0.00332127 0.         0.01156724
 0.00040661 0.00883937]
