[METRICS]
	[DISEQUILIBRIUM COUNT] 1
	[MINIMUM S0 sTrt S1 DISTANCE]0.010515771789685102
	[MINIMUM S0 sTrt S21 DISTANCE]0.009125985052765795
	[MINIMUM S0 sTrt S22 DISTANCE]0.01510885484563973
	[MINIMUM S7 sTrt S6 DISTANCE]0.0077604156945345615
	[MINIMUM S7 sTrt S8 DISTANCE]0.002812466004526337
	[MINIMUM S7 sTrt S21 DISTANCE]0.09021770969127944
	[MINIMUM S7 esTrt S22 DISTANCE]0.0
	[MINIMUM S14 sTrt S13 DISTANCE]5.7109909383734614e-05
	[MINIMUM S14 sTrt S15 DISTANCE]0.005108854845639721
	[MINIMUM S14 sTrt S21 DISTANCE]0.0002177096912794399
	[MINIMUM S14 sTrt S22 DISTANCE]0.0
	[MINIMUM S20 sTrt S19 DISTANCE]0.008517036409641743
	[MINIMUM S20 sTrt S21 DISTANCE]-0.0026242003734445254
	[MINIMUM S20 sTrt S22 DISTANCE]0.0032107352336824754
	[AVERAGE S0 sTrt S1 DISTANCE]0.011602050284821887
	[AVERAGE S0 sTrt S21 DISTANCE]0.017601397671925385
	[AVERAGE S0 sTrt S22 DISTANCE]0.016032696586916705
	[AVERAGE S7 sTrt S6 DISTANCE]0.01175663704687091
	[AVERAGE S7 sTrt S8 DISTANCE]0.0038221350906761415
	[AVERAGE S7 sTrt S21 DISTANCE]0.09206539317383317
	[AVERAGE S7 sTrt S22 DISTANCE]0.0
	[AVERAGE S14 sTrt S13 DISTANCE]0.007322859738519924
	[AVERAGE S14 sTrt S15 DISTANCE]0.006032696586916681
	[AVERAGE S14 sTrt S21 DISTANCE]0.002065393173833317
	[AVERAGE S14 sTrt S22 DISTANCE]0.0
	[AVERAGE S20 sTrt S19 DISTANCE]0.011004850905360014
	[AVERAGE S20 sTrt S21 DISTANCE]0.00045438604458111927
	[AVERAGE S20 sTrt S22 DISTANCE]0.009462681564343862
[VARIABLES]
	[RESULT 1] [0 49.87533981976402 1 4 22 1021.7361957317368 1]
	[RESULT 2] [0 49.45472794093066 1 4 22 1021.7361957317368 1]
	[RESULT 3] [0 8.598856044314585 1 1 17 1000.0000445996966 1]
	[RESULT 4] [0 8.584128436737402 1 1 17 1000.0155633844903 1]
	[RESULT 5] [0 8.621292682893262 1 1 22 1000.0008007731357 1]
	[RESULT 6] [0 8.84111553131791 1 1 22 1005.1398933486188 1]
	[RESULT 7] [0 8.924577579532766 1 1 19 1000.000050867515 1]
	[RESULT 8] [0 8.579794381884668 1 1 17 1000.0007002059551 1]
	[RESULT 9] [0 8.290473572109176 1 1 22 1000.0000116714012 1]
	[RESULT 10] [0 8.41505909495366 1 1 22 1000.0000016728409 1]
	[RESULT 11] [0 8.466526745699955 1 1 24 1000.0000083896409 1]
	[RESULT 12] [0 8.735300759766432 1 1 16 1000.0000000588681 1]
	[RESULT 13] [0 8.801565484358182 1 1 22 1000.0000026264921 1]
	[RESULT 14] [0 8.801565484358182 1 1 22 1000.0000026264921 1]
	[RESULT 15] [0 49.87533981976402 1 4 22 1021.7361957317368 1]
	[RESULT 16] [0 11.535477979140003 1 1 20 1000.000003938454 1]
	[RESULT 17] [0 9.651455920455343 1 1 22 1000.0000004063459 1]
	[RESULT 18] [0 8.97503888121677 1 1 20 1000.0000001627866 1]
	[RESULT 19] [0 9.342883539422665 1 1 17 1000.0000001008501 1]
	[RESULT 20] [0 48.918951045953705 1 1 22 1000.0000236418393 1]
	[RESULT 21] [0 8.603982340694598 1 1 17 1000.0000008478106 1]
	[RESULT 22] [0 8.84878268680482 1 1 22 1000.0000026264921 1]
	[RESULT 23] [0 8.735300759766432 1 1 17 1000.0000000588681 1]
	[RESULT 24] [0 9.627176896994749 1 1 22 1000.0000030644934 1]
	[RESULT 25] [0 8.204696157633684 1 1 20 1000.3700171197944 1]
	[RESULT 26] [0 8.3758292212528 1 1 23 1000.0000407538435 1]
	[RESULT 27] [0 8.3758292212528 1 1 23 1000.0000407538435 1]
	[RESULT 28] [0 8.843092242344051 1 1 18 1000.0000017752312 1]
	[RESULT 29] [0 8.579794381884668 1 1 17 1000.0007002059551 1]
	[RESULT 30] [0 8.801565484358182 1 1 22 1000.0000026264921 1]
	[RESULT 31] [0 8.97503888121677 1 1 20 1000.0000001627866 1]
	[RESULT 32] [0 8.845387509986594 1 1 23 1000.0000012169215 1]
	[RESULT 33] [0 8.767960871369262 1 1 20 1000.0000001627866 1]
	[RESULT 34] [0 8.50913258821384 1 1 22 1000.0000000297302 1]
	[RESULT 35] [0 8.50913258821384 1 1 22 1000.0000000297302 1]
	[RESULT 36] [0 8.601099074957045 1 1 17 1000.0000013476321 1]
	[RESULT 37] [0 8.900969375221614 1 1 23 1000.0000003921523 1]
	[RESULT 38] [0 9.421050528393454 1 1 23 1000.0000148504836 1]
	[RESULT 39] [0 8.714396766636044 1 1 21 1000.0000000114313 1]
	[RESULT 40] [0 49.87533981976402 1 4 22 1021.7361957317368 1]
	[RESULT 41] [0 8.799769397344434 1 1 22 1000.0000026264921 1]
	[RESULT 42] [0 8.33446581841075 1 1 19 1000.0000003968893 1]
	[RESULT 43] [0 49.48602935776318 1 1 22 1000.0000011763824 1]
	[RESULT 44] [0 8.33446581841075 1 1 19 1000.0000003968893 1]
	[RESULT 45] [0 8.50913258821384 1 1 22 1000.0000000297302 1]
	[RESULT 46] [0 8.70911968440501 1 1 21 1000.0000001447298 1]
	[RESULT 47] [0 8.603982340694598 1 1 17 1000.0000008478106 1]
	[RESULT 48] [0 8.72961586224599 1 1 23 1000.0000140545783 1]
	[RESULT 49] [0 8.834993615304404 1 1 22 1000.0000009757158 1]
	[RESULT 50] [0 8.8532228672559 1 1 22 1000.000002584666 1]
	[RESULT 51] [0 9.329401374948032 1 1 22 1000.0000001036115 1]
	[RESULT 52] [0 8.72961586224599 1 1 23 1000.0000140545783 1]
	[RESULT 53] [0 8.799769397344434 1 1 22 1000.0000026264921 1]
	[RESULT 54] [0 8.853135654802566 1 1 22 1000.0000009757158 1]
	[RESULT 55] [0 8.834993615304404 1 1 22 1000.0000009757158 1]
	[RESULT 56] [0 7.821744505370514 1 1 18 1000.0000001627866 1]
	[RESULT 57] [0 7.477072450359069 1 1 22 1000.0000002215236 1]
	[RESULT 58] [0 7.165265684023904 1 1 22 1000.0000017752312 1]
	[RESULT 59] [0 7.874450001692776 1 1 22 1000.0000008656838 1]
	[RESULT 60] [0 6.815706796160484 1 1 21 1000.0000033341751 1]
	[RESULT 61] [0 7.469267327263143 1 1 22 1000.0000012461095 1]
	[RESULT 62] [0 9.723037646618558 1 1 22 1000.0000005485558 1]
	[RESULT 63] [0 7.89413810638291 1 1 23 1000.0000012461095 1]
	[RESULT 64] [0 6.81213686374833 1 1 20 1000.0004204413449 1]
	[RESULT 65] [0 7.469267327263143 1 1 22 1000.0000012461095 1]
	[RESULT 66] [0 7.89413810638291 1 1 23 1000.0000012461095 1]
	[RESULT 67] [0 7.402124392220436 1 1 23 1000.0000034323983 1]
	[RESULT 68] [0 7.185756893735704 1 1 21 1000.0000033319712 1]
	[RESULT 69] [0 8.849078681916993 1 1 20 1000.0000001627866 1]
	[RESULT 70] [0 9.413776787546306 1 1 23 1000.0000411252012 1]
	[RESULT 71] [0 8.84878268680482 1 1 22 1000.0000026264921 1]
	[RESULT 72] [0 8.849078681916993 1 1 20 1000.0000001627866 1]
	[RESULT 73] [0 8.849078681916993 1 1 20 1000.0000001627866 1]
	[RESULT 74] [0 8.843040237421674 1 1 24 1000.0000001318023 1]
	[RESULT 75] [0 7.393375642278459 1 1 23 1000.0000025298735 1]
	[RESULT 76] [0 8.843040237421674 1 1 24 1000.0000001318023 1]
[OBJECTIVES]
	[RESULT 1] [0.0105171  0.01562609 0.01510899 0.01259506 0.00281304 0.09021798
 0.         0.00832697 0.00510899 0.00021798 0.         0.0085171
 0.00040811 0.01189101]
	[RESULT 2] [0.01051811 0.01562811 0.01511    0.01259405 0.00281405 0.09022
 0.         0.00833    0.00511    0.00022    0.         0.00851811
 0.00040811 0.01189   ]
	[RESULT 3] [0.01149384 0.01758107 0.01608723 0.01161608 0.00379053 0.09217445
 0.         0.00723832 0.00608723 0.00217445 0.         0.01099384
 0.00040661 0.00941277]
	[RESULT 4] [0.01149733 0.01758805 0.01609072 0.01161259 0.00379403 0.09218144
 0.         0.00722784 0.00609072 0.00218144 0.         0.01099733
 0.00040661 0.00940928]
	[RESULT 5] [0.01148856 0.01757051 0.01608195 0.01162136 0.00378525 0.0921639
 0.         0.00725415 0.00608195 0.0021639  0.         0.01098856
 0.00040661 0.00941805]
	[RESULT 6] [0.01143978 0.0174726  0.01603282 0.01167066 0.0037363  0.09206564
 0.         0.00740154 0.00603282 0.00206564 0.         0.01093978
 0.00040696 0.00946718]
	[RESULT 7] [0.01142193 0.01743724 0.01601532 0.01168799 0.00371862 0.09203063
 0.         0.00745405 0.00601532 0.00203063 0.         0.01092193
 0.00040661 0.00948468]
	[RESULT 8] [0.01149836 0.01759012 0.01609175 0.01161155 0.00379506 0.0921835
 0.         0.00722474 0.00609175 0.0021835  0.         0.01099836
 0.00040661 0.00940825]
	[RESULT 9] [0.01157198 0.01773736 0.01616537 0.01153793 0.00386868 0.09233075
 0.         0.00700388 0.00616537 0.00233075 0.         0.01107198
 0.00040661 0.00933463]
	[RESULT 10] [0.0115391  0.01767159 0.01613249 0.01157082 0.00383579 0.09226498
 0.         0.00710254 0.00613249 0.00226498 0.         0.0110391
 0.00040661 0.00936751]
	[RESULT 11] [0.01152605 0.01764549 0.01611944 0.01158387 0.00382274 0.09223888
 0.         0.00714169 0.00611944 0.00223888 0.         0.01102605
 0.00040661 0.00938056]
	[RESULT 12] [0.01146251 0.01751841 0.0160559  0.01164741 0.0037592  0.0921118
 0.         0.0073323  0.0060559  0.0021118  0.         0.01096251
 0.00040661 0.0094441 ]
	[RESULT 13] [0.01144794 0.01748927 0.01604133 0.01166198 0.00374463 0.09208265
 0.         0.00737602 0.00604133 0.00208265 0.         0.01094794
 0.00040661 0.00945867]
	[RESULT 14] [0.01144794 0.01748927 0.01604133 0.01166198 0.00374463 0.09208265
 0.         0.00737602 0.00604133 0.00208265 0.         0.01094794
 0.00040661 0.00945867]
	[RESULT 15] [0.0105171  0.01562609 0.01510899 0.01259506 0.00281304 0.09021798
 0.         0.00832697 0.00510899 0.00021798 0.         0.0085171
 0.00040811 0.01189101]
	[RESULT 16] [0.01107014 0.01673367 0.01566353 0.01203978 0.00336683 0.09132706
 0.         0.00850942 0.00566353 0.00132706 0.         0.01057014
 0.00040661 0.00983647]
	[RESULT 17] [0.01129134 0.01717607 0.01588473 0.01181858 0.00358803 0.09176946
 0.         0.00784582 0.00588473 0.00176946 0.         0.01079134
 0.00040661 0.00961527]
	[RESULT 18] [0.01141163 0.01741665 0.01600502 0.01169829 0.00370832 0.09201003
 0.         0.00748495 0.00600502 0.00201003 0.         0.01091163
 0.00040661 0.00949498]
	[RESULT 19] [0.01134244 0.01727826 0.01593582 0.01176748 0.00363913 0.09187165
 0.         0.00769253 0.00593582 0.00187165 0.         0.01084244
 0.00040661 0.00956418]
	[RESULT 20] [0.01051792 0.01562923 0.01511131 0.01259199 0.00281462 0.09022262
 0.         0.00983393 0.00511131 0.00022262 0.         0.01001792
 0.00040661 0.01038869]
	[RESULT 21] [0.01149263 0.01757864 0.01608602 0.01161729 0.00378932 0.09217203
 0.         0.00724195 0.00608602 0.00217203 0.         0.01099263
 0.00040661 0.00941398]
	[RESULT 22] [0.0114378  0.01746898 0.01603119 0.01167212 0.00373449 0.09206237
 0.         0.00740644 0.00603119 0.00206237 0.         0.0109378
 0.00040661 0.00946881]
	[RESULT 23] [0.01146251 0.01751841 0.0160559  0.01164741 0.0037592  0.0921118
 0.         0.0073323  0.0060559  0.0021118  0.         0.01096251
 0.00040661 0.0094441 ]
	[RESULT 24] [0.01129516 0.0171837  0.01588855 0.01181476 0.00359185 0.09177709
 0.         0.00783436 0.00588855 0.00177709 0.         0.01079516
 0.00040661 0.00961145]
	[RESULT 25] [0.01159578 0.01778493 0.01618915 0.01151417 0.00389246 0.09237829
 0.         0.00693256 0.00618915 0.00237829 0.         0.01109578
 0.00040664 0.00931085]
	[RESULT 26] [0.01154925 0.01769189 0.01614264 0.01156067 0.00384595 0.09228528
 0.         0.00707208 0.00614264 0.00228528 0.         0.01104925
 0.00040661 0.00935736]
	[RESULT 27] [0.01154925 0.01769189 0.01614264 0.01156067 0.00384595 0.09228528
 0.         0.00707208 0.00614264 0.00228528 0.         0.01104925
 0.00040661 0.00935736]
	[RESULT 28] [0.01143901 0.01747141 0.0160324  0.01167091 0.0037357  0.0920648
 0.         0.00740281 0.0060324  0.0020648  0.         0.01093901
 0.00040661 0.0094676 ]
	[RESULT 29] [0.01149836 0.01759012 0.01609175 0.01161155 0.00379506 0.0921835
 0.         0.00722474 0.00609175 0.0021835  0.         0.01099836
 0.00040661 0.00940825]
	[RESULT 30] [0.01144794 0.01748927 0.01604133 0.01166198 0.00374463 0.09208265
 0.         0.00737602 0.00604133 0.00208265 0.         0.01094794
 0.00040661 0.00945867]
	[RESULT 31] [0.01141163 0.01741665 0.01600502 0.01169829 0.00370832 0.09201003
 0.         0.00748495 0.00600502 0.00201003 0.         0.01091163
 0.00040661 0.00949498]
	[RESULT 32] [0.01143852 0.01747043 0.01603191 0.0116714  0.00373521 0.09206382
 0.         0.00740427 0.00603191 0.00206382 0.         0.01093852
 0.00040661 0.00946809]
	[RESULT 33] [0.01145528 0.01750394 0.01604867 0.01165464 0.00375197 0.09209733
 0.         0.007354   0.00604867 0.00209733 0.         0.01095528
 0.00040661 0.00945133]
	[RESULT 34] [0.01151547 0.01762433 0.01610886 0.01159445 0.00381217 0.09221772
 0.         0.00717342 0.00610886 0.00221772 0.         0.01101547
 0.00040661 0.00939114]
	[RESULT 35] [0.01151547 0.01762433 0.01610886 0.01159445 0.00381217 0.09221772
 0.         0.00717342 0.00610886 0.00221772 0.         0.01101547
 0.00040661 0.00939114]
	[RESULT 36] [0.01149331 0.01758001 0.0160867  0.01161661 0.00379    0.09217339
 0.         0.00723991 0.0060867  0.00217339 0.         0.01099331
 0.00040661 0.0094133 ]
	[RESULT 37] [0.01142682 0.01744702 0.01602021 0.0116831  0.00372351 0.09204041
 0.         0.00743938 0.00602021 0.00204041 0.         0.01092682
 0.00040661 0.00947979]
	[RESULT 38] [0.01132894 0.01725127 0.01592233 0.01178098 0.00362564 0.09184466
 0.         0.00773301 0.00592233 0.00184466 0.         0.01082894
 0.00040661 0.00957767]
	[RESULT 39] [0.01146719 0.01752777 0.01606058 0.01164272 0.00376389 0.09212116
 0.         0.00731826 0.00606058 0.00212116 0.         0.01096719
 0.00040661 0.00943942]
	[RESULT 40] [0.0105171  0.01562609 0.01510899 0.01259506 0.00281304 0.09021798
 0.         0.00832697 0.00510899 0.00021798 0.         0.0085171
 0.00040811 0.01189101]
	[RESULT 41] [0.01144833 0.01749004 0.01604172 0.01166159 0.00374502 0.09208343
 0.         0.00737485 0.00604172 0.00208343 0.         0.01094833
 0.00040661 0.00945828]
	[RESULT 42] [0.01156016 0.0177137  0.01615354 0.01154976 0.00385685 0.09230709
 0.         0.00703937 0.00615354 0.00230709 0.         0.01106016
 0.00040661 0.00934646]
	[RESULT 43] [0.01051654 0.01562646 0.01510992 0.01259338 0.00281323 0.09021985
 0.         0.00982977 0.00510992 0.00021985 0.         0.01001654
 0.00040661 0.01039008]
	[RESULT 44] [0.01156016 0.0177137  0.01615354 0.01154976 0.00385685 0.09230709
 0.         0.00703937 0.00615354 0.00230709 0.         0.01106016
 0.00040661 0.00934646]
	[RESULT 45] [0.01151547 0.01762433 0.01610886 0.01159445 0.00381217 0.09221772
 0.         0.00717342 0.00610886 0.00221772 0.         0.01101547
 0.00040661 0.00939114]
	[RESULT 46] [0.01146838 0.01753015 0.01606177 0.01164154 0.00376508 0.09212354
 0.         0.00731469 0.00606177 0.00212354 0.         0.01096838
 0.00040661 0.00943823]
	[RESULT 47] [0.01149263 0.01757864 0.01608602 0.01161729 0.00378932 0.09217203
 0.         0.00724195 0.00608602 0.00217203 0.         0.01099263
 0.00040661 0.00941398]
	[RESULT 48] [0.01146378 0.01752095 0.01605717 0.01164614 0.00376047 0.09211434
 0.         0.0073285  0.00605717 0.00211434 0.         0.01096378
 0.00040661 0.00944283]
	[RESULT 49] [0.01144074 0.01747487 0.01603413 0.01166918 0.00373743 0.09206826
 0.         0.00739762 0.00603413 0.00206826 0.         0.01094074
 0.00040661 0.00946587]
	[RESULT 50] [0.01143685 0.0174671  0.01603024 0.01167306 0.00373355 0.09206049
 0.         0.00740927 0.00603024 0.00206049 0.         0.01093685
 0.00040661 0.00946976]
	[RESULT 51] [0.0113448  0.01728299 0.01593819 0.01176511 0.0036415  0.09187638
 0.         0.00768542 0.00593819 0.00187638 0.         0.0108448
 0.00040661 0.00956181]
	[RESULT 52] [0.01146378 0.01752095 0.01605717 0.01164614 0.00376047 0.09211434
 0.         0.0073285  0.00605717 0.00211434 0.         0.01096378
 0.00040661 0.00944283]
	[RESULT 53] [0.01144833 0.01749004 0.01604172 0.01166159 0.00374502 0.09208343
 0.         0.00737485 0.00604172 0.00208343 0.         0.01094833
 0.00040661 0.00945828]
	[RESULT 54] [0.01143687 0.01746714 0.01603026 0.01167304 0.00373357 0.09206052
 0.         0.00740921 0.00603026 0.00206052 0.         0.01093687
 0.00040661 0.00946974]
	[RESULT 55] [0.01144074 0.01747487 0.01603413 0.01166918 0.00373743 0.09206826
 0.         0.00739762 0.00603413 0.00206826 0.         0.01094074
 0.00040661 0.00946587]
	[RESULT 56] [0.01171491 0.01802322 0.0163083  0.011395   0.00401161 0.09261661
 0.         0.00657509 0.0063083  0.00261661 0.         0.01121491
 0.00040661 0.0091917 ]
	[RESULT 57] [0.0118446  0.01828259 0.01643799 0.01126531 0.0041413  0.09287598
 0.         0.00618603 0.00643799 0.00287598 0.         0.0113446
 0.00040661 0.00906201]
	[RESULT 58] [0.01198626 0.0185659  0.01657965 0.01112366 0.00428295 0.09315929
 0.         0.00576106 0.00657965 0.00315929 0.         0.01148626
 0.00040661 0.00892035]
	[RESULT 59] [0.01169712 0.01798762 0.01629051 0.0114128  0.00399381 0.09258101
 0.         0.00662848 0.00629051 0.00258101 0.         0.01119712
 0.00040661 0.00920949]
	[RESULT 60] [0.01218236 0.01895812 0.01677575 0.01092755 0.00447906 0.09355151
 0.         0.00517274 0.00677575 0.00355151 0.         0.01168236
 0.00040661 0.00872425]
	[RESULT 61] [0.01184784 0.01828906 0.01644123 0.01126208 0.00414453 0.09288245
 0.         0.00617632 0.00644123 0.00288245 0.         0.01134784
 0.00040661 0.00905877]
	[RESULT 62] [0.01128027 0.01715394 0.01587366 0.01182964 0.00357697 0.09174732
 0.         0.00787901 0.00587366 0.00174732 0.         0.01078027
 0.00040661 0.00962634]
	[RESULT 63] [0.01169059 0.01797457 0.01628398 0.01141932 0.00398729 0.09256796
 0.         0.00664806 0.00628398 0.00256796 0.         0.01119059
 0.00040661 0.00921602]
	[RESULT 64] [0.01218462 0.01896263 0.01677801 0.0109253  0.00448131 0.09355601
 0.         0.00516598 0.00677801 0.00355601 0.         0.01168462
 0.00040661 0.00872199]
	[RESULT 65] [0.01184784 0.01828906 0.01644123 0.01126208 0.00414453 0.09288245
 0.         0.00617632 0.00644123 0.00288245 0.         0.01134784
 0.00040661 0.00905877]
	[RESULT 66] [0.01169059 0.01797457 0.01628398 0.01141932 0.00398729 0.09256796
 0.         0.00664806 0.00628398 0.00256796 0.         0.01119059
 0.00040661 0.00921602]
	[RESULT 67] [0.01187628 0.01834595 0.01646967 0.01123364 0.00417298 0.09293934
 0.         0.00609099 0.00646967 0.00293934 0.         0.01137628
 0.00040661 0.00903033]
	[RESULT 68] [0.0119761  0.01854558 0.01656949 0.01113382 0.00427279 0.09313897
 0.         0.00579154 0.00656949 0.00313897 0.         0.0114761
 0.00040661 0.00893051]
	[RESULT 69] [0.01143774 0.01746886 0.01603112 0.01167218 0.00373443 0.09206225
 0.         0.00740663 0.00603112 0.00206225 0.         0.01093774
 0.00040661 0.00946888]
	[RESULT 70] [0.01133018 0.01725375 0.01592357 0.01177974 0.00362688 0.09184714
 0.         0.00772929 0.00592357 0.00184714 0.         0.01083018
 0.00040661 0.00957643]
	[RESULT 71] [0.0114378  0.01746898 0.01603119 0.01167212 0.00373449 0.09206237
 0.         0.00740644 0.00603119 0.00206237 0.         0.0109378
 0.00040661 0.00946881]
	[RESULT 72] [0.01143774 0.01746886 0.01603112 0.01167218 0.00373443 0.09206225
 0.         0.00740663 0.00603112 0.00206225 0.         0.01093774
 0.00040661 0.00946888]
	[RESULT 73] [0.01143774 0.01746886 0.01603112 0.01167218 0.00373443 0.09206225
 0.         0.00740663 0.00603112 0.00206225 0.         0.01093774
 0.00040661 0.00946888]
	[RESULT 74] [0.01143902 0.01747143 0.01603241 0.0116709  0.00373572 0.09206482
 0.         0.00740277 0.00603241 0.00206482 0.         0.01093902
 0.00040661 0.00946759]
	[RESULT 75] [0.01188007 0.01835353 0.01647346 0.01122985 0.00417676 0.09294692
 0.         0.00607962 0.00647346 0.00294692 0.         0.01138007
 0.00040661 0.00902654]
	[RESULT 76] [0.01143902 0.01747143 0.01603241 0.0116709  0.00373572 0.09206482
 0.         0.00740277 0.00603241 0.00206482 0.         0.01093902
 0.00040661 0.00946759]
