[METRICS]
	[DISEQUILIBRIUM COUNT] 0
	[MINIMUM S0 sTrt S1 DISTANCE]0.010516133916092074
	[MINIMUM S0 sTrt S21 DISTANCE]0.00869181667021561
	[MINIMUM S0 sTrt S22 DISTANCE]0.015109462276420849
	[MINIMUM S7 sTrt S6 DISTANCE]0.00773046985729553
	[MINIMUM S7 sTrt S8 DISTANCE]0.002812798096256508
	[MINIMUM S7 sTrt S21 DISTANCE]0.09021892455284165
	[MINIMUM S7 esTrt S22 DISTANCE]0.0
	[MINIMUM S14 sTrt S13 DISTANCE]2.716406933173099e-05
	[MINIMUM S14 sTrt S15 DISTANCE]0.00510946227642084
	[MINIMUM S14 sTrt S21 DISTANCE]0.0002189245528416428
	[MINIMUM S14 sTrt S22 DISTANCE]0.0
	[MINIMUM S20 sTrt S19 DISTANCE]0.008516133916092183
	[MINIMUM S20 sTrt S21 DISTANCE]0.00040661157025180875
	[MINIMUM S20 sTrt S22 DISTANCE]0.00318554888711281
	[AVERAGE S0 sTrt S1 DISTANCE]0.011638582301385569
	[AVERAGE S0 sTrt S21 DISTANCE]0.017660866336893143
	[AVERAGE S0 sTrt S22 DISTANCE]0.01605147710368931
	[AVERAGE S7 sTrt S6 DISTANCE]0.011747138288623128
	[AVERAGE S7 sTrt S8 DISTANCE]0.0038500924960017664
	[AVERAGE S7 sTrt S21 DISTANCE]0.09210295420737892
	[AVERAGE S7 sTrt S22 DISTANCE]0.0
	[AVERAGE S14 sTrt S13 DISTANCE]0.007278606985338564
	[AVERAGE S14 sTrt S15 DISTANCE]0.006051477103689324
	[AVERAGE S14 sTrt S21 DISTANCE]0.002102954207378649
	[AVERAGE S14 sTrt S22 DISTANCE]0.0
	[AVERAGE S20 sTrt S19 DISTANCE]0.011048567832291868
	[AVERAGE S20 sTrt S21 DISTANCE]0.00045853665316392063
	[AVERAGE S20 sTrt S22 DISTANCE]0.009419896069857764
[VARIABLES]
	[RESULT 1] [0 47.943844536524935 1 4 20 1014.4736344480884 2]
	[RESULT 2] [0 8.794395433746583 1 1 15 1000.0000010757426 1]
	[RESULT 3] [0 8.612327275697643 1 1 15 1000.006336100643 1]
	[RESULT 4] [0 8.612092484066508 1 1 15 1000.0030389218915 1]
	[RESULT 5] [0 8.743128107011296 1 1 14 1000.000051424551 1]
	[RESULT 6] [0 8.743128107011296 1 1 14 1000.000051424551 1]
	[RESULT 7] [0 8.869209379244879 1 1 12 1000.0049970127998 1]
	[RESULT 8] [0 8.629090692399616 1 1 13 1000.0002280060982 1]
	[RESULT 9] [0 8.73631755867465 1 1 12 1000.0025930033366 1]
	[RESULT 10] [0 8.562946196869241 1 1 14 1000.1848886888513 1]
	[RESULT 11] [0 8.448061794891224 1 1 10 1000.0000022209392 1]
	[RESULT 12] [0 9.032131855346021 1 1 10 1000.0000029423437 1]
	[RESULT 13] [0 8.522887961061334 1 1 14 1000.0025067076704 1]
	[RESULT 14] [0 9.006276955647964 1 1 8 1000.0049539772062 1]
	[RESULT 15] [0 9.057619002916816 1 1 11 1000.0000466986887 1]
	[RESULT 16] [0 8.637918439235449 1 1 12 1000.0001022583763 1]
	[RESULT 17] [0 8.885259637919424 1 1 14 1000.0002302893671 1]
	[RESULT 18] [0 8.72867224357854 1 1 13 1000.0008052844296 1]
	[RESULT 19] [0 8.884675185814457 1 1 10 1000.0000004287131 1]
	[RESULT 20] [0 48.49067042754433 1 4 13 1000.0002283457625 1]
	[RESULT 21] [0 9.974599694441052 1 1 19 1000.0020297238118 1]
	[RESULT 22] [0 9.134732927940632 1 1 10 1000.0000076536895 1]
	[RESULT 23] [0 9.530032774756977 1 1 14 1000.0000060856852 1]
	[RESULT 24] [0 47.55003267887077 1 1 20 1000.0001107870735 1]
	[RESULT 25] [0 8.849705254570367 1 1 13 1000.0038422523286 1]
	[RESULT 26] [0 8.745710747782152 1 1 16 1000.0049970127998 1]
	[RESULT 27] [0 9.003642158161021 1 1 13 1000.0001435448705 1]
	[RESULT 28] [0 8.884675185814457 1 1 10 1000.0000004287131 1]
	[RESULT 29] [0 9.851240936406969 1 1 13 1000.0002392845522 1]
	[RESULT 30] [0 8.298140710055339 1 1 13 1000.0001469508801 1]
	[RESULT 31] [0 8.51234937839061 1 1 13 1000.0002757167125 1]
	[RESULT 32] [0 8.660809002041615 1 1 15 1000.000152022299 1]
	[RESULT 33] [0 8.95169371646482 1 1 13 1000.0006783488155 1]
	[RESULT 34] [0 8.96947878919409 1 1 17 1000.0033051230375 1]
	[RESULT 35] [0 8.885259637919424 1 1 14 1000.0002302893671 1]
	[RESULT 36] [0 8.726813591819615 1 1 11 1000.0000235223637 1]
	[RESULT 37] [0 8.885259637919424 1 1 13 1000.0002302893671 1]
	[RESULT 38] [0 8.95302331024496 1 1 13 1000.0000171784104 1]
	[RESULT 39] [0 9.0040046013412 1 1 11 1000.0000009495534 1]
	[RESULT 40] [0 9.52619015890575 1 1 15 1000.000007667874 1]
	[RESULT 41] [0 8.885259637919424 1 1 13 1000.0002302893671 1]
	[RESULT 42] [0 8.95302331024496 1 1 13 1000.0000171784104 1]
	[RESULT 43] [0 8.95302331024496 1 1 13 1000.0000171784104 1]
	[RESULT 44] [0 49.67783681729539 1 4 15 1000.8792208065581 1]
	[RESULT 45] [0 8.629301669837117 1 1 13 1000.0000830889196 1]
	[RESULT 46] [0 8.634103244205061 1 1 13 1000.0000636677136 1]
	[RESULT 47] [0 8.633513208942253 1 1 13 1000.0002283457625 1]
	[RESULT 48] [0 8.488930106389338 1 1 13 1000.0000014852193 1]
	[RESULT 49] [0 8.634142692930709 1 1 13 1000.0000636677136 1]
	[RESULT 50] [0 48.76347336484049 1 1 11 1000.0000328977193 1]
	[RESULT 51] [0 8.629460958083111 1 1 13 1000.0001325788054 1]
	[RESULT 52] [0 8.80862331458464 1 1 13 1000.0001514050543 1]
	[RESULT 53] [0 8.63515668071717 1 1 13 1000.0000168922431 1]
	[RESULT 54] [0 8.885259637919424 1 1 14 1000.0002302893671 1]
	[RESULT 55] [0 8.726177159174952 1 1 10 1000.0000014478913 1]
	[RESULT 56] [0 8.884930925298706 1 1 14 1000.0002283659056 1]
	[RESULT 57] [0 8.949974799333454 1 1 10 1000.0000014478913 1]
	[RESULT 58] [0 9.527837576138067 1 1 13 1000.0000060856852 1]
	[RESULT 59] [0 8.884930925298706 1 1 14 1000.0002283659056 1]
	[RESULT 60] [0 8.63515668071717 1 1 13 1000.0000168922431 1]
	[RESULT 61] [0 7.817983069986853 1 1 20 1000.0001402467313 1]
	[RESULT 62] [0 7.90486548116474 1 1 15 1000.000320364523 1]
	[RESULT 63] [0 7.149722576505473 1 1 15 1000.0008181909038 1]
	[RESULT 64] [0 6.699419083099612 1 1 11 1000.0000466986887 1]
	[RESULT 65] [0 7.357761770395334 1 1 11 1000.0000770578384 1]
	[RESULT 66] [0 10.046768632325662 1 1 16 1000.0000787525132 1]
	[RESULT 67] [0 7.357761770395334 1 1 11 1000.0000770578384 1]
	[RESULT 68] [0 7.919227837683135 1 1 11 1000.0038281205548 1]
	[RESULT 69] [0 7.168617593284695 1 1 13 1000.0029682835313 1]
	[RESULT 70] [0 7.0197202114724595 1 1 11 1000.0038300190558 1]
	[RESULT 71] [0 8.637865695743885 1 1 13 1000.0001022583763 1]
	[RESULT 72] [0 8.885259637919424 1 1 14 1000.0002302893671 1]
	[RESULT 73] [0 8.714679765972717 1 1 13 1000.0002338545864 1]
	[RESULT 74] [0 8.94931553882425 1 1 15 1000.0008165591627 1]
	[RESULT 75] [0 9.0040046013412 1 1 11 1000.0000009495534 1]
	[RESULT 76] [0 9.530032774756977 1 1 14 1000.0000060856852 1]
	[RESULT 77] [0 8.884930925298706 1 1 14 1000.0002283659056 1]
	[RESULT 78] [0 8.997729835266671 1 1 13 1000.0000171721463 1]
	[RESULT 79] [0 8.636531059902762 1 1 13 1000.0001514050543 1]
	[RESULT 80] [0 9.034069121234321 1 1 14 1000.0085969505111 1]
	[RESULT 81] [0 7.357761770395334 1 1 11 1000.0000770578384 1]
[OBJECTIVES]
	[RESULT 1] [0.01052341 0.01563719 0.01511378 0.01259103 0.00281859 0.09022756
 0.         0.00834134 0.00511378 0.00022756 0.         0.00852341
 0.00040963 0.01188622]
	[RESULT 2] [0.0114495  0.01749238 0.01604288 0.01166042 0.00374619 0.09208577
 0.         0.00737135 0.00604288 0.00208577 0.         0.0109495
 0.00040661 0.00945712]
	[RESULT 3] [0.01149066 0.01757471 0.01608405 0.01161925 0.00378736 0.0921681
 0.         0.00724785 0.00608405 0.0021681  0.         0.01099066
 0.00040661 0.00941595]
	[RESULT 4] [0.01149072 0.01757483 0.01608411 0.0116192  0.00378741 0.09216821
 0.         0.00724768 0.00608411 0.00216821 0.         0.01099072
 0.00040661 0.00941589]
	[RESULT 5] [0.01146077 0.01751492 0.01605416 0.01164915 0.00375746 0.09210831
 0.         0.00733753 0.00605416 0.00210831 0.         0.01096077
 0.00040661 0.00944584]
	[RESULT 6] [0.01146077 0.01751492 0.01605416 0.01164915 0.00375746 0.09210831
 0.         0.00733753 0.00605416 0.00210831 0.         0.01096077
 0.00040661 0.00944584]
	[RESULT 7] [0.01143347 0.01746033 0.01602686 0.01167645 0.00373017 0.09205372
 0.         0.00741942 0.00602686 0.00205372 0.         0.01093347
 0.00040661 0.00947314]
	[RESULT 8] [0.01148674 0.01756686 0.01608013 0.01162318 0.00378343 0.09216025
 0.         0.00725962 0.00608013 0.00216025 0.         0.01098674
 0.00040661 0.00941987]
	[RESULT 9] [0.01146228 0.01751796 0.01605567 0.01164763 0.00375898 0.09211134
 0.         0.00733298 0.00605567 0.00211134 0.         0.01096228
 0.00040661 0.00944433]
	[RESULT 10] [0.01150241 0.01759819 0.01609578 0.01160753 0.0037991  0.09219157
 0.         0.00721265 0.00609578 0.00219157 0.         0.01100241
 0.00040662 0.00940422]
	[RESULT 11] [0.0115307  0.01765478 0.01612409 0.01157922 0.00382739 0.09224817
 0.         0.00712774 0.00612409 0.00224817 0.         0.0110307
 0.00040661 0.00937591]
	[RESULT 12] [0.01140023 0.01739384 0.01599361 0.01170969 0.00369692 0.09198723
 0.         0.00751916 0.00599361 0.00198723 0.         0.01090023
 0.00040661 0.00950639]
	[RESULT 13] [0.0115121  0.01761759 0.01610549 0.01159782 0.00380879 0.09221098
 0.         0.00718353 0.00610549 0.00221098 0.         0.0110121
 0.00040661 0.00939451]
	[RESULT 14] [0.01140536 0.0174041  0.01599875 0.01170456 0.00370205 0.09199749
 0.         0.00750376 0.00599875 0.00199749 0.         0.01090536
 0.00040661 0.00950125]
	[RESULT 15] [0.01139522 0.01738383 0.01598861 0.0117147  0.00369191 0.09197721
 0.         0.00753418 0.00598861 0.00197721 0.         0.01089522
 0.00040661 0.00951139]
	[RESULT 16] [0.01148468 0.01756275 0.01607807 0.01162524 0.00378138 0.09215614
 0.         0.00726579 0.00607807 0.00215614 0.         0.01098468
 0.00040661 0.00942193]
	[RESULT 17] [0.0114301  0.01745359 0.01602349 0.01167982 0.00372679 0.09204697
 0.         0.00742954 0.00602349 0.00204697 0.         0.0109301
 0.00040661 0.00947651]
	[RESULT 18] [0.01146399 0.01752137 0.01605738 0.01164593 0.00376069 0.09211476
 0.         0.00732786 0.00605738 0.00211476 0.         0.01096399
 0.00040661 0.00944262]
	[RESULT 19] [0.01143022 0.01745383 0.01602361 0.0116797  0.00372692 0.09204722
 0.         0.00742917 0.00602361 0.00204722 0.         0.01093022
 0.00040661 0.00947639]
	[RESULT 20] [0.01051899 0.01563138 0.01511238 0.01259092 0.00281569 0.09022477
 0.         0.00833715 0.00511238 0.00022477 0.         0.00851899
 0.00040661 0.01188762]
	[RESULT 21] [0.01124349 0.01708036 0.01583688 0.01186643 0.00354018 0.09167375
 0.         0.00798937 0.00583688 0.00167375 0.         0.01074349
 0.00040661 0.00966312]
	[RESULT 22] [0.01138037 0.01735413 0.01597376 0.01172955 0.00367707 0.09194752
 0.         0.00757872 0.00597376 0.00194752 0.         0.01088037
 0.00040661 0.00952624]
	[RESULT 23] [0.01131077 0.01721492 0.01590415 0.01179915 0.00360746 0.09180831
 0.         0.00778754 0.00590415 0.00180831 0.         0.01081077
 0.00040661 0.00959585]
	[RESULT 24] [0.01052142 0.01563623 0.01511481 0.0125885  0.00281812 0.09022962
 0.         0.00984443 0.00511481 0.00022962 0.         0.01002142
 0.00040661 0.01038519]
	[RESULT 25] [0.0114376  0.01746859 0.01603099 0.01167232 0.0037343  0.09206198
 0.         0.00740703 0.00603099 0.00206198 0.         0.0109376
 0.00040661 0.00946901]
	[RESULT 26] [0.01146019 0.01751378 0.01605358 0.01164972 0.00375689 0.09210717
 0.         0.00733925 0.00605358 0.00210717 0.         0.01096019
 0.00040661 0.00944642]
	[RESULT 27] [0.01140588 0.01740516 0.01599927 0.01170403 0.00370258 0.09199854
 0.         0.00750218 0.00599927 0.00199854 0.         0.01090588
 0.00040661 0.00950073]
	[RESULT 28] [0.01143022 0.01745383 0.01602361 0.0116797  0.00372692 0.09204722
 0.         0.00742917 0.00602361 0.00204722 0.         0.01093022
 0.00040661 0.00947639]
	[RESULT 29] [0.01126113 0.01711565 0.01585452 0.01184879 0.00355783 0.09170904
 0.         0.00793644 0.00585452 0.00170904 0.         0.01076113
 0.00040661 0.00964548]
	[RESULT 30] [0.01156991 0.0177332  0.01616329 0.01154001 0.0038666  0.09232659
 0.         0.00701012 0.00616329 0.00232659 0.         0.01106991
 0.00040661 0.00933671]
	[RESULT 31] [0.01151468 0.01762275 0.01610807 0.01159524 0.00381138 0.09221614
 0.         0.00717579 0.00610807 0.00221614 0.         0.01101468
 0.00040661 0.00939193]
	[RESULT 32] [0.01147939 0.01755216 0.01607278 0.01163053 0.00377608 0.09214555
 0.         0.00728167 0.00607278 0.00214555 0.         0.01097939
 0.00040661 0.00942722]
	[RESULT 33] [0.01141637 0.01742612 0.01600976 0.01169355 0.00371306 0.09201951
 0.         0.00747073 0.00600976 0.00201951 0.         0.01091637
 0.00040661 0.00949024]
	[RESULT 34] [0.01141275 0.0174189  0.01600614 0.01169716 0.00370945 0.09201228
 0.         0.00748157 0.00600614 0.00201228 0.         0.01091275
 0.00040661 0.00949386]
	[RESULT 35] [0.0114301  0.01745359 0.01602349 0.01167982 0.00372679 0.09204697
 0.         0.00742954 0.00602349 0.00204697 0.         0.0109301
 0.00040661 0.00947651]
	[RESULT 36] [0.01146441 0.0175222  0.0160578  0.01164551 0.0037611  0.09211559
 0.         0.00732661 0.0060578  0.00211559 0.         0.01096441
 0.00040661 0.0094422 ]
	[RESULT 37] [0.0114301  0.01745359 0.01602349 0.01167982 0.00372679 0.09204697
 0.         0.00742954 0.00602349 0.00204697 0.         0.0109301
 0.00040661 0.00947651]
	[RESULT 38] [0.0114161  0.01742558 0.01600948 0.01169382 0.00371279 0.09201897
 0.         0.00747155 0.00600948 0.00201897 0.         0.0109161
 0.00040661 0.00949052]
	[RESULT 39] [0.01140581 0.01740501 0.0159992  0.01170411 0.00370251 0.0919984
 0.         0.0075024  0.0059992  0.0019984  0.         0.01090581
 0.00040661 0.0095008 ]
	[RESULT 40] [0.01131139 0.01721618 0.01590478 0.01179852 0.00360809 0.09180956
 0.         0.00778565 0.00590478 0.00180956 0.         0.01081139
 0.00040661 0.00959522]
	[RESULT 41] [0.0114301  0.01745359 0.01602349 0.01167982 0.00372679 0.09204697
 0.         0.00742954 0.00602349 0.00204697 0.         0.0109301
 0.00040661 0.00947651]
	[RESULT 42] [0.0114161  0.01742558 0.01600948 0.01169382 0.00371279 0.09201897
 0.         0.00747155 0.00600948 0.00201897 0.         0.0109161
 0.00040661 0.00949052]
	[RESULT 43] [0.0114161  0.01742558 0.01600948 0.01169382 0.00371279 0.09201897
 0.         0.00747155 0.00600948 0.00201897 0.         0.0109161
 0.00040661 0.00949052]
	[RESULT 44] [0.01051613 0.0156256  0.01510946 0.01259387 0.0028128  0.09021892
 0.         0.00832839 0.00510946 0.00021892 0.         0.00851613
 0.00040667 0.01189054]
	[RESULT 45] [0.01148669 0.01756676 0.01608008 0.01162323 0.00378338 0.09216015
 0.         0.00725977 0.00608008 0.00216015 0.         0.01098669
 0.00040661 0.00941992]
	[RESULT 46] [0.01148557 0.01756453 0.01607896 0.01162435 0.00378226 0.09215791
 0.         0.00726313 0.00607896 0.00215791 0.         0.01098557
 0.00040661 0.00942104]
	[RESULT 47] [0.01148571 0.0175648  0.01607909 0.01162421 0.0037824  0.09215819
 0.         0.00726272 0.00607909 0.00215819 0.         0.01098571
 0.00040661 0.00942091]
	[RESULT 48] [0.01152046 0.01763431 0.01611385 0.01158945 0.00381716 0.0922277
 0.         0.00715845 0.00611385 0.0022277  0.         0.01102046
 0.00040661 0.00938615]
	[RESULT 49] [0.01148556 0.01756451 0.01607895 0.01162436 0.00378225 0.0921579
 0.         0.00726316 0.00607895 0.0021579  0.         0.01098556
 0.00040661 0.00942105]
	[RESULT 50] [0.01051831 0.01563001 0.0151117  0.01259161 0.002815   0.0902234
 0.         0.00983509 0.0051117  0.0002234  0.         0.01001831
 0.00040661 0.0103883 ]
	[RESULT 51] [0.01148665 0.01756669 0.01608004 0.01162327 0.00378335 0.09216008
 0.         0.00725988 0.00608004 0.00216008 0.         0.01098665
 0.00040661 0.00941996]
	[RESULT 52] [0.01144641 0.01748621 0.0160398  0.01166351 0.0037431  0.0920796
 0.         0.0073806  0.0060398  0.0020796  0.         0.01094641
 0.00040661 0.0094602 ]
	[RESULT 53] [0.01148532 0.01756404 0.01607871 0.01162459 0.00378202 0.09215742
 0.         0.00726386 0.00607871 0.00215742 0.         0.01098532
 0.00040661 0.00942129]
	[RESULT 54] [0.0114301  0.01745359 0.01602349 0.01167982 0.00372679 0.09204697
 0.         0.00742954 0.00602349 0.00204697 0.         0.0109301
 0.00040661 0.00947651]
	[RESULT 55] [0.01146455 0.01752249 0.01605794 0.01164537 0.00376124 0.09211587
 0.         0.00732619 0.00605794 0.00211587 0.         0.01096455
 0.00040661 0.00944206]
	[RESULT 56] [0.01143017 0.01745372 0.01602356 0.01167975 0.00372686 0.09204711
 0.         0.00742933 0.00602356 0.00204711 0.         0.01093017
 0.00040661 0.00947644]
	[RESULT 57] [0.01141672 0.01742682 0.01601011 0.0116932  0.00371341 0.09202021
 0.         0.00746968 0.00601011 0.00202021 0.         0.01091672
 0.00040661 0.00948989]
	[RESULT 58] [0.01131112 0.01721564 0.01590451 0.01179879 0.00360782 0.09180903
 0.         0.00778646 0.00590451 0.00180903 0.         0.01081112
 0.00040661 0.00959549]
	[RESULT 59] [0.01143017 0.01745372 0.01602356 0.01167975 0.00372686 0.09204711
 0.         0.00742933 0.00602356 0.00204711 0.         0.01093017
 0.00040661 0.00947644]
	[RESULT 60] [0.01148532 0.01756404 0.01607871 0.01162459 0.00378202 0.09215742
 0.         0.00726386 0.00607871 0.00215742 0.         0.01098532
 0.00040661 0.00942129]
	[RESULT 61] [0.0117162  0.0180258  0.01630959 0.01139371 0.0040129  0.09261918
 0.         0.00657122 0.00630959 0.00261918 0.         0.0112162
 0.00040661 0.00919041]
	[RESULT 62] [0.01168707 0.01796752 0.01628045 0.01142285 0.00398376 0.09256091
 0.         0.00665864 0.00628045 0.00256091 0.         0.01118707
 0.00040661 0.00921955]
	[RESULT 63] [0.01199405 0.01858149 0.01658744 0.01111586 0.00429075 0.09317488
 0.         0.00573768 0.00658744 0.00317488 0.         0.01149405
 0.00040661 0.00891256]
	[RESULT 64] [0.01225886 0.01911111 0.01685225 0.01085106 0.00455556 0.0937045
 0.         0.00494325 0.00685225 0.0037045  0.         0.01175886
 0.00040661 0.00864775]
	[RESULT 65] [0.0118957  0.01838479 0.01648909 0.01121422 0.00419239 0.09297817
 0.         0.00603274 0.00648909 0.00297817 0.         0.0113957
 0.00040661 0.00901091]
	[RESULT 66] [0.0112335  0.01706039 0.01582689 0.01187642 0.00353019 0.09165378
 0.         0.00801934 0.00582689 0.00165378 0.         0.0107335
 0.00040661 0.00967311]
	[RESULT 67] [0.0118957  0.01838479 0.01648909 0.01121422 0.00419239 0.09297817
 0.         0.00603274 0.00648909 0.00297817 0.         0.0113957
 0.00040661 0.00901091]
	[RESULT 68] [0.01168237 0.01795813 0.01627576 0.01142754 0.00397907 0.09255152
 0.         0.00667272 0.00627576 0.00255152 0.         0.01118237
 0.00040661 0.00922424]
	[RESULT 69] [0.01198459 0.01856256 0.01657798 0.01112533 0.00428128 0.09315595
 0.         0.00576607 0.00657798 0.00315595 0.         0.01148459
 0.00040661 0.00892202]
	[RESULT 70] [0.01206239 0.01871818 0.01665578 0.01104752 0.00435909 0.09331157
 0.         0.00553265 0.00665578 0.00331157 0.         0.01156239
 0.00040661 0.00884422]
	[RESULT 71] [0.01148469 0.01756278 0.01607808 0.01162522 0.00378139 0.09215616
 0.         0.00726575 0.00607808 0.00215616 0.         0.01098469
 0.00040661 0.00942192]
	[RESULT 72] [0.0114301  0.01745359 0.01602349 0.01167982 0.00372679 0.09204697
 0.         0.00742954 0.00602349 0.00204697 0.         0.0109301
 0.00040661 0.00947651]
	[RESULT 73] [0.01146713 0.01752765 0.01606052 0.01164279 0.00376382 0.09212103
 0.         0.00731845 0.00606052 0.00212103 0.         0.01096713
 0.00040661 0.00943948]
	[RESULT 74] [0.01141685 0.01742709 0.01601024 0.01169307 0.00371355 0.09202048
 0.         0.00746928 0.00601024 0.00202048 0.         0.01091685
 0.00040661 0.00948976]
	[RESULT 75] [0.01140581 0.01740501 0.0159992  0.01170411 0.00370251 0.0919984
 0.         0.0075024  0.0059992  0.0019984  0.         0.01090581
 0.00040661 0.0095008 ]
	[RESULT 76] [0.01131077 0.01721492 0.01590415 0.01179915 0.00360746 0.09180831
 0.         0.00778754 0.00590415 0.00180831 0.         0.01081077
 0.00040661 0.00959585]
	[RESULT 77] [0.01143017 0.01745372 0.01602356 0.01167975 0.00372686 0.09204711
 0.         0.00742933 0.00602356 0.00204711 0.         0.01093017
 0.00040661 0.00947644]
	[RESULT 78] [0.01140707 0.01740752 0.01600045 0.01170285 0.00370376 0.09200091
 0.         0.00749864 0.00600045 0.00200091 0.         0.01090707
 0.00040661 0.00949955]
	[RESULT 79] [0.011485   0.0175634  0.01607839 0.01162491 0.0037817  0.09215678
 0.         0.00726482 0.00607839 0.00215678 0.         0.010985
 0.00040661 0.00942161]
	[RESULT 80] [0.01139984 0.01739308 0.01599323 0.01171007 0.00369654 0.09198646
 0.         0.0075203  0.00599323 0.00198646 0.         0.01089984
 0.00040661 0.00950677]
	[RESULT 81] [0.0118957  0.01838479 0.01648909 0.01121422 0.00419239 0.09297817
 0.         0.00603274 0.00648909 0.00297817 0.         0.0113957
 0.00040661 0.00901091]
