[METRICS]
	[DISEQUILIBRIUM COUNT] 1
	[MINIMUM S0 sTrt S1 DISTANCE]0.010515307222421666
	[MINIMUM S0 sTrt S21 DISTANCE]0.0056034689891842765
	[MINIMUM S0 sTrt S22 DISTANCE]0.015108695652173931
	[MINIMUM S7 sTrt S6 DISTANCE]0.010129593887855226
	[MINIMUM S7 sTrt S8 DISTANCE]0.002812001437297873
	[MINIMUM S7 sTrt S21 DISTANCE]0.09021739130434783
	[MINIMUM S7 esTrt S22 DISTANCE]0.0
	[MINIMUM S14 sTrt S13 DISTANCE]0.0021269379143374345
	[MINIMUM S14 sTrt S15 DISTANCE]0.005108695652173922
	[MINIMUM S14 sTrt S21 DISTANCE]0.00021739130434782206
	[MINIMUM S14 sTrt S22 DISTANCE]0.0
	[MINIMUM S20 sTrt S19 DISTANCE]0.008515307222421775
	[MINIMUM S20 sTrt S21 DISTANCE]-0.00036858642932762267
	[MINIMUM S20 sTrt S22 DISTANCE]0.0028730620856625977
	[AVERAGE S0 sTrt S1 DISTANCE]0.010710355821156464
	[AVERAGE S0 sTrt S21 DISTANCE]0.015806599263657743
	[AVERAGE S0 sTrt S22 DISTANCE]0.015120079935077396
	[AVERAGE S7 sTrt S6 DISTANCE]0.012680845826596584
	[AVERAGE S7 sTrt S8 DISTANCE]0.0029226682120565175
	[AVERAGE S7 sTrt S21 DISTANCE]0.09024015987015498
	[AVERAGE S7 sTrt S22 DISTANCE]0.0
	[AVERAGE S14 sTrt S13 DISTANCE]0.009211297011020634
	[AVERAGE S14 sTrt S15 DISTANCE]0.005120079935077388
	[AVERAGE S14 sTrt S21 DISTANCE]0.00024015987015473707
	[AVERAGE S14 sTrt S22 DISTANCE]0.0
	[AVERAGE S20 sTrt S19 DISTANCE]0.009645649938803642
	[AVERAGE S20 sTrt S21 DISTANCE]0.0004610567822102367
	[AVERAGE S20 sTrt S22 DISTANCE]0.010825927382617662
[VARIABLES]
	[RESULT 1] [0 50.0 1 4 23 1000.0000000000089 1]
	[RESULT 2] [0 50.0 1 4 24 1000.0 1]
	[RESULT 3] [0 50.0 1 2 23 1000.0000000000502 1]
	[RESULT 4] [0 50.0 1 2 23 1000.0000000000113 1]
	[RESULT 5] [0 50.0 1 3 24 1000.0000000000185 1]
	[RESULT 6] [0 50.0 1 2 23 1000.0000000000113 1]
	[RESULT 7] [0 50.0 1 4 23 1000.0000000000089 1]
	[RESULT 8] [0 50.0 1 2 23 1000.0000000000113 1]
	[RESULT 9] [0 50.0 1 2 23 1000.0000000000113 1]
	[RESULT 10] [0 50.0 1 2 23 1000.0000000000113 1]
	[RESULT 11] [0 50.0 1 2 23 1000.0000000000465 1]
	[RESULT 12] [0 50.0 1 2 23 1000.0000000000465 1]
	[RESULT 13] [0 50.0 1 2 23 1000.0000000000465 1]
	[RESULT 14] [0 50.0 1 2 23 1000.0000000000465 1]
	[RESULT 15] [0 50.0 1 2 23 1000.0000000000049 1]
	[RESULT 16] [0 50.0 1 1 23 1000.0000000000057 1]
	[RESULT 17] [0 50.0 1 1 19 1000.0000000000414 1]
	[RESULT 18] [0 50.0 1 1 19 1000.0000000000414 1]
	[RESULT 19] [0 50.0 1 1 19 1000.0000000000414 1]
	[RESULT 20] [0 50.0 1 1 19 1000.0000000000414 1]
	[RESULT 21] [0 50.0 1 1 19 1000.0000000000414 1]
	[RESULT 22] [0 50.0 1 4 23 1000.0000000000089 1]
	[RESULT 23] [0 50.0 1 2 23 1000.0000000000113 1]
	[RESULT 24] [0 50.0 1 2 23 1000.0000000000465 1]
	[RESULT 25] [0 50.0 1 4 24 1000.0000000000217 1]
	[RESULT 26] [0 50.0 1 2 23 1000.0000000000113 1]
	[RESULT 27] [0 50.0 1 1 19 1000.0000000000414 1]
	[RESULT 28] [0 50.0 1 4 23 1000.0000000000304 1]
	[RESULT 29] [0 50.0 1 2 23 1000.0000000000113 1]
	[RESULT 30] [0 50.0 1 2 22 1000.0000000000063 1]
	[RESULT 31] [0 50.0 1 2 23 1000.0000000000465 1]
	[RESULT 32] [0 50.0 1 1 23 1000.0000000000088 1]
	[RESULT 33] [0 50.0 1 2 23 1000.0000000000056 1]
	[RESULT 34] [0 50.0 1 4 23 1000.0000000000308 1]
	[RESULT 35] [0 50.0 1 2 23 1000.0000000000076 1]
	[RESULT 36] [0 50.0 1 2 23 1000.0000000000076 1]
	[RESULT 37] [0 50.0 1 2 23 1000.0000000000076 1]
	[RESULT 38] [0 50.0 1 1 19 1000.0000000000414 1]
	[RESULT 39] [0 50.0 1 2 23 1000.0000000000076 1]
	[RESULT 40] [0 50.0 1 2 23 1000.0000000000076 1]
	[RESULT 41] [0 50.0 1 2 23 1000.0000000000076 1]
	[RESULT 42] [0 50.0 1 2 23 1000.0000000000076 1]
	[RESULT 43] [0 50.0 1 4 23 1000.0 1]
	[RESULT 44] [0 50.0 1 2 21 1000.0000000000113 1]
	[RESULT 45] [0 50.0 1 2 23 1000.0000000000113 1]
	[RESULT 46] [0 50.0 1 2 21 1000.0000000000113 1]
	[RESULT 47] [0 50.0 1 2 21 1000.0000000000113 1]
	[RESULT 48] [0 50.0 1 1 23 1000.0000000000113 1]
	[RESULT 49] [0 50.0 1 2 21 1000.0000000000113 1]
	[RESULT 50] [0 50.0 1 2 21 1000.0000000000113 1]
	[RESULT 51] [0 50.0 1 2 21 1000.0000000000113 1]
	[RESULT 52] [0 50.0 1 2 21 1000.0000000000042 1]
	[RESULT 53] [0 50.0 1 2 21 1000.0000000000042 1]
	[RESULT 54] [0 50.0 1 4 23 1000.0000000000089 1]
	[RESULT 55] [0 50.0 1 2 24 1000.0000000000175 1]
	[RESULT 56] [0 50.0 1 2 23 1000.0000000000113 1]
	[RESULT 57] [0 50.0 1 2 23 1000.0 1]
	[RESULT 58] [0 43.494816088560825 1 1 19 1000.802365798586 1]
	[RESULT 59] [0 50.0 1 2 24 1000.0000000000175 1]
	[RESULT 60] [0 50.0 1 2 24 1000.0000000000175 1]
	[RESULT 61] [0 50.0 1 2 22 1000.0000000000465 1]
	[RESULT 62] [0 50.0 1 2 24 1000.0000000000175 1]
	[RESULT 63] [0 49.999999999997165 1 4 23 1000.0 1]
	[RESULT 64] [0 50.0 1 2 23 1000.0000000000113 1]
	[RESULT 65] [0 50.0 1 3 23 1000.0000000000397 1]
	[RESULT 66] [0 50.0 1 2 23 1000.0000000000113 1]
	[RESULT 67] [0 50.0 1 2 23 1000.0000000000006 1]
	[RESULT 68] [0 50.0 1 2 23 1000.0000000000002 1]
	[RESULT 69] [0 50.0 1 1 19 1000.0000000000414 1]
	[RESULT 70] [0 50.0 1 2 23 1000.0000000000427 1]
	[RESULT 71] [0 50.0 1 2 23 1000.0000000000076 1]
	[RESULT 72] [0 50.0 1 2 23 1000.0000000000042 1]
	[RESULT 73] [0 50.0 1 2 23 1000.0000000000113 1]
[OBJECTIVES]
	[RESULT 1] [0.01051531 0.015624   0.0151087  0.01259461 0.002812   0.09021739
 0.         0.00832609 0.0051087  0.00021739 0.         0.00851531
 0.00040661 0.0118913 ]
	[RESULT 2] [0.01051531 0.015624   0.0151087  0.01259461 0.002812   0.09021739
 0.         0.00832609 0.0051087  0.00021739 0.         0.00851531
 0.00040661 0.0118913 ]
	[RESULT 3] [0.01051531 0.015624   0.0151087  0.01259461 0.002812   0.09021739
 0.         0.00932609 0.0051087  0.00021739 0.         0.00951531
 0.00040661 0.0108913 ]
	[RESULT 4] [0.01051531 0.015624   0.0151087  0.01259461 0.002812   0.09021739
 0.         0.00932609 0.0051087  0.00021739 0.         0.00951531
 0.00040661 0.0108913 ]
	[RESULT 5] [0.01051531 0.015624   0.0151087  0.01259461 0.002812   0.09021739
 0.         0.00882609 0.0051087  0.00021739 0.         0.00901531
 0.00040661 0.0113913 ]
	[RESULT 6] [0.01051531 0.015624   0.0151087  0.01259461 0.002812   0.09021739
 0.         0.00932609 0.0051087  0.00021739 0.         0.00951531
 0.00040661 0.0108913 ]
	[RESULT 7] [0.01051531 0.015624   0.0151087  0.01259461 0.002812   0.09021739
 0.         0.00832609 0.0051087  0.00021739 0.         0.00851531
 0.00040661 0.0118913 ]
	[RESULT 8] [0.01051531 0.015624   0.0151087  0.01259461 0.002812   0.09021739
 0.         0.00932609 0.0051087  0.00021739 0.         0.00951531
 0.00040661 0.0108913 ]
	[RESULT 9] [0.01051531 0.015624   0.0151087  0.01259461 0.002812   0.09021739
 0.         0.00932609 0.0051087  0.00021739 0.         0.00951531
 0.00040661 0.0108913 ]
	[RESULT 10] [0.01051531 0.015624   0.0151087  0.01259461 0.002812   0.09021739
 0.         0.00932609 0.0051087  0.00021739 0.         0.00951531
 0.00040661 0.0108913 ]
	[RESULT 11] [0.01051531 0.015624   0.0151087  0.01259461 0.002812   0.09021739
 0.         0.00932609 0.0051087  0.00021739 0.         0.00951531
 0.00040661 0.0108913 ]
	[RESULT 12] [0.01051531 0.015624   0.0151087  0.01259461 0.002812   0.09021739
 0.         0.00932609 0.0051087  0.00021739 0.         0.00951531
 0.00040661 0.0108913 ]
	[RESULT 13] [0.01051531 0.015624   0.0151087  0.01259461 0.002812   0.09021739
 0.         0.00932609 0.0051087  0.00021739 0.         0.00951531
 0.00040661 0.0108913 ]
	[RESULT 14] [0.01051531 0.015624   0.0151087  0.01259461 0.002812   0.09021739
 0.         0.00932609 0.0051087  0.00021739 0.         0.00951531
 0.00040661 0.0108913 ]
	[RESULT 15] [0.01051531 0.015624   0.0151087  0.01259461 0.002812   0.09021739
 0.         0.00932609 0.0051087  0.00021739 0.         0.00951531
 0.00040661 0.0108913 ]
	[RESULT 16] [0.01051531 0.015624   0.0151087  0.01259461 0.002812   0.09021739
 0.         0.00982609 0.0051087  0.00021739 0.         0.01001531
 0.00040661 0.0103913 ]
	[RESULT 17] [0.01051531 0.015624   0.0151087  0.01259461 0.002812   0.09021739
 0.         0.00982609 0.0051087  0.00021739 0.         0.01001531
 0.00040661 0.0103913 ]
	[RESULT 18] [0.01051531 0.015624   0.0151087  0.01259461 0.002812   0.09021739
 0.         0.00982609 0.0051087  0.00021739 0.         0.01001531
 0.00040661 0.0103913 ]
	[RESULT 19] [0.01051531 0.015624   0.0151087  0.01259461 0.002812   0.09021739
 0.         0.00982609 0.0051087  0.00021739 0.         0.01001531
 0.00040661 0.0103913 ]
	[RESULT 20] [0.01051531 0.015624   0.0151087  0.01259461 0.002812   0.09021739
 0.         0.00982609 0.0051087  0.00021739 0.         0.01001531
 0.00040661 0.0103913 ]
	[RESULT 21] [0.01051531 0.015624   0.0151087  0.01259461 0.002812   0.09021739
 0.         0.00982609 0.0051087  0.00021739 0.         0.01001531
 0.00040661 0.0103913 ]
	[RESULT 22] [0.01051531 0.015624   0.0151087  0.01259461 0.002812   0.09021739
 0.         0.00832609 0.0051087  0.00021739 0.         0.00851531
 0.00040661 0.0118913 ]
	[RESULT 23] [0.01051531 0.015624   0.0151087  0.01259461 0.002812   0.09021739
 0.         0.00932609 0.0051087  0.00021739 0.         0.00951531
 0.00040661 0.0108913 ]
	[RESULT 24] [0.01051531 0.015624   0.0151087  0.01259461 0.002812   0.09021739
 0.         0.00932609 0.0051087  0.00021739 0.         0.00951531
 0.00040661 0.0108913 ]
	[RESULT 25] [0.01051531 0.015624   0.0151087  0.01259461 0.002812   0.09021739
 0.         0.00832609 0.0051087  0.00021739 0.         0.00851531
 0.00040661 0.0118913 ]
	[RESULT 26] [0.01051531 0.015624   0.0151087  0.01259461 0.002812   0.09021739
 0.         0.00932609 0.0051087  0.00021739 0.         0.00951531
 0.00040661 0.0108913 ]
	[RESULT 27] [0.01051531 0.015624   0.0151087  0.01259461 0.002812   0.09021739
 0.         0.00982609 0.0051087  0.00021739 0.         0.01001531
 0.00040661 0.0103913 ]
	[RESULT 28] [0.01051531 0.015624   0.0151087  0.01259461 0.002812   0.09021739
 0.         0.00832609 0.0051087  0.00021739 0.         0.00851531
 0.00040661 0.0118913 ]
	[RESULT 29] [0.01051531 0.015624   0.0151087  0.01259461 0.002812   0.09021739
 0.         0.00932609 0.0051087  0.00021739 0.         0.00951531
 0.00040661 0.0108913 ]
	[RESULT 30] [0.01051531 0.015624   0.0151087  0.01259461 0.002812   0.09021739
 0.         0.00932609 0.0051087  0.00021739 0.         0.00951531
 0.00040661 0.0108913 ]
	[RESULT 31] [0.01051531 0.015624   0.0151087  0.01259461 0.002812   0.09021739
 0.         0.00932609 0.0051087  0.00021739 0.         0.00951531
 0.00040661 0.0108913 ]
	[RESULT 32] [0.01051531 0.015624   0.0151087  0.01259461 0.002812   0.09021739
 0.         0.00982609 0.0051087  0.00021739 0.         0.01001531
 0.00040661 0.0103913 ]
	[RESULT 33] [0.01051531 0.015624   0.0151087  0.01259461 0.002812   0.09021739
 0.         0.00932609 0.0051087  0.00021739 0.         0.00951531
 0.00040661 0.0108913 ]
	[RESULT 34] [0.01051531 0.015624   0.0151087  0.01259461 0.002812   0.09021739
 0.         0.00832609 0.0051087  0.00021739 0.         0.00851531
 0.00040661 0.0118913 ]
	[RESULT 35] [0.01051531 0.015624   0.0151087  0.01259461 0.002812   0.09021739
 0.         0.00932609 0.0051087  0.00021739 0.         0.00951531
 0.00040661 0.0108913 ]
	[RESULT 36] [0.01051531 0.015624   0.0151087  0.01259461 0.002812   0.09021739
 0.         0.00932609 0.0051087  0.00021739 0.         0.00951531
 0.00040661 0.0108913 ]
	[RESULT 37] [0.01051531 0.015624   0.0151087  0.01259461 0.002812   0.09021739
 0.         0.00932609 0.0051087  0.00021739 0.         0.00951531
 0.00040661 0.0108913 ]
	[RESULT 38] [0.01051531 0.015624   0.0151087  0.01259461 0.002812   0.09021739
 0.         0.00982609 0.0051087  0.00021739 0.         0.01001531
 0.00040661 0.0103913 ]
	[RESULT 39] [0.01051531 0.015624   0.0151087  0.01259461 0.002812   0.09021739
 0.         0.00932609 0.0051087  0.00021739 0.         0.00951531
 0.00040661 0.0108913 ]
	[RESULT 40] [0.01051531 0.015624   0.0151087  0.01259461 0.002812   0.09021739
 0.         0.00932609 0.0051087  0.00021739 0.         0.00951531
 0.00040661 0.0108913 ]
	[RESULT 41] [0.01051531 0.015624   0.0151087  0.01259461 0.002812   0.09021739
 0.         0.00932609 0.0051087  0.00021739 0.         0.00951531
 0.00040661 0.0108913 ]
	[RESULT 42] [0.01051531 0.015624   0.0151087  0.01259461 0.002812   0.09021739
 0.         0.00932609 0.0051087  0.00021739 0.         0.00951531
 0.00040661 0.0108913 ]
	[RESULT 43] [0.01051531 0.015624   0.0151087  0.01259461 0.002812   0.09021739
 0.         0.00832609 0.0051087  0.00021739 0.         0.00851531
 0.00040661 0.0118913 ]
	[RESULT 44] [0.01051531 0.015624   0.0151087  0.01259461 0.002812   0.09021739
 0.         0.00932609 0.0051087  0.00021739 0.         0.00951531
 0.00040661 0.0108913 ]
	[RESULT 45] [0.01051531 0.015624   0.0151087  0.01259461 0.002812   0.09021739
 0.         0.00932609 0.0051087  0.00021739 0.         0.00951531
 0.00040661 0.0108913 ]
	[RESULT 46] [0.01051531 0.015624   0.0151087  0.01259461 0.002812   0.09021739
 0.         0.00932609 0.0051087  0.00021739 0.         0.00951531
 0.00040661 0.0108913 ]
	[RESULT 47] [0.01051531 0.015624   0.0151087  0.01259461 0.002812   0.09021739
 0.         0.00932609 0.0051087  0.00021739 0.         0.00951531
 0.00040661 0.0108913 ]
	[RESULT 48] [0.01051531 0.015624   0.0151087  0.01259461 0.002812   0.09021739
 0.         0.00982609 0.0051087  0.00021739 0.         0.01001531
 0.00040661 0.0103913 ]
	[RESULT 49] [0.01051531 0.015624   0.0151087  0.01259461 0.002812   0.09021739
 0.         0.00932609 0.0051087  0.00021739 0.         0.00951531
 0.00040661 0.0108913 ]
	[RESULT 50] [0.01051531 0.015624   0.0151087  0.01259461 0.002812   0.09021739
 0.         0.00932609 0.0051087  0.00021739 0.         0.00951531
 0.00040661 0.0108913 ]
	[RESULT 51] [0.01051531 0.015624   0.0151087  0.01259461 0.002812   0.09021739
 0.         0.00932609 0.0051087  0.00021739 0.         0.00951531
 0.00040661 0.0108913 ]
	[RESULT 52] [0.01051531 0.015624   0.0151087  0.01259461 0.002812   0.09021739
 0.         0.00932609 0.0051087  0.00021739 0.         0.00951531
 0.00040661 0.0108913 ]
	[RESULT 53] [0.01051531 0.015624   0.0151087  0.01259461 0.002812   0.09021739
 0.         0.00932609 0.0051087  0.00021739 0.         0.00951531
 0.00040661 0.0108913 ]
	[RESULT 54] [0.01051531 0.015624   0.0151087  0.01259461 0.002812   0.09021739
 0.         0.00832609 0.0051087  0.00021739 0.         0.00851531
 0.00040661 0.0118913 ]
	[RESULT 55] [0.01051531 0.015624   0.0151087  0.01259461 0.002812   0.09021739
 0.         0.00932609 0.0051087  0.00021739 0.         0.00951531
 0.00040661 0.0108913 ]
	[RESULT 56] [0.01051531 0.015624   0.0151087  0.01259461 0.002812   0.09021739
 0.         0.00932609 0.0051087  0.00021739 0.         0.00951531
 0.00040661 0.0108913 ]
	[RESULT 57] [0.01051531 0.015624   0.0151087  0.01259461 0.002812   0.09021739
 0.         0.00932609 0.0051087  0.00021739 0.         0.00951531
 0.00040661 0.0108913 ]
	[RESULT 58] [0.01053327 0.01565986 0.0151266  0.01257673 0.00282993 0.0902532
 0.         0.0098798  0.0051266  0.0002532  0.         0.01003327
 0.00040667 0.0103734 ]
	[RESULT 59] [0.01051531 0.015624   0.0151087  0.01259461 0.002812   0.09021739
 0.         0.00932609 0.0051087  0.00021739 0.         0.00951531
 0.00040661 0.0108913 ]
	[RESULT 60] [0.01051531 0.015624   0.0151087  0.01259461 0.002812   0.09021739
 0.         0.00932609 0.0051087  0.00021739 0.         0.00951531
 0.00040661 0.0108913 ]
	[RESULT 61] [0.01051531 0.015624   0.0151087  0.01259461 0.002812   0.09021739
 0.         0.00932609 0.0051087  0.00021739 0.         0.00951531
 0.00040661 0.0108913 ]
	[RESULT 62] [0.01051531 0.015624   0.0151087  0.01259461 0.002812   0.09021739
 0.         0.00932609 0.0051087  0.00021739 0.         0.00951531
 0.00040661 0.0108913 ]
	[RESULT 63] [0.01051531 0.015624   0.0151087  0.01259461 0.002812   0.09021739
 0.         0.00832609 0.0051087  0.00021739 0.         0.00851531
 0.00040661 0.0118913 ]
	[RESULT 64] [0.01051531 0.015624   0.0151087  0.01259461 0.002812   0.09021739
 0.         0.00932609 0.0051087  0.00021739 0.         0.00951531
 0.00040661 0.0108913 ]
	[RESULT 65] [0.01051531 0.015624   0.0151087  0.01259461 0.002812   0.09021739
 0.         0.00882609 0.0051087  0.00021739 0.         0.00901531
 0.00040661 0.0113913 ]
	[RESULT 66] [0.01051531 0.015624   0.0151087  0.01259461 0.002812   0.09021739
 0.         0.00932609 0.0051087  0.00021739 0.         0.00951531
 0.00040661 0.0108913 ]
	[RESULT 67] [0.01051531 0.015624   0.0151087  0.01259461 0.002812   0.09021739
 0.         0.00932609 0.0051087  0.00021739 0.         0.00951531
 0.00040661 0.0108913 ]
	[RESULT 68] [0.01051531 0.015624   0.0151087  0.01259461 0.002812   0.09021739
 0.         0.00932609 0.0051087  0.00021739 0.         0.00951531
 0.00040661 0.0108913 ]
	[RESULT 69] [0.01051531 0.015624   0.0151087  0.01259461 0.002812   0.09021739
 0.         0.00982609 0.0051087  0.00021739 0.         0.01001531
 0.00040661 0.0103913 ]
	[RESULT 70] [0.01051531 0.015624   0.0151087  0.01259461 0.002812   0.09021739
 0.         0.00932609 0.0051087  0.00021739 0.         0.00951531
 0.00040661 0.0108913 ]
	[RESULT 71] [0.01051531 0.015624   0.0151087  0.01259461 0.002812   0.09021739
 0.         0.00932609 0.0051087  0.00021739 0.         0.00951531
 0.00040661 0.0108913 ]
	[RESULT 72] [0.01051531 0.015624   0.0151087  0.01259461 0.002812   0.09021739
 0.         0.00932609 0.0051087  0.00021739 0.         0.00951531
 0.00040661 0.0108913 ]
	[RESULT 73] [0.01051531 0.015624   0.0151087  0.01259461 0.002812   0.09021739
 0.         0.00932609 0.0051087  0.00021739 0.         0.00951531
 0.00040661 0.0108913 ]
