[METRICS]
	[DISEQUILIBRIUM COUNT] 0
	[MINIMUM S0 sTrt S1 DISTANCE]0.010515307414657116
	[MINIMUM S0 sTrt S21 DISTANCE]0.008632590363222836
	[MINIMUM S0 sTrt S22 DISTANCE]0.015108695663123561
	[MINIMUM S7 sTrt S6 DISTANCE]0.007748331321193125
	[MINIMUM S7 sTrt S8 DISTANCE]0.002812001560549282
	[MINIMUM S7 sTrt S21 DISTANCE]0.09021739132624712
	[MINIMUM S7 esTrt S22 DISTANCE]0.0
	[MINIMUM S14 sTrt S13 DISTANCE]4.5025529966158384e-05
	[MINIMUM S14 sTrt S15 DISTANCE]0.0051086956631235525
	[MINIMUM S14 sTrt S21 DISTANCE]0.00021739132624711
	[MINIMUM S14 sTrt S22 DISTANCE]0.0
	[MINIMUM S20 sTrt S19 DISTANCE]0.008515307414657225
	[MINIMUM S20 sTrt S21 DISTANCE]0.0004066115702483948
	[MINIMUM S20 sTrt S22 DISTANCE]0.003914639223692118
	[AVERAGE S0 sTrt S1 DISTANCE]0.011568334356370492
	[AVERAGE S0 sTrt S21 DISTANCE]0.017523851345242432
	[AVERAGE S0 sTrt S22 DISTANCE]0.015981397437113465
	[AVERAGE S7 sTrt S6 DISTANCE]0.011817616386463751
	[AVERAGE S7 sTrt S8 DISTANCE]0.0037804112606906583
	[AVERAGE S7 sTrt S21 DISTANCE]0.0919627948742266
	[AVERAGE S7 sTrt S22 DISTANCE]0.0
	[AVERAGE S14 sTrt S13 DISTANCE]0.007408885271842654
	[AVERAGE S14 sTrt S15 DISTANCE]0.005981397437113453
	[AVERAGE S14 sTrt S21 DISTANCE]0.0019627948742268887
	[AVERAGE S14 sTrt S22 DISTANCE]0.0
	[AVERAGE S20 sTrt S19 DISTANCE]0.010899032927405206
	[AVERAGE S20 sTrt S21 DISTANCE]0.0004673578704792094
	[AVERAGE S20 sTrt S22 DISTANCE]0.009577426092298318
[VARIABLES]
	[RESULT 1] [0 49.999964095883406 1 4 12 1000.3378686451825 1]
	[RESULT 2] [0 9.063185053224451 1 1 13 1000.0000060531985 1]
	[RESULT 3] [0 8.783317935631848 1 1 7 1000.0000000713246 1]
	[RESULT 4] [0 8.77599719589054 1 1 12 1000.0048858238002 1]
	[RESULT 5] [0 8.894055993335801 1 1 12 1000.0000077101498 1]
	[RESULT 6] [0 8.802166563867065 1 1 11 1000.0000001601594 1]
	[RESULT 7] [0 8.96383262160852 1 1 8 1000.251775698149 1]
	[RESULT 8] [0 8.799064981791572 1 1 13 1000.0000040598447 1]
	[RESULT 9] [0 8.890629891242332 1 1 13 1000.0000017666223 1]
	[RESULT 10] [0 8.468313844589433 1 1 14 1000.0308322650527 1]
	[RESULT 11] [0 9.191744040727572 1 1 11 1000.0006988283168 1]
	[RESULT 12] [0 9.162048920166134 1 1 10 1000.0000026288844 1]
	[RESULT 13] [0 9.05895631078131 1 1 12 1000.0000473128333 1]
	[RESULT 14] [0 8.875309496182552 1 1 13 1000.0000017869727 1]
	[RESULT 15] [0 9.060674153593274 1 1 12 1000.0000787319624 1]
	[RESULT 16] [0 9.117903032602555 1 1 12 1000.0000255405447 1]
	[RESULT 17] [0 9.117903032602555 1 1 12 1000.0000255405447 1]
	[RESULT 18] [0 49.999964095883406 1 4 12 1000.3378686451825 1]
	[RESULT 19] [0 10.269051321747071 1 1 13 1000.0000070976164 1]
	[RESULT 20] [0 10.176886640854006 1 1 7 1000.0000005893111 1]
	[RESULT 21] [0 9.309632374024764 1 1 12 1000.0000076119186 1]
	[RESULT 22] [0 9.78700358048744 1 1 10 1000.0003784022771 1]
	[RESULT 23] [0 49.875051151300326 1 1 13 1000.0807360628241 1]
	[RESULT 24] [0 8.944034147464878 1 1 13 1000.0001300678571 1]
	[RESULT 25] [0 8.783317935631848 1 1 7 1000.0000000713246 1]
	[RESULT 26] [0 8.898355614908375 1 1 13 1000.0000854667667 1]
	[RESULT 27] [0 8.791906717671093 1 1 10 1000.0000011291932 1]
	[RESULT 28] [0 9.060674153593274 1 1 12 1000.0000787319624 1]
	[RESULT 29] [0 10.187657076570238 1 1 12 1000.0000246347132 1]
	[RESULT 30] [0 8.491419918255243 1 1 10 1000.0008021626974 1]
	[RESULT 31] [0 8.652205950262825 1 1 12 1000.0000687836268 1]
	[RESULT 32] [0 9.162544813792163 1 1 7 1000.0000012437649 1]
	[RESULT 33] [0 8.852752143152445 1 1 10 1000.0001019130096 1]
	[RESULT 34] [0 9.117903032602555 1 1 12 1000.0000255405447 1]
	[RESULT 35] [0 9.309632374024764 1 1 12 1000.0000076119186 1]
	[RESULT 36] [0 9.155327198634911 1 1 10 1000.0001274117818 1]
	[RESULT 37] [0 9.05895631078131 1 1 12 1000.0000473128333 1]
	[RESULT 38] [0 9.060645629594966 1 1 12 1000.0000097759174 1]
	[RESULT 39] [0 9.182215499219344 1 1 12 1000.0000081760202 1]
	[RESULT 40] [0 9.78700358048744 1 1 10 1000.0003784022771 1]
	[RESULT 41] [0 9.060645629594966 1 1 12 1000.0000097759174 1]
	[RESULT 42] [0 49.999964095883406 1 4 12 1000.3378686451825 1]
	[RESULT 43] [0 8.783317935631848 1 1 7 1000.0000000713246 1]
	[RESULT 44] [0 8.791906717671093 1 1 10 1000.0000011291932 1]
	[RESULT 45] [0 8.625103260956847 1 1 9 1000.0002262556328 1]
	[RESULT 46] [0 49.99946583616815 1 1 12 1002.2519464181363 1]
	[RESULT 47] [0 8.618525175655394 1 1 6 1000.0002262556328 1]
	[RESULT 48] [0 9.026670888610848 1 1 9 1000.0001117241285 1]
	[RESULT 49] [0 8.778583637856602 1 1 13 1000.0000000397325 1]
	[RESULT 50] [0 9.05679615435794 1 1 12 1000.0000473128333 1]
	[RESULT 51] [0 9.05679615435794 1 1 12 1000.0000473128333 1]
	[RESULT 52] [0 9.127080496348851 1 1 12 1000.0000012836607 1]
	[RESULT 53] [0 9.163156331592377 1 1 10 1000.0000042932529 1]
	[RESULT 54] [0 9.127080496348851 1 1 12 1000.0000012836607 1]
	[RESULT 55] [0 9.185268006923058 1 1 12 1000.0000035964824 1]
	[RESULT 56] [0 8.778583637856602 1 1 13 1000.0000000397325 1]
	[RESULT 57] [0 9.127080496348851 1 1 12 1000.0000012836607 1]
	[RESULT 58] [0 7.969651920003523 1 1 10 1000.0000002954565 1]
	[RESULT 59] [0 8.000628148833071 1 1 12 1000.0004152045557 1]
	[RESULT 60] [0 7.18019470814913 1 1 16 1000.0002009796752 1]
	[RESULT 61] [0 8.000146100273797 1 1 12 1000.0003994277502 1]
	[RESULT 62] [0 6.641912408510773 1 1 12 1000.000269553083 1]
	[RESULT 63] [0 8.000628148833071 1 1 12 1000.0004152045557 1]
	[RESULT 64] [0 6.641912408510773 1 1 12 1000.000269553083 1]
	[RESULT 65] [0 7.4257597285310295 1 1 10 1000.0000015402101 1]
	[RESULT 66] [0 8.07838116838985 1 1 16 1000.1660346672961 1]
	[RESULT 67] [0 7.539794762237488 1 1 7 1000.0122550361506 2]
	[RESULT 68] [0 7.174075699938499 1 1 16 1000.0031533387624 1]
	[RESULT 69] [0 9.05895631078131 1 1 12 1000.0000473128333 1]
	[RESULT 70] [0 9.06616390243438 1 1 12 1000.0000198487844 1]
	[RESULT 71] [0 9.78700358048744 1 1 10 1000.0003784022771 1]
	[RESULT 72] [0 9.140477725807866 1 1 12 1000.0000021878108 1]
	[RESULT 73] [0 9.152947551289152 1 1 9 1000.0004778289644 1]
	[RESULT 74] [0 9.117903032602555 1 1 12 1000.0000255405447 1]
[OBJECTIVES]
	[RESULT 1] [0.01051533 0.01562403 0.0151087  0.01259462 0.00281201 0.09021739
 0.         0.00832609 0.0051087  0.00021739 0.         0.00851533
 0.00040663 0.0118913 ]
	[RESULT 2] [0.01139413 0.01738165 0.01598752 0.01171579 0.00369083 0.09197504
 0.         0.00753744 0.00598752 0.00197504 0.         0.01089413
 0.00040661 0.00951248]
	[RESULT 3] [0.01145191 0.01749721 0.0160453  0.01165801 0.00374861 0.0920906
 0.         0.0073641  0.0060453  0.0020906  0.         0.01095191
 0.00040661 0.0094547 ]
	[RESULT 4] [0.01145351 0.01750042 0.0160469  0.0116564  0.00375021 0.0920938
 0.         0.00735929 0.0060469  0.0020938  0.         0.01095351
 0.00040661 0.0094531 ]
	[RESULT 5] [0.01142826 0.01744991 0.01602165 0.01168166 0.00372495 0.09204329
 0.         0.00743506 0.00602165 0.00204329 0.         0.01092826
 0.00040661 0.00947835]
	[RESULT 6] [0.01144781 0.017489   0.0160412  0.01166211 0.0037445  0.09208239
 0.         0.00737641 0.0060412  0.00208239 0.         0.01094781
 0.00040661 0.0094588 ]
	[RESULT 7] [0.01141391 0.0174212  0.01600729 0.01169603 0.0037106  0.09201457
 0.         0.00747814 0.00600729 0.00201457 0.         0.01091391
 0.00040663 0.00949271]
	[RESULT 8] [0.01144848 0.01749035 0.01604187 0.01166144 0.00374518 0.09208374
 0.         0.00737439 0.00604187 0.00208374 0.         0.01094848
 0.00040661 0.00945813]
	[RESULT 9] [0.01142897 0.01745134 0.01602236 0.01168094 0.00372567 0.09204473
 0.         0.00743291 0.00602236 0.00204473 0.         0.01092897
 0.00040661 0.00947764]
	[RESULT 10] [0.0115256  0.01764459 0.01611899 0.01158432 0.0038223  0.09223798
 0.         0.00714303 0.00611899 0.00223798 0.         0.0110256
 0.00040661 0.00938101]
	[RESULT 11] [0.01136968 0.01733275 0.01596307 0.01174024 0.00366637 0.09192614
 0.         0.0076108  0.00596307 0.00192614 0.         0.01086968
 0.00040661 0.00953693]
	[RESULT 12] [0.01137522 0.01734383 0.01596861 0.0117347  0.00367191 0.09193722
 0.         0.00759418 0.00596861 0.00193722 0.         0.01087522
 0.00040661 0.00953139]
	[RESULT 13] [0.01139496 0.0173833  0.01598835 0.01171496 0.00369165 0.09197669
 0.         0.00753496 0.00598835 0.00197669 0.         0.01089496
 0.00040661 0.00951165]
	[RESULT 14] [0.01143219 0.01745776 0.01602558 0.01167773 0.00372888 0.09205115
 0.         0.00742327 0.00602558 0.00205115 0.         0.01093219
 0.00040661 0.00947442]
	[RESULT 15] [0.01139462 0.01738263 0.01598801 0.0117153  0.00369132 0.09197602
 0.         0.00753597 0.00598801 0.00197602 0.         0.01089462
 0.00040661 0.00951199]
	[RESULT 16] [0.01138357 0.01736054 0.01597696 0.01172634 0.00368027 0.09195393
 0.         0.00756911 0.00597696 0.00195393 0.         0.01088357
 0.00040661 0.00952304]
	[RESULT 17] [0.01138357 0.01736054 0.01597696 0.01172634 0.00368027 0.09195393
 0.         0.00756911 0.00597696 0.00195393 0.         0.01088357
 0.00040661 0.00952304]
	[RESULT 18] [0.01051533 0.01562403 0.0151087  0.01259462 0.00281201 0.09021739
 0.         0.00832609 0.0051087  0.00021739 0.         0.00851533
 0.00040663 0.0118913 ]
	[RESULT 19] [0.01120418 0.01700175 0.01579757 0.01190574 0.00350087 0.09159514
 0.         0.00810729 0.00579757 0.00159514 0.         0.01070418
 0.00040661 0.00970243]
	[RESULT 20] [0.01121608 0.01702555 0.01580947 0.01189384 0.00351278 0.09161894
 0.         0.00807159 0.00580947 0.00161894 0.         0.01071608
 0.00040661 0.00969053]
	[RESULT 21] [0.0113483  0.01728998 0.01594168 0.01176162 0.00364499 0.09188337
 0.         0.00767495 0.00594168 0.00188337 0.         0.0108483
 0.00040661 0.00955832]
	[RESULT 22] [0.01127062 0.01713462 0.015864   0.0118393  0.00356731 0.09172801
 0.         0.00790799 0.005864   0.00172801 0.         0.01077062
 0.00040661 0.009636  ]
	[RESULT 23] [0.01051561 0.0156246  0.01510899 0.01259432 0.0028123  0.09021798
 0.         0.00982698 0.00510899 0.00021798 0.         0.01001561
 0.00040662 0.01039101]
	[RESULT 24] [0.01141793 0.01742925 0.01601132 0.01169199 0.00371463 0.09202264
 0.         0.00746604 0.00601132 0.00202264 0.         0.01091793
 0.00040661 0.00948868]
	[RESULT 25] [0.01145191 0.01749721 0.0160453  0.01165801 0.00374861 0.0920906
 0.         0.0073641  0.0060453  0.0020906  0.         0.01095191
 0.00040661 0.0094547 ]
	[RESULT 26] [0.01142736 0.01744811 0.01602075 0.01168256 0.00372406 0.0920415
 0.         0.00743775 0.00602075 0.0020415  0.         0.01092736
 0.00040661 0.00947925]
	[RESULT 27] [0.01145004 0.01749346 0.01604343 0.01165988 0.00374673 0.09208685
 0.         0.00736972 0.00604343 0.00208685 0.         0.01095004
 0.00040661 0.00945657]
	[RESULT 28] [0.01139462 0.01738263 0.01598801 0.0117153  0.00369132 0.09197602
 0.         0.00753597 0.00598801 0.00197602 0.         0.01089462
 0.00040661 0.00951199]
	[RESULT 29] [0.01121467 0.01702273 0.01580806 0.01189525 0.00351137 0.09161612
 0.         0.00807582 0.00580806 0.00161612 0.         0.01071467
 0.00040661 0.00969194]
	[RESULT 30] [0.01151985 0.01763308 0.01611323 0.01159007 0.00381654 0.09222647
 0.         0.0071603  0.00611323 0.00222647 0.         0.01101985
 0.00040661 0.00938677]
	[RESULT 31] [0.01148137 0.01755613 0.01607476 0.01162855 0.00377806 0.09214952
 0.         0.00727572 0.00607476 0.00214952 0.         0.01098137
 0.00040661 0.00942524]
	[RESULT 32] [0.01137513 0.01734364 0.01596851 0.01173479 0.00367182 0.09193703
 0.         0.00759446 0.00596851 0.00193703 0.         0.01087513
 0.00040661 0.00953149]
	[RESULT 33] [0.01143695 0.0174673  0.01603034 0.01167296 0.00373365 0.09206069
 0.         0.00740897 0.00603034 0.00206069 0.         0.01093695
 0.00040661 0.00946966]
	[RESULT 34] [0.01138357 0.01736054 0.01597696 0.01172634 0.00368027 0.09195393
 0.         0.00756911 0.00597696 0.00195393 0.         0.01088357
 0.00040661 0.00952304]
	[RESULT 35] [0.0113483  0.01728998 0.01594168 0.01176162 0.00364499 0.09188337
 0.         0.00767495 0.00594168 0.00188337 0.         0.0108483
 0.00040661 0.00955832]
	[RESULT 36] [0.01137648 0.01734635 0.01596987 0.01173344 0.00367318 0.09193974
 0.         0.00759039 0.00596987 0.00193974 0.         0.01087648
 0.00040661 0.00953013]
	[RESULT 37] [0.01139496 0.0173833  0.01598835 0.01171496 0.00369165 0.09197669
 0.         0.00753496 0.00598835 0.00197669 0.         0.01089496
 0.00040661 0.00951165]
	[RESULT 38] [0.01139463 0.01738264 0.01598802 0.01171529 0.00369132 0.09197603
 0.         0.00753595 0.00598802 0.00197603 0.         0.01089463
 0.00040661 0.00951198]
	[RESULT 39] [0.01137145 0.01733629 0.01596484 0.01173847 0.00366814 0.09192968
 0.         0.00760549 0.00596484 0.00192968 0.         0.01087145
 0.00040661 0.00953516]
	[RESULT 40] [0.01127062 0.01713462 0.015864   0.0118393  0.00356731 0.09172801
 0.         0.00790799 0.005864   0.00172801 0.         0.01077062
 0.00040661 0.009636  ]
	[RESULT 41] [0.01139463 0.01738264 0.01598802 0.01171529 0.00369132 0.09197603
 0.         0.00753595 0.00598802 0.00197603 0.         0.01089463
 0.00040661 0.00951198]
	[RESULT 42] [0.01051533 0.01562403 0.0151087  0.01259462 0.00281201 0.09021739
 0.         0.00832609 0.0051087  0.00021739 0.         0.00851533
 0.00040663 0.0118913 ]
	[RESULT 43] [0.01145191 0.01749721 0.0160453  0.01165801 0.00374861 0.0920906
 0.         0.0073641  0.0060453  0.0020906  0.         0.01095191
 0.00040661 0.0094547 ]
	[RESULT 44] [0.01145004 0.01749346 0.01604343 0.01165988 0.00374673 0.09208685
 0.         0.00736972 0.00604343 0.00208685 0.         0.01095004
 0.00040661 0.00945657]
	[RESULT 45] [0.01148767 0.01756873 0.01608106 0.01162225 0.00378436 0.09216211
 0.         0.00725683 0.00608106 0.00216211 0.         0.01098767
 0.00040661 0.00941894]
	[RESULT 46] [0.01051546 0.01562416 0.0151087  0.01259469 0.00281208 0.09021739
 0.         0.00982609 0.0051087  0.00021739 0.         0.01001546
 0.00040677 0.0103913 ]
	[RESULT 47] [0.01148921 0.0175718  0.0160826  0.01162071 0.0037859  0.09216519
 0.         0.00725221 0.0060826  0.00216519 0.         0.01098921
 0.00040661 0.0094174 ]
	[RESULT 48] [0.01140131 0.017396   0.01599469 0.01170861 0.003698   0.09198939
 0.         0.00751592 0.00599469 0.00198939 0.         0.01090131
 0.00040661 0.00950531]
	[RESULT 49] [0.01145295 0.01749928 0.01604634 0.01165697 0.00374964 0.09209267
 0.         0.00736099 0.00604634 0.00209267 0.         0.01095295
 0.00040661 0.00945366]
	[RESULT 50] [0.01139538 0.01738415 0.01598877 0.01171454 0.00369207 0.09197754
 0.         0.00753369 0.00598877 0.00197754 0.         0.01089538
 0.00040661 0.00951123]
	[RESULT 51] [0.01139538 0.01738415 0.01598877 0.01171454 0.00369207 0.09197754
 0.         0.00753369 0.00598877 0.00197754 0.         0.01089538
 0.00040661 0.00951123]
	[RESULT 52] [0.01138183 0.01735704 0.01597521 0.01172809 0.00367852 0.09195043
 0.         0.00757436 0.00597521 0.00195043 0.         0.01088183
 0.00040661 0.00952479]
	[RESULT 53] [0.01137501 0.01734341 0.0159684  0.01173491 0.00367171 0.0919368
 0.         0.0075948  0.0059684  0.0019368  0.         0.01087501
 0.00040661 0.0095316 ]
	[RESULT 54] [0.01138183 0.01735704 0.01597521 0.01172809 0.00367852 0.09195043
 0.         0.00757436 0.00597521 0.00195043 0.         0.01088183
 0.00040661 0.00952479]
	[RESULT 55] [0.01137088 0.01733515 0.01596427 0.01173904 0.00366758 0.09192854
 0.         0.00760719 0.00596427 0.00192854 0.         0.01087088
 0.00040661 0.00953573]
	[RESULT 56] [0.01145295 0.01749928 0.01604634 0.01165697 0.00374964 0.09209267
 0.         0.00736099 0.00604634 0.00209267 0.         0.01095295
 0.00040661 0.00945366]
	[RESULT 57] [0.01138183 0.01735704 0.01597521 0.01172809 0.00367852 0.09195043
 0.         0.00757436 0.00597521 0.00195043 0.         0.01088183
 0.00040661 0.00952479]
	[RESULT 58] [0.01166617 0.01792572 0.01625956 0.01144375 0.00396286 0.09251911
 0.         0.00672133 0.00625956 0.00251911 0.         0.01116617
 0.00040661 0.00924044]
	[RESULT 59] [0.01165642 0.01790622 0.0162498  0.0114535  0.00395311 0.09249961
 0.         0.00675059 0.0062498  0.00249961 0.         0.01115642
 0.00040661 0.0092502 ]
	[RESULT 60] [0.01197884 0.01855107 0.01657223 0.01113108 0.00427554 0.09314446
 0.         0.00578331 0.00657223 0.00314446 0.         0.01147884
 0.00040661 0.00892777]
	[RESULT 61] [0.01165657 0.01790652 0.01624995 0.01145335 0.00395326 0.09249991
 0.         0.00675014 0.00624995 0.00249991 0.         0.01115657
 0.00040661 0.00925005]
	[RESULT 62] [0.01229918 0.01919175 0.01689257 0.01081074 0.00459587 0.09378514
 0.         0.00482229 0.00689257 0.00378514 0.         0.01179918
 0.00040661 0.00860743]
	[RESULT 63] [0.01165642 0.01790622 0.0162498  0.0114535  0.00395311 0.09249961
 0.         0.00675059 0.0062498  0.00249961 0.         0.01115642
 0.00040661 0.0092502 ]
	[RESULT 64] [0.01229918 0.01919175 0.01689257 0.01081074 0.00459587 0.09378514
 0.         0.00482229 0.00689257 0.00378514 0.         0.01179918
 0.00040661 0.00860743]
	[RESULT 65] [0.01186614 0.01832567 0.01645953 0.01124378 0.00416284 0.09291906
 0.         0.00612141 0.00645953 0.00291906 0.         0.01136614
 0.00040661 0.00904047]
	[RESULT 66] [0.0116326  0.01785858 0.01622598 0.01147733 0.00392929 0.09245195
 0.         0.00682207 0.00622598 0.00245195 0.         0.0111326
 0.00040662 0.00927402]
	[RESULT 67] [0.01182114 0.01823366 0.01641251 0.01129181 0.00411683 0.09282502
 0.         0.00626247 0.00641251 0.00282502 0.         0.01132114
 0.00040863 0.00908749]
	[RESULT 68] [0.01198187 0.01855714 0.01657526 0.01112804 0.00427857 0.09315052
 0.         0.00577421 0.00657526 0.00315052 0.         0.01148187
 0.00040661 0.00892474]
	[RESULT 69] [0.01139496 0.0173833  0.01598835 0.01171496 0.00369165 0.09197669
 0.         0.00753496 0.00598835 0.00197669 0.         0.01089496
 0.00040661 0.00951165]
	[RESULT 70] [0.01139355 0.01738049 0.01598694 0.01171637 0.00369025 0.09197388
 0.         0.00753918 0.00598694 0.00197388 0.         0.01089355
 0.00040661 0.00951306]
	[RESULT 71] [0.01127062 0.01713462 0.015864   0.0118393  0.00356731 0.09172801
 0.         0.00790799 0.005864   0.00172801 0.         0.01077062
 0.00040661 0.009636  ]
	[RESULT 72] [0.01137928 0.01735196 0.01597267 0.01173063 0.00367598 0.09194534
 0.         0.00758198 0.00597267 0.00194534 0.         0.01087928
 0.00040661 0.00952733]
	[RESULT 73] [0.01137693 0.01734725 0.01597032 0.01173299 0.00367362 0.09194064
 0.         0.00758904 0.00597032 0.00194064 0.         0.01087693
 0.00040661 0.00952968]
	[RESULT 74] [0.01138357 0.01736054 0.01597696 0.01172634 0.00368027 0.09195393
 0.         0.00756911 0.00597696 0.00195393 0.         0.01088357
 0.00040661 0.00952304]
