[METRICS]
	[DISEQUILIBRIUM COUNT] 1
	[MINIMUM S0 sTrt S1 DISTANCE]0.010515307222421666
	[MINIMUM S0 sTrt S21 DISTANCE]0.002754676588360469
	[MINIMUM S0 sTrt S22 DISTANCE]0.015108695652173931
	[MINIMUM S7 sTrt S6 DISTANCE]0.008769060511623572
	[MINIMUM S7 sTrt S8 DISTANCE]0.002812001437297873
	[MINIMUM S7 sTrt S21 DISTANCE]0.09021739130434783
	[MINIMUM S7 esTrt S22 DISTANCE]0.0
	[MINIMUM S14 sTrt S13 DISTANCE]0.0010353455834540837
	[MINIMUM S14 sTrt S15 DISTANCE]0.005108695652173922
	[MINIMUM S14 sTrt S21 DISTANCE]0.00021739130434782206
	[MINIMUM S14 sTrt S22 DISTANCE]0.0
	[MINIMUM S20 sTrt S19 DISTANCE]0.008515307222421775
	[MINIMUM S20 sTrt S21 DISTANCE]-0.005174766831919184
	[MINIMUM S20 sTrt S22 DISTANCE]0.0036859685350319332
	[AVERAGE S0 sTrt S1 DISTANCE]0.010770215958044069
	[AVERAGE S0 sTrt S21 DISTANCE]0.01595547493908018
	[AVERAGE S0 sTrt S22 DISTANCE]0.015205891147160998
	[AVERAGE S7 sTrt S6 DISTANCE]0.012582743480933106
	[AVERAGE S7 sTrt S8 DISTANCE]0.002994975133869198
	[AVERAGE S7 sTrt S21 DISTANCE]0.09041178229432198
	[AVERAGE S7 sTrt S22 DISTANCE]0.0
	[AVERAGE S14 sTrt S13 DISTANCE]0.008752378787050498
	[AVERAGE S14 sTrt S15 DISTANCE]0.005205891147161033
	[AVERAGE S14 sTrt S21 DISTANCE]0.000411782294322019
	[AVERAGE S14 sTrt S22 DISTANCE]0.0
	[AVERAGE S20 sTrt S19 DISTANCE]0.009426518479052595
	[AVERAGE S20 sTrt S21 DISTANCE]0.0004519639712425117
	[AVERAGE S20 sTrt S22 DISTANCE]0.01103270864160739
[VARIABLES]
	[RESULT 1] [0 49.999999999998835 1 4 5 1000.0 1]
	[RESULT 2] [0 49.999999999998835 1 4 5 1000.0 1]
	[RESULT 3] [0 50.0 1 3 5 1000.0 1]
	[RESULT 4] [0 49.99999999999942 1 3 3 1000.0000000000472 1]
	[RESULT 5] [0 49.99999999999942 1 3 3 1000.0000000000472 1]
	[RESULT 6] [0 50.0 1 4 7 1000.0 1]
	[RESULT 7] [0 49.999999999998835 1 4 9 1000.0 1]
	[RESULT 8] [0 50.0 1 3 5 1000.0000000000041 1]
	[RESULT 9] [0 49.99999999995724 1 4 7 1000.0000000000038 1]
	[RESULT 10] [0 50.0 1 3 5 1000.0000000000041 1]
	[RESULT 11] [0 49.999999999998835 1 4 5 1000.0 1]
	[RESULT 12] [0 50.0 1 3 5 1000.0000000000011 1]
	[RESULT 13] [0 50.0 1 4 7 1000.0 1]
	[RESULT 14] [0 50.0 1 3 5 1000.0000000000108 1]
	[RESULT 15] [0 50.0 1 3 4 1000.0000000000248 1]
	[RESULT 16] [0 49.999999999998835 1 4 9 1000.0 1]
	[RESULT 17] [0 50.0 1 3 6 1000.0 1]
	[RESULT 18] [0 50.0 1 4 7 1000.0 1]
	[RESULT 19] [0 50.0 1 3 5 1000.0000000000248 1]
	[RESULT 20] [0 50.0 1 3 5 1000.0000000000041 1]
	[RESULT 21] [0 49.99999999999641 1 1 6 1000.0000000000781 1]
	[RESULT 22] [0 49.999999999999986 1 2 6 1000.0 1]
	[RESULT 23] [0 49.999999999999986 1 2 6 1000.0 1]
	[RESULT 24] [0 49.999999999999986 1 2 6 1000.0 1]
	[RESULT 25] [0 49.999999999999986 1 1 6 1000.0 1]
	[RESULT 26] [0 49.99999999999945 1 4 8 1000.0000000000003 1]
	[RESULT 27] [0 49.99999999999942 1 3 4 1000.0000000000255 1]
	[RESULT 28] [0 49.99999999999995 1 4 6 1000.0 1]
	[RESULT 29] [0 49.99999999999942 1 3 5 1000.0000000000255 1]
	[RESULT 30] [0 49.99999999999942 1 3 5 1000.0000000000255 1]
	[RESULT 31] [0 49.99999999999942 1 3 5 1000.0000000000255 1]
	[RESULT 32] [0 49.999999999999986 1 2 6 1000.0 1]
	[RESULT 33] [0 49.99999999999942 1 3 5 1000.0000000000255 1]
	[RESULT 34] [0 49.999999999998835 1 4 5 1000.0 1]
	[RESULT 35] [0 49.99999999999995 1 3 5 1000.0 1]
	[RESULT 36] [0 49.99999999999995 1 4 6 1000.0 1]
	[RESULT 37] [0 50.0 1 3 5 1000.0000000000094 1]
	[RESULT 38] [0 50.0 1 3 5 1000.0000000000248 1]
	[RESULT 39] [0 50.0 1 3 5 1000.0000000000094 1]
	[RESULT 40] [0 49.99999999999999 1 2 3 1000.0000000000257 1]
	[RESULT 41] [0 49.99999999999942 1 3 5 1000.0000000000255 1]
	[RESULT 42] [0 50.0 1 3 5 1000.0000000000094 1]
	[RESULT 43] [0 49.999999999998835 1 4 5 1000.0 1]
	[RESULT 44] [0 50.0 1 3 5 1000.0000000000041 1]
	[RESULT 45] [0 49.99999999999995 1 4 6 1000.0 1]
	[RESULT 46] [0 50.0 1 3 5 1000.0000000000094 1]
	[RESULT 47] [0 50.0 1 3 5 1000.0000000000248 1]
	[RESULT 48] [0 49.99999999999999 1 2 3 1000.0000000000257 1]
	[RESULT 49] [0 49.99999999999942 1 3 5 1000.0000000000255 1]
	[RESULT 50] [0 49.99999999999995 1 3 5 1000.0 1]
	[RESULT 51] [0 49.999999999998835 1 4 6 1000.0 1]
	[RESULT 52] [0 50.0 1 3 5 1000.0000000000041 1]
	[RESULT 53] [0 49.999999999999666 1 4 5 1000.0 1]
	[RESULT 54] [0 49.99999999999995 1 3 5 1000.0 1]
	[RESULT 55] [0 50.0 1 3 5 1000.0000000000248 1]
	[RESULT 56] [0 49.99999999999995 1 3 5 1000.0 1]
	[RESULT 57] [0 50.0 1 1 7 1000.0000000000472 1]
	[RESULT 58] [0 49.99999999999942 1 3 5 1000.0000000000255 1]
	[RESULT 59] [0 49.99999999999995 1 3 5 1000.0 1]
	[RESULT 60] [0 49.99999999999954 1 3 5 1000.0 1]
	[RESULT 61] [0 49.99999999999954 1 3 5 1000.0 1]
	[RESULT 62] [0 49.99999999999954 1 4 5 1000.0 1]
	[RESULT 63] [0 50.0 1 3 5 1000.0000000000041 1]
	[RESULT 64] [0 50.0 1 4 7 1000.0000000000038 1]
	[RESULT 65] [0 50.0 1 3 5 1000.0000000000041 1]
	[RESULT 66] [0 50.0 1 3 5 1000.0000000000248 1]
	[RESULT 67] [0 50.0 1 3 5 1000.0000000000041 1]
	[RESULT 68] [0 50.0 1 2 5 1000.0 1]
	[RESULT 69] [0 49.99999999999942 1 3 5 1000.0000000000255 1]
	[RESULT 70] [0 50.0 1 3 5 1000.0000000000041 1]
	[RESULT 71] [0 50.0 1 3 5 1000.0000000000041 1]
	[RESULT 72] [0 49.99999999999995 1 3 5 1000.0 1]
	[RESULT 73] [0 50.0 1 3 5 1000.0000000000041 1]
	[RESULT 74] [0 50.0 1 4 7 1000.0 1]
	[RESULT 75] [0 8.077189920768818 1 1 5 1000.5783776192073 1]
	[RESULT 76] [0 9.755856615972633 1 1 12 1012.3988517221213 1]
	[RESULT 77] [0 7.478211931161418 1 1 11 1006.7330097823871 1]
	[RESULT 78] [0 8.440486910608147 1 1 5 1000.3407081086433 1]
	[RESULT 79] [0 45.04636059984728 1 1 4 1000.1593228175008 1]
	[RESULT 80] [0 9.641821247173269 1 1 5 1000.5783776192073 1]
	[RESULT 81] [0 7.478211931161418 1 1 11 1006.7330097823871 1]
	[RESULT 82] [0 11.255653684790431 1 1 10 1042.8038329290296 1]
	[RESULT 83] [0 8.625075872749022 1 1 11 1006.0716555938814 1]
	[RESULT 84] [0 7.478211931161418 1 1 11 1006.7330097823871 1]
	[RESULT 85] [0 49.999999999998835 1 4 5 1000.0 1]
	[RESULT 86] [0 49.99999999999995 1 3 8 1000.0 1]
	[RESULT 87] [0 50.0 1 4 7 1000.0 1]
	[RESULT 88] [0 50.0 1 3 5 1000.0000000000108 1]
	[RESULT 89] [0 50.0 1 3 5 1000.0000000000248 1]
	[RESULT 90] [0 50.0 1 2 3 1000.0000000000257 1]
	[RESULT 91] [0 50.0 1 3 5 1000.0 1]
	[RESULT 92] [0 49.99999999999995 1 3 5 1000.0 1]
	[RESULT 93] [0 50.0 1 3 5 1000.0000000000031 1]
	[RESULT 94] [0 50.0 1 3 5 1000.000000000002 1]
	[RESULT 95] [0 50.0 1 3 5 1000.0000000000094 1]
[OBJECTIVES]
	[RESULT 1] [0.01051531 0.015624   0.0151087  0.01259461 0.002812   0.09021739
 0.         0.00832609 0.0051087  0.00021739 0.         0.00851531
 0.00040661 0.0118913 ]
	[RESULT 2] [0.01051531 0.015624   0.0151087  0.01259461 0.002812   0.09021739
 0.         0.00832609 0.0051087  0.00021739 0.         0.00851531
 0.00040661 0.0118913 ]
	[RESULT 3] [0.01051531 0.015624   0.0151087  0.01259461 0.002812   0.09021739
 0.         0.00882609 0.0051087  0.00021739 0.         0.00901531
 0.00040661 0.0113913 ]
	[RESULT 4] [0.01051531 0.015624   0.0151087  0.01259461 0.002812   0.09021739
 0.         0.00882609 0.0051087  0.00021739 0.         0.00901531
 0.00040661 0.0113913 ]
	[RESULT 5] [0.01051531 0.015624   0.0151087  0.01259461 0.002812   0.09021739
 0.         0.00882609 0.0051087  0.00021739 0.         0.00901531
 0.00040661 0.0113913 ]
	[RESULT 6] [0.01051531 0.015624   0.0151087  0.01259461 0.002812   0.09021739
 0.         0.00832609 0.0051087  0.00021739 0.         0.00851531
 0.00040661 0.0118913 ]
	[RESULT 7] [0.01051531 0.015624   0.0151087  0.01259461 0.002812   0.09021739
 0.         0.00832609 0.0051087  0.00021739 0.         0.00851531
 0.00040661 0.0118913 ]
	[RESULT 8] [0.01051531 0.015624   0.0151087  0.01259461 0.002812   0.09021739
 0.         0.00882609 0.0051087  0.00021739 0.         0.00901531
 0.00040661 0.0113913 ]
	[RESULT 9] [0.01051531 0.015624   0.0151087  0.01259461 0.002812   0.09021739
 0.         0.00832609 0.0051087  0.00021739 0.         0.00851531
 0.00040661 0.0118913 ]
	[RESULT 10] [0.01051531 0.015624   0.0151087  0.01259461 0.002812   0.09021739
 0.         0.00882609 0.0051087  0.00021739 0.         0.00901531
 0.00040661 0.0113913 ]
	[RESULT 11] [0.01051531 0.015624   0.0151087  0.01259461 0.002812   0.09021739
 0.         0.00832609 0.0051087  0.00021739 0.         0.00851531
 0.00040661 0.0118913 ]
	[RESULT 12] [0.01051531 0.015624   0.0151087  0.01259461 0.002812   0.09021739
 0.         0.00882609 0.0051087  0.00021739 0.         0.00901531
 0.00040661 0.0113913 ]
	[RESULT 13] [0.01051531 0.015624   0.0151087  0.01259461 0.002812   0.09021739
 0.         0.00832609 0.0051087  0.00021739 0.         0.00851531
 0.00040661 0.0118913 ]
	[RESULT 14] [0.01051531 0.015624   0.0151087  0.01259461 0.002812   0.09021739
 0.         0.00882609 0.0051087  0.00021739 0.         0.00901531
 0.00040661 0.0113913 ]
	[RESULT 15] [0.01051531 0.015624   0.0151087  0.01259461 0.002812   0.09021739
 0.         0.00882609 0.0051087  0.00021739 0.         0.00901531
 0.00040661 0.0113913 ]
	[RESULT 16] [0.01051531 0.015624   0.0151087  0.01259461 0.002812   0.09021739
 0.         0.00832609 0.0051087  0.00021739 0.         0.00851531
 0.00040661 0.0118913 ]
	[RESULT 17] [0.01051531 0.015624   0.0151087  0.01259461 0.002812   0.09021739
 0.         0.00882609 0.0051087  0.00021739 0.         0.00901531
 0.00040661 0.0113913 ]
	[RESULT 18] [0.01051531 0.015624   0.0151087  0.01259461 0.002812   0.09021739
 0.         0.00832609 0.0051087  0.00021739 0.         0.00851531
 0.00040661 0.0118913 ]
	[RESULT 19] [0.01051531 0.015624   0.0151087  0.01259461 0.002812   0.09021739
 0.         0.00882609 0.0051087  0.00021739 0.         0.00901531
 0.00040661 0.0113913 ]
	[RESULT 20] [0.01051531 0.015624   0.0151087  0.01259461 0.002812   0.09021739
 0.         0.00882609 0.0051087  0.00021739 0.         0.00901531
 0.00040661 0.0113913 ]
	[RESULT 21] [0.01051531 0.015624   0.0151087  0.01259461 0.002812   0.09021739
 0.         0.00982609 0.0051087  0.00021739 0.         0.01001531
 0.00040661 0.0103913 ]
	[RESULT 22] [0.01051531 0.015624   0.0151087  0.01259461 0.002812   0.09021739
 0.         0.00932609 0.0051087  0.00021739 0.         0.00951531
 0.00040661 0.0108913 ]
	[RESULT 23] [0.01051531 0.015624   0.0151087  0.01259461 0.002812   0.09021739
 0.         0.00932609 0.0051087  0.00021739 0.         0.00951531
 0.00040661 0.0108913 ]
	[RESULT 24] [0.01051531 0.015624   0.0151087  0.01259461 0.002812   0.09021739
 0.         0.00932609 0.0051087  0.00021739 0.         0.00951531
 0.00040661 0.0108913 ]
	[RESULT 25] [0.01051531 0.015624   0.0151087  0.01259461 0.002812   0.09021739
 0.         0.00982609 0.0051087  0.00021739 0.         0.01001531
 0.00040661 0.0103913 ]
	[RESULT 26] [0.01051531 0.015624   0.0151087  0.01259461 0.002812   0.09021739
 0.         0.00832609 0.0051087  0.00021739 0.         0.00851531
 0.00040661 0.0118913 ]
	[RESULT 27] [0.01051531 0.015624   0.0151087  0.01259461 0.002812   0.09021739
 0.         0.00882609 0.0051087  0.00021739 0.         0.00901531
 0.00040661 0.0113913 ]
	[RESULT 28] [0.01051531 0.015624   0.0151087  0.01259461 0.002812   0.09021739
 0.         0.00832609 0.0051087  0.00021739 0.         0.00851531
 0.00040661 0.0118913 ]
	[RESULT 29] [0.01051531 0.015624   0.0151087  0.01259461 0.002812   0.09021739
 0.         0.00882609 0.0051087  0.00021739 0.         0.00901531
 0.00040661 0.0113913 ]
	[RESULT 30] [0.01051531 0.015624   0.0151087  0.01259461 0.002812   0.09021739
 0.         0.00882609 0.0051087  0.00021739 0.         0.00901531
 0.00040661 0.0113913 ]
	[RESULT 31] [0.01051531 0.015624   0.0151087  0.01259461 0.002812   0.09021739
 0.         0.00882609 0.0051087  0.00021739 0.         0.00901531
 0.00040661 0.0113913 ]
	[RESULT 32] [0.01051531 0.015624   0.0151087  0.01259461 0.002812   0.09021739
 0.         0.00932609 0.0051087  0.00021739 0.         0.00951531
 0.00040661 0.0108913 ]
	[RESULT 33] [0.01051531 0.015624   0.0151087  0.01259461 0.002812   0.09021739
 0.         0.00882609 0.0051087  0.00021739 0.         0.00901531
 0.00040661 0.0113913 ]
	[RESULT 34] [0.01051531 0.015624   0.0151087  0.01259461 0.002812   0.09021739
 0.         0.00832609 0.0051087  0.00021739 0.         0.00851531
 0.00040661 0.0118913 ]
	[RESULT 35] [0.01051531 0.015624   0.0151087  0.01259461 0.002812   0.09021739
 0.         0.00882609 0.0051087  0.00021739 0.         0.00901531
 0.00040661 0.0113913 ]
	[RESULT 36] [0.01051531 0.015624   0.0151087  0.01259461 0.002812   0.09021739
 0.         0.00832609 0.0051087  0.00021739 0.         0.00851531
 0.00040661 0.0118913 ]
	[RESULT 37] [0.01051531 0.015624   0.0151087  0.01259461 0.002812   0.09021739
 0.         0.00882609 0.0051087  0.00021739 0.         0.00901531
 0.00040661 0.0113913 ]
	[RESULT 38] [0.01051531 0.015624   0.0151087  0.01259461 0.002812   0.09021739
 0.         0.00882609 0.0051087  0.00021739 0.         0.00901531
 0.00040661 0.0113913 ]
	[RESULT 39] [0.01051531 0.015624   0.0151087  0.01259461 0.002812   0.09021739
 0.         0.00882609 0.0051087  0.00021739 0.         0.00901531
 0.00040661 0.0113913 ]
	[RESULT 40] [0.01051531 0.015624   0.0151087  0.01259461 0.002812   0.09021739
 0.         0.00932609 0.0051087  0.00021739 0.         0.00951531
 0.00040661 0.0108913 ]
	[RESULT 41] [0.01051531 0.015624   0.0151087  0.01259461 0.002812   0.09021739
 0.         0.00882609 0.0051087  0.00021739 0.         0.00901531
 0.00040661 0.0113913 ]
	[RESULT 42] [0.01051531 0.015624   0.0151087  0.01259461 0.002812   0.09021739
 0.         0.00882609 0.0051087  0.00021739 0.         0.00901531
 0.00040661 0.0113913 ]
	[RESULT 43] [0.01051531 0.015624   0.0151087  0.01259461 0.002812   0.09021739
 0.         0.00832609 0.0051087  0.00021739 0.         0.00851531
 0.00040661 0.0118913 ]
	[RESULT 44] [0.01051531 0.015624   0.0151087  0.01259461 0.002812   0.09021739
 0.         0.00882609 0.0051087  0.00021739 0.         0.00901531
 0.00040661 0.0113913 ]
	[RESULT 45] [0.01051531 0.015624   0.0151087  0.01259461 0.002812   0.09021739
 0.         0.00832609 0.0051087  0.00021739 0.         0.00851531
 0.00040661 0.0118913 ]
	[RESULT 46] [0.01051531 0.015624   0.0151087  0.01259461 0.002812   0.09021739
 0.         0.00882609 0.0051087  0.00021739 0.         0.00901531
 0.00040661 0.0113913 ]
	[RESULT 47] [0.01051531 0.015624   0.0151087  0.01259461 0.002812   0.09021739
 0.         0.00882609 0.0051087  0.00021739 0.         0.00901531
 0.00040661 0.0113913 ]
	[RESULT 48] [0.01051531 0.015624   0.0151087  0.01259461 0.002812   0.09021739
 0.         0.00932609 0.0051087  0.00021739 0.         0.00951531
 0.00040661 0.0108913 ]
	[RESULT 49] [0.01051531 0.015624   0.0151087  0.01259461 0.002812   0.09021739
 0.         0.00882609 0.0051087  0.00021739 0.         0.00901531
 0.00040661 0.0113913 ]
	[RESULT 50] [0.01051531 0.015624   0.0151087  0.01259461 0.002812   0.09021739
 0.         0.00882609 0.0051087  0.00021739 0.         0.00901531
 0.00040661 0.0113913 ]
	[RESULT 51] [0.01051531 0.015624   0.0151087  0.01259461 0.002812   0.09021739
 0.         0.00832609 0.0051087  0.00021739 0.         0.00851531
 0.00040661 0.0118913 ]
	[RESULT 52] [0.01051531 0.015624   0.0151087  0.01259461 0.002812   0.09021739
 0.         0.00882609 0.0051087  0.00021739 0.         0.00901531
 0.00040661 0.0113913 ]
	[RESULT 53] [0.01051531 0.015624   0.0151087  0.01259461 0.002812   0.09021739
 0.         0.00832609 0.0051087  0.00021739 0.         0.00851531
 0.00040661 0.0118913 ]
	[RESULT 54] [0.01051531 0.015624   0.0151087  0.01259461 0.002812   0.09021739
 0.         0.00882609 0.0051087  0.00021739 0.         0.00901531
 0.00040661 0.0113913 ]
	[RESULT 55] [0.01051531 0.015624   0.0151087  0.01259461 0.002812   0.09021739
 0.         0.00882609 0.0051087  0.00021739 0.         0.00901531
 0.00040661 0.0113913 ]
	[RESULT 56] [0.01051531 0.015624   0.0151087  0.01259461 0.002812   0.09021739
 0.         0.00882609 0.0051087  0.00021739 0.         0.00901531
 0.00040661 0.0113913 ]
	[RESULT 57] [0.01051531 0.015624   0.0151087  0.01259461 0.002812   0.09021739
 0.         0.00982609 0.0051087  0.00021739 0.         0.01001531
 0.00040661 0.0103913 ]
	[RESULT 58] [0.01051531 0.015624   0.0151087  0.01259461 0.002812   0.09021739
 0.         0.00882609 0.0051087  0.00021739 0.         0.00901531
 0.00040661 0.0113913 ]
	[RESULT 59] [0.01051531 0.015624   0.0151087  0.01259461 0.002812   0.09021739
 0.         0.00882609 0.0051087  0.00021739 0.         0.00901531
 0.00040661 0.0113913 ]
	[RESULT 60] [0.01051531 0.015624   0.0151087  0.01259461 0.002812   0.09021739
 0.         0.00882609 0.0051087  0.00021739 0.         0.00901531
 0.00040661 0.0113913 ]
	[RESULT 61] [0.01051531 0.015624   0.0151087  0.01259461 0.002812   0.09021739
 0.         0.00882609 0.0051087  0.00021739 0.         0.00901531
 0.00040661 0.0113913 ]
	[RESULT 62] [0.01051531 0.015624   0.0151087  0.01259461 0.002812   0.09021739
 0.         0.00832609 0.0051087  0.00021739 0.         0.00851531
 0.00040661 0.0118913 ]
	[RESULT 63] [0.01051531 0.015624   0.0151087  0.01259461 0.002812   0.09021739
 0.         0.00882609 0.0051087  0.00021739 0.         0.00901531
 0.00040661 0.0113913 ]
	[RESULT 64] [0.01051531 0.015624   0.0151087  0.01259461 0.002812   0.09021739
 0.         0.00832609 0.0051087  0.00021739 0.         0.00851531
 0.00040661 0.0118913 ]
	[RESULT 65] [0.01051531 0.015624   0.0151087  0.01259461 0.002812   0.09021739
 0.         0.00882609 0.0051087  0.00021739 0.         0.00901531
 0.00040661 0.0113913 ]
	[RESULT 66] [0.01051531 0.015624   0.0151087  0.01259461 0.002812   0.09021739
 0.         0.00882609 0.0051087  0.00021739 0.         0.00901531
 0.00040661 0.0113913 ]
	[RESULT 67] [0.01051531 0.015624   0.0151087  0.01259461 0.002812   0.09021739
 0.         0.00882609 0.0051087  0.00021739 0.         0.00901531
 0.00040661 0.0113913 ]
	[RESULT 68] [0.01051531 0.015624   0.0151087  0.01259461 0.002812   0.09021739
 0.         0.00932609 0.0051087  0.00021739 0.         0.00951531
 0.00040661 0.0108913 ]
	[RESULT 69] [0.01051531 0.015624   0.0151087  0.01259461 0.002812   0.09021739
 0.         0.00882609 0.0051087  0.00021739 0.         0.00901531
 0.00040661 0.0113913 ]
	[RESULT 70] [0.01051531 0.015624   0.0151087  0.01259461 0.002812   0.09021739
 0.         0.00882609 0.0051087  0.00021739 0.         0.00901531
 0.00040661 0.0113913 ]
	[RESULT 71] [0.01051531 0.015624   0.0151087  0.01259461 0.002812   0.09021739
 0.         0.00882609 0.0051087  0.00021739 0.         0.00901531
 0.00040661 0.0113913 ]
	[RESULT 72] [0.01051531 0.015624   0.0151087  0.01259461 0.002812   0.09021739
 0.         0.00882609 0.0051087  0.00021739 0.         0.00901531
 0.00040661 0.0113913 ]
	[RESULT 73] [0.01051531 0.015624   0.0151087  0.01259461 0.002812   0.09021739
 0.         0.00882609 0.0051087  0.00021739 0.         0.00901531
 0.00040661 0.0113913 ]
	[RESULT 74] [0.01051531 0.015624   0.0151087  0.01259461 0.002812   0.09021739
 0.         0.00832609 0.0051087  0.00021739 0.         0.00851531
 0.00040661 0.0118913 ]
	[RESULT 75] [0.01163299 0.01785932 0.01622633 0.01147699 0.00392966 0.09245267
 0.         0.006821   0.00622633 0.00245267 0.         0.01113299
 0.00040665 0.00927367]
	[RESULT 76] [0.01127614 0.01714482 0.01586868 0.01183505 0.00357241 0.09173736
 0.         0.00789396 0.00586868 0.00173736 0.         0.01077614
 0.00040746 0.00963132]
	[RESULT 77] [0.01184459 0.01828211 0.01643752 0.01126602 0.00414106 0.09287504
 0.         0.00618744 0.00643752 0.00287504 0.         0.01134459
 0.00040707 0.00906248]
	[RESULT 78] [0.01153264 0.01765864 0.016126   0.01157731 0.00382932 0.09225201
 0.         0.00712199 0.006126   0.00225201 0.         0.01103264
 0.00040663 0.009374  ]
	[RESULT 79] [0.01052844 0.01565025 0.01512181 0.0125815  0.00282512 0.09024363
 0.         0.00986544 0.00512181 0.00024363 0.         0.01002844
 0.00040662 0.01037819]
	[RESULT 80] [0.01129289 0.01717913 0.01588624 0.01181709 0.00358956 0.09177248
 0.         0.00784128 0.00588624 0.00177248 0.         0.01079289
 0.00040665 0.00961376]
	[RESULT 81] [0.01184459 0.01828211 0.01643752 0.01126602 0.00414106 0.09287504
 0.         0.00618744 0.00643752 0.00287504 0.         0.01134459
 0.00040707 0.00906248]
	[RESULT 82] [0.01109869 0.01678781 0.01568912 0.01201567 0.00339391 0.09137824
 0.         0.00843265 0.00568912 0.00137824 0.         0.01059869
 0.00040958 0.00981088]
	[RESULT 83] [0.01148809 0.01756915 0.01608106 0.01162245 0.00378458 0.09216213
 0.         0.00725681 0.00608106 0.00216213 0.         0.01098809
 0.00040703 0.00941894]
	[RESULT 84] [0.01184459 0.01828211 0.01643752 0.01126602 0.00414106 0.09287504
 0.         0.00618744 0.00643752 0.00287504 0.         0.01134459
 0.00040707 0.00906248]
	[RESULT 85] [0.01051531 0.015624   0.0151087  0.01259461 0.002812   0.09021739
 0.         0.00832609 0.0051087  0.00021739 0.         0.00851531
 0.00040661 0.0118913 ]
	[RESULT 86] [0.01051531 0.015624   0.0151087  0.01259461 0.002812   0.09021739
 0.         0.00882609 0.0051087  0.00021739 0.         0.00901531
 0.00040661 0.0113913 ]
	[RESULT 87] [0.01051531 0.015624   0.0151087  0.01259461 0.002812   0.09021739
 0.         0.00832609 0.0051087  0.00021739 0.         0.00851531
 0.00040661 0.0118913 ]
	[RESULT 88] [0.01051531 0.015624   0.0151087  0.01259461 0.002812   0.09021739
 0.         0.00882609 0.0051087  0.00021739 0.         0.00901531
 0.00040661 0.0113913 ]
	[RESULT 89] [0.01051531 0.015624   0.0151087  0.01259461 0.002812   0.09021739
 0.         0.00882609 0.0051087  0.00021739 0.         0.00901531
 0.00040661 0.0113913 ]
	[RESULT 90] [0.01051531 0.015624   0.0151087  0.01259461 0.002812   0.09021739
 0.         0.00932609 0.0051087  0.00021739 0.         0.00951531
 0.00040661 0.0108913 ]
	[RESULT 91] [0.01051531 0.015624   0.0151087  0.01259461 0.002812   0.09021739
 0.         0.00882609 0.0051087  0.00021739 0.         0.00901531
 0.00040661 0.0113913 ]
	[RESULT 92] [0.01051531 0.015624   0.0151087  0.01259461 0.002812   0.09021739
 0.         0.00882609 0.0051087  0.00021739 0.         0.00901531
 0.00040661 0.0113913 ]
	[RESULT 93] [0.01051531 0.015624   0.0151087  0.01259461 0.002812   0.09021739
 0.         0.00882609 0.0051087  0.00021739 0.         0.00901531
 0.00040661 0.0113913 ]
	[RESULT 94] [0.01051531 0.015624   0.0151087  0.01259461 0.002812   0.09021739
 0.         0.00882609 0.0051087  0.00021739 0.         0.00901531
 0.00040661 0.0113913 ]
	[RESULT 95] [0.01051531 0.015624   0.0151087  0.01259461 0.002812   0.09021739
 0.         0.00882609 0.0051087  0.00021739 0.         0.00901531
 0.00040661 0.0113913 ]
