[METRICS]
	[DISEQUILIBRIUM COUNT] 0
	[MINIMUM S0 sTrt S1 DISTANCE]0.010544801672005222
	[MINIMUM S0 sTrt S21 DISTANCE]0.012473697361229628
	[MINIMUM S0 sTrt S22 DISTANCE]0.01511243531540013
	[MINIMUM S7 sTrt S6 DISTANCE]0.00770928205570981
	[MINIMUM S7 sTrt S8 DISTANCE]0.0028414953462194137
	[MINIMUM S7 sTrt S21 DISTANCE]0.09022487063080024
	[MINIMUM S7 esTrt S22 DISTANCE]0.0
	[MINIMUM S14 sTrt S13 DISTANCE]4.805543603714213e-06
	[MINIMUM S14 sTrt S15 DISTANCE]0.005112435315400121
	[MINIMUM S14 sTrt S21 DISTANCE]0.0002248706308002335
	[MINIMUM S14 sTrt S22 DISTANCE]0.0
	[MINIMUM S20 sTrt S19 DISTANCE]0.008551845995615759
	[MINIMUM S20 sTrt S21 DISTANCE]0.0004066115702506118
	[MINIMUM S20 sTrt S22 DISTANCE]0.0032158516151365793
	[AVERAGE S0 sTrt S1 DISTANCE]0.011935290613173945
	[AVERAGE S0 sTrt S21 DISTANCE]0.018255511503798005
	[AVERAGE S0 sTrt S22 DISTANCE]0.016347722752289223
	[AVERAGE S7 sTrt S6 DISTANCE]0.011450823082915137
	[AVERAGE S7 sTrt S8 DISTANCE]0.004146268587493511
	[AVERAGE S7 sTrt S21 DISTANCE]0.09269544550457853
	[AVERAGE S7 sTrt S22 DISTANCE]0.0
	[AVERAGE S14 sTrt S13 DISTANCE]0.006445306331180559
	[AVERAGE S14 sTrt S15 DISTANCE]0.006347722752289225
	[AVERAGE S14 sTrt S21 DISTANCE]0.002695445504578409
	[AVERAGE S14 sTrt S22 DISTANCE]0.0
	[AVERAGE S20 sTrt S19 DISTANCE]0.011363021705611051
	[AVERAGE S20 sTrt S21 DISTANCE]0.0004737472099690858
	[AVERAGE S20 sTrt S22 DISTANCE]0.009116375342899464
[VARIABLES]
	[RESULT 1] [0 8.11548418850592 1 1 16 1000.0003555314466 1]
	[RESULT 2] [0 7.849362690385287 1 1 11 1000.5344063048635 1]
	[RESULT 3] [0 7.681680414739772 1 1 13 1000.0025527652516 1]
	[RESULT 4] [0 7.698748406350128 1 1 14 1000.0052629418681 1]
	[RESULT 5] [0 7.727946059127021 1 1 15 1000.0013929005785 1]
	[RESULT 6] [0 7.620650637271772 1 1 14 1000.0099893100693 1]
	[RESULT 7] [0 7.807661476360753 1 1 16 1000.0000096176881 1]
	[RESULT 8] [0 7.692300920259624 1 1 16 1000.0000479562755 1]
	[RESULT 9] [0 7.728485847174849 1 1 15 1000.002597724536 1]
	[RESULT 10] [0 7.693907320055427 1 1 16 1000.0601727992467 1]
	[RESULT 11] [0 7.418716617381131 1 1 13 1000.0000643277727 1]
	[RESULT 12] [0 7.788599838840195 1 1 16 1000.0010238243339 1]
	[RESULT 13] [0 7.362198166187038 1 1 16 1000.0284831875637 1]
	[RESULT 14] [0 7.629365736654153 1 1 13 1000.0089647206534 1]
	[RESULT 15] [0 7.68952391546249 1 1 16 1000.0010238243339 1]
	[RESULT 16] [0 7.801470409201804 1 1 13 1000.0000352213149 1]
	[RESULT 17] [0 7.627734528834927 1 1 14 1000.0026507112242 1]
	[RESULT 18] [0 7.623725264909415 1 1 15 1000.0000002360553 1]
	[RESULT 19] [0 7.806712350959253 1 1 14 1000.0026507112242 1]
	[RESULT 20] [0 36.907539951939626 1 4 18 1000.0003585988061 1]
	[RESULT 21] [0 8.46042538037475 1 1 14 1000.01586846913 1]
	[RESULT 22] [0 8.366941878402395 1 1 15 1000.0000325879497 1]
	[RESULT 23] [0 8.004273710973688 1 1 14 1000.0000438482793 1]
	[RESULT 24] [0 8.246615114537319 1 1 16 1000.0000030156845 1]
	[RESULT 25] [0 11.807464415662453 1 1 14 1000.0158315799787 1]
	[RESULT 26] [0 7.8161540150628745 1 1 15 1000.0000237487603 1]
	[RESULT 27] [0 7.689833526220932 1 1 16 1000.0000062139093 1]
	[RESULT 28] [0 7.726320341724638 1 1 15 1000.0000325879497 1]
	[RESULT 29] [0 7.689833526220932 1 1 16 1000.0000062139093 1]
	[RESULT 30] [0 7.787677939517371 1 1 16 1000.0000102552507 1]
	[RESULT 31] [0 7.800915685405018 1 1 18 1000.0000843376441 1]
	[RESULT 32] [0 8.366941878402395 1 1 15 1000.0000325879497 1]
	[RESULT 33] [0 7.689833526220932 1 1 16 1000.0000062139093 1]
	[RESULT 34] [0 7.440989056164138 1 1 14 1000.0000351412139 1]
	[RESULT 35] [0 7.788599838840195 1 1 16 1000.0010238243339 1]
	[RESULT 36] [0 7.379405788522568 1 1 15 1000.0000521934113 1]
	[RESULT 37] [0 7.27930278985228 1 1 15 1000.00000958974 1]
	[RESULT 38] [0 7.624853148781368 1 1 14 1000.000092367604 1]
	[RESULT 39] [0 8.004273710973688 1 1 14 1000.0000438482793 1]
	[RESULT 40] [0 7.78803193231868 1 1 15 1000.0000102107409 1]
	[RESULT 41] [0 7.639580746899057 1 1 14 1000.0005732529801 1]
	[RESULT 42] [0 7.68952391546249 1 1 16 1000.0010238243339 1]
	[RESULT 43] [0 7.802250979087607 1 1 16 1000.0000033586783 1]
	[RESULT 44] [0 7.80224693848494 1 1 16 1000.0000095280124 1]
	[RESULT 45] [0 7.791319529283604 1 1 16 1000.0000793618154 1]
	[RESULT 46] [0 7.80224693848494 1 1 16 1000.0000095280124 1]
	[RESULT 47] [0 7.80224693848494 1 1 16 1000.0000095280124 1]
	[RESULT 48] [0 8.551925355240261 1 1 16 1000.0003555314466 1]
	[RESULT 49] [0 7.692329303734194 1 1 16 1000.0000847460259 1]
	[RESULT 50] [0 7.699743984550824 1 1 16 1000.0000638394395 1]
	[RESULT 51] [0 7.54382676786681 1 1 17 1000.0007130510706 1]
	[RESULT 52] [0 12.18292010555777 1 1 15 1000.0031272000244 1]
	[RESULT 53] [0 7.699743984550824 1 1 16 1000.0000638394395 1]
	[RESULT 54] [0 7.806931272035978 1 1 16 1000.0001268063439 1]
	[RESULT 55] [0 7.801470409201804 1 1 13 1000.0000352213149 1]
	[RESULT 56] [0 7.628316767282328 1 1 14 1000.0000354260679 1]
	[RESULT 57] [0 7.801436749636696 1 1 12 1000.0000004831722 1]
	[RESULT 58] [0 7.62432329590241 1 1 14 1000.0000053397636 1]
	[RESULT 59] [0 7.788981777556193 1 1 14 1000.0000053397636 1]
	[RESULT 60] [0 8.246615114537319 1 1 16 1000.0000030156845 1]
	[RESULT 61] [0 7.801420904211294 1 1 16 1000.0000328853242 1]
	[RESULT 62] [0 7.623231722518722 1 1 14 1000.0000851330904 1]
	[RESULT 63] [0 7.791319529283604 1 1 16 1000.0000793618154 1]
	[RESULT 64] [0 7.80691323161694 1 1 16 1000.0061733643508 1]
	[RESULT 65] [0 7.28617758500901 1 1 14 1000.0000287878705 1]
	[RESULT 66] [0 7.435925472789155 1 1 14 1000.0000148517533 1]
	[RESULT 67] [0 6.900551754253174 1 1 14 1000.0007231812099 1]
	[RESULT 68] [0 7.4549163915988235 1 1 14 1000.0000247159384 1]
	[RESULT 69] [0 6.6882905209160315 1 1 13 1000.0000402033203 1]
	[RESULT 70] [0 7.13835410488172 1 1 16 1000.002597724536 1]
	[RESULT 71] [0 8.238628170359295 1 1 15 1000.0000161376328 1]
	[RESULT 72] [0 7.433033900393027 1 1 16 1000.0001322810415 1]
	[RESULT 73] [0 6.6882905209160315 1 1 13 1000.0000402033203 1]
	[RESULT 74] [0 7.138590328317425 1 1 16 1000.0019942260665 1]
	[RESULT 75] [0 7.414913987307881 1 1 13 1000.0020478276172 1]
	[RESULT 76] [0 7.515357057928511 1 1 15 1003.1701903419322 1]
	[RESULT 77] [0 7.012287157643689 1 1 13 1000.0026132565042 1]
	[RESULT 78] [0 7.68952391546249 1 1 16 1000.0010238243339 1]
	[RESULT 79] [0 7.801470409201804 1 1 13 1000.0000352213149 1]
	[RESULT 80] [0 7.629072895301563 1 1 16 1000.0000003160997 1]
	[RESULT 81] [0 7.801600577503555 1 1 13 1000.0000322813158 1]
	[RESULT 82] [0 7.629116107607756 1 1 16 1000.0000050890628 1]
	[RESULT 83] [0 7.789458548686022 1 1 14 1000.0000021219198 1]
	[RESULT 84] [0 8.242755231617368 1 1 16 1000.0000030156845 1]
	[RESULT 85] [0 7.7909638510907495 1 1 16 1000.0000649608924 1]
	[RESULT 86] [0 7.138590328317425 1 1 16 1000.0019942260665 1]
	[RESULT 87] [0 7.8080401751963935 1 1 14 1000.0000466475901 1]
[OBJECTIVES]
	[RESULT 1] [0.01162154 0.01783646 0.01621492 0.01148838 0.00391823 0.09242985
 0.         0.00685523 0.00621492 0.00242985 0.         0.01112154
 0.00040661 0.00928508]
	[RESULT 2] [0.01170556 0.01800448 0.01629892 0.01140441 0.00400224 0.09259783
 0.         0.00660325 0.00629892 0.00259783 0.         0.01120556
 0.00040665 0.00920108]
	[RESULT 3] [0.01176469 0.01812276 0.01635808 0.01134523 0.00406138 0.09271615
 0.         0.00642577 0.00635808 0.00271615 0.         0.01126469
 0.00040661 0.00914192]
	[RESULT 4] [0.01175842 0.01811023 0.01635181 0.0113515  0.00405511 0.09270362
 0.         0.00644457 0.00635181 0.00270362 0.         0.01125842
 0.00040661 0.00914819]
	[RESULT 5] [0.01174783 0.01808905 0.01634122 0.01136208 0.00404453 0.09268244
 0.         0.00647634 0.00634122 0.00268244 0.         0.01124783
 0.00040661 0.00915878]
	[RESULT 6] [0.01178758 0.01816855 0.01638097 0.01132234 0.00408427 0.09276193
 0.         0.0063571  0.00638097 0.00276193 0.         0.01128758
 0.00040661 0.00911903]
	[RESULT 7] [0.01171975 0.0180329  0.01631314 0.01139016 0.00401645 0.09262628
 0.         0.00656057 0.00631314 0.00262628 0.         0.01121975
 0.00040661 0.00918686]
	[RESULT 8] [0.01176078 0.01811495 0.01635417 0.01134914 0.00405747 0.09270834
 0.         0.00643749 0.00635417 0.00270834 0.         0.01126078
 0.00040661 0.00914583]
	[RESULT 9] [0.01174764 0.01808867 0.01634103 0.01136228 0.00404433 0.09268205
 0.         0.00647692 0.00634103 0.00268205 0.         0.01124764
 0.00040661 0.00915897]
	[RESULT 10] [0.0117602  0.01811378 0.01635358 0.01134973 0.00405689 0.09270716
 0.         0.00643926 0.00635358 0.00270716 0.         0.0112602
 0.00040662 0.00914642]
	[RESULT 11] [0.01186915 0.01833169 0.01646254 0.01124077 0.00416584 0.09292507
 0.         0.00611239 0.00646254 0.00292507 0.         0.01136915
 0.00040661 0.00903746]
	[RESULT 12] [0.01172636 0.01804611 0.01631975 0.01138356 0.00402305 0.0926395
 0.         0.00654075 0.00631975 0.0026395  0.         0.01122636
 0.00040661 0.00918025]
	[RESULT 13] [0.01189374 0.01838086 0.01648712 0.01121618 0.00419043 0.09297424
 0.         0.00603863 0.00648712 0.00297424 0.         0.01139374
 0.00040661 0.00901288]
	[RESULT 14] [0.01178426 0.01816191 0.01637765 0.01132565 0.00408096 0.0927553
 0.         0.00636705 0.00637765 0.0027553  0.         0.01128426
 0.00040661 0.00912235]
	[RESULT 15] [0.0117618  0.01811699 0.01635519 0.01134812 0.00405849 0.09271038
 0.         0.00643443 0.00635519 0.00271038 0.         0.0112618
 0.00040661 0.00914481]
	[RESULT 16] [0.01172189 0.01803717 0.01631528 0.01138803 0.00401859 0.09263056
 0.         0.00655416 0.00631528 0.00263056 0.         0.01122189
 0.00040661 0.00918472]
	[RESULT 17] [0.01178488 0.01816315 0.01637827 0.01132504 0.00408158 0.09275654
 0.         0.00636519 0.00637827 0.00275654 0.         0.01128488
 0.00040661 0.00912173]
	[RESULT 18] [0.01178641 0.0181662  0.0163798  0.01132351 0.0040831  0.09275959
 0.         0.00636061 0.0063798  0.00275959 0.         0.01128641
 0.00040661 0.0091202 ]
	[RESULT 19] [0.01172008 0.01803355 0.01631347 0.01138984 0.00401678 0.09262694
 0.         0.00655959 0.00631347 0.00262694 0.         0.01122008
 0.00040661 0.00918653]
	[RESULT 20] [0.01055855 0.01571049 0.01515194 0.01255136 0.00285525 0.09030388
 0.         0.00845582 0.00515194 0.00030388 0.         0.00855855
 0.00040661 0.01184806]
	[RESULT 21] [0.01152758 0.01764855 0.01612097 0.01158234 0.00382428 0.09224194
 0.         0.00713709 0.00612097 0.00224194 0.         0.01102758
 0.00040661 0.00937903]
	[RESULT 22] [0.01155158 0.01769654 0.01614497 0.01155834 0.00384827 0.09228993
 0.         0.0070651  0.00614497 0.00228993 0.         0.01105158
 0.00040661 0.00935503]
	[RESULT 23] [0.01165528 0.01790394 0.01624867 0.01145464 0.00395197 0.09249733
 0.         0.006754   0.00624867 0.00249733 0.         0.01115528
 0.00040661 0.00925133]
	[RESULT 24] [0.01158402 0.01776143 0.01617741 0.0115259  0.00388071 0.09235482
 0.         0.00696778 0.00617741 0.00235482 0.         0.01108402
 0.00040661 0.00932259]
	[RESULT 25] [0.01104703 0.01668744 0.01564041 0.01206289 0.00334372 0.09128083
 0.         0.00857876 0.00564041 0.00128083 0.         0.01054703
 0.00040661 0.00985959]
	[RESULT 26] [0.01171683 0.01802705 0.01631022 0.01139309 0.00401353 0.09262044
 0.         0.00656934 0.00631022 0.00262044 0.         0.01121683
 0.00040661 0.00918978]
	[RESULT 27] [0.01176169 0.01811676 0.01635507 0.01134823 0.00405838 0.09271015
 0.         0.00643478 0.00635507 0.00271015 0.         0.01126169
 0.00040661 0.00914493]
	[RESULT 28] [0.01174842 0.01809022 0.01634181 0.0113615  0.00404511 0.09268361
 0.         0.00647458 0.00634181 0.00268361 0.         0.01124842
 0.00040661 0.00915819]
	[RESULT 29] [0.01176169 0.01811676 0.01635507 0.01134823 0.00405838 0.09271015
 0.         0.00643478 0.00635507 0.00271015 0.         0.01126169
 0.00040661 0.00914493]
	[RESULT 30] [0.01172668 0.01804675 0.01632007 0.01138324 0.00402338 0.09264014
 0.         0.00653979 0.00632007 0.00264014 0.         0.01122668
 0.00040661 0.00917993]
	[RESULT 31] [0.01172208 0.01803756 0.01631547 0.01138783 0.00401878 0.09263094
 0.         0.00655358 0.00631547 0.00263094 0.         0.01122208
 0.00040661 0.00918453]
	[RESULT 32] [0.01155158 0.01769654 0.01614497 0.01155834 0.00384827 0.09228993
 0.         0.0070651  0.00614497 0.00228993 0.         0.01105158
 0.00040661 0.00935503]
	[RESULT 33] [0.01176169 0.01811676 0.01635507 0.01134823 0.00405838 0.09271015
 0.         0.00643478 0.00635507 0.00271015 0.         0.01126169
 0.00040661 0.00914493]
	[RESULT 34] [0.01185968 0.01831275 0.01645307 0.01125024 0.00415638 0.09290614
 0.         0.00614079 0.00645307 0.00290614 0.         0.01135968
 0.00040661 0.00904693]
	[RESULT 35] [0.01172636 0.01804611 0.01631975 0.01138356 0.00402305 0.0926395
 0.         0.00654075 0.00631975 0.0026395  0.         0.01122636
 0.00040661 0.00918025]
	[RESULT 36] [0.01188616 0.01836571 0.01647955 0.01122376 0.00418286 0.0929591
 0.         0.00606135 0.00647955 0.0029591  0.         0.01138616
 0.00040661 0.00902045]
	[RESULT 37] [0.01193133 0.01845604 0.01652471 0.01117859 0.00422802 0.09304943
 0.         0.00592586 0.00652471 0.00304943 0.         0.01143133
 0.00040661 0.00897529]
	[RESULT 38] [0.01178598 0.01816534 0.01637937 0.01132394 0.00408267 0.09275873
 0.         0.0063619  0.00637937 0.00275873 0.         0.01128598
 0.00040661 0.00912063]
	[RESULT 39] [0.01165528 0.01790394 0.01624867 0.01145464 0.00395197 0.09249733
 0.         0.006754   0.00624867 0.00249733 0.         0.01115528
 0.00040661 0.00925133]
	[RESULT 40] [0.01172656 0.0180465  0.01631995 0.01138336 0.00402325 0.09263989
 0.         0.00654016 0.00631995 0.00263989 0.         0.01122656
 0.00040661 0.00918005]
	[RESULT 41] [0.0117804  0.01815418 0.01637378 0.01132952 0.00407709 0.09274757
 0.         0.00637865 0.00637378 0.00274757 0.         0.0112804
 0.00040661 0.00912622]
	[RESULT 42] [0.0117618  0.01811699 0.01635519 0.01134812 0.00405849 0.09271038
 0.         0.00643443 0.00635519 0.00271038 0.         0.0112618
 0.00040661 0.00914481]
	[RESULT 43] [0.01172162 0.01803663 0.01631501 0.0113883  0.00401832 0.09263002
 0.         0.00655497 0.00631501 0.00263002 0.         0.01122162
 0.00040661 0.00918499]
	[RESULT 44] [0.01172162 0.01803664 0.01631501 0.01138829 0.00401832 0.09263002
 0.         0.00655496 0.00631501 0.00263002 0.         0.01122162
 0.00040661 0.00918499]
	[RESULT 45] [0.01172541 0.01804422 0.0163188  0.0113845  0.00402211 0.0926376
 0.         0.00654359 0.0063188  0.0026376  0.         0.01122541
 0.00040661 0.0091812 ]
	[RESULT 46] [0.01172162 0.01803664 0.01631501 0.01138829 0.00401832 0.09263002
 0.         0.00655496 0.00631501 0.00263002 0.         0.01122162
 0.00040661 0.00918499]
	[RESULT 47] [0.01172162 0.01803664 0.01631501 0.01138829 0.00401832 0.09263002
 0.         0.00655496 0.00631501 0.00263002 0.         0.01122162
 0.00040661 0.00918499]
	[RESULT 48] [0.01150505 0.01760348 0.01609844 0.01160487 0.00380174 0.09219687
 0.         0.00720469 0.00609844 0.00219687 0.         0.01100505
 0.00040661 0.00940156]
	[RESULT 49] [0.01176077 0.01811493 0.01635416 0.01134915 0.00405746 0.09270832
 0.         0.00643752 0.00635416 0.00270832 0.         0.01126077
 0.00040661 0.00914584]
	[RESULT 50] [0.01175806 0.0181095  0.01635144 0.01135186 0.00405475 0.09270289
 0.         0.00644567 0.00635144 0.00270289 0.         0.01125806
 0.00040661 0.00914856]
	[RESULT 51] [0.01181752 0.01822842 0.0164109  0.0112924  0.00411421 0.09282181
 0.         0.00626729 0.0064109  0.00282181 0.         0.01131752
 0.00040661 0.0090891 ]
	[RESULT 52] [0.01101764 0.01662867 0.01561103 0.01209228 0.00331433 0.09122206
 0.         0.00866691 0.00561103 0.00122206 0.         0.01051764
 0.00040661 0.00988897]
	[RESULT 53] [0.01175806 0.0181095  0.01635144 0.01135186 0.00405475 0.09270289
 0.         0.00644567 0.00635144 0.00270289 0.         0.01125806
 0.00040661 0.00914856]
	[RESULT 54] [0.01172001 0.0180334  0.01631339 0.01138991 0.0040167  0.09262679
 0.         0.00655982 0.00631339 0.00262679 0.         0.01122001
 0.00040661 0.00918661]
	[RESULT 55] [0.01172189 0.01803717 0.01631528 0.01138803 0.00401859 0.09263056
 0.         0.00655416 0.00631528 0.00263056 0.         0.01122189
 0.00040661 0.00918472]
	[RESULT 56] [0.01178466 0.01816271 0.01637805 0.01132526 0.00408136 0.0927561
 0.         0.00636585 0.00637805 0.0027561  0.         0.01128466
 0.00040661 0.00912195]
	[RESULT 57] [0.0117219  0.0180372  0.01631529 0.01138801 0.0040186  0.09263058
 0.         0.00655412 0.00631529 0.00263058 0.         0.0112219
 0.00040661 0.00918471]
	[RESULT 58] [0.01178618 0.01816575 0.01637957 0.01132374 0.00408287 0.09275914
 0.         0.0063613  0.00637957 0.00275914 0.         0.01128618
 0.00040661 0.00912043]
	[RESULT 59] [0.01172623 0.01804584 0.01631962 0.01138369 0.00402292 0.09263923
 0.         0.00654115 0.00631962 0.00263923 0.         0.01122623
 0.00040661 0.00918038]
	[RESULT 60] [0.01158402 0.01776143 0.01617741 0.0115259  0.00388071 0.09235482
 0.         0.00696778 0.00617741 0.00235482 0.         0.01108402
 0.00040661 0.00932259]
	[RESULT 61] [0.01172191 0.01803721 0.0163153  0.01138801 0.0040186  0.0926306
 0.         0.00655411 0.0063153  0.0026306  0.         0.01122191
 0.00040661 0.0091847 ]
	[RESULT 62] [0.0117866  0.01816658 0.01637998 0.01132332 0.00408329 0.09275997
 0.         0.00636005 0.00637998 0.00275997 0.         0.0112866
 0.00040661 0.00912002]
	[RESULT 63] [0.01172541 0.01804422 0.0163188  0.0113845  0.00402211 0.0926376
 0.         0.00654359 0.0063188  0.0026376  0.         0.01122541
 0.00040661 0.0091812 ]
	[RESULT 64] [0.01172001 0.01803341 0.0163134  0.01138991 0.00401671 0.0926268
 0.         0.0065598  0.0063134  0.0026268  0.         0.01122001
 0.00040661 0.0091866 ]
	[RESULT 65] [0.01192814 0.01844966 0.01652152 0.01118178 0.00422483 0.09304305
 0.         0.00593543 0.00652152 0.00304305 0.         0.01142814
 0.00040661 0.00897848]
	[RESULT 66] [0.01186182 0.01831704 0.01645521 0.01124809 0.00415852 0.09291042
 0.         0.00613436 0.00645521 0.00291042 0.         0.01136182
 0.00040661 0.00904479]
	[RESULT 67] [0.01213042 0.01885423 0.01672381 0.0109795  0.00442712 0.09344762
 0.         0.00532857 0.00672381 0.00344762 0.         0.01163042
 0.00040661 0.00877619]
	[RESULT 68] [0.01185382 0.01830104 0.01644721 0.01125609 0.00415052 0.09289443
 0.         0.00615836 0.00644721 0.00289443 0.         0.01135382
 0.00040661 0.00905279]
	[RESULT 69] [0.01226653 0.01912645 0.01685992 0.01084339 0.00456322 0.09371984
 0.         0.00492025 0.00685992 0.00371984 0.         0.01176653
 0.00040661 0.00864008]
	[RESULT 70] [0.0119998  0.018593   0.01659319 0.01111011 0.0042965  0.09318638
 0.         0.00572042 0.00659319 0.00318638 0.         0.0114998
 0.00040661 0.00890681]
	[RESULT 71] [0.01158624 0.01776587 0.01617963 0.01152368 0.00388293 0.09235925
 0.         0.00696112 0.00617963 0.00235925 0.         0.01108624
 0.00040661 0.00932037]
	[RESULT 72] [0.01186305 0.01831949 0.01645644 0.01124687 0.00415974 0.09291288
 0.         0.00613069 0.00645644 0.00291288 0.         0.01136305
 0.00040661 0.00904356]
	[RESULT 73] [0.01226653 0.01912645 0.01685992 0.01084339 0.00456322 0.09371984
 0.         0.00492025 0.00685992 0.00371984 0.         0.01176653
 0.00040661 0.00864008]
	[RESULT 74] [0.01199968 0.01859276 0.01659307 0.01111023 0.00429638 0.09318614
 0.         0.00572078 0.00659307 0.00318614 0.         0.01149968
 0.00040661 0.00890693]
	[RESULT 75] [0.01187078 0.01833494 0.01646417 0.01123914 0.00416747 0.09292833
 0.         0.0061075  0.00646417 0.00292833 0.         0.01137078
 0.00040661 0.00903583]
	[RESULT 76] [0.01182916 0.01825149 0.01642233 0.01128108 0.00412574 0.09284466
 0.         0.00623301 0.00642233 0.00284466 0.         0.01132916
 0.00040683 0.00907767]
	[RESULT 77] [0.01206648 0.01872635 0.01665987 0.01104344 0.00436317 0.09331974
 0.         0.0055204  0.00665987 0.00331974 0.         0.01156648
 0.00040661 0.00884013]
	[RESULT 78] [0.0117618  0.01811699 0.01635519 0.01134812 0.00405849 0.09271038
 0.         0.00643443 0.00635519 0.00271038 0.         0.0112618
 0.00040661 0.00914481]
	[RESULT 79] [0.01172189 0.01803717 0.01631528 0.01138803 0.00401859 0.09263056
 0.         0.00655416 0.00631528 0.00263056 0.         0.01122189
 0.00040661 0.00918472]
	[RESULT 80] [0.01178437 0.01816214 0.01637776 0.01132554 0.00408107 0.09275552
 0.         0.00636671 0.00637776 0.00275552 0.         0.01128437
 0.00040661 0.00912224]
	[RESULT 81] [0.01172185 0.01803708 0.01631524 0.01138807 0.00401854 0.09263047
 0.         0.00655429 0.00631524 0.00263047 0.         0.01122185
 0.00040661 0.00918476]
	[RESULT 82] [0.01178436 0.0181621  0.01637775 0.01132556 0.00408105 0.09275549
 0.         0.00636676 0.00637775 0.00275549 0.         0.01128436
 0.00040661 0.00912225]
	[RESULT 83] [0.01172606 0.01804551 0.01631945 0.01138386 0.00402276 0.0926389
 0.         0.00654165 0.00631945 0.0026389  0.         0.01122606
 0.00040661 0.00918055]
	[RESULT 84] [0.01158509 0.01776357 0.01617848 0.01152483 0.00388179 0.09235696
 0.         0.00696456 0.00617848 0.00235696 0.         0.01108509
 0.00040661 0.00932152]
	[RESULT 85] [0.01172554 0.01804446 0.01631893 0.01138438 0.00402223 0.09263785
 0.         0.00654322 0.00631893 0.00263785 0.         0.01122554
 0.00040661 0.00918107]
	[RESULT 86] [0.01199968 0.01859276 0.01659307 0.01111023 0.00429638 0.09318614
 0.         0.00572078 0.00659307 0.00318614 0.         0.01149968
 0.00040661 0.00890693]
	[RESULT 87] [0.01171962 0.01803263 0.01631301 0.01139029 0.00401632 0.09262602
 0.         0.00656097 0.00631301 0.00262602 0.         0.01121962
 0.00040661 0.00918699]
