[METRICS]
	[DISEQUILIBRIUM COUNT] 0
	[MINIMUM S0 sTrt S1 DISTANCE]0.010515307222421666
	[MINIMUM S0 sTrt S21 DISTANCE]0.009303586917734544
	[MINIMUM S0 sTrt S22 DISTANCE]0.015108695652173931
	[MINIMUM S7 sTrt S6 DISTANCE]0.009987773209654827
	[MINIMUM S7 sTrt S8 DISTANCE]0.002812001437297873
	[MINIMUM S7 sTrt S21 DISTANCE]0.09021739130434783
	[MINIMUM S7 esTrt S22 DISTANCE]0.0
	[MINIMUM S14 sTrt S13 DISTANCE]0.0021004785827002936
	[MINIMUM S14 sTrt S15 DISTANCE]0.005108695652173922
	[MINIMUM S14 sTrt S21 DISTANCE]0.00021739130434782206
	[MINIMUM S14 sTrt S22 DISTANCE]0.0
	[MINIMUM S20 sTrt S19 DISTANCE]0.008515307222421775
	[MINIMUM S20 sTrt S21 DISTANCE]0.0004066115702479334
	[MINIMUM S20 sTrt S22 DISTANCE]0.004733356888369761
	[AVERAGE S0 sTrt S1 DISTANCE]0.010714909116559208
	[AVERAGE S0 sTrt S21 DISTANCE]0.01579436985909318
	[AVERAGE S0 sTrt S22 DISTANCE]0.015119770102620556
	[AVERAGE S7 sTrt S6 DISTANCE]0.012682448011512769
	[AVERAGE S7 sTrt S8 DISTANCE]0.0029220542418655518
	[AVERAGE S7 sTrt S21 DISTANCE]0.09023954020524132
	[AVERAGE S7 sTrt S22 DISTANCE]0.0
	[AVERAGE S14 sTrt S13 DISTANCE]0.008730138540426265
	[AVERAGE S14 sTrt S15 DISTANCE]0.005119770102620556
	[AVERAGE S14 sTrt S21 DISTANCE]0.00023954020524109002
	[AVERAGE S14 sTrt S22 DISTANCE]0.0
	[AVERAGE S20 sTrt S19 DISTANCE]0.009160147211797445
	[AVERAGE S20 sTrt S21 DISTANCE]0.00047679458943106424
	[AVERAGE S20 sTrt S22 DISTANCE]0.011331630457603539
[VARIABLES]
	[RESULT 1] [0 49.999999999999666 1 4 19 1000.0000000000077 1]
	[RESULT 2] [0 49.999999999999666 1 4 18 1000.0000000000077 1]
	[RESULT 3] [0 50.0 1 3 21 1000.0000000000271 1]
	[RESULT 4] [0 50.0 1 4 20 1000.0000000000011 1]
	[RESULT 5] [0 49.999999999999666 1 4 19 1000.0 1]
	[RESULT 6] [0 49.999999999999666 1 4 19 1000.0 1]
	[RESULT 7] [0 49.999999999999986 1 4 20 1000.00000000003 1]
	[RESULT 8] [0 49.999999999999666 1 4 19 1000.0 1]
	[RESULT 9] [0 50.0 1 4 23 1000.0 1]
	[RESULT 10] [0 50.0 1 3 24 1000.000000000026 1]
	[RESULT 11] [0 50.0 1 2 24 1000.0000000000547 1]
	[RESULT 12] [0 50.0 1 1 24 1000.0000000000736 1]
	[RESULT 13] [0 50.0 1 2 24 1000.0000000000547 1]
	[RESULT 14] [0 50.0 1 2 24 1000.0000000000547 1]
	[RESULT 15] [0 50.0 1 2 24 1000.0000000000547 1]
	[RESULT 16] [0 50.0 1 1 24 1000.0000000000736 1]
	[RESULT 17] [0 49.999999999999666 1 4 19 1000.0000000000077 1]
	[RESULT 18] [0 50.0 1 2 24 1000.0000000000547 1]
	[RESULT 19] [0 50.0 1 3 24 1000.0000000000288 1]
	[RESULT 20] [0 49.999999999999666 1 4 19 1000.0000000000077 1]
	[RESULT 21] [0 50.0 1 4 23 1000.0000000000474 1]
	[RESULT 22] [0 50.0 1 2 24 1000.0000000000547 1]
	[RESULT 23] [0 49.999999999999666 1 4 19 1000.0000000000077 1]
	[RESULT 24] [0 49.999999999999986 1 4 20 1000.0000000000107 1]
	[RESULT 25] [0 50.0 1 2 24 1000.0000000000547 1]
	[RESULT 26] [0 49.999999999999666 1 4 19 1000.0000000000077 1]
	[RESULT 27] [0 49.999999999999666 1 4 20 1000.0000000000027 1]
	[RESULT 28] [0 50.0 1 1 24 1000.0000000000736 1]
	[RESULT 29] [0 50.0 1 3 20 1000.0000000000281 1]
	[RESULT 30] [0 49.999999999999666 1 4 19 1000.0000000000077 1]
	[RESULT 31] [0 50.0 1 4 20 1000.0000000000077 1]
	[RESULT 32] [0 50.0 1 2 24 1000.0000000000547 1]
	[RESULT 33] [0 49.999999999999666 1 4 19 1000.0000000000077 1]
	[RESULT 34] [0 50.0 1 2 24 1000.0000000000547 1]
	[RESULT 35] [0 47.73365869986896 1 1 24 1000.0000000000127 1]
	[RESULT 36] [0 49.999999999999666 1 4 19 1000.0000000000077 1]
	[RESULT 37] [0 50.0 1 4 23 1000.0 1]
	[RESULT 38] [0 50.0 1 3 20 1000.0000000000038 1]
	[RESULT 39] [0 50.0 1 2 24 1000.0000000000547 1]
	[RESULT 40] [0 50.0 1 3 19 1000.0000000000049 1]
	[RESULT 41] [0 49.999999999999666 1 3 19 1000.0000000000838 1]
[OBJECTIVES]
	[RESULT 1] [0.01051531 0.015624   0.0151087  0.01259461 0.002812   0.09021739
 0.         0.00832609 0.0051087  0.00021739 0.         0.00851531
 0.00040661 0.0118913 ]
	[RESULT 2] [0.01051531 0.015624   0.0151087  0.01259461 0.002812   0.09021739
 0.         0.00832609 0.0051087  0.00021739 0.         0.00851531
 0.00040661 0.0118913 ]
	[RESULT 3] [0.01051531 0.015624   0.0151087  0.01259461 0.002812   0.09021739
 0.         0.00882609 0.0051087  0.00021739 0.         0.00901531
 0.00040661 0.0113913 ]
	[RESULT 4] [0.01051531 0.015624   0.0151087  0.01259461 0.002812   0.09021739
 0.         0.00832609 0.0051087  0.00021739 0.         0.00851531
 0.00040661 0.0118913 ]
	[RESULT 5] [0.01051531 0.015624   0.0151087  0.01259461 0.002812   0.09021739
 0.         0.00832609 0.0051087  0.00021739 0.         0.00851531
 0.00040661 0.0118913 ]
	[RESULT 6] [0.01051531 0.015624   0.0151087  0.01259461 0.002812   0.09021739
 0.         0.00832609 0.0051087  0.00021739 0.         0.00851531
 0.00040661 0.0118913 ]
	[RESULT 7] [0.01051531 0.015624   0.0151087  0.01259461 0.002812   0.09021739
 0.         0.00832609 0.0051087  0.00021739 0.         0.00851531
 0.00040661 0.0118913 ]
	[RESULT 8] [0.01051531 0.015624   0.0151087  0.01259461 0.002812   0.09021739
 0.         0.00832609 0.0051087  0.00021739 0.         0.00851531
 0.00040661 0.0118913 ]
	[RESULT 9] [0.01051531 0.015624   0.0151087  0.01259461 0.002812   0.09021739
 0.         0.00832609 0.0051087  0.00021739 0.         0.00851531
 0.00040661 0.0118913 ]
	[RESULT 10] [0.01051531 0.015624   0.0151087  0.01259461 0.002812   0.09021739
 0.         0.00882609 0.0051087  0.00021739 0.         0.00901531
 0.00040661 0.0113913 ]
	[RESULT 11] [0.01051531 0.015624   0.0151087  0.01259461 0.002812   0.09021739
 0.         0.00932609 0.0051087  0.00021739 0.         0.00951531
 0.00040661 0.0108913 ]
	[RESULT 12] [0.01051531 0.015624   0.0151087  0.01259461 0.002812   0.09021739
 0.         0.00982609 0.0051087  0.00021739 0.         0.01001531
 0.00040661 0.0103913 ]
	[RESULT 13] [0.01051531 0.015624   0.0151087  0.01259461 0.002812   0.09021739
 0.         0.00932609 0.0051087  0.00021739 0.         0.00951531
 0.00040661 0.0108913 ]
	[RESULT 14] [0.01051531 0.015624   0.0151087  0.01259461 0.002812   0.09021739
 0.         0.00932609 0.0051087  0.00021739 0.         0.00951531
 0.00040661 0.0108913 ]
	[RESULT 15] [0.01051531 0.015624   0.0151087  0.01259461 0.002812   0.09021739
 0.         0.00932609 0.0051087  0.00021739 0.         0.00951531
 0.00040661 0.0108913 ]
	[RESULT 16] [0.01051531 0.015624   0.0151087  0.01259461 0.002812   0.09021739
 0.         0.00982609 0.0051087  0.00021739 0.         0.01001531
 0.00040661 0.0103913 ]
	[RESULT 17] [0.01051531 0.015624   0.0151087  0.01259461 0.002812   0.09021739
 0.         0.00832609 0.0051087  0.00021739 0.         0.00851531
 0.00040661 0.0118913 ]
	[RESULT 18] [0.01051531 0.015624   0.0151087  0.01259461 0.002812   0.09021739
 0.         0.00932609 0.0051087  0.00021739 0.         0.00951531
 0.00040661 0.0108913 ]
	[RESULT 19] [0.01051531 0.015624   0.0151087  0.01259461 0.002812   0.09021739
 0.         0.00882609 0.0051087  0.00021739 0.         0.00901531
 0.00040661 0.0113913 ]
	[RESULT 20] [0.01051531 0.015624   0.0151087  0.01259461 0.002812   0.09021739
 0.         0.00832609 0.0051087  0.00021739 0.         0.00851531
 0.00040661 0.0118913 ]
	[RESULT 21] [0.01051531 0.015624   0.0151087  0.01259461 0.002812   0.09021739
 0.         0.00832609 0.0051087  0.00021739 0.         0.00851531
 0.00040661 0.0118913 ]
	[RESULT 22] [0.01051531 0.015624   0.0151087  0.01259461 0.002812   0.09021739
 0.         0.00932609 0.0051087  0.00021739 0.         0.00951531
 0.00040661 0.0108913 ]
	[RESULT 23] [0.01051531 0.015624   0.0151087  0.01259461 0.002812   0.09021739
 0.         0.00832609 0.0051087  0.00021739 0.         0.00851531
 0.00040661 0.0118913 ]
	[RESULT 24] [0.01051531 0.015624   0.0151087  0.01259461 0.002812   0.09021739
 0.         0.00832609 0.0051087  0.00021739 0.         0.00851531
 0.00040661 0.0118913 ]
	[RESULT 25] [0.01051531 0.015624   0.0151087  0.01259461 0.002812   0.09021739
 0.         0.00932609 0.0051087  0.00021739 0.         0.00951531
 0.00040661 0.0108913 ]
	[RESULT 26] [0.01051531 0.015624   0.0151087  0.01259461 0.002812   0.09021739
 0.         0.00832609 0.0051087  0.00021739 0.         0.00851531
 0.00040661 0.0118913 ]
	[RESULT 27] [0.01051531 0.015624   0.0151087  0.01259461 0.002812   0.09021739
 0.         0.00832609 0.0051087  0.00021739 0.         0.00851531
 0.00040661 0.0118913 ]
	[RESULT 28] [0.01051531 0.015624   0.0151087  0.01259461 0.002812   0.09021739
 0.         0.00982609 0.0051087  0.00021739 0.         0.01001531
 0.00040661 0.0103913 ]
	[RESULT 29] [0.01051531 0.015624   0.0151087  0.01259461 0.002812   0.09021739
 0.         0.00882609 0.0051087  0.00021739 0.         0.00901531
 0.00040661 0.0113913 ]
	[RESULT 30] [0.01051531 0.015624   0.0151087  0.01259461 0.002812   0.09021739
 0.         0.00832609 0.0051087  0.00021739 0.         0.00851531
 0.00040661 0.0118913 ]
	[RESULT 31] [0.01051531 0.015624   0.0151087  0.01259461 0.002812   0.09021739
 0.         0.00832609 0.0051087  0.00021739 0.         0.00851531
 0.00040661 0.0118913 ]
	[RESULT 32] [0.01051531 0.015624   0.0151087  0.01259461 0.002812   0.09021739
 0.         0.00932609 0.0051087  0.00021739 0.         0.00951531
 0.00040661 0.0108913 ]
	[RESULT 33] [0.01051531 0.015624   0.0151087  0.01259461 0.002812   0.09021739
 0.         0.00832609 0.0051087  0.00021739 0.         0.00851531
 0.00040661 0.0118913 ]
	[RESULT 34] [0.01051531 0.015624   0.0151087  0.01259461 0.002812   0.09021739
 0.         0.00932609 0.0051087  0.00021739 0.         0.00951531
 0.00040661 0.0108913 ]
	[RESULT 35] [0.01052094 0.01563527 0.01511433 0.01258898 0.00281763 0.09022866
 0.         0.00984299 0.00511433 0.00022866 0.         0.01002094
 0.00040661 0.01038567]
	[RESULT 36] [0.01051531 0.015624   0.0151087  0.01259461 0.002812   0.09021739
 0.         0.00832609 0.0051087  0.00021739 0.         0.00851531
 0.00040661 0.0118913 ]
	[RESULT 37] [0.01051531 0.015624   0.0151087  0.01259461 0.002812   0.09021739
 0.         0.00832609 0.0051087  0.00021739 0.         0.00851531
 0.00040661 0.0118913 ]
	[RESULT 38] [0.01051531 0.015624   0.0151087  0.01259461 0.002812   0.09021739
 0.         0.00882609 0.0051087  0.00021739 0.         0.00901531
 0.00040661 0.0113913 ]
	[RESULT 39] [0.01051531 0.015624   0.0151087  0.01259461 0.002812   0.09021739
 0.         0.00932609 0.0051087  0.00021739 0.         0.00951531
 0.00040661 0.0108913 ]
	[RESULT 40] [0.01051531 0.015624   0.0151087  0.01259461 0.002812   0.09021739
 0.         0.00882609 0.0051087  0.00021739 0.         0.00901531
 0.00040661 0.0113913 ]
	[RESULT 41] [0.01051531 0.015624   0.0151087  0.01259461 0.002812   0.09021739
 0.         0.00882609 0.0051087  0.00021739 0.         0.00901531
 0.00040661 0.0113913 ]
