[METRICS]
	[DISEQUILIBRIUM COUNT] 0
	[MINIMUM S0 sTrt S1 DISTANCE]0.010521060574493424
	[MINIMUM S0 sTrt S21 DISTANCE]0.01404839249015262
	[MINIMUM S0 sTrt S22 DISTANCE]0.015108719265440912
	[MINIMUM S7 sTrt S6 DISTANCE]0.007853287371517748
	[MINIMUM S7 sTrt S8 DISTANCE]0.0028153389912826676
	[MINIMUM S7 sTrt S21 DISTANCE]0.09021743853088178
	[MINIMUM S7 esTrt S22 DISTANCE]0.0
	[MINIMUM S14 sTrt S13 DISTANCE]0.0001323597026443024
	[MINIMUM S14 sTrt S15 DISTANCE]0.005108719265440875
	[MINIMUM S14 sTrt S21 DISTANCE]0.00021743853088176945
	[MINIMUM S14 sTrt S22 DISTANCE]0.0
	[MINIMUM S20 sTrt S19 DISTANCE]0.008521060574493533
	[MINIMUM S20 sTrt S21 DISTANCE]0.000406611570249734
	[MINIMUM S20 sTrt S22 DISTANCE]0.0028531016469138873
	[AVERAGE S0 sTrt S1 DISTANCE]0.012008581170485266
	[AVERAGE S0 sTrt S21 DISTANCE]0.018404269246184733
	[AVERAGE S0 sTrt S22 DISTANCE]0.016418137084580436
	[AVERAGE S7 sTrt S6 DISTANCE]0.01138240708722371
	[AVERAGE S7 sTrt S8 DISTANCE]0.00421868125638441
	[AVERAGE S7 sTrt S21 DISTANCE]0.09283627416916057
	[AVERAGE S7 sTrt S22 DISTANCE]0.0
	[AVERAGE S14 sTrt S13 DISTANCE]0.0061956574333007445
	[AVERAGE S14 sTrt S15 DISTANCE]0.006418137084580357
	[AVERAGE S14 sTrt S21 DISTANCE]0.002836274169160677
	[AVERAGE S14 sTrt S22 DISTANCE]0.0
	[AVERAGE S20 sTrt S19 DISTANCE]0.011410261842754356
	[AVERAGE S20 sTrt S21 DISTANCE]0.0004684959630361691
	[AVERAGE S20 sTrt S22 DISTANCE]0.009058234120281823
[VARIABLES]
	[RESULT 1] [0 7.840596614589943 1 1 12 1000.0048224608287 1]
	[RESULT 2] [0 7.567521215548892 1 1 12 1000.0003550108115 1]
	[RESULT 3] [0 7.432054410398262 1 1 10 1000.0009742692315 1]
	[RESULT 4] [0 7.447760877804342 1 1 8 1000.001043906507 1]
	[RESULT 5] [0 7.340089983675527 1 1 8 1000.0000003722528 1]
	[RESULT 6] [0 7.568376092574814 1 1 10 1000.000000318666 1]
	[RESULT 7] [0 7.431785169604168 1 1 9 1000.0019214137046 1]
	[RESULT 8] [0 7.432155121250052 1 1 10 1000.0009470862292 1]
	[RESULT 9] [0 7.431785169604168 1 1 9 1000.0019214137046 1]
	[RESULT 10] [0 7.178516563434008 1 1 10 1000.0017656135014 1]
	[RESULT 11] [0 7.470997980759119 1 1 9 1000.0000016566195 1]
	[RESULT 12] [0 7.081871601917976 1 1 9 1000.0001361661907 1]
	[RESULT 13] [0 7.470457598238759 1 1 9 1000.0000251927461 1]
	[RESULT 14] [0 7.294427023180773 1 1 11 1000.0282506051524 1]
	[RESULT 15] [0 7.4323799350182265 1 1 9 1000.0003716571947 1]
	[RESULT 16] [0 7.338910450982579 1 1 11 1000.0000203068226 1]
	[RESULT 17] [0 7.514509872646252 1 1 10 1000.0000004798889 1]
	[RESULT 18] [0 7.303128900009465 1 1 10 1000.0000014611591 1]
	[RESULT 19] [0 7.516041259697295 1 1 9 1000.0000206471958 1]
	[RESULT 20] [0 32.64899126232534 1 4 10 1000.1422561347991 1]
	[RESULT 21] [0 7.949443305879786 1 1 9 1000.0001032752008 1]
	[RESULT 22] [0 8.096593268444714 1 1 9 1000.0000195131163 1]
	[RESULT 23] [0 7.949443305879786 1 1 9 1000.0001032752008 1]
	[RESULT 24] [0 7.706298103201473 1 1 9 1000.0000659140712 1]
	[RESULT 25] [0 7.885714594924745 1 1 9 1000.0000180019088 1]
	[RESULT 26] [0 10.190116837888159 1 1 9 1000.2909378695869 1]
	[RESULT 27] [0 7.57072765136502 1 1 9 1000.000000318666 1]
	[RESULT 28] [0 7.431308346643565 1 1 10 1000.0000255857666 1]
	[RESULT 29] [0 7.44759861551845 1 1 9 1000.0017042254578 1]
	[RESULT 30] [0 7.431308346643565 1 1 12 1000.0000255857666 1]
	[RESULT 31] [0 7.949443305879786 1 1 9 1000.0001032752008 1]
	[RESULT 32] [0 7.431308346643565 1 1 12 1000.0000255857666 1]
	[RESULT 33] [0 7.178516563434008 1 1 10 1000.0017656135014 1]
	[RESULT 34] [0 7.479329658901466 1 1 8 1000.00000015108 1]
	[RESULT 35] [0 7.0854482841971596 1 1 8 1000.0000024865196 1]
	[RESULT 36] [0 6.9538603989083185 1 1 9 1000.0000568979412 1]
	[RESULT 37] [0 7.343938234984121 1 1 8 1000.0000029410568 1]
	[RESULT 38] [0 7.430400505246111 1 1 13 1000.0018378005818 1]
	[RESULT 39] [0 7.340089983675527 1 1 8 1000.0000003722528 1]
	[RESULT 40] [0 7.514315816759824 1 1 11 1000.0000009042254 1]
	[RESULT 41] [0 7.303459844840378 1 1 11 1000.0000092222036 1]
	[RESULT 42] [0 7.885320726791594 1 1 11 1000.0000863965712 1]
	[RESULT 43] [0 7.514315816759824 1 1 11 1000.0000009042254 1]
	[RESULT 44] [0 7.306056712960316 1 1 11 1000.0598506368214 1]
	[RESULT 45] [0 7.515872406149062 1 1 12 1000.0000487695208 1]
	[RESULT 46] [0 8.161504365016679 1 1 10 1000.0000048097238 1]
	[RESULT 47] [0 7.438902961342284 1 1 8 1000.0000079997614 1]
	[RESULT 48] [0 7.4391833129605525 1 1 11 1000.0000000909436 1]
	[RESULT 49] [0 7.303459844840378 1 1 11 1000.0000092222036 1]
	[RESULT 50] [0 7.431308346643565 1 1 9 1000.0000255857666 1]
	[RESULT 51] [0 10.697990192133085 1 1 10 1000.0000341926084 1]
	[RESULT 52] [0 7.43806681672787 1 1 10 1000.0000065409965 1]
	[RESULT 53] [0 7.303459844840378 1 1 11 1000.0000092222036 1]
	[RESULT 54] [0 7.431775417488101 1 1 10 1000.000000622892 1]
	[RESULT 55] [0 7.539628185697746 1 1 10 1000.0018378005818 1]
	[RESULT 56] [0 7.430400505246111 1 1 13 1000.0018378005818 1]
	[RESULT 57] [0 7.3398831840172996 1 1 8 1000.0000000417562 1]
	[RESULT 58] [0 7.884253538397421 1 1 10 1000.0001384406197 1]
	[RESULT 59] [0 7.430400505246111 1 1 13 1000.0018378005818 1]
	[RESULT 60] [0 7.120600068220138 1 1 6 1000.000117908159 1]
	[RESULT 61] [0 7.332944984508503 1 1 11 1000.0000251244256 1]
	[RESULT 62] [0 6.846037754696771 1 1 7 1000.0006713460851 1]
	[RESULT 63] [0 7.332427134302325 1 1 10 1000.0003273534141 1]
	[RESULT 64] [0 6.671190986379176 1 1 9 1000.0034047975879 1]
	[RESULT 65] [0 7.082075674860127 1 1 11 1000.0001367127905 1]
	[RESULT 66] [0 7.825888721683607 1 1 10 1000.0009470862292 1]
	[RESULT 67] [0 7.33491209904403 1 1 10 1000.0001549104358 1]
	[RESULT 68] [0 6.674988724320843 1 1 10 1000.0049793024878 1]
	[RESULT 69] [0 7.082075674860127 1 1 11 1000.0001367127905 1]
	[RESULT 70] [0 7.312918646144385 1 1 7 1000.0069438565228 1]
	[RESULT 71] [0 7.085579338298293 1 1 9 1000.0282244677039 1]
	[RESULT 72] [0 7.340908058863737 1 1 11 1000.0000203068226 1]
	[RESULT 73] [0 7.479895716690344 1 1 9 1000.0000001550021 1]
	[RESULT 74] [0 7.885320726791594 1 1 11 1000.0000863965712 1]
	[RESULT 75] [0 7.47896567989326 1 1 8 1000.0014148068738 1]
	[RESULT 76] [0 7.431938447932793 1 1 10 1000.0000001799233 1]
	[RESULT 77] [0 7.451111814596226 1 1 10 1000.000000460367 1]
	[RESULT 78] [0 7.084215593275146 1 1 9 1000.0001254329545 1]
[OBJECTIVES]
	[RESULT 1] [0.01170849 0.01801037 0.01630188 0.01140142 0.00400519 0.09260376
 0.         0.00659436 0.00630188 0.00260376 0.         0.01120849
 0.00040661 0.00919812]
	[RESULT 2] [0.01180814 0.01820968 0.01640153 0.01130177 0.00410484 0.09280307
 0.         0.0062954  0.00640153 0.00280307 0.         0.01130814
 0.00040661 0.00909847]
	[RESULT 3] [0.01186346 0.01832032 0.01645685 0.01124645 0.00416016 0.09291371
 0.         0.00612944 0.00645685 0.00291371 0.         0.01136346
 0.00040661 0.00904315]
	[RESULT 4] [0.01185683 0.01830704 0.01645022 0.01125309 0.00415352 0.09290043
 0.         0.00614935 0.00645022 0.00290043 0.         0.01135683
 0.00040661 0.00904978]
	[RESULT 5] [0.01190358 0.01840054 0.01649697 0.01120634 0.00420027 0.09299393
 0.         0.0060091  0.00649697 0.00299393 0.         0.01140358
 0.00040661 0.00900303]
	[RESULT 6] [0.01180781 0.01820901 0.0164012  0.01130211 0.0041045  0.0928024
 0.         0.00629641 0.0064012  0.0028024  0.         0.01130781
 0.00040661 0.0090988 ]
	[RESULT 7] [0.01186358 0.01832055 0.01645697 0.01124634 0.00416027 0.09291394
 0.         0.0061291  0.00645697 0.00291394 0.         0.01136358
 0.00040661 0.00904303]
	[RESULT 8] [0.01186342 0.01832023 0.01645681 0.0112465  0.00416012 0.09291362
 0.         0.00612957 0.00645681 0.00291362 0.         0.01136342
 0.00040661 0.00904319]
	[RESULT 9] [0.01186358 0.01832055 0.01645697 0.01124634 0.00416027 0.09291394
 0.         0.0061291  0.00645697 0.00291394 0.         0.01136358
 0.00040661 0.00904303]
	[RESULT 10] [0.01197967 0.01855273 0.01657306 0.01113024 0.00427637 0.09314612
 0.         0.00578082 0.00657306 0.00314612 0.         0.01147967
 0.00040661 0.00892694]
	[RESULT 11] [0.01184712 0.01828763 0.01644051 0.0112628  0.00414381 0.09288102
 0.         0.00617848 0.00644051 0.00288102 0.         0.01134712
 0.00040661 0.00905949]
	[RESULT 12] [0.012029   0.01865139 0.01662239 0.01108092 0.0043257  0.09324478
 0.         0.00563283 0.00662239 0.00324478 0.         0.011529
 0.00040661 0.00887761]
	[RESULT 13] [0.01184734 0.01828808 0.01644073 0.01126257 0.00414404 0.09288146
 0.         0.0061778  0.00644073 0.00288146 0.         0.01134734
 0.00040661 0.00905927]
	[RESULT 14] [0.01192433 0.01844204 0.01651771 0.01118559 0.00422102 0.09303543
 0.         0.00594686 0.00651771 0.00303543 0.         0.01142433
 0.00040661 0.00898229]
	[RESULT 15] [0.01186333 0.01832004 0.01645672 0.01124659 0.00416002 0.09291343
 0.         0.00612985 0.00645672 0.00291343 0.         0.01136333
 0.00040661 0.00904328]
	[RESULT 16] [0.01190411 0.0184016  0.01649749 0.01120581 0.0042008  0.09299499
 0.         0.00600752 0.00649749 0.00299499 0.         0.01140411
 0.00040661 0.00900251]
	[RESULT 17] [0.01182929 0.01825196 0.01642267 0.01128063 0.00412598 0.09284535
 0.         0.00623198 0.00642267 0.00284535 0.         0.01132929
 0.00040661 0.00907733]
	[RESULT 18] [0.01192033 0.01843404 0.01651372 0.01118959 0.00421702 0.09302743
 0.         0.00595885 0.00651372 0.00302743 0.         0.01142033
 0.00040661 0.00898628]
	[RESULT 19] [0.01182867 0.01825072 0.01642205 0.01128125 0.00412536 0.09284411
 0.         0.00623384 0.00642205 0.00284411 0.         0.01132867
 0.00040661 0.00907795]
	[RESULT 20] [0.01058115 0.01575567 0.01517453 0.01252878 0.00287784 0.09034905
 0.         0.00852358 0.00517453 0.00034905 0.         0.00858115
 0.00040662 0.01182547]
	[RESULT 21] [0.01167261 0.01793861 0.016266   0.0114373  0.00396931 0.092532
 0.         0.006702   0.006266   0.002532   0.         0.01117261
 0.00040661 0.009234  ]
	[RESULT 22] [0.01162714 0.01784766 0.01622053 0.01148278 0.00392383 0.09244105
 0.         0.00683842 0.00622053 0.00244105 0.         0.01112714
 0.00040661 0.00927947]
	[RESULT 23] [0.01167261 0.01793861 0.016266   0.0114373  0.00396931 0.092532
 0.         0.006702   0.006266   0.002532   0.         0.01117261
 0.00040661 0.009234  ]
	[RESULT 24] [0.01175567 0.01810472 0.01634906 0.01135425 0.00405236 0.09269811
 0.         0.00645283 0.00634906 0.00269811 0.         0.01125567
 0.00040661 0.00915094]
	[RESULT 25] [0.01169338 0.01798014 0.01628676 0.01141654 0.00399007 0.09257353
 0.         0.00663971 0.00628676 0.00257353 0.         0.01119338
 0.00040661 0.00921324]
	[RESULT 26] [0.01121437 0.01702211 0.01580774 0.01189558 0.00351105 0.09161548
 0.         0.00807678 0.00580774 0.00161548 0.         0.01071437
 0.00040663 0.00969226]
	[RESULT 27] [0.01180689 0.01820716 0.01640027 0.01130303 0.00410358 0.09280055
 0.         0.00629918 0.00640027 0.00280055 0.         0.01130689
 0.00040661 0.00909973]
	[RESULT 28] [0.01186378 0.01832095 0.01645717 0.01124614 0.00416048 0.09291434
 0.         0.00612849 0.00645717 0.00291434 0.         0.01136378
 0.00040661 0.00904283]
	[RESULT 29] [0.0118569  0.01830718 0.01645028 0.01125302 0.00415359 0.09290057
 0.         0.00614915 0.00645028 0.00290057 0.         0.0113569
 0.00040661 0.00904972]
	[RESULT 30] [0.01186378 0.01832095 0.01645717 0.01124614 0.00416048 0.09291434
 0.         0.00612849 0.00645717 0.00291434 0.         0.01136378
 0.00040661 0.00904283]
	[RESULT 31] [0.01167261 0.01793861 0.016266   0.0114373  0.00396931 0.092532
 0.         0.006702   0.006266   0.002532   0.         0.01117261
 0.00040661 0.009234  ]
	[RESULT 32] [0.01186378 0.01832095 0.01645717 0.01124614 0.00416048 0.09291434
 0.         0.00612849 0.00645717 0.00291434 0.         0.01136378
 0.00040661 0.00904283]
	[RESULT 33] [0.01197967 0.01855273 0.01657306 0.01113024 0.00427637 0.09314612
 0.         0.00578082 0.00657306 0.00314612 0.         0.01147967
 0.00040661 0.00892694]
	[RESULT 34] [0.01184367 0.01828073 0.01643706 0.01126625 0.00414036 0.09287412
 0.         0.00618882 0.00643706 0.00287412 0.         0.01134367
 0.00040661 0.00906294]
	[RESULT 35] [0.01202712 0.01864763 0.01662051 0.0110828  0.00432382 0.09324102
 0.         0.00563847 0.00662051 0.00324102 0.         0.01152712
 0.00040661 0.00887949]
	[RESULT 36] [0.01209931 0.01879201 0.0166927  0.01101061 0.00439601 0.0933854
 0.         0.0054219  0.0066927  0.0033854  0.         0.01159931
 0.00040661 0.0088073 ]
	[RESULT 37] [0.01190185 0.0183971  0.01649524 0.01120806 0.00419855 0.09299049
 0.         0.00601427 0.00649524 0.00299049 0.         0.01140185
 0.00040661 0.00900476]
	[RESULT 38] [0.01186417 0.01832172 0.01645756 0.01124575 0.00416086 0.09291511
 0.         0.00612733 0.00645756 0.00291511 0.         0.01136417
 0.00040661 0.00904244]
	[RESULT 39] [0.01190358 0.01840054 0.01649697 0.01120634 0.00420027 0.09299393
 0.         0.0060091  0.00649697 0.00299393 0.         0.01140358
 0.00040661 0.00900303]
	[RESULT 40] [0.01182936 0.01825212 0.01642275 0.01128055 0.00412606 0.0928455
 0.         0.00623174 0.00642275 0.0028455  0.         0.01132936
 0.00040661 0.00907725]
	[RESULT 41] [0.01192018 0.01843374 0.01651356 0.01118974 0.00421687 0.09302713
 0.         0.00595931 0.00651356 0.00302713 0.         0.01142018
 0.00040661 0.00898644]
	[RESULT 42] [0.01169351 0.0179804  0.0162869  0.01141641 0.0039902  0.09257379
 0.         0.00663931 0.0062869  0.00257379 0.         0.01119351
 0.00040661 0.0092131 ]
	[RESULT 43] [0.01182936 0.01825212 0.01642275 0.01128055 0.00412606 0.0928455
 0.         0.00623174 0.00642275 0.0028455  0.         0.01132936
 0.00040661 0.00907725]
	[RESULT 44] [0.01191899 0.01843137 0.01651238 0.01119093 0.00421568 0.09302475
 0.         0.00596287 0.00651238 0.00302475 0.         0.01141899
 0.00040662 0.00898762]
	[RESULT 45] [0.01182873 0.01825086 0.01642212 0.01128118 0.00412543 0.09284424
 0.         0.00623363 0.00642212 0.00284424 0.         0.01132873
 0.00040661 0.00907788]
	[RESULT 46] [0.0116081  0.01780959 0.01620149 0.01150182 0.00390479 0.09240298
 0.         0.00689553 0.00620149 0.00240298 0.         0.0111081
 0.00040661 0.00929851]
	[RESULT 47] [0.01186056 0.01831452 0.01645395 0.01124935 0.00415726 0.0929079
 0.         0.00613814 0.00645395 0.0029079  0.         0.01136056
 0.00040661 0.00904605]
	[RESULT 48] [0.01186045 0.01831428 0.01645383 0.01124947 0.00415714 0.09290767
 0.         0.0061385  0.00645383 0.00290767 0.         0.01136045
 0.00040661 0.00904617]
	[RESULT 49] [0.01192018 0.01843374 0.01651356 0.01118974 0.00421687 0.09302713
 0.         0.00595931 0.00651356 0.00302713 0.         0.01142018
 0.00040661 0.00898644]
	[RESULT 50] [0.01186378 0.01832095 0.01645717 0.01124614 0.00416048 0.09291434
 0.         0.00612849 0.00645717 0.00291434 0.         0.01136378
 0.00040661 0.00904283]
	[RESULT 51] [0.0111531  0.0168996  0.01574649 0.01195681 0.0034498  0.09149299
 0.         0.00826052 0.00574649 0.00149299 0.         0.0106531
 0.00040661 0.00975351]
	[RESULT 52] [0.01186092 0.01831522 0.01645431 0.011249   0.00415761 0.09290861
 0.         0.00613708 0.00645431 0.00290861 0.         0.01136092
 0.00040661 0.00904569]
	[RESULT 53] [0.01192018 0.01843374 0.01651356 0.01118974 0.00421687 0.09302713
 0.         0.00595931 0.00651356 0.00302713 0.         0.01142018
 0.00040661 0.00898644]
	[RESULT 54] [0.01186358 0.01832056 0.01645697 0.01124633 0.00416028 0.09291394
 0.         0.00612908 0.00645697 0.00291394 0.         0.01136358
 0.00040661 0.00904303]
	[RESULT 55] [0.01181919 0.01823177 0.01641258 0.01129073 0.00411588 0.09282516
 0.         0.00626227 0.00641258 0.00282516 0.         0.01131919
 0.00040661 0.00908742]
	[RESULT 56] [0.01186417 0.01832172 0.01645756 0.01124575 0.00416086 0.09291511
 0.         0.00612733 0.00645756 0.00291511 0.         0.01136417
 0.00040661 0.00904244]
	[RESULT 57] [0.01190367 0.01840073 0.01649706 0.01120625 0.00420036 0.09299412
 0.         0.00600882 0.00649706 0.00299412 0.         0.01140367
 0.00040661 0.00900294]
	[RESULT 58] [0.01169386 0.01798111 0.01628725 0.01141606 0.00399055 0.0925745
 0.         0.00663825 0.00628725 0.0025745  0.         0.01119386
 0.00040661 0.00921275]
	[RESULT 59] [0.01186417 0.01832172 0.01645756 0.01124575 0.00416086 0.09291511
 0.         0.00612733 0.00645756 0.00291511 0.         0.01136417
 0.00040661 0.00904244]
	[RESULT 60] [0.01200887 0.01861112 0.01660226 0.01110105 0.00430556 0.09320451
 0.         0.00569323 0.00660226 0.00320451 0.         0.01150887
 0.00040661 0.00889774]
	[RESULT 61] [0.01190679 0.01840696 0.01650017 0.01120313 0.00420348 0.09300035
 0.         0.00599948 0.00650017 0.00300035 0.         0.01140679
 0.00040661 0.00899983]
	[RESULT 62] [0.01216344 0.01892027 0.01675683 0.01094648 0.00446013 0.09351366
 0.         0.00522951 0.00675683 0.00351366 0.         0.01166344
 0.00040661 0.00874317]
	[RESULT 63] [0.01190702 0.01840743 0.01650041 0.0112029  0.00420371 0.09300082
 0.         0.00599878 0.00650041 0.00300082 0.         0.01140702
 0.00040661 0.00899959]
	[RESULT 64] [0.01227844 0.01915026 0.01687182 0.01083148 0.00457513 0.09374365
 0.         0.00488453 0.00687182 0.00374365 0.         0.01177844
 0.00040661 0.00862818]
	[RESULT 65] [0.01202889 0.01865118 0.01662228 0.01108102 0.00432559 0.09324457
 0.         0.00563315 0.00662228 0.00324457 0.         0.01152889
 0.00040661 0.00887772]
	[RESULT 66] [0.0117135  0.01802038 0.01630689 0.01139642 0.00401019 0.09261377
 0.         0.00657934 0.00630689 0.00261377 0.         0.0112135
 0.00040661 0.00919311]
	[RESULT 67] [0.0119059  0.01840519 0.01649929 0.01120402 0.0042026  0.09299858
 0.         0.00600213 0.00649929 0.00299858 0.         0.0114059
 0.00040661 0.00900071]
	[RESULT 68] [0.01227578 0.01914495 0.01686917 0.01083414 0.00457247 0.09373833
 0.         0.0048925  0.00686917 0.00373833 0.         0.01177578
 0.00040661 0.00863083]
	[RESULT 69] [0.01202889 0.01865118 0.01662228 0.01108102 0.00432559 0.09324457
 0.         0.00563315 0.00662228 0.00324457 0.         0.01152889
 0.00040661 0.00887772]
	[RESULT 70] [0.01191586 0.0184251  0.01650924 0.01119406 0.00421255 0.09301849
 0.         0.00597227 0.00650924 0.00301849 0.         0.01141586
 0.00040661 0.00899076]
	[RESULT 71] [0.01202705 0.0186475  0.01662044 0.01108287 0.00432375 0.09324088
 0.         0.00563868 0.00662044 0.00324088 0.         0.01152705
 0.00040661 0.00887956]
	[RESULT 72] [0.01190321 0.01839981 0.0164966  0.01120671 0.0041999  0.0929932
 0.         0.0060102  0.0064966  0.0029932  0.         0.01140321
 0.00040661 0.0090034 ]
	[RESULT 73] [0.01184344 0.01828026 0.01643682 0.01126648 0.00414013 0.09287365
 0.         0.00618953 0.00643682 0.00287365 0.         0.01134344
 0.00040661 0.00906318]
	[RESULT 74] [0.01169351 0.0179804  0.0162869  0.01141641 0.0039902  0.09257379
 0.         0.00663931 0.0062869  0.00257379 0.         0.01119351
 0.00040661 0.0092131 ]
	[RESULT 75] [0.01184382 0.01828103 0.01643721 0.0112661  0.00414051 0.09287442
 0.         0.00618837 0.00643721 0.00287442 0.         0.01134382
 0.00040661 0.00906279]
	[RESULT 76] [0.01186351 0.01832042 0.0164569  0.0112464  0.00416021 0.09291381
 0.         0.00612929 0.0064569  0.00291381 0.         0.01136351
 0.00040661 0.0090431 ]
	[RESULT 77] [0.01185542 0.01830423 0.01644881 0.0112545  0.00415211 0.09289762
 0.         0.00615357 0.00644881 0.00289762 0.         0.01135542
 0.00040661 0.00905119]
	[RESULT 78] [0.01202777 0.01864893 0.01662116 0.01108215 0.00432446 0.09324232
 0.         0.00563653 0.00662116 0.00324232 0.         0.01152777
 0.00040661 0.00887884]
