[METRICS]
	[DISEQUILIBRIUM COUNT] 0
	[MINIMUM S0 sTrt S1 DISTANCE]0.010533282794319976
	[MINIMUM S0 sTrt S21 DISTANCE]0.01496717277069437
	[MINIMUM S0 sTrt S22 DISTANCE]0.015109163031074763
	[MINIMUM S7 sTrt S6 DISTANCE]0.007711692797792213
	[MINIMUM S7 sTrt S8 DISTANCE]0.0028299759112617173
	[MINIMUM S7 sTrt S21 DISTANCE]0.0902183260621495
	[MINIMUM S7 esTrt S22 DISTANCE]0.0
	[MINIMUM S14 sTrt S13 DISTANCE]8.387012537525163e-06
	[MINIMUM S14 sTrt S15 DISTANCE]0.0051091630310747815
	[MINIMUM S14 sTrt S21 DISTANCE]0.00021832606214949174
	[MINIMUM S14 sTrt S22 DISTANCE]0.0
	[MINIMUM S20 sTrt S19 DISTANCE]0.00866848191664149
	[MINIMUM S20 sTrt S21 DISTANCE]0.00040661157024797154
	[MINIMUM S20 sTrt S22 DISTANCE]0.003172983396652361
	[AVERAGE S0 sTrt S1 DISTANCE]0.012078092282803881
	[AVERAGE S0 sTrt S21 DISTANCE]0.018549150749933147
	[AVERAGE S0 sTrt S22 DISTANCE]0.016489885943669517
	[AVERAGE S7 sTrt S6 DISTANCE]0.011310379690883795
	[AVERAGE S7 sTrt S8 DISTANCE]0.004290151578222697
	[AVERAGE S7 sTrt S21 DISTANCE]0.09297977188733876
	[AVERAGE S7 sTrt S22 DISTANCE]0.0
	[AVERAGE S14 sTrt S13 DISTANCE]0.006034929701121528
	[AVERAGE S14 sTrt S15 DISTANCE]0.0064898859436694715
	[AVERAGE S14 sTrt S21 DISTANCE]0.002979771887338903
	[AVERAGE S14 sTrt S22 DISTANCE]0.0
	[AVERAGE S20 sTrt S19 DISTANCE]0.011506663711375485
	[AVERAGE S20 sTrt S21 DISTANCE]0.00047308388474014753
	[AVERAGE S20 sTrt S22 DISTANCE]0.008968894439185832
[VARIABLES]
	[RESULT 1] [0 7.610595674252169 1 1 17 1000.0000029003361 1]
	[RESULT 2] [0 7.4128359214712995 1 1 21 1000.0954517857112 1]
	[RESULT 3] [0 7.268542210052415 1 1 17 1000.0014071929037 1]
	[RESULT 4] [0 7.264215183711147 1 1 18 1000.0002608674392 1]
	[RESULT 5] [0 7.267816770937844 1 1 17 1000.0000008211467 1]
	[RESULT 6] [0 7.36849124207585 1 1 17 1000.0031566699026 1]
	[RESULT 7] [0 7.268002513250363 1 1 18 1000.0000162115242 1]
	[RESULT 8] [0 7.267866361845888 1 1 17 1000.0002278309707 1]
	[RESULT 9] [0 7.287349703344163 1 1 17 1000.0220686479507 1]
	[RESULT 10] [0 6.964170032194615 1 1 14 1011.0548915087504 1]
	[RESULT 11] [0 7.289582999765896 1 1 18 1000.0000003750754 1]
	[RESULT 12] [0 7.174599545605358 1 1 18 1000.000060523613 1]
	[RESULT 13] [0 7.264215183711147 1 1 18 1000.0002608674392 1]
	[RESULT 14] [0 7.168730987261911 1 1 18 1000.0000066696138 1]
	[RESULT 15] [0 7.105131796224767 1 1 16 1000.000000260686 1]
	[RESULT 16] [0 42.4571726730581 1 3 23 1000.0316952010662 1]
	[RESULT 17] [0 7.721984863818411 1 1 14 1000.0000016656994 1]
	[RESULT 18] [0 7.848678691083484 1 1 24 1000.0000079306024 1]
	[RESULT 19] [0 7.721984863818411 1 1 14 1000.0000016656994 1]
	[RESULT 20] [0 7.52685677468115 1 1 24 1000.0000000005565 1]
	[RESULT 21] [0 7.687588634118063 1 1 17 1000.0000000049524 1]
	[RESULT 22] [0 9.663502553358533 1 1 22 1000.0000836679785 1]
	[RESULT 23] [0 7.382626368948468 1 1 19 1000.0000210018547 1]
	[RESULT 24] [0 7.251054563655343 1 1 13 1000.0000018663341 1]
	[RESULT 25] [0 7.279598883402563 1 1 20 1000.0000892089876 1]
	[RESULT 26] [0 7.714394962624829 1 1 20 1000.0000013897217 1]
	[RESULT 27] [0 7.048479341248043 1 1 14 1000.0000095916224 1]
	[RESULT 28] [0 7.279346983468515 1 1 17 1000.0000016033355 1]
	[RESULT 29] [0 6.921262129977983 1 1 15 1000.0000023965674 1]
	[RESULT 30] [0 7.279346983468515 1 1 17 1000.0000016033355 1]
	[RESULT 31] [0 6.763338795377687 1 1 16 1000.0000006445349 1]
	[RESULT 32] [0 7.101783281961883 1 1 23 1000.0000017280279 1]
	[RESULT 33] [0 7.52685677468115 1 1 24 1000.0000000005565 1]
	[RESULT 34] [0 7.279346983468515 1 1 17 1000.0000016033355 1]
	[RESULT 35] [0 7.138581299825614 1 1 17 1000.0000002020761 1]
	[RESULT 36] [0 7.264215183711147 1 1 18 1000.0002608674392 1]
	[RESULT 37] [0 7.333415289963808 1 1 13 1000.000001154152 1]
	[RESULT 38] [0 7.168730987261911 1 1 18 1000.0000066696138 1]
	[RESULT 39] [0 7.3257540514720585 1 1 23 1000.0015494461463 1]
	[RESULT 40] [0 7.105119922287638 1 1 13 1000.0000062794879 1]
	[RESULT 41] [0 7.280262549510275 1 1 20 1000.0000005004886 1]
	[RESULT 42] [0 7.6781804174718165 1 1 17 1000.0000069504905 1]
	[RESULT 43] [0 7.3257540514720585 1 1 23 1000.0015494461463 1]
	[RESULT 44] [0 7.105119922287638 1 1 13 1000.0000062794879 1]
	[RESULT 45] [0 7.331248647628139 1 1 17 1000.0004904169904 1]
	[RESULT 46] [0 7.93335294901172 1 1 22 1000.0187441276123 1]
	[RESULT 47] [0 7.267943907949112 1 1 18 1000.0000277504481 1]
	[RESULT 48] [0 7.136255111703366 1 1 16 1000.000002347475 1]
	[RESULT 49] [0 9.989475942315991 1 1 21 1000.0000031153716 1]
	[RESULT 50] [0 7.267860851857154 1 1 17 1000.0000013300504 1]
	[RESULT 51] [0 7.138581299825614 1 1 17 1000.0000002020761 1]
	[RESULT 52] [0 7.264224479363127 1 1 18 1000.0001514881496 1]
	[RESULT 53] [0 7.344573850608208 1 1 15 1000.0129140070203 1]
	[RESULT 54] [0 7.267834407328264 1 1 23 1000.00000005694 1]
	[RESULT 55] [0 7.333415289963808 1 1 13 1000.000001154152 1]
	[RESULT 56] [0 7.168730987261911 1 1 18 1000.0000066696138 1]
	[RESULT 57] [0 7.333038405688265 1 1 17 1000.0000001434751 1]
	[RESULT 58] [0 7.105528482225713 1 1 24 1000.000000603077 1]
	[RESULT 59] [0 7.280262549510275 1 1 20 1000.0000005004886 1]
	[RESULT 60] [0 7.664150955405358 1 1 20 1000.0000002763669 1]
	[RESULT 61] [0 7.333038405688265 1 1 17 1000.0000001434751 1]
	[RESULT 62] [0 7.101783281961883 1 1 23 1000.0000017280279 1]
	[RESULT 63] [0 7.2859849478207535 1 1 23 1000.0000222700301 1]
	[RESULT 64] [0 7.333415289963808 1 1 13 1000.000001154152 1]
	[RESULT 65] [0 7.018278195739705 1 1 17 1000.0002608674392 1]
	[RESULT 66] [0 7.250620306052693 1 1 17 1000.0000025502553 1]
	[RESULT 67] [0 6.855909574878106 1 1 18 1000.000027260662 1]
	[RESULT 68] [0 7.250620306052693 1 1 17 1000.0000025502553 1]
	[RESULT 69] [0 6.637753338242782 1 1 16 1000.0006011916353 1]
	[RESULT 70] [0 7.018278195739705 1 1 17 1000.0002608674392 1]
	[RESULT 71] [0 7.55454689410728 1 1 17 1000.0619552996774 1]
	[RESULT 72] [0 7.250621545251424 1 1 16 1000.0006661418047 1]
	[RESULT 73] [0 6.613498287453986 1 1 21 1000.0708551180427 1]
	[RESULT 74] [0 7.035633847376894 1 1 14 1000.000084040217 1]
	[RESULT 75] [0 7.010269502208989 1 1 16 1000.0006557722647 1]
	[RESULT 76] [0 7.251054563655343 1 1 13 1000.0000018663341 1]
	[RESULT 77] [0 7.168730987261911 1 1 18 1000.0000066696138 1]
	[RESULT 78] [0 7.105528482225713 1 1 24 1000.000000603077 1]
	[RESULT 79] [0 7.280262549510275 1 1 20 1000.0000005004886 1]
	[RESULT 80] [0 7.687785310391193 1 1 17 1000.0000517980935 1]
	[RESULT 81] [0 7.107004988786767 1 1 23 1000.0000004943186 1]
	[RESULT 82] [0 7.2896266684733835 1 1 22 1000.000023472148 1]
	[RESULT 83] [0 7.267834462071928 1 1 17 1000.0000013300504 1]
	[RESULT 84] [0 7.288877692124176 1 1 14 1000.000032476982 1]
	[RESULT 85] [0 7.021766926828695 1 1 17 1000.000021009942 1]
	[RESULT 86] [0 7.3329758738543 1 1 23 1000.0000271899719 1]
[OBJECTIVES]
	[RESULT 1] [0.01179142 0.01817624 0.01638481 0.01131849 0.00408812 0.09276963
 0.         0.00634556 0.00638481 0.00276963 0.         0.01129142
 0.00040661 0.00911519]
	[RESULT 2] [0.01187168 0.01833673 0.01646506 0.01123825 0.00416837 0.09293011
 0.         0.00610483 0.00646506 0.00293011 0.         0.01137168
 0.00040662 0.00903494]
	[RESULT 3] [0.01193635 0.01846608 0.01652973 0.01117357 0.00423304 0.09305947
 0.         0.0059108  0.00652973 0.00305947 0.         0.01143635
 0.00040661 0.00897027]
	[RESULT 4] [0.01193837 0.01847014 0.01653176 0.01117154 0.00423507 0.09306352
 0.         0.00590471 0.00653176 0.00306352 0.         0.01143837
 0.00040661 0.00896824]
	[RESULT 5] [0.01193669 0.01846676 0.01653007 0.01117323 0.00423338 0.09306015
 0.         0.00590978 0.00653007 0.00306015 0.         0.01143669
 0.00040661 0.00896993]
	[RESULT 6] [0.01189096 0.0183753  0.01648434 0.01121896 0.00418765 0.09296869
 0.         0.00604697 0.00648434 0.00296869 0.         0.01139096
 0.00040661 0.00901566]
	[RESULT 7] [0.0119366  0.01846658 0.01652999 0.01117332 0.00423329 0.09305997
 0.         0.00591004 0.00652999 0.00305997 0.         0.0114366
 0.00040661 0.00897001]
	[RESULT 8] [0.01193666 0.01846671 0.01653005 0.01117326 0.00423336 0.0930601
 0.         0.00590985 0.00653005 0.0030601  0.         0.01143666
 0.00040661 0.00896995]
	[RESULT 9] [0.0119276  0.01844858 0.01652098 0.01118232 0.00422429 0.09304196
 0.         0.00593705 0.00652098 0.00304196 0.         0.0114276
 0.00040661 0.00897902]
	[RESULT 10] [0.01209418 0.018781   0.01668681 0.01101687 0.0043905  0.09337363
 0.         0.00543956 0.00668681 0.00337363 0.         0.01159418
 0.00040737 0.00881319]
	[RESULT 11] [0.01192656 0.01844651 0.01651995 0.01118336 0.00422326 0.0930399
 0.         0.00594015 0.00651995 0.0030399  0.         0.01142656
 0.00040661 0.00898005]
	[RESULT 12] [0.01198161 0.01855662 0.016575   0.0111283  0.00427831 0.09315
 0.         0.00577499 0.006575   0.00315    0.         0.01148161
 0.00040661 0.008925  ]
	[RESULT 13] [0.01193837 0.01847014 0.01653176 0.01117154 0.00423507 0.09306352
 0.         0.00590471 0.00653176 0.00306352 0.         0.01143837
 0.00040661 0.00896824]
	[RESULT 14] [0.01198453 0.01856245 0.01657792 0.01112539 0.00428122 0.09315584
 0.         0.00576624 0.00657792 0.00315584 0.         0.01148453
 0.00040661 0.00892208]
	[RESULT 15] [0.01201685 0.01862709 0.01661024 0.01109307 0.00431354 0.09322048
 0.         0.00566929 0.00661024 0.00322048 0.         0.01151685
 0.00040661 0.00888976]
	[RESULT 16] [0.01053663 0.01566664 0.01513001 0.01257329 0.00283332 0.09026003
 0.         0.00889004 0.00513001 0.00026003 0.         0.00903663
 0.00040661 0.01136999]
	[RESULT 17] [0.01174998 0.01809335 0.01634337 0.01135994 0.00404668 0.09268674
 0.         0.00646989 0.00634337 0.00268674 0.         0.01124998
 0.00040661 0.00915663]
	[RESULT 18] [0.01170576 0.01800491 0.01629915 0.01140416 0.00400245 0.09259829
 0.         0.00660256 0.00629915 0.00259829 0.         0.01120576
 0.00040661 0.00920085]
	[RESULT 19] [0.01174998 0.01809335 0.01634337 0.01135994 0.00404668 0.09268674
 0.         0.00646989 0.00634337 0.00268674 0.         0.01124998
 0.00040661 0.00915663]
	[RESULT 20] [0.0118243  0.018242   0.01641769 0.01128561 0.004121   0.09283539
 0.         0.00624692 0.00641769 0.00283539 0.         0.0113243
 0.00040661 0.00908231]
	[RESULT 21] [0.01176251 0.01811841 0.0163559  0.01134741 0.00405921 0.0927118
 0.         0.0064323  0.0063559  0.0027118  0.         0.01126251
 0.00040661 0.0091441 ]
	[RESULT 22] [0.01128946 0.0171723  0.01588285 0.01182046 0.00358615 0.09176569
 0.         0.00785146 0.00588285 0.00176569 0.         0.01078946
 0.00040661 0.00961715]
	[RESULT 23] [0.01188475 0.01836289 0.01647814 0.01122516 0.00418145 0.09295628
 0.         0.00606558 0.00647814 0.00295628 0.         0.01138475
 0.00040661 0.00902186]
	[RESULT 24] [0.01194457 0.01848254 0.01653796 0.01116534 0.00424127 0.09307592
 0.         0.00588611 0.00653796 0.00307592 0.         0.01144457
 0.00040661 0.00896204]
	[RESULT 25] [0.01193119 0.01845576 0.01652458 0.01117873 0.00422788 0.09304915
 0.         0.00592627 0.00652458 0.00304915 0.         0.01143119
 0.00040661 0.00897542]
	[RESULT 26] [0.01175273 0.01809884 0.01634611 0.01135719 0.00404942 0.09269223
 0.         0.00646166 0.00634611 0.00269223 0.         0.01125273
 0.00040661 0.00915389]
	[RESULT 27] [0.01204677 0.01868694 0.01664016 0.01106314 0.00434347 0.09328032
 0.         0.00557951 0.00664016 0.00328032 0.         0.01154677
 0.00040661 0.00885984]
	[RESULT 28] [0.01193131 0.018456   0.01652469 0.01117861 0.004228   0.09304939
 0.         0.00592592 0.00652469 0.00304939 0.         0.01143131
 0.00040661 0.00897531]
	[RESULT 29] [0.0121182  0.01882979 0.01671159 0.01099172 0.00441489 0.09342318
 0.         0.00536523 0.00671159 0.00342318 0.         0.0116182
 0.00040661 0.00878841]
	[RESULT 30] [0.01193131 0.018456   0.01652469 0.01117861 0.004228   0.09304939
 0.         0.00592592 0.00652469 0.00304939 0.         0.01143131
 0.00040661 0.00897531]
	[RESULT 31] [0.01221602 0.01902542 0.01680941 0.0108939  0.00451271 0.09361881
 0.         0.00507178 0.00680941 0.00361881 0.         0.01171602
 0.00040661 0.00869059]
	[RESULT 32] [0.01201859 0.01863056 0.01661198 0.01109133 0.00431528 0.09322395
 0.         0.00566407 0.00661198 0.00322395 0.         0.01151859
 0.00040661 0.00888802]
	[RESULT 33] [0.0118243  0.018242   0.01641769 0.01128561 0.004121   0.09283539
 0.         0.00624692 0.00641769 0.00283539 0.         0.0113243
 0.00040661 0.00908231]
	[RESULT 34] [0.01193131 0.018456   0.01652469 0.01117861 0.004228   0.09304939
 0.         0.00592592 0.00652469 0.00304939 0.         0.01143131
 0.00040661 0.00897531]
	[RESULT 35] [0.01199969 0.01859276 0.01659308 0.01111023 0.00429638 0.09318615
 0.         0.00572077 0.00659308 0.00318615 0.         0.01149969
 0.00040661 0.00890692]
	[RESULT 36] [0.01193837 0.01847014 0.01653176 0.01117154 0.00423507 0.09306352
 0.         0.00590471 0.00653176 0.00306352 0.         0.01143837
 0.00040661 0.00896824]
	[RESULT 37] [0.01190657 0.01840654 0.01649996 0.01120334 0.00420327 0.09299993
 0.         0.00600011 0.00649996 0.00299993 0.         0.01140657
 0.00040661 0.00900004]
	[RESULT 38] [0.01198453 0.01856245 0.01657792 0.01112539 0.00428122 0.09315584
 0.         0.00576624 0.00657792 0.00315584 0.         0.01148453
 0.00040661 0.00892208]
	[RESULT 39] [0.01191003 0.01841345 0.01650342 0.01119989 0.00420672 0.09300684
 0.         0.00598974 0.00650342 0.00300684 0.         0.01141003
 0.00040661 0.00899658]
	[RESULT 40] [0.01201686 0.0186271  0.01661024 0.01109306 0.00431355 0.09322049
 0.         0.00566927 0.00661024 0.00322049 0.         0.01151686
 0.00040661 0.00888976]
	[RESULT 41] [0.01193088 0.01845515 0.01652427 0.01117904 0.00422757 0.09304854
 0.         0.0059272  0.00652427 0.00304854 0.         0.01143088
 0.00040661 0.00897573]
	[RESULT 42] [0.01176598 0.01812535 0.01635937 0.01134394 0.00406267 0.09271874
 0.         0.0064219  0.00635937 0.00271874 0.         0.01126598
 0.00040661 0.00914063]
	[RESULT 43] [0.01191003 0.01841345 0.01650342 0.01119989 0.00420672 0.09300684
 0.         0.00598974 0.00650342 0.00300684 0.         0.01141003
 0.00040661 0.00899658]
	[RESULT 44] [0.01201686 0.0186271  0.01661024 0.01109306 0.00431355 0.09322049
 0.         0.00566927 0.00661024 0.00322049 0.         0.01151686
 0.00040661 0.00888976]
	[RESULT 45] [0.01190755 0.01840849 0.01650094 0.01120237 0.00420424 0.09300188
 0.         0.00599718 0.00650094 0.00300188 0.         0.01140755
 0.00040661 0.00899906]
	[RESULT 46] [0.01167779 0.01794897 0.01627118 0.01143213 0.00397449 0.09254236
 0.         0.00668646 0.00627118 0.00254236 0.         0.01117779
 0.00040661 0.00922882]
	[RESULT 47] [0.01193663 0.01846664 0.01653001 0.01117329 0.00423332 0.09306003
 0.         0.00590996 0.00653001 0.00306003 0.         0.01143663
 0.00040661 0.00896999]
	[RESULT 48] [0.01200087 0.01859513 0.01659426 0.01110905 0.00429756 0.09318852
 0.         0.00571723 0.00659426 0.00318852 0.         0.01150087
 0.00040661 0.00890574]
	[RESULT 49] [0.01124141 0.01707621 0.0158348  0.01186851 0.0035381  0.0916696
 0.         0.00799561 0.0058348  0.0016696  0.         0.01074141
 0.00040661 0.0096652 ]
	[RESULT 50] [0.01193666 0.01846672 0.01653005 0.01117325 0.00423336 0.09306011
 0.         0.00590984 0.00653005 0.00306011 0.         0.01143666
 0.00040661 0.00896995]
	[RESULT 51] [0.01199969 0.01859276 0.01659308 0.01111023 0.00429638 0.09318615
 0.         0.00572077 0.00659308 0.00318615 0.         0.01149969
 0.00040661 0.00890692]
	[RESULT 52] [0.01193837 0.01847013 0.01653176 0.01117155 0.00423506 0.09306351
 0.         0.00590473 0.00653176 0.00306351 0.         0.01143837
 0.00040661 0.00896824]
	[RESULT 53] [0.01190157 0.01839653 0.01649496 0.01120835 0.00419826 0.09298992
 0.         0.00601512 0.00649496 0.00298992 0.         0.01140157
 0.00040661 0.00900504]
	[RESULT 54] [0.01193668 0.01846674 0.01653007 0.01117324 0.00423337 0.09306013
 0.         0.0059098  0.00653007 0.00306013 0.         0.01143668
 0.00040661 0.00896993]
	[RESULT 55] [0.01190657 0.01840654 0.01649996 0.01120334 0.00420327 0.09299993
 0.         0.00600011 0.00649996 0.00299993 0.         0.01140657
 0.00040661 0.00900004]
	[RESULT 56] [0.01198453 0.01856245 0.01657792 0.01112539 0.00428122 0.09315584
 0.         0.00576624 0.00657792 0.00315584 0.         0.01148453
 0.00040661 0.00892208]
	[RESULT 57] [0.01190674 0.01840688 0.01650013 0.01120317 0.00420344 0.09300027
 0.         0.0059996  0.00650013 0.00300027 0.         0.01140674
 0.00040661 0.00899987]
	[RESULT 58] [0.01201664 0.01862668 0.01661003 0.01109327 0.00431334 0.09322006
 0.         0.0056699  0.00661003 0.00322006 0.         0.01151664
 0.00040661 0.00888997]
	[RESULT 59] [0.01193088 0.01845515 0.01652427 0.01117904 0.00422757 0.09304854
 0.         0.0059272  0.00652427 0.00304854 0.         0.01143088
 0.00040661 0.00897573]
	[RESULT 60] [0.01177118 0.01813576 0.01636457 0.01133873 0.00406788 0.09272915
 0.         0.00640628 0.00636457 0.00272915 0.         0.01127118
 0.00040661 0.00913543]
	[RESULT 61] [0.01190674 0.01840688 0.01650013 0.01120317 0.00420344 0.09300027
 0.         0.0059996  0.00650013 0.00300027 0.         0.01140674
 0.00040661 0.00899987]
	[RESULT 62] [0.01201859 0.01863056 0.01661198 0.01109133 0.00431528 0.09322395
 0.         0.00566407 0.00661198 0.00322395 0.         0.01151859
 0.00040661 0.00888802]
	[RESULT 63] [0.01192823 0.01844984 0.01652161 0.01118169 0.00422492 0.09304323
 0.         0.00593516 0.00652161 0.00304323 0.         0.01142823
 0.00040661 0.00897839]
	[RESULT 64] [0.01190657 0.01840654 0.01649996 0.01120334 0.00420327 0.09299993
 0.         0.00600011 0.00649996 0.00299993 0.         0.01140657
 0.00040661 0.00900004]
	[RESULT 65] [0.01206319 0.01871976 0.01665657 0.01104673 0.00435988 0.09331315
 0.         0.00553028 0.00665657 0.00331315 0.         0.01156319
 0.00040661 0.00884343]
	[RESULT 66] [0.01194478 0.01848295 0.01653817 0.01116514 0.00424147 0.09307634
 0.         0.0058855  0.00653817 0.00307634 0.         0.01144478
 0.00040661 0.00896183]
	[RESULT 67] [0.01215737 0.01890812 0.01675076 0.01095255 0.00445406 0.09350151
 0.         0.00524773 0.00675076 0.00350151 0.         0.01165737
 0.00040661 0.00874924]
	[RESULT 68] [0.01194478 0.01848295 0.01653817 0.01116514 0.00424147 0.09307634
 0.         0.0058855  0.00653817 0.00307634 0.         0.01144478
 0.00040661 0.00896183]
	[RESULT 69] [0.01230216 0.01919772 0.01689555 0.01080775 0.00459886 0.09379111
 0.         0.00481334 0.00689555 0.00379111 0.         0.01180216
 0.00040661 0.00860445]
	[RESULT 70] [0.01206319 0.01871976 0.01665657 0.01104673 0.00435988 0.09331315
 0.         0.00553028 0.00665657 0.00331315 0.         0.01156319
 0.00040661 0.00884343]
	[RESULT 71] [0.01181326 0.01821991 0.01640665 0.01129666 0.00410996 0.0928133
 0.         0.00628005 0.00640665 0.0028133  0.         0.01131326
 0.00040662 0.00909335]
	[RESULT 72] [0.01194478 0.01848295 0.01653817 0.01116514 0.00424147 0.09307633
 0.         0.0058855  0.00653817 0.00307633 0.         0.01144478
 0.00040661 0.00896183]
	[RESULT 73] [0.01231976 0.01923291 0.01691314 0.01079016 0.00461645 0.09382629
 0.         0.00476057 0.00691314 0.00382629 0.         0.01181976
 0.00040662 0.00858686]
	[RESULT 74] [0.01205371 0.01870082 0.0166471  0.0110562  0.00435041 0.0932942
 0.         0.00555869 0.0066471  0.0032942  0.         0.01155371
 0.00040661 0.0088529 ]
	[RESULT 75] [0.01206759 0.01872857 0.01666098 0.01104232 0.00436429 0.09332196
 0.         0.00551706 0.00666098 0.00332196 0.         0.01156759
 0.00040661 0.00883902]
	[RESULT 76] [0.01194457 0.01848254 0.01653796 0.01116534 0.00424127 0.09307592
 0.         0.00588611 0.00653796 0.00307592 0.         0.01144457
 0.00040661 0.00896204]
	[RESULT 77] [0.01198453 0.01856245 0.01657792 0.01112539 0.00428122 0.09315584
 0.         0.00576624 0.00657792 0.00315584 0.         0.01148453
 0.00040661 0.00892208]
	[RESULT 78] [0.01201664 0.01862668 0.01661003 0.01109327 0.00431334 0.09322006
 0.         0.0056699  0.00661003 0.00322006 0.         0.01151664
 0.00040661 0.00888997]
	[RESULT 79] [0.01193088 0.01845515 0.01652427 0.01117904 0.00422757 0.09304854
 0.         0.0059272  0.00652427 0.00304854 0.         0.01143088
 0.00040661 0.00897573]
	[RESULT 80] [0.01176244 0.01811827 0.01635583 0.01134748 0.00405913 0.09271165
 0.         0.00643252 0.00635583 0.00271165 0.         0.01126244
 0.00040661 0.00914417]
	[RESULT 81] [0.01201588 0.01862515 0.01660927 0.01109404 0.00431257 0.09321853
 0.         0.0056722  0.00660927 0.00321853 0.         0.01151588
 0.00040661 0.00889073]
	[RESULT 82] [0.01192654 0.01844647 0.01651993 0.01118338 0.00422324 0.09303986
 0.         0.00594021 0.00651993 0.00303986 0.         0.01142654
 0.00040661 0.00898007]
	[RESULT 83] [0.01193668 0.01846674 0.01653007 0.01117324 0.00423337 0.09306013
 0.         0.0059098  0.00653007 0.00306013 0.         0.01143668
 0.00040661 0.00896993]
	[RESULT 84] [0.01192689 0.01844716 0.01652028 0.01118303 0.00422358 0.09304055
 0.         0.00593917 0.00652028 0.00304055 0.         0.01142689
 0.00040661 0.00897972]
	[RESULT 85] [0.01206127 0.01871593 0.01665466 0.01104864 0.00435797 0.09330932
 0.         0.00553602 0.00665466 0.00330932 0.         0.01156127
 0.00040661 0.00884534]
	[RESULT 86] [0.01190677 0.01840693 0.01650016 0.01120314 0.00420347 0.09300032
 0.         0.00599952 0.00650016 0.00300032 0.         0.01140677
 0.00040661 0.00899984]
