[METRICS]
	[DISEQUILIBRIUM COUNT] 141
	[MINIMUM S0 e1 S1 DISTANCE]0.0075878883946263204
	[MINIMUM S0 e1 S2 DISTANCE]-0.00888710918828739
	[MINIMUM S0 e1 S6 DISTANCE]0.0031146899887858305
	[MINIMUM S3 e1 S1 DISTANCE]9.99999999999994e-05
	[MINIMUM S3 e1 S4 DISTANCE]0.0
	[MINIMUM S3 e1 S5 DISTANCE]9.999999999998899e-05
	[AVERAGE S0 e1 S1 DISTANCE]0.012603926522678104
	[AVERAGE S0 e1 S2 DISTANCE]0.012579421735943853
	[AVERAGE S0 e1 S6 DISTANCE]0.011916943528495977
	[AVERAGE S3 e1 S1 DISTANCE]0.0026476666666666697
	[AVERAGE S3 e1 S4 DISTANCE]0.0009267777777777779
	[AVERAGE S3 e1 S5 DISTANCE]0.0035744444444444465
[VARIABLES]
	[RESULT 1] [96 94.20085611136521 10 1.9953298069684178]
	[RESULT 2] [14 12.10198489824215 6 1.6135121569408577]
	[RESULT 3] [13 92.96912015265076 10 1.9952041778133967]
	[RESULT 4] [28 10.325367711008834 4 0.2937449513741689]
	[RESULT 5] [2 10.025838569693256 4 0.1025550627942849]
	[RESULT 6] [76 8570.754522199442 10 1.9359415305198693]
	[RESULT 7] [2 10.000814472236243 4 0.10119880243241212]
	[RESULT 8] [75 10.00167735685431 7 0.10428647657370442]
	[RESULT 9] [24 3981.006871197812 4 0.25930923762101465]
	[RESULT 10] [53 10.872589553192682 10 1.8984128612092377]
	[RESULT 11] [38 10.132044008058065 4 1.8047805507989065]
	[RESULT 12] [11 10.125940271546291 10 1.9433576383242304]
	[RESULT 13] [76 49.4430765383795 10 1.9999971747104768]
	[RESULT 14] [60 65.36712567025853 10 1.8112996936936474]
	[RESULT 15] [1 10.000814472236243 4 1.9227403837511392]
	[RESULT 16] [100 21.053178890308573 10 1.9292198936991054]
	[RESULT 17] [1 49.59276884068012 10 1.9943949890453174]
	[RESULT 18] [1 203.305451128291 10 1.9111756249032361]
	[RESULT 19] [29 264.8398845913621 10 1.9224084768066105]
	[RESULT 20] [53 5111.21514138543 10 1.8339437823960312]
	[RESULT 21] [14 380.9760792610685 10 1.9952041778133967]
	[RESULT 22] [39 21.053178890308573 10 1.9292198936991054]
	[RESULT 23] [1 10.007504819291423 4 0.10337812500345023]
	[RESULT 24] [99 10.02701063572476 3 1.5562298746318795]
	[RESULT 25] [1 1464.9035808220422 10 1.9959617057910166]
	[RESULT 26] [20 9096.148502570679 10 1.997178235381751]
	[RESULT 27] [1 9262.817649020579 4 0.10214135671077436]
	[RESULT 28] [100 5111.21514138543 10 1.8339437823960312]
	[RESULT 29] [2 10.000814472236243 4 0.11963331744908193]
	[RESULT 30] [29 11.162497054723357 10 1.9984005579310482]
[OBJECTIVES]
	[RESULT 1] [0.00778804 0.02085178 0.01636018 0.005      0.0046     0.0096    ]
	[RESULT 2] [ 0.01428546 -0.00305624  0.01622922  0.0014      0.          0.0014    ]
	[RESULT 3] [0.01193816 0.01246016 0.02060167 0.0013     0.         0.0013    ]
	[RESULT 4] [ 0.01532908 -0.00557708  0.014752    0.0028      0.          0.0028    ]
	[RESULT 5] [ 0.01689566 -0.00878487  0.0131108   0.0002      0.          0.0002    ]
	[RESULT 6] [0.00884818 0.01298502 0.00413684 0.005      0.0026     0.0076    ]
	[RESULT 7] [ 0.01689759 -0.00879497  0.01310261  0.0002      0.          0.0002    ]
	[RESULT 8] [ 0.01297535 -0.00095027  0.01702507  0.005       0.0025      0.0075    ]
	[RESULT 9] [0.01557636 0.01823318 0.01119046 0.0024     0.         0.0024    ]
	[RESULT 10] [0.0100365  0.00514326 0.02017976 0.005      0.0003     0.0053    ]
	[RESULT 11] [ 0.01302602 -0.00101907  0.01700695  0.0038      0.          0.0038    ]
	[RESULT 12] [0.01209064 0.00085017 0.01794081 0.0011     0.         0.0011    ]
	[RESULT 13] [0.00878334 0.01450486 0.0217118  0.005      0.0026     0.0076    ]
	[RESULT 14] [0.00977638 0.01435632 0.0208673  0.005      0.001      0.006     ]
	[RESULT 15] [ 1.47544907e-02 -4.50877786e-03  1.52457129e-02  1.00000000e-04
  0.00000000e+00  1.00000000e-04]
	[RESULT 16] [0.00765503 0.01217821 0.02483323 0.005      0.005      0.01      ]
	[RESULT 17] [1.25389799e-02 7.01280305e-03 2.45517830e-02 1.00000000e-04
 0.00000000e+00 1.00000000e-04]
	[RESULT 18] [1.26234415e-02 1.62295795e-02 1.61469790e-02 1.00000000e-04
 0.00000000e+00 1.00000000e-04]
	[RESULT 19] [0.01121197 0.02053062 0.0132574  0.0029     0.         0.0029    ]
	[RESULT 20] [0.01010289 0.01568643 0.00558355 0.005      0.0003     0.0053    ]
	[RESULT 21] [0.01188816 0.02091555 0.01219629 0.0014     0.         0.0014    ]
	[RESULT 22] [0.01070503 0.00607821 0.02178323 0.0039     0.         0.0039    ]
	[RESULT 23] [ 1.69444926e-02 -8.88710919e-03  1.30573834e-02  1.00000000e-04
  0.00000000e+00  1.00000000e-04]
	[RESULT 24] [0.01028484 0.00443706 0.01972191 0.005      0.0049     0.0099    ]
	[RESULT 25] [1.25374010e-02 2.16826188e-02 9.14521778e-03 1.00000000e-04
 0.00000000e+00 1.00000000e-04]
	[RESULT 26] [0.01158618 0.0184445  0.00685832 0.002      0.         0.002     ]
	[RESULT 27] [1.69462496e-02 1.58402016e-02 1.22135488e-02 1.00000000e-04
 0.00000000e+00 1.00000000e-04]
	[RESULT 28] [0.00775289 0.01098643 0.00323355 0.005      0.005      0.01      ]
	[RESULT 29] [ 0.01687144 -0.00874268  0.01312876  0.0002      0.          0.0002    ]
	[RESULT 30] [0.01113494 0.0030174  0.01915234 0.0029     0.         0.0029    ]
