[METRICS]
	[DISEQUILIBRIUM COUNT] 138
	[MINIMUM S0 e1 S1 DISTANCE]0.007586989491339145
	[MINIMUM S0 e1 S2 DISTANCE]-0.0086427079696485
	[MINIMUM S0 e1 S6 DISTANCE]0.002852416182963767
	[MINIMUM S3 e1 S1 DISTANCE]9.99999999999994e-05
	[MINIMUM S3 e1 S4 DISTANCE]0.0
	[MINIMUM S3 e1 S5 DISTANCE]9.999999999998899e-05
	[AVERAGE S0 e1 S1 DISTANCE]0.01282839590034016
	[AVERAGE S0 e1 S2 DISTANCE]0.012340541298459592
	[AVERAGE S0 e1 S6 DISTANCE]0.012582429114740981
	[AVERAGE S3 e1 S1 DISTANCE]0.0024060000000000036
	[AVERAGE S3 e1 S4 DISTANCE]0.0006608888888888887
	[AVERAGE S3 e1 S5 DISTANCE]0.00306688888888889
[VARIABLES]
	[RESULT 1] [21 39.226335562600354 10 1.921124348817948]
	[RESULT 2] [64 10.540123696316714 4 0.7992180134156848]
	[RESULT 3] [21 9954.02276947337 10 1.9996637710887641]
	[RESULT 4] [32 299.8563482173306 10 1.9897037100616086]
	[RESULT 5] [94 138.86823556242967 10 1.9469842408924263]
	[RESULT 6] [43 564.0524415835448 7 0.4648913425261081]
	[RESULT 7] [24 10.515363698266912 10 1.9989544398879158]
	[RESULT 8] [11 10.007833562400075 10 0.588906374317238]
	[RESULT 9] [24 116.75502453120106 10 1.921124348817948]
	[RESULT 10] [100 10.000572137955023 10 1.9547284685120017]
	[RESULT 11] [72 9639.473535671728 10 1.997254520815609]
	[RESULT 12] [29 592.2881857254677 7 0.39248461990061334]
	[RESULT 13] [1 10.00039516119812 6 0.12626554069784326]
	[RESULT 14] [100 9675.963705660546 10 1.9870126307022404]
	[RESULT 15] [50 121.0903805659699 10 1.9994350088327262]
	[RESULT 16] [70 10.005418439098154 10 1.5766565085719342]
	[RESULT 17] [1 161.84031145807694 10 1.9947283639839875]
	[RESULT 18] [1 16.878308532906885 10 1.9947298200609733]
	[RESULT 19] [5 977.6831280843894 10 1.9943901221508635]
	[RESULT 20] [50 14.956047707058744 10 1.9994350088327262]
	[RESULT 21] [70 189.4526179819253 10 1.5766565085719342]
	[RESULT 22] [22 10.039621975523602 2 0.1884628606132571]
	[RESULT 23] [1 10.00047984023124 6 1.5760368046298403]
	[RESULT 24] [1 8679.830816650923 7 0.3404933909268206]
	[RESULT 25] [3 10.00039516119812 5 0.10457475272479423]
	[RESULT 26] [1 10.030221256723594 3 0.24206797767524252]
	[RESULT 27] [50 551.1431186864604 10 1.9994350088327262]
	[RESULT 28] [1 9675.963705660546 10 1.994591507217918]
	[RESULT 29] [37 10.34277477223459 6 1.4778223853609873]
	[RESULT 30] [1 10.057400640993821 4 0.18568303060442637]
[OBJECTIVES]
	[RESULT 1] [0.01161328 0.00742753 0.02404082 0.0021     0.         0.0021    ]
	[RESULT 2] [ 0.01286976 -0.00060521  0.01726455  0.005       0.0014      0.0064    ]
	[RESULT 3] [0.01153367 0.01831625 0.00678258 0.0021     0.         0.0021    ]
	[RESULT 4] [0.01099371 0.02159996 0.01240633 0.0032     0.         0.0032    ]
	[RESULT 5] [0.00793695 0.02179722 0.01386027 0.005      0.0044     0.0094    ]
	[RESULT 6] [0.01408085 0.01801597 0.01290318 0.0043     0.         0.0043    ]
	[RESULT 7] [0.01138439 0.00235941 0.01874379 0.0024     0.         0.0024    ]
	[RESULT 8] [ 0.01364358 -0.00228519  0.01635838  0.0011      0.          0.0011    ]
	[RESULT 9] [0.01146328 0.01498183 0.01855489 0.0024     0.         0.0024    ]
	[RESULT 10] [0.00762909 0.00974196 0.02237105 0.005      0.005      0.01      ]
	[RESULT 11] [0.0089861  0.01322915 0.00424305 0.005      0.0022     0.0072    ]
	[RESULT 12] [0.01487739 0.01658108 0.01354153 0.0029     0.         0.0029    ]
	[RESULT 13] [ 1.67691979e-02 -8.53829696e-03  1.32309009e-02  1.00000000e-04
  0.00000000e+00  1.00000000e-04]
	[RESULT 14] [0.00759643 0.01044884 0.00285242 0.005      0.005      0.01      ]
	[RESULT 15] [0.0100839  0.01798893 0.01692717 0.005      0.         0.005     ]
	[RESULT 16] [0.00952521 0.00595094 0.02047615 0.005      0.002      0.007     ]
	[RESULT 17] [1.25386439e-02 1.49957867e-02 1.74655694e-02 1.00000000e-04
 0.00000000e+00 1.00000000e-04]
	[RESULT 18] [1.25386424e-02 1.53162637e-03 1.90702688e-02 1.00000000e-04
 0.00000000e+00 1.00000000e-04]
	[RESULT 19] [0.01233898 0.02201949 0.0096805  0.0005     0.         0.0005    ]
	[RESULT 20] [0.0100839 0.0060127 0.0210966 0.005     0.        0.005    ]
	[RESULT 21] [0.00952521 0.02200353 0.01347127 0.005      0.002      0.007     ]
	[RESULT 22] [ 0.01585401 -0.00669811  0.0141559   0.0022      0.          0.0022    ]
	[RESULT 23] [ 1.49758759e-02 -4.95163177e-03  1.50242441e-02  1.00000000e-04
  0.00000000e+00  1.00000000e-04]
	[RESULT 24] [1.63475417e-02 1.70198483e-02 1.16326099e-02 1.00000000e-04
 0.00000000e+00 1.00000000e-04]
	[RESULT 25] [ 0.01678327 -0.00856644  0.01321683  0.0003      0.          0.0003    ]
	[RESULT 26] [ 1.67947972e-02 -8.58204131e-03  1.32127559e-02  1.00000000e-04
  0.00000000e+00  1.00000000e-04]
	[RESULT 27] [0.0100839  0.01906709 0.00898319 0.005      0.         0.005     ]
	[RESULT 28] [1.25387818e-02 2.03335548e-02 7.79477296e-03 1.00000000e-04
 0.00000000e+00 1.00000000e-04]
	[RESULT 29] [ 0.01328306 -0.00148072  0.01680234  0.0037      0.          0.0037    ]
	[RESULT 30] [ 1.68285249e-02 -8.64270797e-03  1.31858170e-02  1.00000000e-04
  0.00000000e+00  1.00000000e-04]
