[METRICS]
	[DISEQUILIBRIUM COUNT] 192
	[MINIMUM S0 e1 S1 DISTANCE]0.007583387914675843
	[MINIMUM S0 e1 S2 DISTANCE]-0.009054120073165972
	[MINIMUM S0 e1 S6 DISTANCE]0.0028833216619414985
	[MINIMUM S3 e1 S1 DISTANCE]9.99999999999994e-05
	[MINIMUM S3 e1 S4 DISTANCE]0.0
	[MINIMUM S3 e1 S5 DISTANCE]9.999999999998899e-05
	[AVERAGE S0 e1 S1 DISTANCE]0.012922195523110984
	[AVERAGE S0 e1 S2 DISTANCE]0.010509786371532994
	[AVERAGE S0 e1 S6 DISTANCE]0.013526345807126767
	[AVERAGE S3 e1 S1 DISTANCE]0.002382555555555561
	[AVERAGE S3 e1 S4 DISTANCE]0.0007457777777777776
	[AVERAGE S3 e1 S5 DISTANCE]0.0031283333333333406
[VARIABLES]
	[RESULT 1] [49 156.34766130669087 9 1.0689164078860152]
	[RESULT 2] [69 10.07564516197387 10 0.8530585902190464]
	[RESULT 3] [32 5673.182744589716 10 1.9026692609085214]
	[RESULT 4] [74 10.019727467050792 2 0.37687226565386367]
	[RESULT 5] [16 10.00150174542669 2 1.9652340432140774]
	[RESULT 6] [99 10.003433785285045 1 0.4744146851544331]
	[RESULT 7] [27 10.182975954397612 9 1.887566891697512]
	[RESULT 8] [1 5729.95815304624 10 1.9994992343988724]
	[RESULT 9] [21 5701.365202543613 10 1.9973929017248875]
	[RESULT 10] [50 1268.7535618859322 10 1.9723620409967217]
	[RESULT 11] [42 10.004166773182025 5 0.45495363329662325]
	[RESULT 12] [13 10.345178919975673 10 1.972470711372166]
	[RESULT 13] [24 297.8140529935622 10 1.9973929017248875]
	[RESULT 14] [1 10.003116537870655 1 0.14434416766162195]
	[RESULT 15] [28 438.3923495005357 1 0.8571817067617848]
	[RESULT 16] [75 110.49702112921162 10 1.99654276730871]
	[RESULT 17] [1 10.003116537870655 1 0.12043344296537173]
	[RESULT 18] [9 148.0676233981945 10 1.9970930627698045]
	[RESULT 19] [100 10.044653063647456 10 1.9981069317393372]
	[RESULT 20] [2 55.231261922195586 10 1.9970930627698045]
	[RESULT 21] [100 8245.174093583082 10 1.9999457953253883]
	[RESULT 22] [1 10.002905707911424 1 0.13854470929098173]
	[RESULT 23] [21 55.28970004089757 10 1.9970930627698045]
	[RESULT 24] [2 10.003116537870655 1 0.14434416766162195]
	[RESULT 25] [76 6147.078841027658 10 1.9844387934988725]
	[RESULT 26] [1 5856.642363438408 2 0.12416903208889218]
	[RESULT 27] [1 10.004171943707888 1 1.8620166756735148]
	[RESULT 28] [9 582.3813978880403 10 0.1008629881396866]
	[RESULT 29] [45 18.68849632271577 10 1.9987702233812243]
	[RESULT 30] [1 10.514539316140933 10 1.9574692539590917]
[OBJECTIVES]
	[RESULT 1] [0.01239975 0.01505225 0.01754801 0.0049     0.         0.0049    ]
	[RESULT 2] [0.01041029 0.00419832 0.01960861 0.005      0.0019     0.0069    ]
	[RESULT 3] [0.01108214 0.01759807 0.00651593 0.0032     0.         0.0032    ]
	[RESULT 4] [ 0.0129956  -0.00098628  0.01700933  0.005       0.0024      0.0074    ]
	[RESULT 5] [ 0.01404066 -0.00308095  0.01595971  0.0016      0.          0.0016    ]
	[RESULT 6] [0.01164326 0.00171435 0.0183576  0.005      0.0049     0.0099    ]
	[RESULT 7] [ 0.01259762 -0.00014958  0.01744804  0.0027      0.          0.0027    ]
	[RESULT 8] [1.25338376e-02 2.04972315e-02 7.96339395e-03 1.00000000e-04
 0.00000000e+00 1.00000000e-04]
	[RESULT 9] [0.01153596 0.0185036  0.00696764 0.0021     0.         0.0021    ]
	[RESULT 10] [0.01011123 0.01706238 0.00695115 0.005      0.         0.005     ]
	[RESULT 11] [ 0.01435236 -0.00370367  0.01564868  0.0042      0.          0.0042    ]
	[RESULT 12] [0.01196112 0.00116376 0.01812488 0.0013     0.         0.0013    ]
	[RESULT 13] [0.01138596 0.02078169 0.01283235 0.0024     0.         0.0024    ]
	[RESULT 14] [ 1.69936791e-02 -8.98657905e-03  1.30071000e-02  1.00000000e-04
  0.00000000e+00  1.00000000e-04]
	[RESULT 15] [0.01470522 0.01585824 0.01443655 0.0028     0.         0.0028    ]
	[RESULT 16] [0.00883682 0.01985736 0.01630583 0.005      0.0025     0.0075    ]
	[RESULT 17] [ 1.70274496e-02 -9.05412007e-03  1.29733295e-02  1.00000000e-04
  0.00000000e+00  1.00000000e-04]
	[RESULT 18] [0.01213626 0.01522626 0.01763748 0.0009     0.         0.0009    ]
	[RESULT 19] [0.00758524 0.00984068 0.02242592 0.005      0.005      0.01      ]
	[RESULT 20] [0.01248626 0.00781355 0.02470019 0.0002     0.         0.0002    ]
	[RESULT 21] [0.00758339 0.01046671 0.00288332 0.005      0.005      0.01      ]
	[RESULT 22] [ 1.70018554e-02 -9.00298432e-03  1.29988710e-02  1.00000000e-04
  0.00000000e+00  1.00000000e-04]
	[RESULT 23] [0.01153626 0.00972048 0.02374326 0.0021     0.         0.0021    ]
	[RESULT 24] [ 0.01694368 -0.00888658  0.0130571   0.0002      0.          0.0002    ]
	[RESULT 25] [0.00879902 0.01299887 0.00419985 0.005      0.0026     0.0076    ]
	[RESULT 26] [1.69943853e-02 1.55908241e-02 1.24147906e-02 1.00000000e-04
 0.00000000e+00 1.00000000e-04]
	[RESULT 27] [ 1.49238911e-02 -4.84673925e-03  1.50771518e-02  1.00000000e-04
  0.00000000e+00  1.00000000e-04]
	[RESULT 28] [0.01440521 0.01747145 0.01312334 0.0009     0.         0.0009    ]
	[RESULT 29] [0.01033457 0.00632934 0.02166391 0.0045     0.         0.0045    ]
	[RESULT 30] [ 1.25763118e-02 -2.46471738e-05  1.75516646e-02  1.00000000e-04
  0.00000000e+00  1.00000000e-04]
