[METRICS]
	[DISEQUILIBRIUM COUNT] 219
	[MINIMUM S0 e1 S1 DISTANCE]0.007683344392174712
	[MINIMUM S0 e1 S2 DISTANCE]-0.009049725735459035
	[MINIMUM S0 e1 S6 DISTANCE]0.002931204051900188
	[MINIMUM S3 e1 S1 DISTANCE]9.99999999999994e-05
	[MINIMUM S3 e1 S4 DISTANCE]0.0
	[MINIMUM S3 e1 S5 DISTANCE]9.999999999998899e-05
	[AVERAGE S0 e1 S1 DISTANCE]0.01335684872990154
	[AVERAGE S0 e1 S2 DISTANCE]0.010113853737857675
	[AVERAGE S0 e1 S6 DISTANCE]0.013815551470271812
	[AVERAGE S3 e1 S1 DISTANCE]0.002346222222222216
	[AVERAGE S3 e1 S4 DISTANCE]0.0005493333333333333
	[AVERAGE S3 e1 S5 DISTANCE]0.002895555555555557
[VARIABLES]
	[RESULT 1] [24 10.320672603463235 10 1.9698645625585065]
	[RESULT 2] [68 4972.797117972901 10 1.883243578284658]
	[RESULT 3] [22 9013.153314911484 10 1.9979406300715281]
	[RESULT 4] [50 10.011106190068643 3 0.13396489741185674]
	[RESULT 5] [21 10.003864060233255 3 0.11210279158182068]
	[RESULT 6] [33 10.611828299467623 3 1.912713591581914]
	[RESULT 7] [1 10.011342960919142 2 0.10167274061494569]
	[RESULT 8] [1 10.00085266721748 2 0.13117153462219125]
	[RESULT 9] [51 37.22395583408451 10 1.9166617106826498]
	[RESULT 10] [27 129.2616327758679 10 1.8316264097064254]
	[RESULT 11] [2 25.91122869938262 10 0.11247458441723188]
	[RESULT 12] [91 102.08016987270462 10 1.9091962157062303]
	[RESULT 13] [23 43.4196887315984 10 1.979307394406284]
	[RESULT 14] [3 30.247449822871186 10 1.9738982725131011]
	[RESULT 15] [50 375.04566744640846 10 1.879338942384376]
	[RESULT 16] [1 147.82365153025057 2 1.981408594043212]
	[RESULT 17] [88 10.011342960919142 3 0.10894614354369159]
	[RESULT 18] [37 796.1876074148769 3 0.20690435913381522]
	[RESULT 19] [1 10.000073261242212 5 1.4575721496347627]
	[RESULT 20] [98 9996.352909420308 10 1.999989017436544]
	[RESULT 21] [2 10.000251489315614 1 0.11204102052401523]
	[RESULT 22] [19 10.046389525140137 10 0.18578377373427013]
	[RESULT 23] [7 173.9376818917117 10 1.937906242581022]
	[RESULT 24] [1 9820.621497849846 10 1.9863761722507776]
	[RESULT 25] [2 10.011342960919142 10 1.970629694882919]
	[RESULT 26] [1 8976.12387847242 2 0.1296341553032765]
	[RESULT 27] [97 29.921815135094448 10 1.8804569403727776]
	[RESULT 28] [51 198.64290792496857 10 0.16831461697878614]
	[RESULT 29] [2 10.000073261242212 1 0.11188865917005489]
	[RESULT 30] [1 77.26296089389325 1 1.998581280934189]
[OBJECTIVES]
	[RESULT 1] [0.01141375 0.0022524  0.01866616 0.0024     0.         0.0024    ]
	[RESULT 2] [0.00930206 0.01409791 0.00479585 0.005      0.0018     0.0068    ]
	[RESULT 3] [0.01148541 0.01824544 0.00676004 0.0022     0.         0.0022    ]
	[RESULT 4] [ 0.01449582 -0.00398886  0.01550696  0.005       0.          0.005     ]
	[RESULT 5] [ 0.01597675 -0.00695254  0.01402421  0.0021      0.          0.0021    ]
	[RESULT 6] [ 0.01320937 -0.00126671  0.01694266  0.0033      0.          0.0033    ]
	[RESULT 7] [ 1.70262806e-02 -9.04972574e-03  1.29765548e-02  1.00000000e-04
  0.00000000e+00  1.00000000e-04]
	[RESULT 8] [ 1.69844861e-02 -8.96875896e-03  1.30157271e-02  1.00000000e-04
  0.00000000e+00  1.00000000e-04]
	[RESULT 9] [0.01011784 0.01011394 0.02476822 0.005      0.0001     0.0051    ]
	[RESULT 10] [0.01140529 0.01578752 0.01780719 0.0027     0.         0.0027    ]
	[RESULT 11] [ 0.01473873 -0.00104568  0.01869304  0.0002      0.          0.0002    ]
	[RESULT 12] [0.00812546 0.02073367 0.01614086 0.005      0.0041     0.0091    ]
	[RESULT 13] [0.01145421 0.00835372 0.02480793 0.0023     0.         0.0023    ]
	[RESULT 14] [0.01245967 0.00429019 0.02174986 0.0003     0.         0.0003    ]
	[RESULT 15] [0.01020607 0.02078795 0.01058188 0.005      0.         0.005     ]
	[RESULT 16] [1.47743051e-02 9.93939912e-03 2.02862958e-02 1.00000000e-04
 0.00000000e+00 1.00000000e-04]
	[RESULT 17] [ 0.01263123 -0.00025963  0.0173716   0.005       0.0038      0.0088    ]
	[RESULT 18] [0.01504357 0.01709179 0.01286464 0.0037     0.         0.0037    ]
	[RESULT 19] [ 1.51887195e-02 -5.37742067e-03  1.48112988e-02  1.00000000e-04
  0.00000000e+00  1.00000000e-04]
	[RESULT 20] [0.00768334 0.01061455 0.0029312  0.005      0.0048     0.0098    ]
	[RESULT 21] [ 0.01698934 -0.00897862  0.01301072  0.0002      0.          0.0002    ]
	[RESULT 22] [ 0.01378553 -0.00255946  0.01622606  0.0019      0.          0.0019    ]
	[RESULT 23] [0.01229618 0.0159357  0.01676812 0.0007     0.         0.0007    ]
	[RESULT 24] [1.25470674e-02 2.03463893e-02 7.79932198e-03 1.00000000e-04
 0.00000000e+00 1.00000000e-04]
	[RESULT 25] [ 1.25129802e-02 -2.31249019e-05  1.74898553e-02  2.00000000e-04
  0.00000000e+00  2.00000000e-04]
	[RESULT 26] [1.69866582e-02 1.57509317e-02 1.22624100e-02 1.00000000e-04
 0.00000000e+00 1.00000000e-04]
	[RESULT 27] [0.00785492 0.01344325 0.02370183 0.005      0.0047     0.0097    ]
	[RESULT 28] [0.01220998 0.01691881 0.0158712  0.005      0.0001     0.0051    ]
	[RESULT 29] [ 0.01698956 -0.00897909  0.01301046  0.0002      0.          0.0002    ]
	[RESULT 30] [1.47847621e-02 5.48395101e-03 2.47312869e-02 1.00000000e-04
 0.00000000e+00 1.00000000e-04]
