[METRICS]
	[DISEQUILIBRIUM COUNT] 145
	[MINIMUM S0 e1 S1 DISTANCE]0.007597632464774842
	[MINIMUM S0 e1 S2 DISTANCE]-0.00889594128623239
	[MINIMUM S0 e1 S6 DISTANCE]0.003290306622157094
	[MINIMUM S3 e1 S1 DISTANCE]9.99999999999994e-05
	[MINIMUM S3 e1 S4 DISTANCE]0.0
	[MINIMUM S3 e1 S5 DISTANCE]9.999999999998899e-05
	[AVERAGE S0 e1 S1 DISTANCE]0.012957816846585408
	[AVERAGE S0 e1 S2 DISTANCE]0.011981415061487508
	[AVERAGE S0 e1 S6 DISTANCE]0.013092959007349447
	[AVERAGE S3 e1 S1 DISTANCE]0.0024383333333333314
	[AVERAGE S3 e1 S4 DISTANCE]0.0007040000000000001
	[AVERAGE S3 e1 S5 DISTANCE]0.0031423333333333386
[VARIABLES]
	[RESULT 1] [15 99.16270647130249 10 1.9652756976295116]
	[RESULT 2] [1 8895.62334913235 10 1.9997444629765087]
	[RESULT 3] [2 15.940542176652016 10 1.9997444629765087]
	[RESULT 4] [32 10.093426690666277 5 0.1801854190209023]
	[RESULT 5] [42 7657.4204181738405 10 1.9620879476900015]
	[RESULT 6] [33 10.534154167560784 10 0.14668537132754222]
	[RESULT 7] [99 10.00083274301816 2 0.27353713565803744]
	[RESULT 8] [20 9644.627717589285 10 1.99996299870368]
	[RESULT 9] [100 1147.846657357087 10 1.9392215513844573]
	[RESULT 10] [14 455.7595923296288 10 1.9999386014699436]
	[RESULT 11] [73 6746.397184558471 10 1.9833844640104736]
	[RESULT 12] [25 10.292433571809841 10 1.8533435955484858]
	[RESULT 13] [44 15.853161088564057 10 1.8295002062663213]
	[RESULT 14] [48 276.9554337348416 10 1.9954575986520922]
	[RESULT 15] [1 10.00105380219518 3 0.23612803565284646]
	[RESULT 16] [1 335.29147582258554 10 1.8377729546826445]
	[RESULT 17] [1 10.000039871929108 2 1.6797881490204853]
	[RESULT 18] [31 361.7584056343885 10 1.9560956377866254]
	[RESULT 19] [1 8620.442488809498 4 0.172473741360842]
	[RESULT 20] [17 10.015528746729874 3 0.21181190229944702]
	[RESULT 21] [33 857.6933575910289 1 0.25317462870256113]
	[RESULT 22] [69 10.00083274301816 2 1.924948981558238]
	[RESULT 23] [2 10.002007693368196 2 0.13131240122830806]
	[RESULT 24] [1 10.000860437912992 4 0.21522074870256733]
	[RESULT 25] [1 10.000937025997624 2 0.15700235561867465]
	[RESULT 26] [99 10.106215855174007 10 1.7722903293327197]
	[RESULT 27] [14 10.962334490631417 10 0.41441510127099757]
	[RESULT 28] [13 48.86777071887831 10 1.7297806534609839]
	[RESULT 29] [50 10.047110730141895 4 0.4291017831955802]
	[RESULT 30] [69 91.41330778011657 1 1.9867216522579116]
[OBJECTIVES]
	[RESULT 1] [0.0118684  0.01304706 0.02008454 0.0015     0.         0.0015    ]
	[RESULT 2] [1.25335907e-02 2.03454035e-02 7.81181286e-03 1.00000000e-04
 0.00000000e+00 1.00000000e-04]
	[RESULT 3] [0.01248359 0.00143468 0.01891827 0.0002     0.         0.0002    ]
	[RESULT 4] [ 0.01522669 -0.00543004  0.01479665  0.0032      0.          0.0032    ]
	[RESULT 5] [0.01052163 0.01636595 0.00584432 0.0042     0.         0.0042    ]
	[RESULT 6] [ 0.01314038 -0.00114793  0.01699245  0.0033      0.          0.0033    ]
	[RESULT 7] [0.01188615 0.0012279  0.01811405 0.005      0.0049     0.0099    ]
	[RESULT 8] [0.01158337 0.01842356 0.00684019 0.002      0.         0.002     ]
	[RESULT 9] [0.00764485 0.01230933 0.00466448 0.005      0.005      0.01      ]
	[RESULT 10] [0.0118834  0.02165244 0.01146417 0.0014     0.         0.0014    ]
	[RESULT 11] [0.00895009 0.01326586 0.00431578 0.005      0.0023     0.0073    ]
	[RESULT 12] [0.01148284 0.00210722 0.01859006 0.0025     0.         0.0025    ]
	[RESULT 13] [0.01055749 0.00526739 0.02082489 0.0044     0.         0.0044    ]
	[RESULT 14] [0.01018791 0.02218863 0.01200073 0.0048     0.         0.0048    ]
	[RESULT 15] [ 1.68030125e-02 -8.60576162e-03  1.31972509e-02  1.00000000e-04
  0.00000000e+00  1.00000000e-04]
	[RESULT 16] [1.26989256e-02 1.87238274e-02 1.35772470e-02 1.00000000e-04
 0.00000000e+00 1.00000000e-04]
	[RESULT 17] [ 1.50868310e-02 -5.17365195e-03  1.49131790e-02  1.00000000e-04
  0.00000000e+00  1.00000000e-04]
	[RESULT 18] [0.0110777  0.02231066 0.01161164 0.0031     0.         0.0031    ]
	[RESULT 19] [1.68470104e-02 1.60189673e-02 1.21340223e-02 1.00000000e-04
 0.00000000e+00 1.00000000e-04]
	[RESULT 20] [ 0.01603674 -0.0070696   0.01396714  0.0017      0.          0.0017    ]
	[RESULT 21] [0.01524196 0.01687809 0.01287995 0.0033     0.         0.0033    ]
	[RESULT 22] [0.0114316 0.002137  0.0185686 0.005     0.0019    0.0069   ]
	[RESULT 23] [ 0.01693429 -0.00886807  0.01306621  0.0002      0.          0.0002    ]
	[RESULT 24] [ 1.67873619e-02 -8.57450879e-03  1.32128532e-02  1.00000000e-04
  0.00000000e+00  1.00000000e-04]
	[RESULT 25] [ 1.69480878e-02 -8.89594129e-03  1.30521465e-02  1.00000000e-04
  0.00000000e+00  1.00000000e-04]
	[RESULT 26] [0.00786706 0.00929241 0.02215947 0.005      0.0049     0.0099    ]
	[RESULT 27] [ 0.01372301 -0.00220773  0.01651528  0.0014      0.          0.0014    ]
	[RESULT 28] [0.0122117  0.00757387 0.02478557 0.0013     0.         0.0013    ]
	[RESULT 29] [ 0.01404626 -0.00308075  0.01596551  0.005       0.          0.005     ]
	[RESULT 30] [0.01139672 0.01342588 0.02017741 0.005      0.0019     0.0069    ]
