[METRICS]
	[DISEQUILIBRIUM COUNT] 187
	[MINIMUM S0 e1 S1 DISTANCE]0.007590515916101544
	[MINIMUM S0 e1 S2 DISTANCE]-0.008892772810575544
	[MINIMUM S0 e1 S6 DISTANCE]0.00294196811880051
	[MINIMUM S3 e1 S1 DISTANCE]9.99999999999994e-05
	[MINIMUM S3 e1 S4 DISTANCE]0.0
	[MINIMUM S3 e1 S5 DISTANCE]9.999999999998899e-05
	[AVERAGE S0 e1 S1 DISTANCE]0.012826787248679599
	[AVERAGE S0 e1 S2 DISTANCE]0.010549407495712523
	[AVERAGE S0 e1 S6 DISTANCE]0.013262891739173324
	[AVERAGE S3 e1 S1 DISTANCE]0.0026262222222222195
	[AVERAGE S3 e1 S4 DISTANCE]0.0008129999999999997
	[AVERAGE S3 e1 S5 DISTANCE]0.0034392222222222276
[VARIABLES]
	[RESULT 1] [19 188.1972858857075 10 1.2171218193654996]
	[RESULT 2] [87 339.2730035996501 10 1.9368105056360236]
	[RESULT 3] [76 13.135111901891417 10 1.917011624486888]
	[RESULT 4] [21 5625.926402279353 10 1.989919879434158]
	[RESULT 5] [46 311.0372647609126 3 0.4359296974114736]
	[RESULT 6] [100 6944.10704559003 10 1.9928711897973068]
	[RESULT 7] [28 43.872991380487576 10 1.8260989662269578]
	[RESULT 8] [21 10.40737601664804 10 1.9606964712704067]
	[RESULT 9] [1 15.90668295537671 10 1.9615920432673712]
	[RESULT 10] [17 10.00231943611608 3 0.33684351197148477]
	[RESULT 11] [33 5062.942111916674 10 1.997798657015245]
	[RESULT 12] [49 30.112269258495573 10 1.8824355631981964]
	[RESULT 13] [1 6823.855289222236 2 0.11307859061460125]
	[RESULT 14] [70 5380.820941001829 10 1.9982926848498404]
	[RESULT 15] [2 10.012726410212071 4 0.10034712473071694]
	[RESULT 16] [1 10.001878148145448 1 0.2094539126187138]
	[RESULT 17] [69 10.02778930200838 3 0.10059643604961405]
	[RESULT 18] [1 10.005945436860085 2 1.8231617810830154]
	[RESULT 19] [51 6332.967089590452 10 1.9910419104444548]
	[RESULT 20] [1 700.3483330121791 10 1.8231016329227516]
	[RESULT 21] [9 22.607588765385145 4 1.9338289477097148]
	[RESULT 22] [1 10.012726410212071 4 0.10092576036917113]
	[RESULT 23] [73 129.54358819150866 10 1.9932251560751761]
	[RESULT 24] [16 579.4584164656134 4 0.6900693507498128]
	[RESULT 25] [2 10.012826558467719 4 0.10991162256202325]
	[RESULT 26] [18 10.520906031353636 4 1.961968737670406]
	[RESULT 27] [14 64.97282092682315 10 1.8283137318842486]
	[RESULT 28] [100 10.000385404917642 1 0.2258707812828974]
	[RESULT 29] [35 10.093889934700647 1 0.5343255056157936]
	[RESULT 30] [39 10.062576152200712 1 1.6640145027181763]
[OBJECTIVES]
	[RESULT 1] [0.01247667 0.01606024 0.0164631  0.0019     0.         0.0019    ]
	[RESULT 2] [0.0082973 0.0174184 0.0091211 0.005     0.0037    0.0087   ]
	[RESULT 3] [0.00886748 0.00802499 0.02189247 0.005      0.0026     0.0076    ]
	[RESULT 4] [0.01154349 0.01852436 0.00698087 0.0021     0.         0.0021    ]
	[RESULT 5] [0.01428181 0.01520255 0.01551564 0.0046     0.         0.0046    ]
	[RESULT 6] [0.00759052 0.01053644 0.00294593 0.005      0.005      0.01      ]
	[RESULT 7] [0.01136102 0.00860355 0.02496457 0.0028     0.         0.0028    ]
	[RESULT 8] [0.01157304 0.00195535 0.01852839 0.0021     0.         0.0021    ]
	[RESULT 9] [1.25721322e-02 1.25004870e-03 1.88221809e-02 1.00000000e-04
 0.00000000e+00 1.00000000e-04]
	[RESULT 10] [ 0.01586499 -0.00672941  0.01413559  0.0017      0.          0.0017    ]
	[RESULT 11] [0.01093555 0.01735626 0.00642071 0.0033     0.         0.0033    ]
	[RESULT 12] [0.01025289 0.00868037 0.02393325 0.0049     0.         0.0049    ]
	[RESULT 13] [1.70100916e-02 1.56182240e-02 1.23716844e-02 1.00000000e-04
 0.00000000e+00 1.00000000e-04]
	[RESULT 14] [0.00908505 0.01362708 0.00454202 0.005      0.002      0.007     ]
	[RESULT 15] [ 0.0168988  -0.00879442  0.01310438  0.0002      0.          0.0002    ]
	[RESULT 16] [ 1.69025226e-02 -8.80457569e-03  1.30979469e-02  1.00000000e-04
  0.00000000e+00  1.00000000e-04]
	[RESULT 17] [ 0.01359309 -0.00217923  0.01641386  0.005       0.0019      0.0069    ]
	[RESULT 18] [ 1.49362851e-02 -4.87108401e-03  1.50652011e-02  1.00000000e-04
  0.00000000e+00  1.00000000e-04]
	[RESULT 19] [0.01004236 0.01547395 0.00543159 0.005      0.0001     0.0051    ]
	[RESULT 20] [1.27141253e-02 2.14085871e-02 1.08772875e-02 1.00000000e-04
 0.00000000e+00 1.00000000e-04]
	[RESULT 21] [ 0.01434319 -0.00088737  0.01845582  0.0009      0.          0.0009    ]
	[RESULT 22] [ 1.69479770e-02 -8.89277281e-03  1.30552042e-02  1.00000000e-04
  0.00000000e+00  1.00000000e-04]
	[RESULT 23] [0.00894016 0.02073242 0.01532742 0.005      0.0023     0.0073    ]
	[RESULT 24] [0.01540685 0.01545194 0.01414121 0.0016     0.         0.0016    ]
	[RESULT 25] [ 0.01688522 -0.00876723  0.01311799  0.0002      0.          0.0002    ]
	[RESULT 26] [ 0.01386461 -0.00259966  0.01626494  0.0018      0.          0.0018    ]
	[RESULT 27] [0.01205872 0.0097507  0.02319058 0.0014     0.         0.0014    ]
	[RESULT 28] [0.01192972 0.00114065 0.01807037 0.005      0.005      0.01      ]
	[RESULT 29] [ 0.01476453 -0.0045056   0.01525892  0.0035      0.          0.0035    ]
	[RESULT 30] [ 0.0132314  -0.00144716  0.01678424  0.0039      0.          0.0039    ]
