[METRICS]
	[DISEQUILIBRIUM COUNT] 132
	[MINIMUM S0 e1 S1 DISTANCE]0.007583421822567875
	[MINIMUM S0 e1 S2 DISTANCE]-0.008973361201381813
	[MINIMUM S0 e1 S6 DISTANCE]0.002833452251610679
	[MINIMUM S3 e1 S1 DISTANCE]9.99999999999994e-05
	[MINIMUM S3 e1 S4 DISTANCE]0.0
	[MINIMUM S3 e1 S5 DISTANCE]9.999999999998899e-05
	[AVERAGE S0 e1 S1 DISTANCE]0.013003300353377174
	[AVERAGE S0 e1 S2 DISTANCE]0.012458074729770332
	[AVERAGE S0 e1 S6 DISTANCE]0.012581404473761403
	[AVERAGE S3 e1 S1 DISTANCE]0.0022463333333333324
	[AVERAGE S3 e1 S4 DISTANCE]0.0006157777777777779
	[AVERAGE S3 e1 S5 DISTANCE]0.002862111111111117
[VARIABLES]
	[RESULT 1] [44 117.9817699399073 10 1.99762015694619]
	[RESULT 2] [18 142.27642329677698 10 1.9998619246843643]
	[RESULT 3] [44 7618.482475883289 10 1.8430442907901567]
	[RESULT 4] [1 10.0009595370044 4 0.1328712656119073]
	[RESULT 5] [31 491.2296804833644 4 0.24918738243597133]
	[RESULT 6] [7 20.314739464131694 10 0.2153950242776555]
	[RESULT 7] [1 8857.087300544928 4 0.2564523784634274]
	[RESULT 8] [1 10.0009595370044 4 0.15677778755262972]
	[RESULT 9] [29 1150.7113904662622 10 1.9953671499051777]
	[RESULT 10] [1 10.005960626620741 10 1.9969562975522184]
	[RESULT 11] [28 88.58871922219413 10 1.9301319982165919]
	[RESULT 12] [11 392.4773448818985 4 1.9953671499051777]
	[RESULT 13] [17 10.01981108280167 5 1.9340016250762966]
	[RESULT 14] [35 10.089217143162763 4 0.15677778755262972]
	[RESULT 15] [1 10.0009595370044 4 0.11451744936703878]
	[RESULT 16] [1 9705.398503532155 10 1.98418290801805]
	[RESULT 17] [41 10.089217143162763 10 0.1280232875191269]
	[RESULT 18] [2 10.0009595370044 4 1.7828814088706388]
	[RESULT 19] [25 10.001082958101275 4 0.15677778755262972]
	[RESULT 20] [100 9908.782986418068 10 1.9999121216795959]
	[RESULT 21] [11 54.615305652052484 10 1.9953715412636985]
	[RESULT 22] [96 10.0009595370044 10 1.981767329886468]
	[RESULT 23] [1 10.017027931523728 3 0.10360816079213858]
	[RESULT 24] [19 9349.629698035158 10 1.997812117342208]
	[RESULT 25] [89 10.0009595370044 10 0.11242436271114055]
	[RESULT 26] [72 8774.59504622431 10 1.8841320759943603]
	[RESULT 27] [44 33.43035081639185 10 1.901687411506368]
	[RESULT 28] [1 251.43691310059717 10 1.8319371778092062]
	[RESULT 29] [11 622.6123371435012 10 1.8937570021110082]
	[RESULT 30] [15 10.003683304272153 10 1.973716649278595]
[OBJECTIVES]
	[RESULT 1] [0.01038573 0.01720826 0.01740601 0.0044     0.         0.0044    ]
	[RESULT 2] [0.01168347 0.01587002 0.01744651 0.0018     0.         0.0018    ]
	[RESULT 3] [0.01054347 0.01641127 0.00586779 0.0044     0.         0.0044    ]
	[RESULT 4] [ 1.69027202e-02 -8.80520048e-03  1.30975197e-02  1.00000000e-04
  0.00000000e+00  1.00000000e-04]
	[RESULT 5] [0.01524032 0.01521813 0.01454155 0.0031     0.         0.0031    ]
	[RESULT 6] [ 0.01434426 -0.00135095  0.01799331  0.0007      0.          0.0007    ]
	[RESULT 7] [1.67302991e-02 1.62599813e-02 1.20097196e-02 1.00000000e-04
 0.00000000e+00 1.00000000e-04]
	[RESULT 8] [ 1.68690383e-02 -8.73783678e-03  1.31312015e-02  1.00000000e-04
  0.00000000e+00  1.00000000e-04]
	[RESULT 9] [0.011138   0.01929097 0.00815297 0.0029     0.         0.0029    ]
	[RESULT 10] [ 1.25363990e-02 -7.13078325e-05  1.74650911e-02  1.00000000e-04
  0.00000000e+00  1.00000000e-04]
	[RESULT 11] [0.0112541  0.01349316 0.02025274 0.0028     0.         0.0028    ]
	[RESULT 12] [0.01418086 0.01645669 0.01436245 0.0011     0.         0.0011    ]
	[RESULT 13] [ 0.01388349 -0.00276203  0.01612146  0.0017      0.          0.0017    ]
	[RESULT 14] [ 0.01516904 -0.00531579  0.01485325  0.0035      0.          0.0035    ]
	[RESULT 15] [ 1.69286869e-02 -8.85713387e-03  1.30715530e-02  1.00000000e-04
  0.00000000e+00  1.00000000e-04]
	[RESULT 16] [1.25492813e-02 2.03537845e-02 7.80450316e-03 1.00000000e-04
 0.00000000e+00 1.00000000e-04]
	[RESULT 17] [ 0.01276671 -0.00051114  0.01725557  0.0041      0.          0.0041    ]
	[RESULT 18] [ 0.01484885 -0.00469745  0.01515139  0.0002      0.          0.0002    ]
	[RESULT 19] [ 0.01566904 -0.00633781  0.01433123  0.0025      0.          0.0025    ]
	[RESULT 20] [0.00758342 0.01041687 0.00283345 0.005      0.005      0.01      ]
	[RESULT 21] [0.012038   0.00863677 0.02432524 0.0011     0.         0.0011    ]
	[RESULT 22] [0.00780172 0.0093968  0.02219852 0.005      0.0046     0.0096    ]
	[RESULT 23] [ 1.69888087e-02 -8.97336120e-03  1.30154475e-02  1.00000000e-04
  0.00000000e+00  1.00000000e-04]
	[RESULT 24] [0.01163554 0.01853591 0.00690038 0.0019     0.         0.0019    ]
	[RESULT 25] [0.0103888  0.00422265 0.01961144 0.005      0.0039     0.0089    ]
	[RESULT 26] [0.00910114 0.01348431 0.00438316 0.005      0.0022     0.0072    ]
	[RESULT 27] [0.01048315 0.00877937 0.02426252 0.0044     0.         0.0044    ]
	[RESULT 28] [1.27049670e-02 1.72680691e-02 1.50269639e-02 1.00000000e-04
 0.00000000e+00 1.00000000e-04]
	[RESULT 29] [0.01214127 0.02220924 0.01064949 0.0011     0.         0.0011    ]
	[RESULT 30] [0.01185986 0.00128121 0.01814106 0.0015     0.         0.0015    ]
