[METRICS]
	[DISEQUILIBRIUM COUNT] 131
	[MINIMUM S0 e1 S1 DISTANCE]0.007589024706191126
	[MINIMUM S0 e1 S2 DISTANCE]-0.008610440147600373
	[MINIMUM S0 e1 S6 DISTANCE]0.0030602802069380937
	[MINIMUM S3 e1 S1 DISTANCE]9.99999999999994e-05
	[MINIMUM S3 e1 S4 DISTANCE]0.0
	[MINIMUM S3 e1 S5 DISTANCE]9.999999999998899e-05
	[AVERAGE S0 e1 S1 DISTANCE]0.012527055862204957
	[AVERAGE S0 e1 S2 DISTANCE]0.01264209974917926
	[AVERAGE S0 e1 S6 DISTANCE]0.012387284518333165
	[AVERAGE S3 e1 S1 DISTANCE]0.002502222222222222
	[AVERAGE S3 e1 S4 DISTANCE]0.0006958888888888881
	[AVERAGE S3 e1 S5 DISTANCE]0.003198111111111114
[VARIABLES]
	[RESULT 1] [4 189.08540987949343 10 1.9865643353285094]
	[RESULT 2] [99 4423.277135805432 10 1.9860742103255253]
	[RESULT 3] [25 427.0062726724859 2 0.9531928145764944]
	[RESULT 4] [23 212.04463156403654 10 1.996959083962966]
	[RESULT 5] [51 10.081589834354943 4 0.7633078384686887]
	[RESULT 6] [24 58.60026495648493 10 1.8647314787457638]
	[RESULT 7] [18 10.726779103359206 10 1.999148644920031]
	[RESULT 8] [22 8951.664829372347 10 1.9913086291623694]
	[RESULT 9] [1 10.019278031581464 1 0.3637694190119238]
	[RESULT 10] [68 10.00004085841816 10 0.5416332751037933]
	[RESULT 11] [40 7560.234544457256 10 1.9999157209552574]
	[RESULT 12] [74 5205.061267563367 10 1.9992542145229397]
	[RESULT 13] [1 30.035608781042278 10 1.9999440936367225]
	[RESULT 14] [100 58.60026495648493 10 1.986330043671519]
	[RESULT 15] [72 33.482182480851975 10 1.8127942213063528]
	[RESULT 16] [1 7425.937810807164 10 1.9999935802484636]
	[RESULT 17] [17 10.60843673755905 9 1.6276136863030508]
	[RESULT 18] [76 348.2225564336054 10 1.9998071435516676]
	[RESULT 19] [1 10.003618756682569 10 1.8280413334862136]
	[RESULT 20] [49 10.232797570054188 10 1.912913266504113]
	[RESULT 21] [36 10.017092661356303 2 0.4979586557157899]
	[RESULT 22] [1 834.3793310794356 2 0.3881574252552859]
	[RESULT 23] [1 9092.757252260692 2 0.2952750266182756]
	[RESULT 24] [50 6200.619567545886 10 1.999610437778351]
	[RESULT 25] [1 10.032007188989962 4 0.2768194423565063]
	[RESULT 26] [1 10.075138339344072 2 0.2610742288765613]
	[RESULT 27] [15 10.005539117049725 4 0.3438252851971507]
	[RESULT 28] [1 10.019278031581464 1 0.2781265559307101]
	[RESULT 29] [1 10.001487410464913 1 1.8735583666408315]
	[RESULT 30] [100 26.015785348598456 10 1.994350538943101]
[OBJECTIVES]
	[RESULT 1] [0.01239688 0.01624841 0.01635471 0.0004     0.         0.0004    ]
	[RESULT 2] [0.00764737 0.01084867 0.00320129 0.005      0.0049     0.0099    ]
	[RESULT 3] [0.01471037 0.01574373 0.0145459  0.0025     0.         0.0025    ]
	[RESULT 4] [0.0114364  0.01885029 0.01471332 0.0023     0.         0.0023    ]
	[RESULT 5] [ 0.01356455 -0.00210872  0.01645583  0.005       0.0001      0.0051    ]
	[RESULT 6] [0.01152109 0.01013415 0.02334475 0.0024     0.         0.0024    ]
	[RESULT 7] [0.01168419 0.001812   0.01849619 0.0018     0.         0.0018    ]
	[RESULT 8] [0.01149209 0.01826068 0.00676859 0.0022     0.         0.0022    ]
	[RESULT 9] [ 1.66910484e-02 -8.37727831e-03  1.33137701e-02  1.00000000e-04
  0.00000000e+00  1.00000000e-04]
	[RESULT 10] [0.01085498 0.00329004 0.01914503 0.005      0.0018     0.0068    ]
	[RESULT 11] [0.01058342 0.01649362 0.00591021 0.004      0.         0.004     ]
	[RESULT 12] [0.00888408 0.01324031 0.00435622 0.005      0.0024     0.0074    ]
	[RESULT 13] [1.25333896e-02 4.10606766e-03 2.16394573e-02 1.00000000e-04
 0.00000000e+00 1.00000000e-04]
	[RESULT 14] [0.00759711 0.01798211 0.01942077 0.005      0.005      0.01      ]
	[RESULT 15] [0.00917483 0.01140451 0.02442066 0.005      0.0022     0.0072    ]
	[RESULT 16] [1.25333398e-02 2.03993061e-02 7.86596629e-03 1.00000000e-04
 0.00000000e+00 1.00000000e-04]
	[RESULT 17] [ 0.01337031 -0.00158944  0.01678087  0.0017      0.          0.0017    ]
	[RESULT 18] [0.00878353 0.01827192 0.00948839 0.005      0.0026     0.0076    ]
	[RESULT 19] [ 1.27090035e-02 -4.17102326e-04  1.72919012e-02  1.00000000e-04
  0.00000000e+00  1.00000000e-04]
	[RESULT 20] [0.01022167 0.00461473 0.0198364  0.0049     0.         0.0049    ]
	[RESULT 21] [ 0.01473443 -0.00446459  0.01526984  0.0036      0.          0.0036    ]
	[RESULT 22] [1.66304242e-02 1.40346341e-02 1.43349417e-02 1.00000000e-04
 0.00000000e+00 1.00000000e-04]
	[RESULT 23] [1.67563530e-02 1.62150446e-02 1.20286024e-02 1.00000000e-04
 0.00000000e+00 1.00000000e-04]
	[RESULT 24] [0.01008373 0.01556487 0.00548114 0.005      0.         0.005     ]
	[RESULT 25] [ 1.67022809e-02 -8.39656249e-03  1.33057184e-02  1.00000000e-04
  0.00000000e+00  1.00000000e-04]
	[RESULT 26] [ 1.68032963e-02 -8.58782211e-03  1.32154742e-02  1.00000000e-04
  0.00000000e+00  1.00000000e-04]
	[RESULT 27] [ 0.01591088 -0.00682038  0.0140905   0.0015      0.          0.0015    ]
	[RESULT 28] [ 1.68076294e-02 -8.61044015e-03  1.31971892e-02  1.00000000e-04
  0.00000000e+00  1.00000000e-04]
	[RESULT 29] [ 1.49120089e-02 -4.82364588e-03  1.50883630e-02  1.00000000e-04
  0.00000000e+00  1.00000000e-04]
	[RESULT 30] [0.00758902 0.01327316 0.02413782 0.005      0.005      0.01      ]
