[METRICS]
	[DISEQUILIBRIUM COUNT] 140
	[MINIMUM S0 e1 S1 DISTANCE]0.0075846018100851585
	[MINIMUM S0 e1 S2 DISTANCE]-0.00798758659927501
	[MINIMUM S0 e1 S6 DISTANCE]0.0030209504414193443
	[MINIMUM S3 e1 S1 DISTANCE]9.99999999999994e-05
	[MINIMUM S3 e1 S4 DISTANCE]0.0
	[MINIMUM S3 e1 S5 DISTANCE]9.999999999998899e-05
	[AVERAGE S0 e1 S1 DISTANCE]0.013096187785946165
	[AVERAGE S0 e1 S2 DISTANCE]0.011710711331217752
	[AVERAGE S0 e1 S6 DISTANCE]0.01398980805811566
	[AVERAGE S3 e1 S1 DISTANCE]0.0025504444444444433
	[AVERAGE S3 e1 S4 DISTANCE]0.0006666666666666674
	[AVERAGE S3 e1 S5 DISTANCE]0.003217111111111115
[VARIABLES]
	[RESULT 1] [68 25.802464639925923 10 1.6265556656871498]
	[RESULT 2] [66 6465.27800001217 10 1.8686517652439143]
	[RESULT 3] [60 197.01460631839024 8 0.40724863869339]
	[RESULT 4] [5 10.094092443766659 9 1.2723617108738887]
	[RESULT 5] [37 10.094092443766659 10 1.1587829468251332]
	[RESULT 6] [27 639.1772840002213 3 0.2201116370494408]
	[RESULT 7] [100 10.07626399544618 3 0.6783884331205312]
	[RESULT 8] [23 132.97456866097215 10 1.9987404035928436]
	[RESULT 9] [19 10.094092443766659 10 1.0065906255127968]
	[RESULT 10] [53 7177.869680718313 10 1.9287774127985977]
	[RESULT 11] [27 324.89673155529306 10 1.9863391132029933]
	[RESULT 12] [29 10.007168598276657 3 0.8261701013615608]
	[RESULT 13] [38 10.031591793042551 3 0.38892416466083596]
	[RESULT 14] [4 29.504884012069635 8 0.7676339405113874]
	[RESULT 15] [2 10.00297405128343 2 0.6130701489960637]
	[RESULT 16] [2 10.517029041857029 10 1.3796480439880978]
	[RESULT 17] [13 51.06802704388056 10 1.9084860630402238]
	[RESULT 18] [4 132.97456866097215 10 1.9987404035928436]
	[RESULT 19] [1 734.3579837030493 10 1.9922640046879245]
	[RESULT 20] [72 10.054297217583432 3 0.42820477855397265]
	[RESULT 21] [2 10.068894771337735 2 0.4465526667467119]
	[RESULT 22] [52 76.96017094261651 10 1.987893286444303]
	[RESULT 23] [25 48.17782577009686 10 1.9982108080790553]
	[RESULT 24] [2 51.06802704388056 10 1.865163535608809]
	[RESULT 25] [100 1070.0594330322133 10 1.992302141917336]
	[RESULT 26] [2 10.001367650357471 2 0.534733588798922]
	[RESULT 27] [3 10.00297405128343 3 0.47616086042879924]
	[RESULT 28] [20 8945.706720470429 10 1.998841553394824]
	[RESULT 29] [8 760.5638372665029 6 1.9987404035928436]
	[RESULT 30] [1 6913.44620435208 4 0.21212720179978972]
[OBJECTIVES]
	[RESULT 1] [0.00957145 0.00926861 0.02384006 0.005      0.0018     0.0068    ]
	[RESULT 2] [0.00941706 0.01421549 0.00479843 0.005      0.0016     0.0066    ]
	[RESULT 3] [0.01309926 0.01509111 0.01680962 0.005      0.001      0.006     ]
	[RESULT 4] [ 0.01436332 -0.00370314  0.01566018  0.0005      0.          0.0005    ]
	[RESULT 5] [0.01164425 0.001735   0.01837925 0.0037     0.         0.0037    ]
	[RESULT 6] [0.01552521 0.01552105 0.01395373 0.0027     0.         0.0027    ]
	[RESULT 7] [0.01126633 0.0024864  0.01875272 0.005      0.005      0.01      ]
	[RESULT 8] [0.0114346  0.01591876 0.01764664 0.0023     0.         0.0023    ]
	[RESULT 9] [ 0.01272393 -0.00042435  0.01729958  0.0019      0.          0.0019    ]
	[RESULT 10] [0.01000548 0.01535494 0.00534946 0.005      0.0003     0.0053    ]
	[RESULT 11] [0.0112471  0.02148019 0.0122727  0.0027     0.         0.0027    ]
	[RESULT 12] [ 0.01463097 -0.00426015  0.01537082  0.0029      0.          0.0029    ]
	[RESULT 13] [ 0.01474467 -0.00448145  0.01526322  0.0038      0.          0.0038    ]
	[RESULT 14] [ 0.01543295 -0.00178555  0.0186474   0.0004      0.          0.0004    ]
	[RESULT 15] [ 0.01628462 -0.0075685   0.01371612  0.0002      0.          0.0002    ]
	[RESULT 16] [ 0.01314205 -0.0011555   0.01698655  0.0002      0.          0.0002    ]
	[RESULT 17] [0.01202619 0.00822567 0.02474814 0.0013     0.         0.0013    ]
	[RESULT 18] [0.0123846  0.01401876 0.01859664 0.0004     0.         0.0004    ]
	[RESULT 19] [1.25411281e-02 2.18850808e-02 1.05737911e-02 1.00000000e-04
 0.00000000e+00 1.00000000e-04]
	[RESULT 20] [ 0.0129921  -0.00097063  0.01702147  0.005       0.0022      0.0072    ]
	[RESULT 21] [ 0.0165024  -0.00798759  0.01351481  0.0002      0.          0.0002    ]
	[RESULT 22] [0.00999554 0.0150353  0.01996917 0.005      0.0002     0.0052    ]
	[RESULT 23] [0.01133514 0.0092371  0.02442776 0.0025     0.         0.0025    ]
	[RESULT 24] [0.01262065 0.00703676 0.0246574  0.0002     0.         0.0002    ]
	[RESULT 25] [0.00759109 0.01233724 0.00474615 0.005      0.005      0.01      ]
	[RESULT 26] [ 0.01638622 -0.00777209  0.01361413  0.0002      0.          0.0002    ]
	[RESULT 27] [ 0.01637845 -0.00775615  0.0136223   0.0003      0.          0.0003    ]
	[RESULT 28] [0.0115845  0.01844568 0.00686118 0.002      0.         0.002     ]
	[RESULT 29] [0.0141846  0.01869157 0.01212383 0.0008     0.         0.0008    ]
	[RESULT 30] [1.67916619e-02 1.60597091e-02 1.21486290e-02 1.00000000e-04
 0.00000000e+00 1.00000000e-04]
