[METRICS]
	[DISEQUILIBRIUM COUNT] 96
	[MINIMUM S0 e1 S1 DISTANCE]0.007586083848987445
	[MINIMUM S0 e1 S2 DISTANCE]-0.00844177511119315
	[MINIMUM S0 e1 S6 DISTANCE]0.0029026067268998644
	[MINIMUM S3 e1 S1 DISTANCE]9.99999999999994e-05
	[MINIMUM S3 e1 S4 DISTANCE]0.0
	[MINIMUM S3 e1 S5 DISTANCE]9.999999999998899e-05
	[AVERAGE S0 e1 S1 DISTANCE]0.012222364821521486
	[AVERAGE S0 e1 S2 DISTANCE]0.013010001632553848
	[AVERAGE S0 e1 S6 DISTANCE]0.012499632868313246
	[AVERAGE S3 e1 S1 DISTANCE]0.0028138888888888888
	[AVERAGE S3 e1 S4 DISTANCE]0.0009575555555555551
	[AVERAGE S3 e1 S5 DISTANCE]0.003771444444444453
[VARIABLES]
	[RESULT 1] [19 9915.367525402022 10 1.999980804190409]
	[RESULT 2] [24 14.39626520644373 10 1.9998661830650597]
	[RESULT 3] [73 22.91293153569609 10 1.962187563595579]
	[RESULT 4] [39 9894.616018358662 10 1.9974536866045947]
	[RESULT 5] [74 375.7888672850767 10 1.951644307750167]
	[RESULT 6] [27 211.06925864350632 10 1.9893897678569885]
	[RESULT 7] [50 13.299977317941241 10 1.8845757375717593]
	[RESULT 8] [100 7836.22162910994 10 1.9961632793104869]
	[RESULT 9] [76 9545.142632090243 10 1.999980804190409]
	[RESULT 10] [52 187.794763244269 1 1.2383555919377727]
	[RESULT 11] [68 122.81269321003793 9 0.6901693508480922]
	[RESULT 12] [27 12.478377622307095 2 0.8575900953733626]
	[RESULT 13] [1 8583.510593224342 3 0.36604590824605326]
	[RESULT 14] [46 10.013789242596065 3 0.2568525875193548]
	[RESULT 15] [1 9978.80166384088 10 1.9999943919382366]
	[RESULT 16] [1 10.001734444666178 3 0.3653844659658383]
	[RESULT 17] [50 824.8927912534617 10 1.8845757375717593]
	[RESULT 18] [3 10.05656878155313 9 0.830568903610301]
	[RESULT 19] [100 10.558461920792526 2 0.4578552220340073]
	[RESULT 20] [73 10.00400842685787 3 0.39526273198704165]
	[RESULT 21] [8 212.51627214334633 10 1.9591402498779682]
	[RESULT 22] [36 38.10538931636819 10 1.8845757375717593]
	[RESULT 23] [6 10.05656878155313 10 1.9057346740574879]
	[RESULT 24] [100 193.6941706837065 10 1.9972690750567563]
	[RESULT 25] [100 10.18198780033093 10 1.9851013765966548]
	[RESULT 26] [3 10.001790340554743 3 0.2638452844273142]
	[RESULT 27] [27 303.1918768823764 2 0.8629380307485092]
	[RESULT 28] [1 10.001734444666178 3 0.29565985525655614]
	[RESULT 29] [1 10.001734444666178 3 0.3618230781197943]
	[RESULT 30] [1 57.74527151215195 10 1.967099601200045]
[OBJECTIVES]
	[RESULT 1] [0.01163335 0.01851657 0.00688322 0.0019     0.         0.0019    ]
	[RESULT 2] [0.01138347 0.00328585 0.01966932 0.0024     0.         0.0024    ]
	[RESULT 3] [0.00897153 0.00991599 0.02388752 0.005      0.0023     0.0073    ]
	[RESULT 4] [0.0106359  0.01652218 0.00588628 0.0039     0.         0.0039    ]
	[RESULT 5] [0.00893222 0.01823168 0.00929946 0.005      0.0024     0.0074    ]
	[RESULT 6] [0.01124403 0.01920821 0.01454776 0.0027     0.         0.0027    ]
	[RESULT 7] [0.01020069 0.00539726 0.02059795 0.005      0.         0.005     ]
	[RESULT 8] [0.0075872  0.0104898  0.00290261 0.005      0.005      0.01      ]
	[RESULT 9] [0.00878335 0.01282617 0.00404282 0.005      0.0026     0.0076    ]
	[RESULT 10] [0.01305224 0.01489606 0.01705169 0.005      0.0002     0.0052    ]
	[RESULT 11] [0.01191386 0.01442485 0.01866128 0.005      0.0018     0.0068    ]
	[RESULT 12] [ 0.01472694 -0.00384926  0.01587767  0.0027      0.          0.0027    ]
	[RESULT 13] [1.66254759e-02 1.64608143e-02 1.19137098e-02 1.00000000e-04
 0.00000000e+00 1.00000000e-04]
	[RESULT 14] [ 0.01452439 -0.00404533  0.01547906  0.0046      0.          0.0046    ]
	[RESULT 15] [1.25333390e-02 2.03149697e-02 7.78163069e-03 1.00000000e-04
 0.00000000e+00 1.00000000e-04]
	[RESULT 16] [ 1.66263685e-02 -8.25230335e-03  1.33740651e-02  1.00000000e-04
  0.00000000e+00  1.00000000e-04]
	[RESULT 17] [0.01020069 0.01813394 0.00793325 0.005      0.         0.005     ]
	[RESULT 18] [ 0.01498803 -0.00496193  0.0150261   0.0003      0.          0.0003    ]
	[RESULT 19] [0.0115874  0.00196404 0.01855144 0.005      0.005      0.01      ]
	[RESULT 20] [ 0.01298616 -0.00097132  0.01701484  0.005       0.0023      0.0073    ]
	[RESULT 21] [0.01222462 0.01728675 0.01548864 0.0008     0.         0.0008    ]
	[RESULT 22] [0.01090069 0.00868344 0.02458413 0.0036     0.         0.0036    ]
	[RESULT 23] [0.012379   0.00025612 0.01763513 0.0006     0.         0.0006    ]
	[RESULT 24] [0.00758608 0.01898447 0.01139839 0.005      0.005      0.01      ]
	[RESULT 25] [0.00759835 0.00984871 0.02244706 0.005      0.005      0.01      ]
	[RESULT 26] [ 0.01666476 -0.00832907  0.01333569  0.0003      0.          0.0003    ]
	[RESULT 27] [0.01472036 0.01420106 0.01607858 0.0027     0.         0.0027    ]
	[RESULT 28] [ 1.67211044e-02 -8.44177511e-03  1.32793292e-02  1.00000000e-04
  0.00000000e+00  1.00000000e-04]
	[RESULT 29] [ 1.66311765e-02 -8.26191938e-03  1.33692571e-02  1.00000000e-04
  0.00000000e+00  1.00000000e-04]
	[RESULT 30] [1.25665533e-02 7.94587813e-03 2.44875686e-02 1.00000000e-04
 0.00000000e+00 1.00000000e-04]
