[METRICS]
	[DISEQUILIBRIUM COUNT] 143
	[MINIMUM S0 e1 S1 DISTANCE]0.007597422930703317
	[MINIMUM S0 e1 S2 DISTANCE]-0.008689369321739804
	[MINIMUM S0 e1 S6 DISTANCE]0.002975475390799753
	[MINIMUM S3 e1 S1 DISTANCE]9.99999999999994e-05
	[MINIMUM S3 e1 S4 DISTANCE]0.0
	[MINIMUM S3 e1 S5 DISTANCE]9.999999999998899e-05
	[AVERAGE S0 e1 S1 DISTANCE]0.013135186100496457
	[AVERAGE S0 e1 S2 DISTANCE]0.012228666847939605
	[AVERAGE S0 e1 S6 DISTANCE]0.012754492798897536
	[AVERAGE S3 e1 S1 DISTANCE]0.002278333333333335
	[AVERAGE S3 e1 S4 DISTANCE]0.0006419999999999996
	[AVERAGE S3 e1 S5 DISTANCE]0.0029203333333333325
[VARIABLES]
	[RESULT 1] [1 7034.825434251299 10 1.9597057480047417]
	[RESULT 2] [46 15.88568970755128 10 1.8954223663264924]
	[RESULT 3] [18 35.00729132808692 10 1.989722781677596]
	[RESULT 4] [99 10.031986398420578 2 0.7571751702736677]
	[RESULT 5] [15 1028.040639840112 5 0.5269178171045616]
	[RESULT 6] [9 237.0350533916518 10 1.820054947246203]
	[RESULT 7] [47 314.6933142000129 6 0.21420324675536923]
	[RESULT 8] [1 10.005152254092833 2 0.31904762753991606]
	[RESULT 9] [99 16.63087370081754 10 1.609957407567716]
	[RESULT 10] [34 126.87659819617343 10 1.9765455274264006]
	[RESULT 11] [22 7996.082383646917 10 1.9844952695481297]
	[RESULT 12] [31 459.8467946239265 6 0.5031660041263328]
	[RESULT 13] [19 10.006118377947315 2 0.4171067264240962]
	[RESULT 14] [1 10.232701429592453 10 1.972746530882883]
	[RESULT 15] [65 15.129324716835967 2 0.3010783219569149]
	[RESULT 16] [1 7136.716684494454 2 0.18434805793659748]
	[RESULT 17] [67 656.7122879091348 10 1.9696433825844333]
	[RESULT 18] [1 10.003105627315671 2 0.23082820706588647]
	[RESULT 19] [25 10.319760696269448 10 1.5224297736717554]
	[RESULT 20] [98 204.081689618542 10 1.4847125565139412]
	[RESULT 21] [1 10.00507371296014 2 0.29890095991706234]
	[RESULT 22] [86 1480.1769952582254 10 1.9696433825844333]
	[RESULT 23] [65 55.7065786617551 10 1.9727442385646845]
	[RESULT 24] [1 10.005152254092833 2 0.32061142711431817]
	[RESULT 25] [65 126.30890122691144 10 1.9730719861276307]
	[RESULT 26] [47 10.000056675457772 2 0.22816361991865802]
	[RESULT 27] [100 7023.766240773394 10 1.9597057480047417]
	[RESULT 28] [1 10.005211633386725 2 1.7013683514744555]
	[RESULT 29] [10 72.8551569624525 10 1.9892153713698857]
	[RESULT 30] [51 7034.825434251299 10 1.9710994035977039]
[OBJECTIVES]
	[RESULT 1] [1.25740441e-02 2.04989740e-02 7.92492990e-03 1.00000000e-04
 0.00000000e+00 1.00000000e-04]
	[RESULT 2] [0.01038956 0.00561051 0.02100007 0.0046     0.         0.0046    ]
	[RESULT 3] [0.01169369 0.00661378 0.02330748 0.0018     0.         0.0018    ]
	[RESULT 4] [0.0112516 0.0025048 0.0187564 0.005     0.0049    0.0099   ]
	[RESULT 5] [0.01560755 0.01654885 0.0128436  0.0015     0.         0.0015    ]
	[RESULT 6] [0.01231729 0.01772099 0.01496173 0.0009     0.         0.0009    ]
	[RESULT 7] [0.01434592 0.01513064 0.01552344 0.0047     0.         0.0047    ]
	[RESULT 8] [ 1.67239066e-02 -8.44652514e-03  1.32773814e-02  1.00000000e-04
  0.00000000e+00  1.00000000e-04]
	[RESULT 9] [0.00803928 0.01047607 0.02351535 0.005      0.0049     0.0099    ]
	[RESULT 10] [0.010907   0.01665871 0.01743429 0.0034     0.         0.0034    ]
	[RESULT 11] [0.01149897 0.01830711 0.00680814 0.0022     0.         0.0022    ]
	[RESULT 12] [0.01475536 0.01594256 0.01430208 0.0031     0.         0.0031    ]
	[RESULT 13] [ 0.01569163 -0.00638174  0.0143099   0.0019      0.          0.0019    ]
	[RESULT 14] [ 1.25608385e-02 -6.36367638e-05  1.74972018e-02  1.00000000e-04
  0.00000000e+00  1.00000000e-04]
	[RESULT 15] [ 0.01354842 -0.00087707  0.01767135  0.005       0.0015      0.0065    ]
	[RESULT 16] [1.69097561e-02 1.58345493e-02 1.22556946e-02 1.00000000e-04
 0.00000000e+00 1.00000000e-04]
	[RESULT 17] [0.00926398 0.01687597 0.00761199 0.005      0.0017     0.0067    ]
	[RESULT 18] [ 1.68450729e-02 -8.68936932e-03  1.31557035e-02  1.00000000e-04
  0.00000000e+00  1.00000000e-04]
	[RESULT 19] [0.01183415 0.00141138 0.01824553 0.0025     0.         0.0025    ]
	[RESULT 20] [0.00822548 0.019952   0.01172652 0.005      0.0048     0.0098    ]
	[RESULT 21] [ 1.67513944e-02 -8.50152046e-03  1.32498739e-02  1.00000000e-04
  0.00000000e+00  1.00000000e-04]
	[RESULT 22] [0.00831398 0.01322013 0.00490616 0.005      0.0036     0.0086    ]
	[RESULT 23] [0.00936084 0.01412055 0.02151861 0.005      0.0015     0.0065    ]
	[RESULT 24] [ 1.67217774e-02 -8.44226686e-03  1.32795106e-02  1.00000000e-04
  0.00000000e+00  1.00000000e-04]
	[RESULT 25] [0.00936051 0.01972144 0.01591805 0.005      0.0015     0.0065    ]
	[RESULT 26] [ 0.01454877 -0.00409752  0.01545125  0.0047      0.          0.0047    ]
	[RESULT 27] [0.00762404 0.01059952 0.00297548 0.005      0.005      0.01      ]
	[RESULT 28] [ 1.50639354e-02 -5.12656789e-03  1.49373675e-02  1.00000000e-04
  0.00000000e+00  1.00000000e-04]
	[RESULT 29] [0.0120942  0.01046053 0.02244527 0.001      0.         0.001     ]
	[RESULT 30] [0.0100625  0.0154759  0.00541339 0.005      0.0001     0.0051    ]
