[METRICS]
	[DISEQUILIBRIUM COUNT] 157
	[MINIMUM S0 e1 S1 DISTANCE]0.007585803196125918
	[MINIMUM S0 e1 S2 DISTANCE]-0.008357084924557667
	[MINIMUM S0 e1 S6 DISTANCE]0.002981918452977166
	[MINIMUM S3 e1 S1 DISTANCE]9.99999999999994e-05
	[MINIMUM S3 e1 S4 DISTANCE]0.0
	[MINIMUM S3 e1 S5 DISTANCE]9.999999999998899e-05
	[AVERAGE S0 e1 S1 DISTANCE]0.012867220474530473
	[AVERAGE S0 e1 S2 DISTANCE]0.011476931899893418
	[AVERAGE S0 e1 S6 DISTANCE]0.013718546231046812
	[AVERAGE S3 e1 S1 DISTANCE]0.0024682222222222215
	[AVERAGE S3 e1 S4 DISTANCE]0.0007944444444444446
	[AVERAGE S3 e1 S5 DISTANCE]0.003262666666666675
[VARIABLES]
	[RESULT 1] [100 10.041281112303661 10 1.9731864288664218]
	[RESULT 2] [47 66.76724378821439 10 1.9321251141586229]
	[RESULT 3] [1 10.027857023749071 7 0.10789479272704852]
	[RESULT 4] [36 10.02380546102931 10 1.9676031712329007]
	[RESULT 5] [2 10.025042420334385 10 1.9598537450226168]
	[RESULT 6] [1 10.041032796170155 8 1.4351035058523531]
	[RESULT 7] [76 2641.1819643936697 10 1.9882736783400194]
	[RESULT 8] [2 10.027857023749071 7 0.10789479272704852]
	[RESULT 9] [20 143.81551806804868 10 1.9779291490123694]
	[RESULT 10] [47 324.72427159687874 7 0.18165743023395686]
	[RESULT 11] [84 24.71609261232321 9 1.9989865478545492]
	[RESULT 12] [21 29.872054070467733 10 1.9911203701737927]
	[RESULT 13] [1 2641.1819643936697 10 1.9328200600446042]
	[RESULT 14] [21 10.02657669304955 8 0.43801348579269395]
	[RESULT 15] [100 5338.347190278813 10 1.99418855801869]
	[RESULT 16] [25 1157.0735545605094 6 0.17779601106485332]
	[RESULT 17] [78 10.027857023749071 7 0.10789479272704852]
	[RESULT 18] [1 4150.371535039132 6 0.15027369772655086]
	[RESULT 19] [24 6124.913228603584 10 1.9872161194352584]
	[RESULT 20] [50 11.478859440257311 7 1.9999976917420446]
	[RESULT 21] [44 10.003058979374078 7 0.10422315139145805]
	[RESULT 22] [1 10.012717835907313 7 0.10091722632092272]
	[RESULT 23] [99 207.34448787211932 10 1.9992244942805175]
	[RESULT 24] [2 10.022170674029569 7 0.10148651695351651]
	[RESULT 25] [10 65.31703667309668 10 1.990762722242661]
	[RESULT 26] [89 10.027857023749071 7 0.10789479272704852]
	[RESULT 27] [39 5332.562167095649 10 1.99418855801869]
	[RESULT 28] [49 207.34448787211932 10 1.9992244942805175]
	[RESULT 29] [50 2641.1819643936697 10 1.9318984937266737]
	[RESULT 30] [1 63.34723687686156 10 0.10789479272704852]
[OBJECTIVES]
	[RESULT 1] [0.00761039 0.00978953 0.02239992 0.005      0.005      0.01      ]
	[RESULT 2] [0.01030207 0.01344865 0.02124928 0.0047     0.         0.0047    ]
	[RESULT 3] [ 1.66702225e-02 -8.33348272e-03  1.33367398e-02  1.00000000e-04
  0.00000000e+00  1.00000000e-04]
	[RESULT 4] [0.01081604 0.00337386 0.01918991 0.0036     0.         0.0036    ]
	[RESULT 5] [ 1.25238941e-02 -4.15291195e-05  1.74823650e-02  2.00000000e-04
  0.00000000e+00  2.00000000e-04]
	[RESULT 6] [ 1.47969192e-02 -4.58358437e-03  1.52133348e-02  1.00000000e-04
  0.00000000e+00  1.00000000e-04]
	[RESULT 7] [0.00879515 0.01350566 0.00471051 0.005      0.0026     0.0076    ]
	[RESULT 8] [ 0.01662022 -0.00823348  0.01338674  0.0002      0.          0.0002    ]
	[RESULT 9] [0.0116056  0.01609661 0.01729779 0.002      0.         0.002     ]
	[RESULT 10] [0.0142663  0.01543931 0.0152944  0.0047     0.         0.0047    ]
	[RESULT 11] [0.00963435 0.00893836 0.02357271 0.005      0.0034     0.0084    ]
	[RESULT 12] [0.01154228 0.00605987 0.02260215 0.0021     0.         0.0021    ]
	[RESULT 13] [1.26013606e-02 2.11180759e-02 8.51671525e-03 1.00000000e-04
 0.00000000e+00 1.00000000e-04]
	[RESULT 14] [ 0.0150082  -0.00500976  0.01499844  0.0021      0.          0.0021    ]
	[RESULT 15] [0.00758919 0.01063892 0.00304973 0.005      0.005      0.01      ]
	[RESULT 16] [0.0154967  0.01700191 0.01250139 0.0025     0.         0.0025    ]
	[RESULT 17] [ 0.01282022 -0.00063348  0.01718674  0.005       0.0028      0.0078    ]
	[RESULT 18] [1.67353291e-02 1.59397709e-02 1.23249001e-02 1.00000000e-04
 0.00000000e+00 1.00000000e-04]
	[RESULT 19] [0.01139622 0.0181947  0.00679848 0.0024     0.         0.0024    ]
	[RESULT 20] [0.01195834 0.00144766 0.01840599 0.005      0.         0.005     ]
	[RESULT 21] [ 0.01452544 -0.00405011  0.01547533  0.0044      0.          0.0044    ]
	[RESULT 22] [ 1.66801320e-02 -8.35708492e-03  1.33230471e-02  1.00000000e-04
  0.00000000e+00  1.00000000e-04]
	[RESULT 23] [0.00763411 0.01867598 0.01104187 0.005      0.0049     0.0099    ]
	[RESULT 24] [ 0.01662932 -0.0082531   0.01337622  0.0002      0.          0.0002    ]
	[RESULT 25] [0.01209264 0.00971861 0.02318875 0.001      0.         0.001     ]
	[RESULT 26] [0.01227022 0.00046652 0.01773674 0.005      0.0039     0.0089    ]
	[RESULT 27] [0.01063919 0.01673941 0.00610022 0.0039     0.         0.0039    ]
	[RESULT 28] [0.01013411 0.02132402 0.01354187 0.0049     0.         0.0049    ]
	[RESULT 29] [0.0101523  0.01621995 0.00606765 0.005      0.         0.005     ]
	[RESULT 30] [1.47952225e-02 4.10668540e-03 2.39019079e-02 1.00000000e-04
 0.00000000e+00 1.00000000e-04]
