[METRICS]
	[DISEQUILIBRIUM COUNT] 200
	[MINIMUM S0 e1 S1 DISTANCE]0.007583638419551734
	[MINIMUM S0 e1 S2 DISTANCE]-0.00911238809245618
	[MINIMUM S0 e1 S6 DISTANCE]0.0029591719594063426
	[MINIMUM S3 e1 S1 DISTANCE]9.99999999999994e-05
	[MINIMUM S3 e1 S4 DISTANCE]0.0
	[MINIMUM S3 e1 S5 DISTANCE]9.999999999998899e-05
	[AVERAGE S0 e1 S1 DISTANCE]0.0130944054350269
	[AVERAGE S0 e1 S2 DISTANCE]0.010467154214970733
	[AVERAGE S0 e1 S6 DISTANCE]0.013375553184923896
	[AVERAGE S3 e1 S1 DISTANCE]0.002409444444444447
	[AVERAGE S3 e1 S4 DISTANCE]0.0008091111111111108
	[AVERAGE S3 e1 S5 DISTANCE]0.0032185555555555565
[VARIABLES]
	[RESULT 1] [1 274.9838528152173 10 1.9907322544561596]
	[RESULT 2] [100 6122.534918595164 10 1.9986414390862]
	[RESULT 3] [33 6172.461038307494 10 1.9816220022103443]
	[RESULT 4] [1 10.001477626550193 1 0.10342511096023191]
	[RESULT 5] [78 6125.969402039798 10 1.9991409030157696]
	[RESULT 6] [1 10.00266834171914 1 0.10115797479196606]
	[RESULT 7] [19 148.32926726006554 10 1.9974397084508209]
	[RESULT 8] [12 34.542961432677394 10 1.998292660945503]
	[RESULT 9] [1 9523.190068657375 10 1.9975215028038518]
	[RESULT 10] [40 496.6208820094121 1 0.1987152842678881]
	[RESULT 11] [16 10.286592638135055 1 1.9966066393391788]
	[RESULT 12] [1 10.000051325063211 1 1.5785957501201424]
	[RESULT 13] [1 6234.321143407069 1 0.10553127147452224]
	[RESULT 14] [100 12.340979283151217 10 1.9837287477786019]
	[RESULT 15] [2 90.24510134958447 10 1.9906524284734688]
	[RESULT 16] [49 504.3313985186813 10 1.9916177784549298]
	[RESULT 17] [15 580.2850927497628 10 1.9975483155304625]
	[RESULT 18] [51 13.501481168143467 10 1.97717964438972]
	[RESULT 19] [1 12.362692928161335 10 1.9809774191204548]
	[RESULT 20] [37 13.869492419240629 1 1.5808024531920692]
	[RESULT 21] [1 6063.210421006736 1 1.988185956869899]
	[RESULT 22] [16 10.004745725385993 1 0.3295112317797275]
	[RESULT 23] [1 10.001544598057126 1 0.10003413868439298]
	[RESULT 24] [1 10.001440627535663 1 0.10065791788253063]
	[RESULT 25] [19 9909.766278772873 10 1.9996524821771493]
	[RESULT 26] [50 123.17711937245606 10 0.1590185214546147]
	[RESULT 27] [23 6186.965167776265 1 0.10078473807622833]
	[RESULT 28] [35 45.56176753960807 10 1.9972509127319373]
	[RESULT 29] [100 10.01084747546626 9 0.2408196541031669]
	[RESULT 30] [12 506.5632154496635 1 1.6131894433820326]
[OBJECTIVES]
	[RESULT 1] [1.25426727e-02 1.80650366e-02 1.43922907e-02 1.00000000e-04
 0.00000000e+00 1.00000000e-04]
	[RESULT 2] [0.0075847  0.01057182 0.00298711 0.005      0.005      0.01      ]
	[RESULT 3] [0.01095187 0.01730294 0.00635107 0.0033     0.         0.0033    ]
	[RESULT 4] [ 1.70515687e-02 -9.10276808e-03  1.29488007e-02  1.00000000e-04
  0.00000000e+00  1.00000000e-04]
	[RESULT 5] [0.0086842  0.01277059 0.00408639 0.005      0.0028     0.0078    ]
	[RESULT 6] [ 1.70547899e-02 -9.10891264e-03  1.29458772e-02  1.00000000e-04
  0.00000000e+00  1.00000000e-04]
	[RESULT 7] [0.01163591 0.01623849 0.0171256  0.0019     0.         0.0019    ]
	[RESULT 8] [0.01198505 0.0059565  0.02294155 0.0012     0.         0.0012    ]
	[RESULT 9] [1.25358296e-02 2.03317185e-02 7.79588891e-03 1.00000000e-04
 0.00000000e+00 1.00000000e-04]
	[RESULT 10] [0.01496748 0.01580335 0.01422917 0.004      0.         0.004     ]
	[RESULT 11] [ 0.01403675 -0.00300206  0.01603469  0.0016      0.          0.0016    ]
	[RESULT 12] [ 1.52231076e-02 -5.44620229e-03  1.47769053e-02  1.00000000e-04
  0.00000000e+00  1.00000000e-04]
	[RESULT 13] [1.70485776e-02 1.55075454e-02 1.24438770e-02 1.00000000e-04
 0.00000000e+00 1.00000000e-04]
	[RESULT 14] [0.00759974 0.01037238 0.02297212 0.005      0.005      0.01      ]
	[RESULT 15] [0.01249275 0.01114449 0.02136276 0.0002     0.         0.0002    ]
	[RESULT 16] [0.01014178 0.01948997 0.00934819 0.0049     0.         0.0049    ]
	[RESULT 17] [0.0118358  0.02240136 0.01056556 0.0015     0.         0.0015    ]
	[RESULT 18] [0.01005636 0.00573304 0.0207894  0.005      0.0001     0.0051    ]
	[RESULT 19] [1.25525184e-02 4.72002703e-04 1.80245211e-02 1.00000000e-04
 0.00000000e+00 1.00000000e-04]
	[RESULT 20] [ 0.01342072 -0.00091011  0.01751061  0.0037      0.          0.0037    ]
	[RESULT 21] [1.47952411e-02 2.00032257e-02 1.02015331e-02 1.00000000e-04
 0.00000000e+00 1.00000000e-04]
	[RESULT 22] [ 0.01598745 -0.00697371  0.01401374  0.0016      0.          0.0016    ]
	[RESULT 23] [ 1.70563871e-02 -9.11238809e-03  1.29439990e-02  1.00000000e-04
  0.00000000e+00  1.00000000e-04]
	[RESULT 24] [ 1.70555005e-02 -9.11064089e-03  1.29448596e-02  1.00000000e-04
  0.00000000e+00  1.00000000e-04]
	[RESULT 25] [0.01163368 0.01851737 0.00688369 0.0019     0.         0.0019    ]
	[RESULT 26] [0.01227303 0.0137266  0.01900037 0.005      0.         0.005     ]
	[RESULT 27] [0.01595532 0.01769108 0.0113536  0.0023     0.         0.0023    ]
	[RESULT 28] [0.0108361  0.00988602 0.02427788 0.0035     0.         0.0035    ]
	[RESULT 29] [0.01090902 0.00318467 0.01909369 0.005      0.005      0.01      ]
	[RESULT 30] [0.0146358  0.01653772 0.01382647 0.0012     0.         0.0012    ]
