[METRICS]
	[DISEQUILIBRIUM COUNT] 157
	[MINIMUM S0 e1 S1 DISTANCE]0.007613337026750724
	[MINIMUM S0 e1 S2 DISTANCE]-0.009101266518731999
	[MINIMUM S0 e1 S6 DISTANCE]0.002866100446809545
	[MINIMUM S3 e1 S1 DISTANCE]9.99999999999994e-05
	[MINIMUM S3 e1 S4 DISTANCE]0.0
	[MINIMUM S3 e1 S5 DISTANCE]9.999999999998899e-05
	[AVERAGE S0 e1 S1 DISTANCE]0.013089400059324734
	[AVERAGE S0 e1 S2 DISTANCE]0.011415753841789602
	[AVERAGE S0 e1 S6 DISTANCE]0.013229697780796421
	[AVERAGE S3 e1 S1 DISTANCE]0.002537333333333333
	[AVERAGE S3 e1 S4 DISTANCE]0.000752444444444444
	[AVERAGE S3 e1 S5 DISTANCE]0.003289777777777781
[VARIABLES]
	[RESULT 1] [39 11.769829879424382 10 1.9372386072183958]
	[RESULT 2] [51 9696.358299584297 10 1.9976733442488621]
	[RESULT 3] [77 9215.074701409565 10 1.8465570257621926]
	[RESULT 4] [48 142.15690179761697 10 1.995054429622772]
	[RESULT 5] [23 10.000753334040706 1 1.9653654468703325]
	[RESULT 6] [100 9800.67167795949 10 1.970277032644797]
	[RESULT 7] [90 147.49168892518813 10 1.986042052172071]
	[RESULT 8] [23 11.757329589208796 10 1.985490056198876]
	[RESULT 9] [1 9870.304459108422 3 0.351362185241027]
	[RESULT 10] [1 10.000734488298786 1 0.12264018680751226]
	[RESULT 11] [6 148.1657578990662 10 1.973783150800995]
	[RESULT 12] [96 10.243745332542332 10 1.9690901200906519]
	[RESULT 13] [1 360.6618031775465 10 1.9843960717436802]
	[RESULT 14] [1 10.004695739355117 1 0.10367048843960289]
	[RESULT 15] [13 455.57374743970144 10 1.9938880930670944]
	[RESULT 16] [3 10.00373469330919 1 0.10051922264178234]
	[RESULT 17] [24 1297.9773936443753 3 0.2799180673944246]
	[RESULT 18] [23 10.071827874673161 1 0.3713933309760665]
	[RESULT 19] [61 28.251885389705294 10 1.698980584709215]
	[RESULT 20] [2 9826.289711653257 10 1.999115865976028]
	[RESULT 21] [3 10.073807046484273 9 0.6156723386914804]
	[RESULT 22] [23 9977.715992276717 10 1.9996894138159278]
	[RESULT 23] [3 10.0010353296237 1 0.10028606162671505]
	[RESULT 24] [1 30.84004903661976 10 1.9991887678577491]
	[RESULT 25] [41 10.00221951609312 1 0.10155362971814447]
	[RESULT 26] [27 9457.59867903357 10 1.9996894138159278]
	[RESULT 27] [100 10.0010353296237 1 0.186680039576001]
	[RESULT 28] [9 13.790598933412141 9 1.8789507590533765]
	[RESULT 29] [61 10.191355570293045 9 0.5886360901253562]
	[RESULT 30] [27 171.06538741711415 9 1.9996894138159278]
[OBJECTIVES]
	[RESULT 1] [0.01069686 0.00404104 0.0197379  0.0039     0.         0.0039    ]
	[RESULT 2] [0.01003568 0.01532681 0.00529113 0.005      0.0001     0.0051    ]
	[RESULT 3] [0.00888984 0.01304836 0.00415851 0.005      0.0027     0.0077    ]
	[RESULT 4] [0.01018832 0.01885479 0.01595689 0.0048     0.         0.0048    ]
	[RESULT 5] [ 0.01371831 -0.00243643  0.01628188  0.0023      0.          0.0023    ]
	[RESULT 6] [0.00761334 0.01047944 0.0028661  0.005      0.005      0.01      ]
	[RESULT 7] [0.0080974  0.02172149 0.01362409 0.005      0.004      0.009     ]
	[RESULT 8] [0.01144796 0.00253582 0.01898378 0.0023     0.         0.0023    ]
	[RESULT 9] [1.66453182e-02 1.64583672e-02 1.18963146e-02 1.00000000e-04
 0.00000000e+00 1.00000000e-04]
	[RESULT 10] [ 1.70243262e-02 -9.04846877e-03  1.29758574e-02  1.00000000e-04
  0.00000000e+00  1.00000000e-04]
	[RESULT 11] [0.01230979 0.01488353 0.01780668 0.0006     0.         0.0006    ]
	[RESULT 12] [0.00781454 0.00943171 0.02224625 0.005      0.0046     0.0096    ]
	[RESULT 13] [1.25490661e-02 1.93544707e-02 1.30964632e-02 1.00000000e-04
 0.00000000e+00 1.00000000e-04]
	[RESULT 14] [ 1.70512202e-02 -9.10126652e-03  1.29499537e-02  1.00000000e-04
  0.00000000e+00  1.00000000e-04]
	[RESULT 15] [0.01193949 0.02153869 0.01152182 0.0013     0.         0.0013    ]
	[RESULT 16] [ 0.0169557  -0.00891046  0.01304524  0.0003      0.          0.0003    ]
	[RESULT 17] [0.01559267 0.01701348 0.01239385 0.0024     0.         0.0024    ]
	[RESULT 18] [ 0.01558076 -0.00614358  0.01443718  0.0023      0.          0.0023    ]
	[RESULT 19] [0.00984424 0.0091702  0.02401445 0.005      0.0011     0.0061    ]
	[RESULT 20] [0.01248422 0.02022056 0.00773633 0.0002     0.         0.0002    ]
	[RESULT 21] [ 0.01525905 -0.00549966  0.01475939  0.0003      0.          0.0003    ]
	[RESULT 22] [0.01143365 0.01811561 0.00668196 0.0023     0.         0.0023    ]
	[RESULT 23] [ 0.01695603 -0.0089118   0.01304423  0.0003      0.          0.0003    ]
	[RESULT 24] [1.25341503e-02 4.24319415e-03 2.17773444e-02 1.00000000e-04
 0.00000000e+00 1.00000000e-04]
	[RESULT 25] [ 0.01505423 -0.0051079   0.01494633  0.0041      0.          0.0041    ]
	[RESULT 26] [0.01123365 0.01772914 0.00649549 0.0027     0.         0.0027    ]
	[RESULT 27] [0.01198427 0.00103171 0.01801598 0.005      0.005      0.01      ]
	[RESULT 28] [ 0.01350647 -0.00109989  0.01740657  0.0009      0.          0.0009    ]
	[RESULT 29] [0.01239393 0.0002599  0.01765382 0.005      0.0011     0.0061    ]
	[RESULT 30] [0.01248365 0.01545656 0.01705979 0.0027     0.         0.0027    ]
