[METRICS]
	[DISEQUILIBRIUM COUNT] 196
	[MINIMUM S0 e1 S1 DISTANCE]0.007583687490452476
	[MINIMUM S0 e1 S2 DISTANCE]-0.008987799159654863
	[MINIMUM S0 e1 S6 DISTANCE]0.0029365721525147575
	[MINIMUM S3 e1 S1 DISTANCE]9.99999999999994e-05
	[MINIMUM S3 e1 S4 DISTANCE]0.0
	[MINIMUM S3 e1 S5 DISTANCE]9.999999999998899e-05
	[AVERAGE S0 e1 S1 DISTANCE]0.01312098078084951
	[AVERAGE S0 e1 S2 DISTANCE]0.01057150671659351
	[AVERAGE S0 e1 S6 DISTANCE]0.013617205165323425
	[AVERAGE S3 e1 S1 DISTANCE]0.002442777777777779
	[AVERAGE S3 e1 S4 DISTANCE]0.0006079999999999993
	[AVERAGE S3 e1 S5 DISTANCE]0.0030507777777777838
[VARIABLES]
	[RESULT 1] [35 6361.619320648654 10 1.9990560969339932]
	[RESULT 2] [58 10.006596965030933 4 0.14648500173740497]
	[RESULT 3] [20 6798.569655976257 10 1.9998789710080795]
	[RESULT 4] [100 10.642853845200811 10 1.9961196034260402]
	[RESULT 5] [35 10.001737209443549 4 0.13101852892853727]
	[RESULT 6] [15 10.001903311165435 4 1.0806022670556545]
	[RESULT 7] [91 10.176225601779178 3 0.15762035983941405]
	[RESULT 8] [1 10.00010701073586 4 1.5521069217351333]
	[RESULT 9] [100 7020.016192828586 10 1.9983892239386531]
	[RESULT 10] [1 6006.945645657202 10 1.9997328913839894]
	[RESULT 11] [20 142.68650916305106 10 1.8230491782964964]
	[RESULT 12] [11 580.5733437860969 10 1.8147907113574915]
	[RESULT 13] [3 133.90482003044514 10 1.9961196034260402]
	[RESULT 14] [1 10.000238118067804 4 0.10001954664129434]
	[RESULT 15] [1 5989.190696912781 4 0.1534516825037993]
	[RESULT 16] [1 531.570389854448 4 1.9928786513047916]
	[RESULT 17] [49 17.16845715009192 10 1.9983996826788417]
	[RESULT 18] [26 577.9297045099735 2 0.1452681730193488]
	[RESULT 19] [19 10.144057656454624 10 1.9961196034260402]
	[RESULT 20] [35 10.049284773572257 10 1.9983996826788417]
	[RESULT 21] [67 6681.286848961394 10 1.9961883069845643]
	[RESULT 22] [9 41.5863384377882 10 1.9729715208189018]
	[RESULT 23] [1 11.087917521095683 10 1.9619460093618117]
	[RESULT 24] [1 10.000066237024686 3 0.10001954664129434]
	[RESULT 25] [1 10.002544801822058 3 0.10024126364684616]
	[RESULT 26] [1 10.00074464739135 4 0.10143893643814895]
	[RESULT 27] [51 6255.876958933026 10 1.997402246182745]
	[RESULT 28] [19 43.2939356441609 10 1.9998789710080795]
	[RESULT 29] [59 150.3344775002023 10 1.9528202583163583]
	[RESULT 30] [99 94.45461201777317 10 1.8230491782964964]
[OBJECTIVES]
	[RESULT 1] [0.01083428 0.01705607 0.00622178 0.0035     0.         0.0035    ]
	[RESULT 2] [ 0.01403352 -0.00306539  0.01596813  0.005       0.0008      0.0058    ]
	[RESULT 3] [0.01158346 0.01852983 0.00694638 0.002      0.         0.002     ]
	[RESULT 4] [0.00758724 0.0099852  0.02257244 0.005      0.005      0.01      ]
	[RESULT 5] [ 0.01520534 -0.00541024  0.0147951   0.0035      0.          0.0035    ]
	[RESULT 6] [ 0.01497879 -0.0049571   0.01502169  0.0015      0.          0.0015    ]
	[RESULT 7] [0.0124125  0.00021898 0.01763148 0.005      0.0041     0.0091    ]
	[RESULT 8] [ 1.51446800e-02 -5.28933330e-03  1.48553467e-02  1.00000000e-04
  0.00000000e+00  1.00000000e-04]
	[RESULT 9] [0.00758496 0.01052153 0.00293657 0.005      0.005      0.01      ]
	[RESULT 10] [1.25336023e-02 2.04772460e-02 7.94364368e-03 1.00000000e-04
 0.00000000e+00 1.00000000e-04]
	[RESULT 11] [0.01176418 0.01572757 0.01750825 0.002      0.         0.002     ]
	[RESULT 12] [0.01222275 0.02182634 0.01095091 0.0011     0.         0.0011    ]
	[RESULT 13] [0.01243724 0.01396006 0.0186027  0.0003     0.         0.0003    ]
	[RESULT 14] [ 1.69492650e-02 -8.89847048e-03  1.30507945e-02  1.00000000e-04
  0.00000000e+00  1.00000000e-04]
	[RESULT 15] [1.68737150e-02 1.58413311e-02 1.22849539e-02 1.00000000e-04
 0.00000000e+00 1.00000000e-04]
	[RESULT 16] [1.46833655e-02 1.66111983e-02 1.37054362e-02 1.00000000e-04
 0.00000000e+00 1.00000000e-04]
	[RESULT 17] [0.01013494 0.00640235 0.0215373  0.0049     0.         0.0049    ]
	[RESULT 18] [0.0157146  0.01482789 0.01445751 0.0026     0.         0.0026    ]
	[RESULT 19] [0.01163724 0.00176148 0.01839872 0.0019     0.         0.0019    ]
	[RESULT 20] [0.01083494 0.00334243 0.01917737 0.0035     0.         0.0035    ]
	[RESULT 21] [0.00923717 0.01384355 0.00460638 0.005      0.0017     0.0067    ]
	[RESULT 22] [0.01216061 0.00667985 0.02384046 0.0009     0.         0.0009    ]
	[RESULT 23] [1.25717735e-02 1.25505337e-04 1.76972788e-02 1.00000000e-04
 0.00000000e+00 1.00000000e-04]
	[RESULT 24] [ 1.69939079e-02 -8.98779916e-03  1.30061087e-02  1.00000000e-04
  0.00000000e+00  1.00000000e-04]
	[RESULT 25] [ 1.69935927e-02 -8.98654924e-03  1.30070435e-02  1.00000000e-04
  0.00000000e+00  1.00000000e-04]
	[RESULT 26] [ 1.69472477e-02 -8.89430930e-03  1.30529384e-02  1.00000000e-04
  0.00000000e+00  1.00000000e-04]
	[RESULT 27] [0.01003595 0.01546586 0.00542991 0.005      0.0001     0.0051    ]
	[RESULT 28] [0.01163346 0.00797755 0.024611   0.0019     0.         0.0019    ]
	[RESULT 29] [0.00968103 0.02023577 0.0150832  0.005      0.0009     0.0059    ]
	[RESULT 30] [0.00781418 0.02081817 0.01636765 0.005      0.0049     0.0099    ]
