[METRICS]
	[DISEQUILIBRIUM COUNT] 208
	[MINIMUM S0 e1 S1 DISTANCE]0.007595128551132649
	[MINIMUM S0 e1 S2 DISTANCE]-0.00911150853511744
	[MINIMUM S0 e1 S6 DISTANCE]0.0029239029070080797
	[MINIMUM S3 e1 S1 DISTANCE]9.99999999999994e-05
	[MINIMUM S3 e1 S4 DISTANCE]0.0
	[MINIMUM S3 e1 S5 DISTANCE]9.999999999998899e-05
	[AVERAGE S0 e1 S1 DISTANCE]0.013403272525364085
	[AVERAGE S0 e1 S2 DISTANCE]0.010229920320238289
	[AVERAGE S0 e1 S6 DISTANCE]0.013699725543212605
	[AVERAGE S3 e1 S1 DISTANCE]0.002192333333333335
	[AVERAGE S3 e1 S4 DISTANCE]0.000532
	[AVERAGE S3 e1 S5 DISTANCE]0.002724333333333339
[VARIABLES]
	[RESULT 1] [36 10.083125132558497 2 0.936649137605887]
	[RESULT 2] [36 9777.680999118522 10 1.9978629317475547]
	[RESULT 3] [45 309.93430905505824 10 1.98016986996324]
	[RESULT 4] [33 10.42304858118418 10 1.9903238408699393]
	[RESULT 5] [98 10.034411253767507 1 1.89603411656642]
	[RESULT 6] [98 27.75700918265691 10 1.986817627376311]
	[RESULT 7] [54 10.000151804766091 1 0.1412941399325359]
	[RESULT 8] [4 10.000004682978197 10 1.9305339204620422]
	[RESULT 9] [18 230.23511921484481 10 1.9912143645112346]
	[RESULT 10] [1 134.5573976900848 10 1.999990020259703]
	[RESULT 11] [1 10.000018741239101 1 0.11768724241833702]
	[RESULT 12] [21 1075.930624076755 1 0.15006800867273784]
	[RESULT 13] [18 13.74785640695518 2 0.12281568873480109]
	[RESULT 14] [21 9480.964676899783 10 1.9978629317475547]
	[RESULT 15] [1 10.00043965713814 1 0.10136698849755713]
	[RESULT 16] [1 79.84875929611206 2 1.9757223995821251]
	[RESULT 17] [14 10.681972867294647 10 1.8491022869768394]
	[RESULT 18] [1 10.000026903085681 1 0.10047701644847777]
	[RESULT 19] [7 401.26135969696634 9 1.9904644916785719]
	[RESULT 20] [39 208.0064814909294 2 1.9448643047025391]
	[RESULT 21] [100 7717.957249718871 10 1.9797912709058778]
	[RESULT 22] [60 10.000004618539853 9 1.8119028371994848]
	[RESULT 23] [1 10.000151804766091 1 0.10270807126084351]
	[RESULT 24] [32 1075.930624076755 1 0.15006800867273784]
	[RESULT 25] [1 9847.463044058213 3 0.3004700142594725]
	[RESULT 26] [1 8599.155379673737 10 1.9996241427931]
	[RESULT 27] [70 5935.1443267837885 10 1.98016986996324]
	[RESULT 28] [22 36.81300509933163 10 1.9782897079390043]
	[RESULT 29] [45 35.008000330235454 10 1.8687380785306138]
	[RESULT 30] [1 10.000147980073903 1 1.6585217455853223]
[OBJECTIVES]
	[RESULT 1] [ 0.0141804  -0.00334003  0.01584037  0.0036      0.          0.0036    ]
	[RESULT 2] [0.01078549 0.01682432 0.00603884 0.0036     0.         0.0036    ]
	[RESULT 3] [0.01035333 0.0219577  0.01160436 0.0045     0.         0.0045    ]
	[RESULT 4] [0.01094308 0.00321915 0.01916223 0.0033     0.         0.0033    ]
	[RESULT 5] [0.01003894 0.00493073 0.01996966 0.005      0.0048     0.0098    ]
	[RESULT 6] [0.00769662 0.0133766  0.02392678 0.005      0.0048     0.0098    ]
	[RESULT 7] [ 0.01434798 -0.00369592  0.01565206  0.005       0.0004      0.0054    ]
	[RESULT 8] [1.24536891e-02 9.26229819e-05 1.75463121e-02 4.00000000e-04
 0.00000000e+00 4.00000000e-04]
	[RESULT 9] [0.01169219 0.01880886 0.01449895 0.0018     0.         0.0018    ]
	[RESULT 10] [1.25333434e-02 1.38003021e-02 1.86663545e-02 1.00000000e-04
 0.00000000e+00 1.00000000e-04]
	[RESULT 11] [ 1.70313384e-02 -9.06267217e-03  1.29686663e-02  1.00000000e-04
  0.00000000e+00  1.00000000e-04]
	[RESULT 12] [0.01598562 0.01588455 0.01312983 0.0021     0.         0.0021    ]
	[RESULT 13] [ 0.0161463  -0.00638948  0.01475682  0.0018      0.          0.0018    ]
	[RESULT 14] [0.01153549 0.01833218 0.00679669 0.0021     0.         0.0021    ]
	[RESULT 15] [ 1.70544928e-02 -9.10887574e-03  1.29456171e-02  1.00000000e-04
  0.00000000e+00  1.00000000e-04]
	[RESULT 16] [1.47800513e-02 5.72092027e-03 2.44990284e-02 1.00000000e-04
 0.00000000e+00 1.00000000e-04]
	[RESULT 17] [0.01203721 0.00109491 0.01813212 0.0014     0.         0.0014    ]
	[RESULT 18] [ 1.70557576e-02 -9.11150854e-03  1.29442491e-02  1.00000000e-04
  0.00000000e+00  1.00000000e-04]
	[RESULT 19] [0.01349294 0.01792517 0.01358188 0.0007     0.         0.0007    ]
	[RESULT 20] [0.01291133 0.01578826 0.01630041 0.0039     0.         0.0039    ]
	[RESULT 21] [0.00760372 0.01052762 0.0029239  0.005      0.005      0.01      ]
	[RESULT 22] [0.01102575 0.0029485  0.01897425 0.005      0.001      0.006     ]
	[RESULT 23] [ 1.70525873e-02 -9.10513674e-03  1.29474506e-02  1.00000000e-04
  0.00000000e+00  1.00000000e-04]
	[RESULT 24] [0.01543562 0.01698455 0.01257983 0.0032     0.         0.0032    ]
	[RESULT 25] [1.67145275e-02 1.63193717e-02 1.19661008e-02 1.00000000e-04
 0.00000000e+00 1.00000000e-04]
	[RESULT 26] [1.25337118e-02 2.03551386e-02 7.82142677e-03 1.00000000e-04
 0.00000000e+00 1.00000000e-04]
	[RESULT 27] [0.00910333 0.0136216  0.00451826 0.005      0.002      0.007     ]
	[RESULT 28] [0.01150523 0.00727547 0.0237807  0.0022     0.         0.0022    ]
	[RESULT 29] [0.01046697 0.00906734 0.02453431 0.0045     0.         0.0045    ]
	[RESULT 30] [ 1.51372543e-02 -5.27447165e-03  1.48627827e-02  1.00000000e-04
  0.00000000e+00  1.00000000e-04]
