[METRICS]
	[DISEQUILIBRIUM COUNT] 191
	[MINIMUM S0 e1 S1 DISTANCE]0.00758432069477992
	[MINIMUM S0 e1 S2 DISTANCE]-0.008766372333812056
	[MINIMUM S0 e1 S6 DISTANCE]0.002862498125463883
	[MINIMUM S3 e1 S1 DISTANCE]9.99999999999994e-05
	[MINIMUM S3 e1 S4 DISTANCE]0.0
	[MINIMUM S3 e1 S5 DISTANCE]9.999999999998899e-05
	[AVERAGE S0 e1 S1 DISTANCE]0.013044992225681378
	[AVERAGE S0 e1 S2 DISTANCE]0.010611983115656512
	[AVERAGE S0 e1 S6 DISTANCE]0.013462164932958954
	[AVERAGE S3 e1 S1 DISTANCE]0.0024894444444444413
	[AVERAGE S3 e1 S4 DISTANCE]0.0008202222222222224
	[AVERAGE S3 e1 S5 DISTANCE]0.0033096666666666695
[VARIABLES]
	[RESULT 1] [25 10.434969723428786 10 1.7287985244509996]
	[RESULT 2] [14 10.141963946726056 10 0.13993068155994262]
	[RESULT 3] [1 49.96847600169984 10 0.20621775529659322]
	[RESULT 4] [97 12.533937988646281 10 1.9995686187133446]
	[RESULT 5] [39 2236.891928182045 10 1.966298542110808]
	[RESULT 6] [44 12.526775797338303 4 0.27308358976438685]
	[RESULT 7] [26 58.979751334424236 10 1.997660245281862]
	[RESULT 8] [1 10.000193098056295 4 1.7188040811575318]
	[RESULT 9] [72 7060.430710066602 10 1.9970056544833015]
	[RESULT 10] [27 629.0690281066148 1 0.279432739582884]
	[RESULT 11] [49 129.4995610850542 10 1.8435653191778416]
	[RESULT 12] [58 7027.078021503702 10 1.9996790645841174]
	[RESULT 13] [20 6964.6750400823385 10 1.998951541486607]
	[RESULT 14] [43 21.986120156881313 10 1.997660245281862]
	[RESULT 15] [3 49.050312113174236 10 1.6969682116625062]
	[RESULT 16] [6 10.000224163383148 10 1.9919469051520036]
	[RESULT 17] [2 10.000649885278625 4 0.1562850408667137]
	[RESULT 18] [3 10.001773539526083 3 0.10741191574488271]
	[RESULT 19] [100 150.68361310902333 10 1.9990195280596827]
	[RESULT 20] [20 203.4764899285965 10 1.9813050983283467]
	[RESULT 21] [9 183.4564927334145 10 1.9037311809461117]
	[RESULT 22] [1 10.000224163383148 4 0.15434676216379367]
	[RESULT 23] [100 10.000204890029185 3 0.20789278831866465]
	[RESULT 24] [25 10.004342711290452 3 0.15144693909838466]
	[RESULT 25] [1 6963.577829617889 10 1.998951541486607]
	[RESULT 26] [57 242.61193471500025 10 1.9990195280596827]
	[RESULT 27] [1 6969.5537197536405 5 0.10535578398492332]
	[RESULT 28] [100 9423.223594826106 10 1.9837622242200614]
	[RESULT 29] [78 10.00033001523069 6 0.15545723641723852]
	[RESULT 30] [1 10.000193098056295 3 0.20753020444413542]
[OBJECTIVES]
	[RESULT 1] [0.01161273 0.00188281 0.01849554 0.0025     0.         0.0025    ]
	[RESULT 2] [ 0.0140999  -0.00316436  0.01593554  0.0014      0.          0.0014    ]
	[RESULT 3] [1.46570259e-02 2.82478352e-03 2.24818094e-02 1.00000000e-04
 0.00000000e+00 1.00000000e-04]
	[RESULT 4] [0.00773377 0.01015029 0.02288406 0.005      0.0047     0.0097    ]
	[RESULT 5] [0.01066736 0.01740912 0.00674176 0.0039     0.         0.0039    ]
	[RESULT 6] [ 0.01455741 -0.0034987   0.01605871  0.0044      0.          0.0044    ]
	[RESULT 7] [0.01128569 0.01064782 0.02306649 0.0026     0.         0.0026    ]
	[RESULT 8] [ 1.49661334e-02 -4.93221847e-03  1.50339149e-02  1.00000000e-04
  0.00000000e+00  1.00000000e-04]
	[RESULT 9] [0.00898635 0.01332233 0.00433598 0.005      0.0022     0.0072    ]
	[RESULT 10] [0.01550584 0.01551161 0.01398255 0.0027     0.         0.0027    ]
	[RESULT 11] [0.01029293 0.01802459 0.01668248 0.0049     0.         0.0049    ]
	[RESULT 12] [0.00968366 0.01471858 0.00503492 0.005      0.0008     0.0058    ]
	[RESULT 13] [0.01158439 0.01852315 0.00693876 0.002      0.         0.002     ]
	[RESULT 14] [0.01043569 0.00680443 0.02224012 0.0043     0.         0.0043    ]
	[RESULT 15] [0.01274637 0.00652815 0.02427452 0.0003     0.         0.0003    ]
	[RESULT 16] [0.01229145 0.00041716 0.01770861 0.0006     0.         0.0006    ]
	[RESULT 17] [ 0.01681973 -0.0086393   0.01318043  0.0002      0.          0.0002    ]
	[RESULT 18] [ 0.01688341 -0.00876637  0.01311704  0.0003      0.          0.0003    ]
	[RESULT 19] [0.00758432 0.02055572 0.0129714  0.005      0.005      0.01      ]
	[RESULT 20] [0.01160219 0.01827706 0.01512076 0.002      0.         0.002     ]
	[RESULT 21] [0.01223105 0.01639567 0.01637328 0.0009     0.         0.0009    ]
	[RESULT 22] [ 1.68724562e-02 -8.74485627e-03  1.31275999e-02  1.00000000e-04
  0.00000000e+00  1.00000000e-04]
	[RESULT 23] [0.01189219 0.00121566 0.01810786 0.005      0.005      0.01      ]
	[RESULT 24] [ 0.01572118 -0.00644127  0.01427991  0.0025      0.          0.0025    ]
	[RESULT 25] [1.25343892e-02 2.04232084e-02 7.88881922e-03 1.00000000e-04
 0.00000000e+00 1.00000000e-04]
	[RESULT 26] [0.00973432 0.02198491 0.01225059 0.005      0.0007     0.0057    ]
	[RESULT 27] [1.68821601e-02 1.58815497e-02 1.22362902e-02 1.00000000e-04
 0.00000000e+00 1.00000000e-04]
	[RESULT 28] [0.00759971 0.0104622  0.0028625  0.005      0.005      0.01      ]
	[RESULT 29] [ 0.01287804 -0.00075599  0.01712204  0.005       0.0028      0.0078    ]
	[RESULT 30] [ 1.68426992e-02 -8.68535015e-03  1.31573491e-02  1.00000000e-04
  0.00000000e+00  1.00000000e-04]
