[METRICS]
	[DISEQUILIBRIUM COUNT] 128
	[MINIMUM S0 e1 S1 DISTANCE]0.0075946052441396225
	[MINIMUM S0 e1 S2 DISTANCE]-0.009097105359216817
	[MINIMUM S0 e1 S6 DISTANCE]0.0028438380068387162
	[MINIMUM S3 e1 S1 DISTANCE]9.99999999999994e-05
	[MINIMUM S3 e1 S4 DISTANCE]0.0
	[MINIMUM S3 e1 S5 DISTANCE]9.999999999998899e-05
	[AVERAGE S0 e1 S1 DISTANCE]0.012802674657243992
	[AVERAGE S0 e1 S2 DISTANCE]0.012497350019782232
	[AVERAGE S0 e1 S6 DISTANCE]0.012577935362102954
	[AVERAGE S3 e1 S1 DISTANCE]0.002596222222222222
	[AVERAGE S3 e1 S4 DISTANCE]0.0007898888888888896
	[AVERAGE S3 e1 S5 DISTANCE]0.0033861111111111175
[VARIABLES]
	[RESULT 1] [28 219.2161233354401 10 1.8067546964613777]
	[RESULT 2] [26 10.45321229162565 9 0.6242482617817345]
	[RESULT 3] [17 9772.669232358408 3 0.3757903145390563]
	[RESULT 4] [1 9301.524579433742 10 1.9958955963231109]
	[RESULT 5] [62 64.19113465884247 10 1.9986666751553823]
	[RESULT 6] [1 10.023920390072384 1 0.103443927178824]
	[RESULT 7] [17 10.011492632279515 1 0.44071304844127923]
	[RESULT 8] [49 8617.599725905744 10 1.9994995032139833]
	[RESULT 9] [100 10.003087824549667 1 0.45562290922998416]
	[RESULT 10] [80 10.00009693163799 1 0.10816160752980175]
	[RESULT 11] [1 10.024085335918791 1 1.5860342281302842]
	[RESULT 12] [1 10.0049112972432 1 0.16095441021705847]
	[RESULT 13] [20 9937.390970469141 10 1.999900108989936]
	[RESULT 14] [1 10.052696806887104 10 1.8140828726204368]
	[RESULT 15] [39 9489.529949619757 10 1.9967672240381944]
	[RESULT 16] [97 155.75290424868763 10 1.9959476295254848]
	[RESULT 17] [26 385.2058601420991 9 0.13063128262283044]
	[RESULT 18] [64 10.011492632279515 1 0.1073068226196527]
	[RESULT 19] [79 8740.024101866218 10 1.9888152960969478]
	[RESULT 20] [98 22.106478809337204 10 1.9880716989058087]
	[RESULT 21] [1 9703.492915847157 2 0.103443927178824]
	[RESULT 22] [10 26.544421556846935 10 1.9997036427026178]
	[RESULT 23] [1 10.001734846555589 1 0.10755159337656009]
	[RESULT 24] [1 152.0572419231234 10 1.9587222469528298]
	[RESULT 25] [40 10.019419407762017 1 1.586002518271021]
	[RESULT 26] [2 10.001734846555589 1 0.10755159337656009]
	[RESULT 27] [40 22.106478809337204 10 1.9770730820465168]
	[RESULT 28] [100 9940.783966465424 10 1.988816259237481]
	[RESULT 29] [25 10.00530702830183 10 1.9350002140637423]
	[RESULT 30] [20 72.15572828626046 10 1.9156344051492877]
[OBJECTIVES]
	[RESULT 1] [0.01138111 0.01915283 0.01446607 0.0028     0.         0.0028    ]
	[RESULT 2] [ 0.01409802 -0.00308326  0.01601477  0.0026      0.          0.0026    ]
	[RESULT 3] [0.01581234 0.01812184 0.01106582 0.0017     0.         0.0017    ]
	[RESULT 4] [1.25374677e-02 2.03411328e-02 7.80366512e-03 1.00000000e-04
 0.00000000e+00 1.00000000e-04]
	[RESULT 5] [0.00948468 0.014817   0.02069832 0.005      0.0012     0.0062    ]
	[RESULT 6] [ 1.70515420e-02 -9.09710536e-03  1.29544367e-02  1.00000000e-04
  0.00000000e+00  1.00000000e-04]
	[RESULT 7] [ 0.01578794 -0.00657301  0.01421493  0.0017      0.          0.0017    ]
	[RESULT 8] [0.01013384 0.01555478 0.00542094 0.0049     0.         0.0049    ]
	[RESULT 9] [0.01161814 0.0017645  0.01838264 0.005      0.005      0.01      ]
	[RESULT 10] [ 0.01309484 -0.00118966  0.01690518  0.005       0.003       0.008     ]
	[RESULT 11] [ 1.52150675e-02 -5.42411504e-03  1.47909524e-02  1.00000000e-04
  0.00000000e+00  1.00000000e-04]
	[RESULT 12] [ 1.69703130e-02 -8.93939827e-03  1.30309147e-02  1.00000000e-04
  0.00000000e+00  1.00000000e-04]
	[RESULT 13] [0.01158343 0.01841618 0.00683275 0.002      0.         0.002     ]
	[RESULT 14] [ 1.27234876e-02 -4.33807998e-04  1.72896796e-02  1.00000000e-04
  0.00000000e+00  1.00000000e-04]
	[RESULT 15] [0.01063659 0.01653415 0.00589756 0.0039     0.         0.0039    ]
	[RESULT 16] [0.00773742 0.02064765 0.01291023 0.005      0.0047     0.0097    ]
	[RESULT 17] [0.01476303 0.01521307 0.0150239  0.0026     0.         0.0026    ]
	[RESULT 18] [ 0.01389606 -0.00278924  0.01610682  0.005       0.0014      0.0064    ]
	[RESULT 19] [0.00864461 0.01257234 0.00392773 0.005      0.0029     0.0079    ]
	[RESULT 20] [0.00769536 0.01230906 0.02499558 0.005      0.0048     0.0098    ]
	[RESULT 21] [1.70237642e-02 1.56972000e-02 1.22790358e-02 1.00000000e-04
 0.00000000e+00 1.00000000e-04]
	[RESULT 22] [0.01208363 0.00438169 0.02146532 0.001      0.         0.001     ]
	[RESULT 23] [ 1.70457096e-02 -9.09098551e-03  1.29547241e-02  1.00000000e-04
  0.00000000e+00  1.00000000e-04]
	[RESULT 24] [1.25750412e-02 1.45217821e-02 1.79031767e-02 1.00000000e-04
 0.00000000e+00 1.00000000e-04]
	[RESULT 25] [ 0.0132651  -0.00152535  0.01673975  0.004       0.          0.004     ]
	[RESULT 26] [ 0.01699571 -0.00899099  0.01300472  0.0002      0.          0.0002    ]
	[RESULT 27] [0.01060646 0.00648685 0.02209331 0.004      0.         0.004     ]
	[RESULT 28] [0.00759461 0.01043844 0.00284384 0.005      0.005      0.01      ]
	[RESULT 29] [0.01139914 0.00220304 0.01860219 0.0025     0.         0.0025    ]
	[RESULT 30] [0.01166889 0.01124495 0.02208616 0.002      0.         0.002     ]
