[METRICS]
	[DISEQUILIBRIUM COUNT] 163
	[MINIMUM S0 e1 S1 DISTANCE]0.007735069574492576
	[MINIMUM S0 e1 S2 DISTANCE]-0.008762869074290469
	[MINIMUM S0 e1 S6 DISTANCE]0.0031287017384089622
	[MINIMUM S3 e1 S1 DISTANCE]9.99999999999994e-05
	[MINIMUM S3 e1 S4 DISTANCE]0.0
	[MINIMUM S3 e1 S5 DISTANCE]9.999999999998899e-05
	[AVERAGE S0 e1 S1 DISTANCE]0.013104093071546339
	[AVERAGE S0 e1 S2 DISTANCE]0.011707962986165844
	[AVERAGE S0 e1 S6 DISTANCE]0.0129785001322225
	[AVERAGE S3 e1 S1 DISTANCE]0.0024772222222222196
	[AVERAGE S3 e1 S4 DISTANCE]0.0008418888888888893
	[AVERAGE S3 e1 S5 DISTANCE]0.003319111111111111
[VARIABLES]
	[RESULT 1] [94 85.30848876110664 10 1.7801752649101292]
	[RESULT 2] [51 159.04416382294403 5 1.7143223690299971]
	[RESULT 3] [52 10.345196573312569 10 1.763548683106339]
	[RESULT 4] [98 10.612079648225375 6 0.15390841071515132]
	[RESULT 5] [1 8561.989837005389 10 1.9618763923321838]
	[RESULT 6] [1 10.000738400219973 5 0.17222757679677084]
	[RESULT 7] [18 10.031093826729755 4 1.8175414970670474]
	[RESULT 8] [82 10.547549819042796 5 0.19255423347710615]
	[RESULT 9] [53 123.82915463915744 10 1.786200903216034]
	[RESULT 10] [28 8686.306859774613 10 1.9614276488843947]
	[RESULT 11] [1 10.000738400219973 5 0.11555889157476064]
	[RESULT 12] [1 10.021162185991534 6 0.10116998265492116]
	[RESULT 13] [1 18.306274466784807 10 1.9751549486214137]
	[RESULT 14] [96 7949.006943644249 10 1.9659493112757553]
	[RESULT 15] [1 167.3671961836326 10 1.744368218047688]
	[RESULT 16] [30 10.010648463014535 6 0.10245552795376553]
	[RESULT 17] [99 10.036824884617666 10 1.899251314036682]
	[RESULT 18] [27 400.0480921599436 5 1.9980246015101153]
	[RESULT 19] [20 8682.075895499263 10 1.9921480484279033]
	[RESULT 20] [2 10.007813378569027 5 1.5449643215116378]
	[RESULT 21] [50 8630.91729508472 10 1.7894076244433337]
	[RESULT 22] [1 10.01187902121234 6 0.10322013416169831]
	[RESULT 23] [45 10.951238154399597 2 0.20369936547191791]
	[RESULT 24] [80 8186.303713650575 10 1.7101785721687555]
	[RESULT 25] [1 7957.879634863179 5 0.10068845270933927]
	[RESULT 26] [66 10.932091201625932 10 1.786200903216034]
	[RESULT 27] [25 10.49391484545914 10 1.9241314813293326]
	[RESULT 28] [22 165.75665361051193 10 1.7284619924664575]
	[RESULT 29] [51 10.018527144249145 1 0.2726438230178471]
	[RESULT 30] [61 8924.265908659201 10 1.7894527402219504]
[OBJECTIVES]
	[RESULT 1] [0.00810882 0.01952179 0.01736939 0.005      0.0044     0.0094    ]
	[RESULT 2] [0.01241134 0.01513893 0.01744972 0.005      0.0001     0.0051    ]
	[RESULT 3] [0.01022621 0.00463358 0.01985979 0.005      0.0002     0.0052    ]
	[RESULT 4] [0.01188022 0.00139166 0.01827187 0.005      0.0048     0.0098    ]
	[RESULT 5] [1.25718440e-02 2.04326389e-02 7.86079491e-03 1.00000000e-04
 0.00000000e+00 1.00000000e-04]
	[RESULT 6] [ 1.67878316e-02 -8.57547853e-03  1.32123530e-02  1.00000000e-04
  0.00000000e+00  1.00000000e-04]
	[RESULT 7] [ 0.01401275 -0.00301773  0.01599502  0.0018      0.          0.0018    ]
	[RESULT 8] [ 0.0127094  -0.00028267  0.01742674  0.005       0.0032      0.0082    ]
	[RESULT 9] [0.01015252 0.01800338 0.0168441  0.005      0.0003     0.0053    ]
	[RESULT 10] [0.0112223  0.01772946 0.00650716 0.0028     0.         0.0028    ]
	[RESULT 11] [ 1.68676871e-02 -8.73518966e-03  1.31324975e-02  1.00000000e-04
  0.00000000e+00  1.00000000e-04]
	[RESULT 12] [ 1.68047728e-02 -8.60425615e-03  1.32005166e-02  1.00000000e-04
  0.00000000e+00  1.00000000e-04]
	[RESULT 13] [1.25584028e-02 1.80050582e-03 1.93589086e-02 1.00000000e-04
 0.00000000e+00 1.00000000e-04]
	[RESULT 14] [0.00781772 0.01094642 0.0031287  0.005      0.0046     0.0096    ]
	[RESULT 15] [1.27963431e-02 1.46935661e-02 1.75100908e-02 1.00000000e-04
 0.00000000e+00 1.00000000e-04]
	[RESULT 16] [ 0.01535295 -0.00570323  0.01464972  0.003       0.          0.003     ]
	[RESULT 17] [0.00773564 0.00953792 0.02227356 0.005      0.0049     0.0099    ]
	[RESULT 18] [0.01331866 0.01826115 0.0134202  0.0027     0.         0.0027    ]
	[RESULT 19] [0.01159124 0.01846749 0.00687624 0.002      0.         0.002     ]
	[RESULT 20] [ 0.01504292 -0.00508389  0.01495903  0.0002      0.          0.0002    ]
	[RESULT 21] [0.01029918 0.01588502 0.00558584 0.005      0.         0.005     ]
	[RESULT 22] [ 1.68018599e-02 -8.60075042e-03  1.32011095e-02  1.00000000e-04
  0.00000000e+00  1.00000000e-04]
	[RESULT 23] [ 0.01468275 -0.00412994  0.01555281  0.0045      0.          0.0045    ]
	[RESULT 24] [0.00888239 0.01306685 0.00418446 0.005      0.003      0.008     ]
	[RESULT 25] [1.68887905e-02 1.59117783e-02 1.21994313e-02 1.00000000e-04
 0.00000000e+00 1.00000000e-04]
	[RESULT 26] [0.00950252 0.00622583 0.02072835 0.005      0.0016     0.0066    ]
	[RESULT 27] [0.01141021 0.00230244 0.01871266 0.0025     0.         0.0025    ]
	[RESULT 28] [0.01176309 0.01669891 0.016538   0.0022     0.         0.0022    ]
	[RESULT 29] [ 0.01431516 -0.00362569  0.01568947  0.005       0.0001      0.0051    ]
	[RESULT 30] [0.00974913 0.0147756  0.00502647 0.005      0.0011     0.0061    ]
