[METRICS]
	[DISEQUILIBRIUM COUNT] 106
	[MINIMUM S0 e1 S1 DISTANCE]0.007585736524559222
	[MINIMUM S0 e1 S2 DISTANCE]-0.008126892252376727
	[MINIMUM S0 e1 S6 DISTANCE]0.0028844615570312294
	[MINIMUM S3 e1 S1 DISTANCE]9.99999999999994e-05
	[MINIMUM S3 e1 S4 DISTANCE]0.0
	[MINIMUM S3 e1 S5 DISTANCE]9.999999999998899e-05
	[AVERAGE S0 e1 S1 DISTANCE]0.012345983033753203
	[AVERAGE S0 e1 S2 DISTANCE]0.013243920389062774
	[AVERAGE S0 e1 S6 DISTANCE]0.012296475360457842
	[AVERAGE S3 e1 S1 DISTANCE]0.002629888888888885
	[AVERAGE S3 e1 S4 DISTANCE]0.0009221111111111105
	[AVERAGE S3 e1 S5 DISTANCE]0.0035520000000000018
[VARIABLES]
	[RESULT 1] [12 198.56991026197792 10 1.9186475438341222]
	[RESULT 2] [29 29.46331199097733 10 1.8532248147905703]
	[RESULT 3] [100 11.457071759204316 10 1.9976138570742417]
	[RESULT 4] [11 5761.85519894898 7 0.18729709417063645]
	[RESULT 5] [29 238.90197328326576 10 1.9735717677086355]
	[RESULT 6] [49 10.734684022979323 7 0.23942475326034368]
	[RESULT 7] [100 10.739319678435859 9 0.24735905684656945]
	[RESULT 8] [30 10.734684022979323 7 0.15091415768168742]
	[RESULT 9] [2 10.194370345825117 10 0.192793673658761]
	[RESULT 10] [14 56.13751755735083 10 1.9728899045352934]
	[RESULT 11] [76 150.70702142352874 10 1.9984467509593546]
	[RESULT 12] [37 482.0157120059227 2 0.1956555528491725]
	[RESULT 13] [73 8840.761591109458 10 1.9996359488926396]
	[RESULT 14] [54 9881.64497090961 10 1.9496169871479967]
	[RESULT 15] [1 9456.741541692389 10 1.9997324967729984]
	[RESULT 16] [72 10.001666632771078 10 1.9893919619708385]
	[RESULT 17] [24 9284.101496291642 10 1.9955718381981278]
	[RESULT 18] [99 9944.92436156694 10 1.9980158154032237]
	[RESULT 19] [2 198.56991026197792 10 1.9186475438341222]
	[RESULT 20] [1 10.381494938046117 6 0.23942475326034368]
	[RESULT 21] [2 10.000244059126695 10 1.9997570905537023]
	[RESULT 22] [67 10.029893754231052 9 0.10004478758299949]
	[RESULT 23] [53 132.6603528183495 10 1.9058970451099846]
	[RESULT 24] [1 10.381494938046117 6 0.2742109080047504]
	[RESULT 25] [29 10.37066433144412 9 1.8532248147905703]
	[RESULT 26] [1 10.097401007493325 8 0.15004749195020056]
	[RESULT 27] [1 9128.554340055887 8 0.17167789625454533]
	[RESULT 28] [1 10.268300881161576 7 0.23942475326034368]
	[RESULT 29] [96 195.92961903421474 10 1.9987104432297678]
	[RESULT 30] [1 26.52427029557839 10 0.2742109080047504]
[OBJECTIVES]
	[RESULT 1] [0.01206581 0.01720497 0.01572922 0.0012     0.         0.0012    ]
	[RESULT 2] [0.01128296 0.00650716 0.02279012 0.0029     0.         0.0029    ]
	[RESULT 3] [0.00758574 0.01018756 0.0227733  0.005      0.005      0.01      ]
	[RESULT 4] [0.01605841 0.01745596 0.01148563 0.0011     0.         0.0011    ]
	[RESULT 5] [0.01116    0.02007894 0.01376105 0.0029     0.         0.0029    ]
	[RESULT 6] [ 0.01408595 -0.00298957  0.01609638  0.0049      0.          0.0049    ]
	[RESULT 7] [0.01089999 0.0033835  0.01928349 0.005      0.005      0.01      ]
	[RESULT 8] [ 0.01515943 -0.00513652  0.0150229   0.003       0.          0.003     ]
	[RESULT 9] [ 0.01462574 -0.00420298  0.01542276  0.0002      0.          0.0002    ]
	[RESULT 10] [0.01191069 0.00907144 0.02401787 0.0014     0.         0.0014    ]
	[RESULT 11] [0.0087849  0.02204413 0.01417097 0.005      0.0026     0.0076    ]
	[RESULT 12] [0.01509397 0.01544156 0.01446448 0.0037     0.         0.0037    ]
	[RESULT 13] [0.0089337  0.01314733 0.00421363 0.005      0.0023     0.0073    ]
	[RESULT 14] [0.00993428 0.01511927 0.00518499 0.005      0.0004     0.0054    ]
	[RESULT 15] [1.25336027e-02 2.03290749e-02 7.79547215e-03 1.00000000e-04
 0.00000000e+00 1.00000000e-04]
	[RESULT 16] [0.00899402 0.00701237 0.02100639 0.005      0.0022     0.0072    ]
	[RESULT 17] [0.01138779 0.01804228 0.00665449 0.0024     0.         0.0024    ]
	[RESULT 18] [0.00763533 0.01051979 0.00288446 0.005      0.0049     0.0099    ]
	[RESULT 19] [0.01256581 0.01620497 0.01622922 0.0002     0.         0.0002    ]
	[RESULT 20] [ 1.66109518e-02 -8.12689225e-03  1.34840595e-02  1.00000000e-04
  0.00000000e+00  1.00000000e-04]
	[RESULT 21] [1.24835779e-02 3.29051454e-05 1.75164831e-02 2.00000000e-04
 0.00000000e+00 2.00000000e-04]
	[RESULT 22] [ 0.01275637 -0.00050527  0.0172511   0.005       0.0017      0.0067    ]
	[RESULT 23] [0.01002884 0.01871446 0.0162567  0.005      0.0003     0.0053    ]
	[RESULT 24] [ 1.65630060e-02 -8.03100069e-03  1.35320053e-02  1.00000000e-04
  0.00000000e+00  1.00000000e-04]
	[RESULT 25] [1.25329579e-02 2.64080946e-05 1.75593660e-02 2.90000000e-03
 0.00000000e+00 2.90000000e-03]
	[RESULT 26] [ 1.64023141e-02 -7.78030166e-03  1.36220124e-02  1.00000000e-04
  0.00000000e+00  1.00000000e-04]
	[RESULT 27] [1.63719352e-02 1.69849374e-02 1.16431274e-02 1.00000000e-04
 0.00000000e+00 1.00000000e-04]
	[RESULT 28] [ 1.64859518e-02 -7.90500779e-03  1.35809440e-02  1.00000000e-04
  0.00000000e+00  1.00000000e-04]
	[RESULT 29] [0.00778463 0.01931267 0.01152804 0.005      0.0046     0.0096    ]
	[RESULT 30] [ 1.45630060e-02 -5.80769789e-04  1.89822362e-02  1.00000000e-04
  0.00000000e+00  1.00000000e-04]
