[METRICS]
	[DISEQUILIBRIUM COUNT] 35
	[MINIMUM S0 e1 S1 DISTANCE]0.00838966922795683
	[MINIMUM S0 e1 S2 DISTANCE]-0.005341474997234141
	[MINIMUM S0 e1 S6 DISTANCE]0.0044587979771096575
	[MINIMUM S3 e1 S1 DISTANCE]9.99999999999994e-05
	[MINIMUM S3 e1 S4 DISTANCE]0.0
	[MINIMUM S3 e1 S5 DISTANCE]9.999999999998899e-05
	[AVERAGE S0 e1 S1 DISTANCE]0.01301317083223254
	[AVERAGE S0 e1 S2 DISTANCE]0.012355039109348433
	[AVERAGE S0 e1 S6 DISTANCE]0.013495239964696436
	[AVERAGE S3 e1 S1 DISTANCE]0.002815178571428574
	[AVERAGE S3 e1 S4 DISTANCE]0.000747916666666667
	[AVERAGE S3 e1 S5 DISTANCE]0.0035630952380952445
[VARIABLES]
	[RESULT 1] [20 18.255454290436102 6 1.6876516636063212]
	[RESULT 2] [56 13.720303539737365 6 0.8341117958902793]
	[RESULT 3] [9 15.439016980491584 10 0.8101104416340594]
	[RESULT 4] [53 2841.5289488255403 10 1.5563053980895438]
	[RESULT 5] [4 15.05391739980612 6 0.7629957935204683]
	[RESULT 6] [9 213.1842367566964 6 1.6666672535333202]
	[RESULT 7] [15 10.432858157398151 6 0.9849930997881423]
	[RESULT 8] [8 20.54971651750725 6 0.677446364624658]
	[RESULT 9] [88 1174.8962801220114 10 1.7985274713619288]
	[RESULT 10] [29 28.12641034709143 10 1.8487727568419001]
	[RESULT 11] [81 2584.5665951057053 10 1.8899812436976962]
	[RESULT 12] [11 1194.979289318929 6 1.5934437828211432]
	[RESULT 13] [31 15.439016980491584 10 1.0815162328173913]
	[RESULT 14] [24 185.01173670747312 10 1.7220017162876644]
	[RESULT 15] [20 10.503822425550318 6 1.666169147008973]
	[RESULT 16] [24 2576.1437036860366 10 1.8899812436976962]
	[RESULT 17] [11 1077.9023528526643 10 1.5934437828211432]
	[RESULT 18] [1 20.54971651750725 6 0.6993848468699214]
	[RESULT 19] [29 12.095816373735111 7 1.8654347760246663]
	[RESULT 20] [84 2703.8118551489656 10 1.8232579141488705]
	[RESULT 21] [25 5193.78332828564 10 1.8419181158135545]
[OBJECTIVES]
	[RESULT 1] [ 0.01390626 -0.00090604  0.01800022  0.002       0.          0.002     ]
	[RESULT 2] [ 0.01308365 -0.00027059  0.01781306  0.005       0.0006      0.0056    ]
	[RESULT 3] [ 0.01346337 -0.00063713  0.01782624  0.0009      0.          0.0009    ]
	[RESULT 4] [0.01039726 0.01664732 0.00625006 0.005      0.0003     0.0053    ]
	[RESULT 5] [ 0.01577209 -0.00534147  0.01543061  0.0004      0.          0.0004    ]
	[RESULT 6] [0.01447857 0.01279705 0.01772438 0.0009     0.         0.0009    ]
	[RESULT 7] [ 0.01494983 -0.0047919   0.01515792  0.0015      0.          0.0015    ]
	[RESULT 8] [ 0.01568003 -0.00397431  0.01670571  0.0008      0.          0.0008    ]
	[RESULT 9] [0.00838967 0.01375579 0.00536612 0.005      0.0038     0.0088    ]
	[RESULT 10] [0.01128755 0.00626112 0.02254868 0.0029     0.         0.0029    ]
	[RESULT 11] [0.00864514 0.01322501 0.00457987 0.005      0.0031     0.0081    ]
	[RESULT 12] [0.01445707 0.01914031 0.01140263 0.0011     0.         0.0011    ]
	[RESULT 13] [0.01203485 0.00221991 0.01925476 0.0031     0.         0.0031    ]
	[RESULT 14] [0.0116699  0.01756968 0.01576042 0.0024     0.         0.0024    ]
	[RESULT 15] [ 0.0139291  -0.00273288  0.01619622  0.002       0.          0.002     ]
	[RESULT 16] [0.01149514 0.01892797 0.00743283 0.0024     0.         0.0024    ]
	[RESULT 17] [0.01245707 0.02205473 0.00959766 0.0011     0.         0.0011    ]
	[RESULT 18] [ 1.60021810e-02 -4.61862170e-03  1.63835593e-02  1.00000000e-04
  0.00000000e+00  1.00000000e-04]
	[RESULT 19] [ 0.01314537 -0.00077754  0.01736783  0.0029      0.          0.0029    ]
	[RESULT 20] [0.00856396 0.01302276 0.0044588  0.005      0.0034     0.0084    ]
	[RESULT 21] [0.01149464 0.01846242 0.00696778 0.0025     0.         0.0025    ]
