[METRICS]
	[DISEQUILIBRIUM COUNT] 170
	[MINIMUM S0 e1 S1 DISTANCE]0.008710111821079197
	[MINIMUM S0 e1 S2 DISTANCE]-0.006073745816266629
	[MINIMUM S0 e1 S6 DISTANCE]0.0045206375416468715
	[MINIMUM S3 e1 S1 DISTANCE]9.99999999999994e-05
	[MINIMUM S3 e1 S4 DISTANCE]0.0
	[MINIMUM S3 e1 S5 DISTANCE]9.999999999998899e-05
	[AVERAGE S0 e1 S1 DISTANCE]0.012889105749085686
	[AVERAGE S0 e1 S2 DISTANCE]0.011804577730233823
	[AVERAGE S0 e1 S6 DISTANCE]0.013438512716209262
	[AVERAGE S3 e1 S1 DISTANCE]0.002135437430786265
	[AVERAGE S3 e1 S4 DISTANCE]0.00020000000000000023
	[AVERAGE S3 e1 S5 DISTANCE]0.002335437430786271
[VARIABLES]
	[RESULT 1] [9 11.270996617621416 9 1.8174271278314724]
	[RESULT 2] [24 10.001805434300806 4 0.2908318419800795]
	[RESULT 3] [24 32.09500451032885 10 1.9999598800517673]
	[RESULT 4] [1 10.58224496653085 6 1.2184234725465644]
	[RESULT 5] [24 5965.597954707439 10 1.9878589088003562]
	[RESULT 6] [32 218.16503477154808 5 1.8534665166007473]
	[RESULT 7] [7 10.018699520326422 3 1.940241774388845]
	[RESULT 8] [1 10.952358585248579 10 1.508917705883561]
	[RESULT 9] [62 13.636615797172908 10 1.8232581044396132]
	[RESULT 10] [29 10.004252237043364 4 1.9977163828107922]
	[RESULT 11] [20 10.451426862483299 8 1.9878589088003562]
	[RESULT 12] [61 5576.527388195811 10 1.9734649970456073]
	[RESULT 13] [27 605.9773452061617 10 1.9999973199598053]
	[RESULT 14] [75 555.8437892157585 10 1.8251563924168426]
	[RESULT 15] [29 75.20150113175151 10 1.9677828782238862]
	[RESULT 16] [36 10.069870813388128 5 1.8534605854679238]
	[RESULT 17] [27 10.277333860377325 10 1.9999796983089566]
	[RESULT 18] [36 10.255984160075137 4 0.27885430924949606]
	[RESULT 19] [1 10.580561563340192 6 1.9878589088003562]
	[RESULT 20] [26 10.021704667667338 6 1.2703806358172698]
	[RESULT 21] [19 323.35513852054595 9 1.9878589088003562]
[OBJECTIVES]
	[RESULT 1] [ 0.01357001 -0.00182627  0.01674375  0.0009      0.          0.0009    ]
	[RESULT 2] [ 0.01553307 -0.00606569  0.01446738  0.0024      0.          0.0024    ]
	[RESULT 3] [0.01138337 0.00675739 0.02314077 0.0024     0.         0.0024    ]
	[RESULT 4] [ 1.53751673e-02 -5.60561594e-03  1.47695513e-02  1.00000000e-04
  0.00000000e+00  1.00000000e-04]
	[RESULT 5] [0.01139557 0.01820398 0.00680841 0.0024     0.         0.0024    ]
	[RESULT 6] [0.01321604 0.01545538 0.01632858 0.0032     0.         0.0032    ]
	[RESULT 7] [ 0.01448131 -0.00395794  0.01552337  0.0007      0.          0.0007    ]
	[RESULT 8] [ 1.30489258e-02 -8.62007993e-04  1.71869178e-02  1.00000000e-04
  0.00000000e+00  1.00000000e-04]
	[RESULT 9] [0.00966396 0.00654933 0.02121329 0.005      0.0012     0.0062    ]
	[RESULT 10] [ 0.01327849 -0.00155592  0.01672257  0.0029      0.          0.0029    ]
	[RESULT 11] [ 0.01326224 -0.00141213  0.01685011  0.002       0.          0.002     ]
	[RESULT 12] [0.00956011 0.01456141 0.0050013  0.005      0.0011     0.0061    ]
	[RESULT 13] [0.01123334 0.02105874 0.00982541 0.0027     0.         0.0027    ]
	[RESULT 14] [0.00901199 0.01689489 0.0078829  0.005      0.0025     0.0075    ]
	[RESULT 15] [0.01116586 0.01253524 0.0212989  0.0029     0.         0.0029    ]
	[RESULT 16] [ 0.01301605 -0.00101464  0.01700141  0.0036      0.          0.0036    ]
	[RESULT 17] [0.01123335 0.00260243 0.01883579 0.0027     0.         0.0027    ]
	[RESULT 18] [ 0.01494949 -0.00483514  0.01511434  0.0036      0.          0.0036    ]
	[RESULT 19] [ 1.45455711e-02 -3.94683961e-03  1.55987315e-02  1.00000000e-04
  0.00000000e+00  1.00000000e-04]
	[RESULT 20] [ 0.01406558 -0.00312574  0.01593984  0.0026      0.          0.0026    ]
	[RESULT 21] [0.01289557 0.01816079 0.01394364 0.0019     0.         0.0019    ]
