[METRICS]
	[DISEQUILIBRIUM COUNT] 0
	[MINIMUM S0 e1 S1 DISTANCE]0.007626075326073766
	[MINIMUM S0 e1 S2 DISTANCE]0.00045087798786780375
	[MINIMUM S0 e1 S6 DISTANCE]0.0030297613687162283
	[MINIMUM S3 e1 S1 DISTANCE]0.0005999999999999998
	[MINIMUM S3 e1 S4 DISTANCE]0.0
	[MINIMUM S3 e1 S5 DISTANCE]0.0006000000000000449
	[AVERAGE S0 e1 S1 DISTANCE]0.010361647966480121
	[AVERAGE S0 e1 S2 DISTANCE]0.016819492623463283
	[AVERAGE S0 e1 S6 DISTANCE]0.007519740600320659
	[AVERAGE S3 e1 S1 DISTANCE]0.0044663690476190515
	[AVERAGE S3 e1 S4 DISTANCE]0.001788095238095238
	[AVERAGE S3 e1 S5 DISTANCE]0.0062544642857142885
[VARIABLES]
	[RESULT 1] [42 6928.138405183441 10 1.9885893105999457]
	[RESULT 2] [39 149.43800703830044 10 1.229932589087567]
	[RESULT 3] [99 345.3020183124483 10 1.9674032015277836]
	[RESULT 4] [39 775.8063608915013 10 1.9822142487997494]
	[RESULT 5] [92 1137.8495092539551 10 1.9904980917102926]
	[RESULT 6] [65 2104.0950865066447 10 1.9989449964509949]
	[RESULT 7] [95 2689.8099469046715 10 1.8933141862320788]
	[RESULT 8] [98 7217.8542365762705 10 1.9957010524708978]
	[RESULT 9] [40 100.29434953831935 10 1.9703039327135758]
	[RESULT 10] [44 396.3833164804605 10 1.9719401431279548]
	[RESULT 11] [86 3101.6155121845186 10 1.977835658692741]
	[RESULT 12] [50 12.453489615580907 8 1.2340083915093019]
	[RESULT 13] [79 3395.479732261585 10 1.5261063806993225]
	[RESULT 14] [39 10.091688316818926 10 1.3156764105861543]
	[RESULT 15] [80 31.656547750234637 10 1.9870837045424494]
	[RESULT 16] [27 6492.614511035801 10 1.9999759107248463]
	[RESULT 17] [67 12.65974576738067 8 1.9886319125902734]
	[RESULT 18] [39 10.091688316818926 10 1.3787753130061369]
	[RESULT 19] [50 72.81621632715951 10 1.9939625207412675]
	[RESULT 20] [94 42.1571963267255 10 1.9724725144873387]
	[RESULT 21] [39 10.22297377882539 10 1.1971001446056642]
[OBJECTIVES]
	[RESULT 1] [0.01049483 0.01634589 0.00585105 0.0042     0.         0.0042    ]
	[RESULT 2] [0.01146192 0.01663504 0.01690304 0.0039     0.         0.0039    ]
	[RESULT 3] [0.00766625 0.01607563 0.00840938 0.005      0.0049     0.0099    ]
	[RESULT 4] [0.01065127 0.01919002 0.00853875 0.0039     0.         0.0039    ]
	[RESULT 5] [0.00799291 0.0130219  0.00502899 0.005      0.0042     0.0092    ]
	[RESULT 6] [0.0093344  0.01480821 0.00547382 0.005      0.0015     0.0065    ]
	[RESULT 7] [0.00794172 0.01178279 0.00384107 0.005      0.0045     0.0095    ]
	[RESULT 8] [0.00768766 0.01071743 0.00302976 0.005      0.0048     0.0098    ]
	[RESULT 9] [0.01061331 0.01563584 0.01875085 0.004      0.         0.004     ]
	[RESULT 10] [0.01041165 0.02096329 0.01055163 0.0044     0.         0.0044    ]
	[RESULT 11] [0.00830569 0.01239469 0.004089   0.005      0.0036     0.0086    ]
	[RESULT 12] [0.0125739  0.00045088 0.01802478 0.005      0.         0.005     ]
	[RESULT 13] [0.00913014 0.01397754 0.0048474  0.005      0.0029     0.0079    ]
	[RESULT 14] [0.01136408 0.00229474 0.01865882 0.0039     0.         0.0039    ]
	[RESULT 15] [0.00859635 0.01225764 0.02414601 0.005      0.003      0.008     ]
	[RESULT 16] [0.01123336 0.0178465  0.00661315 0.0027     0.         0.0027    ]
	[RESULT 17] [0.01091146 0.00382479 0.01973625 0.005      0.0017     0.0067    ]
	[RESULT 18] [0.01129302 0.00243685 0.01872988 0.0039     0.         0.0039    ]
	[RESULT 19] [0.01008942 0.01446643 0.02044415 0.005      0.         0.005     ]
	[RESULT 20] [0.00791112 0.0152609  0.02182798 0.005      0.0044     0.0094    ]
	[RESULT 21] [0.01149978 0.00205606 0.01855584 0.0039     0.         0.0039    ]
