[METRICS]
	[DISEQUILIBRIUM COUNT] 122
	[MINIMUM S0 e1 S1 DISTANCE]0.007910203819381977
	[MINIMUM S0 e1 S2 DISTANCE]-0.005624622247586641
	[MINIMUM S0 e1 S6 DISTANCE]0.0035832296856013993
	[MINIMUM S3 e1 S1 DISTANCE]9.99999999999994e-05
	[MINIMUM S3 e1 S4 DISTANCE]0.0
	[MINIMUM S3 e1 S5 DISTANCE]9.999999999998899e-05
	[AVERAGE S0 e1 S1 DISTANCE]0.011646173444915357
	[AVERAGE S0 e1 S2 DISTANCE]0.011612309602476943
	[AVERAGE S0 e1 S6 DISTANCE]0.013290628923419999
	[AVERAGE S3 e1 S1 DISTANCE]0.0034209302325581377
	[AVERAGE S3 e1 S4 DISTANCE]0.0011334440753045418
	[AVERAGE S3 e1 S5 DISTANCE]0.0045543743078626815
[VARIABLES]
	[RESULT 1] [76 10.008952740062487 7 1.0838290271433402]
	[RESULT 2] [24 10.016150916967593 9 1.942630240931735]
	[RESULT 3] [32 14.27789531074217 10 1.924142239202155]
	[RESULT 4] [85 7473.03117363952 10 1.96810400795255]
	[RESULT 5] [80 7104.692622165447 10 1.9872888989110205]
	[RESULT 6] [67 10.365365719338229 6 0.9024665277881]
	[RESULT 7] [32 68.03238246298153 10 1.9694715194748784]
	[RESULT 8] [10 10.045953244934012 9 0.9274955582516208]
	[RESULT 9] [1 10.000674630488787 10 1.9314867068928956]
	[RESULT 10] [2 10.00093508566843 10 0.9829885698899339]
	[RESULT 11] [82 300.972691860091 10 1.9758663480585394]
	[RESULT 12] [88 7473.03117363952 10 1.9315300762966772]
	[RESULT 13] [52 10.030870555840988 7 1.090569049879671]
	[RESULT 14] [3 10.059407867558434 7 1.0994944196025798]
	[RESULT 15] [83 6895.18337628115 10 1.9092469279733235]
	[RESULT 16] [31 5795.475956265003 10 1.9974856960757044]
	[RESULT 17] [51 248.94430386483475 7 1.1789646119401969]
	[RESULT 18] [67 10.003812876602302 6 0.8640533033346128]
	[RESULT 19] [21 10.000624715464559 7 1.8429851788065401]
	[RESULT 20] [32 10.340943130604142 6 1.9472097736776917]
	[RESULT 21] [75 7281.719948949596 10 1.2313258788666046]
[OBJECTIVES]
	[RESULT 1] [0.01165712 0.00168799 0.01834512 0.005      0.0026     0.0076    ]
	[RESULT 2] [ 0.01269138 -0.00037872  0.01731266  0.0024      0.          0.0024    ]
	[RESULT 3] [0.0110602  0.00390519 0.0199654  0.0032     0.         0.0032    ]
	[RESULT 4] [0.00836554 0.01206163 0.00369609 0.005      0.0035     0.0085    ]
	[RESULT 5] [0.00859615 0.01253977 0.00394362 0.005      0.003      0.008     ]
	[RESULT 6] [0.01244974 0.00019152 0.01764127 0.005      0.0017     0.0067    ]
	[RESULT 7] [0.01101415 0.01215215 0.02183369 0.0032     0.         0.0032    ]
	[RESULT 8] [ 0.01451928 -0.00402708  0.0154922   0.001       0.          0.001     ]
	[RESULT 9] [ 1.26027186e-02 -2.05268472e-04  1.73974501e-02  1.00000000e-04
  0.00000000e+00  1.00000000e-04]
	[RESULT 10] [ 0.01360224 -0.00220424  0.016398    0.0002      0.          0.0002    ]
	[RESULT 11] [0.00850768 0.01840968 0.00990199 0.005      0.0032     0.0082    ]
	[RESULT 12] [0.00825267 0.0118359  0.00358323 0.005      0.0038     0.0088    ]
	[RESULT 13] [ 0.01284917 -0.00069063  0.01715854  0.005       0.0002      0.0052    ]
	[RESULT 14] [ 0.01528866 -0.00556247  0.01472619  0.0003      0.          0.0003    ]
	[RESULT 15] [0.00852541 0.01240873 0.00388331 0.005      0.0033     0.0083    ]
	[RESULT 16] [0.01103587 0.01749651 0.00646064 0.0031     0.         0.0031    ]
	[RESULT 17] [0.01279579 0.01703258 0.01517163 0.005      0.0001     0.0051    ]
	[RESULT 18] [1.24967681e-02 7.41699489e-06 1.75041851e-02 5.00000000e-03
 1.70000000e-03 6.70000000e-03]
	[RESULT 19] [ 0.01356853 -0.00213691  0.01643162  0.0021      0.          0.0021    ]
	[RESULT 20] [ 0.01303673 -0.0009885   0.01704822  0.0032      0.          0.0032    ]
	[RESULT 21] [0.00966032 0.01465977 0.00499945 0.005      0.0025     0.0075    ]
