[METRICS]
	[DISEQUILIBRIUM COUNT] 148
	[MINIMUM S0 e1 S1 DISTANCE]0.00900121943255975
	[MINIMUM S0 e1 S2 DISTANCE]-0.007248846061451153
	[MINIMUM S0 e1 S6 DISTANCE]0.004534298663342783
	[MINIMUM S3 e1 S1 DISTANCE]9.99999999999994e-05
	[MINIMUM S3 e1 S4 DISTANCE]0.0
	[MINIMUM S3 e1 S5 DISTANCE]9.999999999998899e-05
	[AVERAGE S0 e1 S1 DISTANCE]0.012793582121028366
	[AVERAGE S0 e1 S2 DISTANCE]0.012286217386153214
	[AVERAGE S0 e1 S6 DISTANCE]0.014125637895859883
	[AVERAGE S3 e1 S1 DISTANCE]0.0024619047619047624
	[AVERAGE S3 e1 S4 DISTANCE]0.00010542635658914728
	[AVERAGE S3 e1 S5 DISTANCE]0.00256733111849391
[VARIABLES]
	[RESULT 1] [23 182.70398374705928 10 1.9999821352187794]
	[RESULT 2] [3 6403.425834256462 10 1.9979842713085176]
	[RESULT 3] [24 82.83812511850027 10 1.9971945731969343]
	[RESULT 4] [24 6053.159016803532 10 1.9995080995869907]
	[RESULT 5] [23 10.304066895866884 10 1.9999821352187794]
	[RESULT 6] [24 45.93044210384481 10 1.999892887672186]
	[RESULT 7] [2 10.002196994606585 10 0.8877656142168283]
	[RESULT 8] [15 10.017532980435401 9 0.5587012996565878]
	[RESULT 9] [16 10.304066895866884 2 0.7628110392499132]
	[RESULT 10] [24 10.001082118766798 9 1.0245013041147488]
	[RESULT 11] [23 10.000205140745795 9 0.9762096233966877]
	[RESULT 12] [1 10.000562508040826 7 0.5076321562760866]
	[RESULT 13] [29 1122.9974166544237 10 1.9119805699768042]
	[RESULT 14] [1 10.358295966505333 9 0.8001148042100867]
	[RESULT 15] [24 10.000173158097365 9 0.9762096233966877]
	[RESULT 16] [24 10.01045808368252 2 1.0296847645689107]
	[RESULT 17] [26 24.51463175714148 10 1.9991702220640082]
	[RESULT 18] [1 10.001055614720142 10 0.5087882863259285]
	[RESULT 19] [12 466.2363506344334 10 1.9971945731969343]
	[RESULT 20] [23 699.9309949754152 9 1.0245013041147488]
	[RESULT 21] [1 6129.4004866428395 7 1.931024182554752]
[OBJECTIVES]
	[RESULT 1] [0.01143335 0.01796585 0.0156008  0.0023     0.         0.0023    ]
	[RESULT 2] [0.01243536 0.02025573 0.00782037 0.0003     0.         0.0003    ]
	[RESULT 3] [0.01138616 0.01276328 0.02085056 0.0024     0.         0.0024    ]
	[RESULT 4] [0.01138383 0.01817461 0.00679079 0.0024     0.         0.0024    ]
	[RESULT 5] [0.01143335 0.00220908 0.01864243 0.0023     0.         0.0023    ]
	[RESULT 6] [0.01138344 0.00884136 0.0247752  0.0024     0.         0.0024    ]
	[RESULT 7] [ 0.0137177  -0.00243485  0.01628285  0.0002      0.          0.0002    ]
	[RESULT 8] [ 0.01473275 -0.00446112  0.01527163  0.0015      0.          0.0015    ]
	[RESULT 9] [ 0.01539454 -0.00571329  0.01468125  0.0016      0.          0.0016    ]
	[RESULT 10] [ 0.01370252 -0.00240477  0.01629775  0.0024      0.          0.0024    ]
	[RESULT 11] [ 0.01381039 -0.00262073  0.01618966  0.0023      0.          0.0023    ]
	[RESULT 12] [ 1.61244933e-02 -7.24884606e-03  1.38756473e-02  1.00000000e-04
  0.00000000e+00  1.00000000e-04]
	[RESULT 13] [0.01122262 0.01950625 0.00828363 0.0029     0.         0.0029    ]
	[RESULT 14] [ 1.51257832e-02 -5.16231222e-03  1.49634710e-02  1.00000000e-04
  0.00000000e+00  1.00000000e-04]
	[RESULT 15] [ 0.01376039 -0.00252073  0.01623965  0.0024      0.          0.0024    ]
	[RESULT 16] [ 0.01466856 -0.00433451  0.01533405  0.0024      0.          0.0024    ]
	[RESULT 17] [0.01128417 0.00560039 0.02188456 0.0026     0.         0.0026    ]
	[RESULT 18] [ 1.42479752e-02 -3.49568647e-03  1.57522887e-02  1.00000000e-04
  0.00000000e+00  1.00000000e-04]
	[RESULT 19] [0.01198616 0.02153319 0.01148065 0.0012     0.         0.0012    ]
	[RESULT 20] [0.01375252 0.01933012 0.01191736 0.0023     0.         0.0023    ]
	[RESULT 21] [1.44781897e-02 2.06416526e-02 9.88015769e-03 1.00000000e-04
 0.00000000e+00 1.00000000e-04]
