[METRICS]
	[DISEQUILIBRIUM COUNT] 0
	[MINIMUM S0 e1 S1 DISTANCE]0.007625400487429334
	[MINIMUM S0 e1 S2 DISTANCE]9.702633498442914e-05
	[MINIMUM S0 e1 S6 DISTANCE]0.0037366574343405214
	[MINIMUM S3 e1 S1 DISTANCE]9.99999999999994e-05
	[MINIMUM S3 e1 S4 DISTANCE]0.0
	[MINIMUM S3 e1 S5 DISTANCE]9.999999999998899e-05
	[AVERAGE S0 e1 S1 DISTANCE]0.012544488283995254
	[AVERAGE S0 e1 S2 DISTANCE]0.017619755346881635
	[AVERAGE S0 e1 S6 DISTANCE]0.010104822662576403
	[AVERAGE S3 e1 S1 DISTANCE]0.0028440476190476223
	[AVERAGE S3 e1 S4 DISTANCE]0.0006571428571428564
	[AVERAGE S3 e1 S5 DISTANCE]0.003501190476190479
[VARIABLES]
	[RESULT 1] [8 4969.743091569545 10 1.988826694619151]
	[RESULT 2] [69 62.99792830094947 10 1.0480778786429126]
	[RESULT 3] [26 250.84054623048604 10 1.0494388999228015]
	[RESULT 4] [36 51.81124243240984 10 1.0494388999228015]
	[RESULT 5] [94 1074.9113623747733 10 1.8511836914820239]
	[RESULT 6] [34 5791.012634252504 10 1.9285638114510593]
	[RESULT 7] [73 1054.9169204452537 10 1.8974770196610657]
	[RESULT 8] [63 16.4111137738646 10 1.900371129853439]
	[RESULT 9] [77 6118.287741363127 10 1.9801327881727369]
	[RESULT 10] [2 5034.643662055136 6 1.1630067964257564]
	[RESULT 11] [24 21.251413502541 9 1.0134881140937724]
	[RESULT 12] [7 9086.033201753222 5 0.45757238891169555]
	[RESULT 13] [13 9468.191278599777 5 0.3691944276333855]
	[RESULT 14] [91 4438.411793123064 10 1.792322821054952]
	[RESULT 15] [1 53.19515028341185 10 1.81158909565556]
	[RESULT 16] [67 5598.736041502629 10 1.9968775609466887]
	[RESULT 17] [17 9086.033201753222 6 0.5053119488484582]
	[RESULT 18] [13 51.81124243240984 9 1.0494388999228015]
	[RESULT 19] [29 666.9262631984834 10 1.0676901462210593]
	[RESULT 20] [23 514.2523893054472 5 1.0697617656829452]
	[RESULT 21] [1 4969.743091569545 10 1.8275260466782077]
[OBJECTIVES]
	[RESULT 1] [0.01219459 0.01988329 0.00768869 0.0008     0.         0.0008    ]
	[RESULT 2] [0.01017445 0.013311   0.02151455 0.005      0.0019     0.0069    ]
	[RESULT 3] [0.01232284 0.01801952 0.01465765 0.0026     0.         0.0026    ]
	[RESULT 4] [0.01182284 0.00872526 0.02445191 0.0036     0.         0.0036    ]
	[RESULT 5] [0.00803506 0.01321622 0.00518115 0.005      0.0044     0.0094    ]
	[RESULT 6] [0.0109557  0.01733649 0.00638079 0.0034     0.         0.0034    ]
	[RESULT 7] [0.00903746 0.01525848 0.00622102 0.005      0.0023     0.0073    ]
	[RESULT 8] [0.00953449 0.00743723 0.02197172 0.005      0.0013     0.0063    ]
	[RESULT 9] [0.00875337 0.01290943 0.00415606 0.005      0.0027     0.0077    ]
	[RESULT 10] [0.01538933 0.0187335  0.01087717 0.0002     0.         0.0002    ]
	[RESULT 11] [1.37156745e-02 9.70263350e-05 1.88127009e-02 2.40000000e-03
 0.00000000e+00 2.40000000e-03]
	[RESULT 12] [0.01609888 0.01752978 0.01137133 0.0007     0.         0.0007    ]
	[RESULT 13] [0.01591706 0.01790432 0.01117862 0.0013     0.         0.0013    ]
	[RESULT 14] [0.00824614 0.01204434 0.00379821 0.005      0.0041     0.0091    ]
	[RESULT 15] [1.27260789e-02 7.08915032e-03 2.48152292e-02 1.00000000e-04
 0.00000000e+00 1.00000000e-04]
	[RESULT 16] [0.00923648 0.01391242 0.00467594 0.005      0.0017     0.0067    ]
	[RESULT 17] [0.01545254 0.01882247 0.01072499 0.0017     0.         0.0017    ]
	[RESULT 18] [0.01422284 0.00392526 0.02314809 0.0013     0.         0.0013    ]
	[RESULT 19] [0.0121512  0.02239477 0.01045403 0.0029     0.         0.0029    ]
	[RESULT 20] [0.01453208 0.0167985  0.01366942 0.0023     0.         0.0023    ]
	[RESULT 21] [1.27095376e-02 2.09131714e-02 8.20363381e-03 1.00000000e-04
 0.00000000e+00 1.00000000e-04]
