[METRICS]
	[DISEQUILIBRIUM COUNT] 27
	[MINIMUM S0 e1 S1 DISTANCE]0.0076404280171893536
	[MINIMUM S0 e1 S2 DISTANCE]-0.005850996225367
	[MINIMUM S0 e1 S6 DISTANCE]0.002888746861008994
	[MINIMUM S3 e1 S1 DISTANCE]9.99999999999994e-05
	[MINIMUM S3 e1 S4 DISTANCE]0.0
	[MINIMUM S3 e1 S5 DISTANCE]9.999999999998899e-05
	[AVERAGE S0 e1 S1 DISTANCE]0.012279422306375595
	[AVERAGE S0 e1 S2 DISTANCE]0.014452617523742876
	[AVERAGE S0 e1 S6 DISTANCE]0.012019648644112155
	[AVERAGE S3 e1 S1 DISTANCE]0.00289642857142857
	[AVERAGE S3 e1 S4 DISTANCE]0.0011375000000000011
	[AVERAGE S3 e1 S5 DISTANCE]0.004033928571428581
[VARIABLES]
	[RESULT 1] [11 27.576217246260704 8 1.7649600766800044]
	[RESULT 2] [84 9862.942760029331 10 1.8861822330385636]
	[RESULT 3] [9 27.92542178992136 1 1.1606900864391148]
	[RESULT 4] [13 12.038394391471678 5 0.9631018631966353]
	[RESULT 5] [18 14.154215274594549 5 1.1556035205588662]
	[RESULT 6] [98 9543.189291798306 10 1.9311448475327269]
	[RESULT 7] [32 6090.713255646264 10 1.9752893727763687]
	[RESULT 8] [45 29.537510480937296 10 1.8598415279615637]
	[RESULT 9] [83 205.8682595461646 10 1.8938961286019895]
	[RESULT 10] [84 83.62255339636177 10 1.8864467182182643]
	[RESULT 11] [20 14.154215274594549 5 1.902041222461116]
	[RESULT 12] [89 748.9582265589729 10 1.94811808315476]
	[RESULT 13] [97 288.7773556586498 10 1.8315167533415964]
	[RESULT 14] [15 9862.942760029331 5 0.966372843471528]
	[RESULT 15] [11 10.743319381388705 8 1.7044708297558149]
	[RESULT 16] [1 9543.189291798306 10 1.9479623325309863]
	[RESULT 17] [1 9315.543751684225 5 1.9057207380787]
	[RESULT 18] [88 23.916061726019677 10 1.9089880272724726]
	[RESULT 19] [29 13.331669949446868 10 1.9199889675582975]
	[RESULT 20] [1 10.394456831760408 5 1.2044574186527965]
	[RESULT 21] [1 334.1203698731215 10 1.2106032532892532]
[OBJECTIVES]
	[RESULT 1] [0.0139414 0.0008544 0.0197958 0.0011    0.        0.0011   ]
	[RESULT 2] [0.00849904 0.01224926 0.00375022 0.005      0.0034     0.0084    ]
	[RESULT 3] [ 0.01529203 -0.0017839   0.01850813  0.0009      0.          0.0009    ]
	[RESULT 4] [ 0.01515952 -0.00481962  0.0153399   0.0013      0.          0.0013    ]
	[RESULT 5] [ 0.01468129 -0.00336544  0.01631585  0.0018      0.          0.0018    ]
	[RESULT 6] [0.00775307 0.01076565 0.00301259 0.005      0.0048     0.0098    ]
	[RESULT 7] [0.01100827 0.01742102 0.00641275 0.0032     0.         0.0032    ]
	[RESULT 8] [0.01047613 0.0081338  0.02360993 0.0045     0.         0.0045    ]
	[RESULT 9] [0.00854113 0.02053196 0.01199083 0.005      0.0033     0.0083    ]
	[RESULT 10] [0.00849877 0.01860341 0.01789782 0.005      0.0034     0.0084    ]
	[RESULT 11] [ 0.01376612 -0.0015351   0.01723101  0.002       0.          0.002     ]
	[RESULT 12] [0.0081858  0.01435149 0.00616569 0.005      0.0039     0.0089    ]
	[RESULT 13] [0.0079054  0.01741099 0.00950559 0.005      0.0047     0.0097    ]
	[RESULT 14] [0.01505557 0.01963767 0.01030675 0.0015     0.         0.0015    ]
	[RESULT 15] [ 0.0140051  -0.00282573  0.01617936  0.0011      0.          0.0011    ]
	[RESULT 16] [1.25859606e-02 2.04314406e-02 7.84548004e-03 1.00000000e-04
 0.00000000e+00 1.00000000e-04]
	[RESULT 17] [1.47123524e-02 2.03094945e-02 9.97815310e-03 1.00000000e-04
 0.00000000e+00 1.00000000e-04]
	[RESULT 18] [0.00827568 0.01150266 0.02477834 0.005      0.0038     0.0088    ]
	[RESULT 19] [0.01121444 0.00337718 0.01959162 0.0029     0.         0.0029    ]
	[RESULT 20] [ 1.54746115e-02 -5.85099623e-03  1.46236153e-02  1.00000000e-04
  0.00000000e+00  1.00000000e-04]
	[RESULT 21] [1.33841835e-02 1.73370799e-02 1.42787365e-02 1.00000000e-04
 0.00000000e+00 1.00000000e-04]
