[METRICS]
	[DISEQUILIBRIUM COUNT] 8
	[MINIMUM S0 e1 S1 DISTANCE]0.007622216274397418
	[MINIMUM S0 e1 S2 DISTANCE]-0.006793595846604772
	[MINIMUM S0 e1 S6 DISTANCE]0.003057278938652147
	[MINIMUM S3 e1 S1 DISTANCE]9.99999999999994e-05
	[MINIMUM S3 e1 S4 DISTANCE]0.0
	[MINIMUM S3 e1 S5 DISTANCE]9.999999999998899e-05
	[AVERAGE S0 e1 S1 DISTANCE]0.012124154883318286
	[AVERAGE S0 e1 S2 DISTANCE]0.015690722436869572
	[AVERAGE S0 e1 S6 DISTANCE]0.010562533592992173
	[AVERAGE S3 e1 S1 DISTANCE]0.0028800595238095256
	[AVERAGE S3 e1 S4 DISTANCE]0.0012002976190476193
	[AVERAGE S3 e1 S5 DISTANCE]0.0040803571428571495
[VARIABLES]
	[RESULT 1] [35 3966.197201090056 10 1.999858775436776]
	[RESULT 2] [99 4927.523490224836 10 1.9999740654465963]
	[RESULT 3] [1 118.55607101069849 8 1.9407623853858784]
	[RESULT 4] [15 264.90862645699485 10 1.9999673258041153]
	[RESULT 5] [88 4179.145330488578 10 1.9999130800137648]
	[RESULT 6] [13 10.60934324692085 9 0.20383586561223632]
	[RESULT 7] [11 25.04035785395438 9 0.41540704274108065]
	[RESULT 8] [3 9408.75754614969 10 1.984700814224576]
	[RESULT 9] [87 8743.988675065126 10 1.998772016815149]
	[RESULT 10] [34 112.43346123006295 10 1.898742108379844]
	[RESULT 11] [5 22.631893881938044 9 0.18500197735142468]
	[RESULT 12] [79 8047.393001705293 10 1.9999568735157487]
	[RESULT 13] [15 19.547607932961572 10 1.9999702374621489]
	[RESULT 14] [89 9920.745201213707 10 1.999313433215952]
	[RESULT 15] [5 31.52077385369839 9 0.3282490408153764]
	[RESULT 16] [37 264.52434201311587 10 1.935753500242872]
	[RESULT 17] [5 10.539845208781971 8 0.32230539148343174]
	[RESULT 18] [94 9369.221679538588 10 1.9614294369218193]
	[RESULT 19] [90 10.697352819376109 9 0.11642455378514349]
	[RESULT 20] [75 31.361026303272823 10 1.898742108379844]
	[RESULT 21] [89 143.89109014838687 10 1.9994412991808006]
[OBJECTIVES]
	[RESULT 1] [0.01083348 0.01728329 0.00644982 0.0035     0.         0.0035    ]
	[RESULT 2] [0.00763336 0.01076497 0.00313161 0.005      0.0049     0.0099    ]
	[RESULT 3] [1.42599449e-02 9.49292618e-03 2.12471289e-02 1.00000000e-04
 0.00000000e+00 1.00000000e-04]
	[RESULT 4] [0.01183337 0.0192892  0.01387743 0.0015     0.         0.0015    ]
	[RESULT 5] [0.00818342 0.01195244 0.00376902 0.005      0.0038     0.0088    ]
	[RESULT 6] [ 0.01531034 -0.00546927  0.01484107  0.0013      0.          0.0013    ]
	[RESULT 7] [ 0.01512168 -0.00197487  0.01814681  0.0011      0.          0.0011    ]
	[RESULT 8] [0.01244876 0.02016071 0.00771195 0.0003     0.         0.0003    ]
	[RESULT 9] [0.00823457 0.01175214 0.00351757 0.005      0.0037     0.0087    ]
	[RESULT 10] [0.01098616 0.01567794 0.0183359  0.0034     0.         0.0034    ]
	[RESULT 11] [ 0.01573662 -0.00366944  0.01706718  0.0005      0.          0.0005    ]
	[RESULT 12] [0.00863338 0.01257398 0.0039406  0.005      0.0029     0.0079    ]
	[RESULT 13] [0.01183336 0.00351215 0.02034551 0.0015     0.         0.0015    ]
	[RESULT 14] [0.00813402 0.01151778 0.00338376 0.005      0.0039     0.0089    ]
	[RESULT 15] [ 0.01553917 -0.00165095  0.01888822  0.0005      0.          0.0005    ]
	[RESULT 16] [0.01079837 0.02135155 0.01285008 0.0037     0.         0.0037    ]
	[RESULT 17] [ 0.01596392 -0.0067936   0.01417032  0.0005      0.          0.0005    ]
	[RESULT 18] [0.0079223  0.01110889 0.00318659 0.005      0.0044     0.0094    ]
	[RESULT 19] [0.01158313 0.00200688 0.01859    0.005      0.004      0.009     ]
	[RESULT 20] [0.00893616 0.01152798 0.02453586 0.005      0.0025     0.0075    ]
	[RESULT 21] [0.0081339  0.02195653 0.01382263 0.005      0.0039     0.0089    ]
