[METRICS]
	[DISEQUILIBRIUM COUNT] 104
	[MINIMUM S0 e1 S1 DISTANCE]0.007593806680024546
	[MINIMUM S0 e1 S2 DISTANCE]-0.006163967046088459
	[MINIMUM S0 e1 S6 DISTANCE]0.0029190124447501515
	[MINIMUM S3 e1 S1 DISTANCE]9.99999999999994e-05
	[MINIMUM S3 e1 S4 DISTANCE]0.0
	[MINIMUM S3 e1 S5 DISTANCE]9.999999999998899e-05
	[AVERAGE S0 e1 S1 DISTANCE]0.011822851799822958
	[AVERAGE S0 e1 S2 DISTANCE]0.013056322163153097
	[AVERAGE S0 e1 S6 DISTANCE]0.01179535826789898
	[AVERAGE S3 e1 S1 DISTANCE]0.003058361018826134
	[AVERAGE S3 e1 S4 DISTANCE]0.001099114064230343
	[AVERAGE S3 e1 S5 DISTANCE]0.004157475083056479
[VARIABLES]
	[RESULT 1] [34 90.9906290094504 10 1.9993476764468325]
	[RESULT 2] [14 10.349292166747317 10 1.0300824845360732]
	[RESULT 3] [79 9919.965396844627 10 1.9997601391728932]
	[RESULT 4] [34 16.34370804739021 10 1.9888431203942492]
	[RESULT 5] [19 10.349292166747317 10 1.0397978121913356]
	[RESULT 6] [35 604.3651660554855 10 1.9997601391728932]
	[RESULT 7] [26 10.248599666762903 5 0.8920091802785162]
	[RESULT 8] [3 10.012407851128707 7 0.9170093194783685]
	[RESULT 9] [84 9104.5040568964 10 1.9999154698217012]
	[RESULT 10] [14 7628.493740326188 10 1.9928062312968502]
	[RESULT 11] [13 10.013191932418527 7 1.7510464411728348]
	[RESULT 12] [34 7605.656260748709 10 1.9928062312968502]
	[RESULT 13] [37 10.257882662524528 8 0.8920091802785162]
	[RESULT 14] [99 9700.882300152678 10 1.9699451929075091]
	[RESULT 15] [94 10.458287704438748 5 0.842025021989082]
	[RESULT 16] [62 1069.8011674388083 10 1.8365466334293161]
	[RESULT 17] [4 10.0172415532133 10 1.560282225144212]
	[RESULT 18] [89 10.433734650406759 7 0.7573024125274695]
	[RESULT 19] [98 90.9906290094504 10 1.9988192815307506]
	[RESULT 20] [97 10.46757070020037 6 0.8511880903402047]
	[RESULT 21] [92 459.8831494775885 10 1.942033563353316]
[OBJECTIVES]
	[RESULT 1] [0.01088399 0.01441915 0.01969686 0.0034     0.         0.0034    ]
	[RESULT 2] [ 0.01294587 -0.00080472  0.01714115  0.0014      0.          0.0014    ]
	[RESULT 3] [0.00863357 0.0125169  0.00388333 0.005      0.0029     0.0079    ]
	[RESULT 4] [0.01089458 0.00470217 0.02059674 0.0034     0.         0.0034    ]
	[RESULT 5] [ 0.0126843  -0.00028158  0.01740272  0.0019      0.          0.0019    ]
	[RESULT 6] [0.01083357 0.02026756 0.00943399 0.0035     0.         0.0035    ]
	[RESULT 7] [ 0.01459585 -0.00412969  0.01546615  0.0026      0.          0.0026    ]
	[RESULT 8] [ 0.01550703 -0.00601095  0.01449608  0.0003      0.          0.0003    ]
	[RESULT 9] [0.00838342 0.01203874 0.00365532 0.005      0.0034     0.0084    ]
	[RESULT 10] [0.01189058 0.01910506 0.00721448 0.0014     0.         0.0014    ]
	[RESULT 11] [ 0.01406433 -0.00312536  0.01593897  0.0013      0.          0.0013    ]
	[RESULT 12] [0.01089058 0.01710602 0.00621544 0.0034     0.         0.0034    ]
	[RESULT 13] [ 0.01362918 -0.00219405  0.01643513  0.0037      0.          0.0037    ]
	[RESULT 14] [0.00766367 0.01058269 0.00291901 0.005      0.0049     0.0099    ]
	[RESULT 15] [0.01125722 0.00259961 0.01885683 0.005      0.0044     0.0094    ]
	[RESULT 16] [0.00965019 0.01645593 0.00680574 0.005      0.0012     0.0062    ]
	[RESULT 17] [ 0.01284295 -0.00068158  0.01716136  0.0004      0.          0.0004    ]
	[RESULT 18] [0.01140422 0.00229953 0.01870375 0.005      0.0039     0.0089    ]
	[RESULT 19] [0.00768452 0.02081809 0.01649739 0.005      0.0048     0.0098    ]
	[RESULT 20] [0.01101259 0.00309116 0.01910376 0.005      0.0047     0.0097    ]
	[RESULT 21] [0.00804199 0.01563039 0.00758841 0.005      0.0042     0.0092    ]
