[METRICS]
	[DISEQUILIBRIUM COUNT] 170
	[MINIMUM S0 e1 S1 DISTANCE]0.007676111703509628
	[MINIMUM S0 e1 S2 DISTANCE]-0.007126043625600209
	[MINIMUM S0 e1 S6 DISTANCE]0.002962736779891379
	[MINIMUM S3 e1 S1 DISTANCE]9.99999999999994e-05
	[MINIMUM S3 e1 S4 DISTANCE]0.0
	[MINIMUM S3 e1 S5 DISTANCE]9.999999999998899e-05
	[AVERAGE S0 e1 S1 DISTANCE]0.01225632968908682
	[AVERAGE S0 e1 S2 DISTANCE]0.011780955852318472
	[AVERAGE S0 e1 S6 DISTANCE]0.012566756348505435
	[AVERAGE S3 e1 S1 DISTANCE]0.0029034330011074184
	[AVERAGE S3 e1 S4 DISTANCE]0.0010229235880398673
	[AVERAGE S3 e1 S5 DISTANCE]0.003926356589147289
[VARIABLES]
	[RESULT 1] [5 83.76985819754009 10 1.8371199899149884]
	[RESULT 2] [1 10.001630461706982 9 1.2976862919441032]
	[RESULT 3] [7 10.012996245630237 8 0.9166990888034451]
	[RESULT 4] [23 10.011486229720017 8 1.8993868454690643]
	[RESULT 5] [34 14.064986902973054 10 1.921109288905257]
	[RESULT 6] [90 7061.480408678208 10 1.87183893174812]
	[RESULT 7] [93 8271.044816277205 10 1.8348553373833574]
	[RESULT 8] [91 181.192337187352 10 1.9715871349276597]
	[RESULT 9] [19 10.001041178959955 7 0.8224536045970485]
	[RESULT 10] [2 10.000091464289511 10 1.331012232253078]
	[RESULT 11] [22 10.016778746910589 8 1.3095223238530271]
	[RESULT 12] [1 664.791120405124 9 1.333209644770575]
	[RESULT 13] [23 10.011486229720017 8 1.9031597072574877]
	[RESULT 14] [2 558.3177104023675 10 1.8977284698544432]
	[RESULT 15] [2 10.398190725831228 5 0.6388716443744055]
	[RESULT 16] [83 9944.562776418481 10 1.9911888495345895]
	[RESULT 17] [23 45.8383665467274 10 1.331012232253078]
	[RESULT 18] [94 9032.031923612873 10 1.990010195444927]
	[RESULT 19] [34 9793.889968768917 10 1.9991534581609298]
	[RESULT 20] [90 10.00074049922921 9 1.2976862919441032]
	[RESULT 21] [20 181.192337187352 10 1.9486487946093374]
[OBJECTIVES]
	[RESULT 1] [0.0124996  0.01061395 0.02188645 0.0005     0.         0.0005    ]
	[RESULT 2] [ 1.45344863e-02 -4.06856500e-03  1.54659213e-02  1.00000000e-04
  0.00000000e+00  1.00000000e-04]
	[RESULT 3] [ 0.01509907 -0.00519489  0.01490418  0.0007      0.          0.0007    ]
	[RESULT 4] [ 0.01320217 -0.00140147  0.0168007   0.0023      0.          0.0023    ]
	[RESULT 5] [0.0109633  0.00404995 0.02001325 0.0034     0.         0.0034    ]
	[RESULT 6] [0.00821378 0.01177713 0.00356336 0.005      0.004      0.009     ]
	[RESULT 7] [0.00810195 0.0115029  0.00340095 0.005      0.0043     0.0093    ]
	[RESULT 8] [0.00806201 0.02034257 0.01228056 0.005      0.0041     0.0091    ]
	[RESULT 9] [ 0.01482307 -0.00464588  0.01517719  0.0019      0.          0.0019    ]
	[RESULT 10] [ 0.01319674 -0.00139345  0.01680328  0.0002      0.          0.0002    ]
	[RESULT 11] [ 0.01388772 -0.00277125  0.01611647  0.0022      0.          0.0022    ]
	[RESULT 12] [1.44942573e-02 1.76993108e-02 1.28064319e-02 1.00000000e-04
 0.00000000e+00 1.00000000e-04]
	[RESULT 13] [ 0.01319831 -0.00139374  0.01680457  0.0023      0.          0.0023    ]
	[RESULT 14] [0.0125872  0.02096947 0.01144333 0.0002     0.         0.0002    ]
	[RESULT 15] [ 0.0161126  -0.00712604  0.01398655  0.0002      0.          0.0002    ]
	[RESULT 16] [0.00844221 0.01213356 0.00369135 0.005      0.0033     0.0083    ]
	[RESULT 17] [0.01214674 0.0073023  0.02444904 0.0023     0.         0.0023    ]
	[RESULT 18] [0.0078934  0.01106086 0.00316746 0.005      0.0044     0.0094    ]
	[RESULT 19] [0.01088419 0.01702131 0.00613712 0.0034     0.         0.0034    ]
	[RESULT 20] [0.01008449 0.00483121 0.0199157  0.005      0.004      0.009     ]
	[RESULT 21] [0.01163526 0.01751092 0.01585381 0.002      0.         0.002     ]
