[METRICS]
	[DISEQUILIBRIUM COUNT] 0
	[MINIMUM S0 e1 S1 DISTANCE]0.00758333877184364
	[MINIMUM S0 e1 S2 DISTANCE]0.0032006463932455764
	[MINIMUM S0 e1 S6 DISTANCE]0.0028331920359556764
	[MINIMUM S3 e1 S1 DISTANCE]9.99999999999994e-05
	[MINIMUM S3 e1 S4 DISTANCE]0.0
	[MINIMUM S3 e1 S5 DISTANCE]9.999999999998899e-05
	[AVERAGE S0 e1 S1 DISTANCE]0.011365946692859872
	[AVERAGE S0 e1 S2 DISTANCE]0.016698579017876768
	[AVERAGE S0 e1 S6 DISTANCE]0.0070496256054605865
	[AVERAGE S3 e1 S1 DISTANCE]0.003275747508305647
	[AVERAGE S3 e1 S4 DISTANCE]0.0012529346622369892
	[AVERAGE S3 e1 S5 DISTANCE]0.004528682170542645
[VARIABLES]
	[RESULT 1] [25 1026.1981928723865 10 1.99999309388293]
	[RESULT 2] [19 372.78919083702476 10 1.9465651119347585]
	[RESULT 3] [34 9708.224380718995 10 1.999998255590167]
	[RESULT 4] [1 341.30155010003085 1 0.4365990782913919]
	[RESULT 5] [25 9998.079438655124 10 1.99990981590349]
	[RESULT 6] [4 9997.040789276472 1 1.7470868991509765]
	[RESULT 7] [19 298.46791298483214 1 1.9615750181404241]
	[RESULT 8] [67 9964.86257588449 10 1.9999874295597573]
	[RESULT 9] [42 17.342106593643294 9 1.9788518750557782]
	[RESULT 10] [92 9252.030013838837 10 1.99771172369376]
	[RESULT 11] [26 57.75794766498032 2 1.973270614135356]
	[RESULT 12] [9 9006.461261282857 10 1.9831537691880659]
	[RESULT 13] [54 9999.777221708688 10 1.998873376691064]
	[RESULT 14] [4 9997.040789276472 1 1.747779268325773]
	[RESULT 15] [99 9137.535834222328 10 1.999993755897939]
	[RESULT 16] [1 106.34897156803652 1 1.9899136221138178]
	[RESULT 17] [4 8477.423444960046 1 1.7470868991509765]
	[RESULT 18] [26 171.6289166794298 1 1.9946005109639426]
	[RESULT 19] [40 90.51296906872113 9 1.9788518750557782]
	[RESULT 20] [76 9530.501168757017 10 1.9999470667546264]
	[RESULT 21] [20 890.2072699097201 10 1.8994612609929677]
[OBJECTIVES]
	[RESULT 1] [0.01133334 0.01990643 0.00857309 0.0025     0.         0.0025    ]
	[RESULT 2] [0.01168738 0.02122321 0.01208941 0.0019     0.         0.0019    ]
	[RESULT 3] [0.01088334 0.01702182 0.00613848 0.0034     0.         0.0034    ]
	[RESULT 4] [1.65934148e-02 1.10167619e-02 1.73898234e-02 1.00000000e-04
 0.00000000e+00 1.00000000e-04]
	[RESULT 5] [0.01133342 0.01791467 0.00658124 0.0025     0.         0.0025    ]
	[RESULT 6] [0.01489349 0.01996519 0.01014133 0.0004     0.         0.0004    ]
	[RESULT 7] [0.01392215 0.01572016 0.01535769 0.0019     0.         0.0019    ]
	[RESULT 8] [0.00923335 0.01371533 0.00448198 0.005      0.0017     0.0067    ]
	[RESULT 9] [0.01175467 0.00320065 0.01995531 0.0042     0.         0.0042    ]
	[RESULT 10] [0.00798564 0.01123888 0.00325325 0.005      0.0042     0.0092    ]
	[RESULT 11] [0.01353253 0.00601538 0.02454791 0.0026     0.         0.0026    ]
	[RESULT 12] [0.01215032 0.01957547 0.00742515 0.0009     0.         0.0009    ]
	[RESULT 13] [0.00988447 0.01501671 0.00513224 0.005      0.0004     0.0054    ]
	[RESULT 14] [0.01489276 0.01996664 0.0101406  0.0004     0.         0.0004    ]
	[RESULT 15] [0.00763334 0.01053761 0.00290427 0.005      0.0049     0.0099    ]
	[RESULT 16] [1.47934983e-02 7.68057104e-03 2.25259307e-02 1.00000000e-04
 0.00000000e+00 1.00000000e-04]
	[RESULT 17] [0.01489349 0.01992123 0.01018529 0.0004     0.         0.0004    ]
	[RESULT 18] [0.01353877 0.01336694 0.01809429 0.0026     0.         0.0026    ]
	[RESULT 19] [0.01185467 0.01244125 0.02070409 0.004      0.         0.004     ]
	[RESULT 20] [0.00878339 0.01282663 0.00404325 0.005      0.0026     0.0076    ]
	[RESULT 21] [0.01168543 0.02092133 0.00923591 0.002      0.         0.002     ]
