[METRICS]
	[DISEQUILIBRIUM COUNT] 125
	[MINIMUM S0 e1 S1 DISTANCE]0.007600707618755727
	[MINIMUM S0 e1 S2 DISTANCE]-0.008625823803235289
	[MINIMUM S0 e1 S6 DISTANCE]0.002879666830161189
	[MINIMUM S3 e1 S1 DISTANCE]9.99999999999994e-05
	[MINIMUM S3 e1 S4 DISTANCE]0.0
	[MINIMUM S3 e1 S5 DISTANCE]9.999999999998899e-05
	[AVERAGE S0 e1 S1 DISTANCE]0.012256745707575147
	[AVERAGE S0 e1 S2 DISTANCE]0.011391133929242594
	[AVERAGE S0 e1 S6 DISTANCE]0.012855498403794909
	[AVERAGE S3 e1 S1 DISTANCE]0.0032568106312292353
	[AVERAGE S3 e1 S4 DISTANCE]0.0015810631229235873
	[AVERAGE S3 e1 S5 DISTANCE]0.004837873754152829
[VARIABLES]
	[RESULT 1] [31 122.7766301903896 10 1.9634506861982666]
	[RESULT 2] [34 7642.199528485125 10 1.9930959853669392]
	[RESULT 3] [91 9140.096918051406 10 1.9585914943059226]
	[RESULT 4] [6 7519.68616458817 10 1.9996105382186187]
	[RESULT 5] [97 10.082481613100073 5 0.12223095614018181]
	[RESULT 6] [80 9974.14178782847 9 1.9805842045238247]
	[RESULT 7] [83 10.036090686880316 5 0.12223095614018181]
	[RESULT 8] [25 57.298517821697025 10 1.9998472436425552]
	[RESULT 9] [98 10.081074754325648 10 1.9783297512957692]
	[RESULT 10] [91 10.000937559768225 6 0.10342795459013276]
	[RESULT 11] [31 217.84144535652848 10 1.9487654903054425]
	[RESULT 12] [87 9878.282061346907 10 1.8350269228959186]
	[RESULT 13] [97 9720.934662260886 10 1.9962073510340477]
	[RESULT 14] [83 10.025200430267171 5 0.11817768639161541]
	[RESULT 15] [1 10.002645537694809 5 0.9133980689282537]
	[RESULT 16] [3 10.02074192751511 5 1.307788204293005]
	[RESULT 17] [24 10.003180881057734 6 0.20471507552552223]
	[RESULT 18] [1 10.020822699644116 4 0.21766752377032605]
	[RESULT 19] [31 10.000296911820232 9 0.20532126855039567]
	[RESULT 20] [33 1343.172609487088 10 1.9995646646027108]
	[RESULT 21] [32 10.006721092880777 10 1.9941671332589737]
[OBJECTIVES]
	[RESULT 1] [0.01107025 0.01611009 0.01781966 0.0031     0.         0.0031    ]
	[RESULT 2] [0.01089029 0.0171039  0.00621361 0.0034     0.         0.0034    ]
	[RESULT 3] [0.00807517 0.0114212  0.00334603 0.005      0.0041     0.0091    ]
	[RESULT 4] [0.01228373 0.01989598 0.00761225 0.0006     0.         0.0006    ]
	[RESULT 5] [0.01205824 0.00090413 0.01796236 0.005      0.0047     0.0097    ]
	[RESULT 6] [0.00985292 0.01495424 0.00510132 0.005      0.003      0.008     ]
	[RESULT 7] [ 0.01275824 -0.00050746  0.01725078  0.005       0.0033      0.0083    ]
	[RESULT 8] [0.01133349 0.01036069 0.02330582 0.0025     0.         0.0025    ]
	[RESULT 9] [0.00770519 0.00960987 0.02231506 0.005      0.0048     0.0098    ]
	[RESULT 10] [0.01230156 0.0003971  0.01769867 0.005      0.0041     0.0091    ]
	[RESULT 11] [0.01108514 0.01970865 0.01420621 0.0031     0.         0.0031    ]
	[RESULT 12] [0.00840177 0.01205433 0.00365256 0.005      0.0037     0.0087    ]
	[RESULT 13] [0.00773715 0.01072912 0.00299197 0.005      0.0047     0.0097    ]
	[RESULT 14] [ 0.01276398 -0.00052166  0.01724232  0.005       0.0033      0.0083    ]
	[RESULT 15] [ 1.58197542e-02 -6.63884706e-03  1.41809072e-02  1.00000000e-04
  0.00000000e+00  1.00000000e-04]
	[RESULT 16] [ 0.01525635 -0.00550752  0.01474883  0.0003      0.          0.0003    ]
	[RESULT 17] [ 0.01550912 -0.00601744  0.01449168  0.0024      0.          0.0024    ]
	[RESULT 18] [ 1.67839629e-02 -8.56272113e-03  1.32212417e-02  1.00000000e-04
  0.00000000e+00  1.00000000e-04]
	[RESULT 19] [ 0.01440827 -0.00381647  0.0155918   0.0031      0.          0.0031    ]
	[RESULT 20] [0.01093377 0.01861193 0.00767815 0.0033     0.         0.0033    ]
	[RESULT 21] [0.01098921 0.00302326 0.01901247 0.0032     0.         0.0032    ]
