[METRICS]
	[DISEQUILIBRIUM COUNT] 85
	[MINIMUM S0 e1 S1 DISTANCE]0.007683388326122248
	[MINIMUM S0 e1 S2 DISTANCE]-0.005541001614050578
	[MINIMUM S0 e1 S6 DISTANCE]0.003006119567079577
	[MINIMUM S3 e1 S1 DISTANCE]9.99999999999994e-05
	[MINIMUM S3 e1 S4 DISTANCE]0.0
	[MINIMUM S3 e1 S5 DISTANCE]9.999999999998899e-05
	[AVERAGE S0 e1 S1 DISTANCE]0.011899224192650132
	[AVERAGE S0 e1 S2 DISTANCE]0.013158063479172831
	[AVERAGE S0 e1 S6 DISTANCE]0.012166292019520323
	[AVERAGE S3 e1 S1 DISTANCE]0.0031552602436323396
	[AVERAGE S3 e1 S4 DISTANCE]0.0009356589147286823
	[AVERAGE S3 e1 S5 DISTANCE]0.004090919158361019
[VARIABLES]
	[RESULT 1] [33 9539.129022792433 10 1.9999617727435943]
	[RESULT 2] [5 10.079121625728838 10 1.6241496517491267]
	[RESULT 3] [78 9618.018688034826 10 1.9708670658800869]
	[RESULT 4] [1 11.362461838798371 9 1.9978384785662535]
	[RESULT 5] [1 10.079028868693083 3 1.468913425489717]
	[RESULT 6] [72 440.30531785631536 10 1.9951963152571734]
	[RESULT 7] [49 10.002439717180854 3 1.8655809419989957]
	[RESULT 8] [93 9979.261075969614 10 1.9874109182505297]
	[RESULT 9] [94 11.171948044868028 4 0.8271883550655782]
	[RESULT 10] [89 8492.458281340425 10 1.9908457399964088]
	[RESULT 11] [3 9539.129022792433 10 1.9788147869257227]
	[RESULT 12] [33 10.057204540237827 10 1.9985014103363252]
	[RESULT 13] [32 10.008534291096783 7 1.9096046149559902]
	[RESULT 14] [85 8457.475065524532 10 1.9868798386521973]
	[RESULT 15] [32 61.664960438677014 10 1.999077042067881]
	[RESULT 16] [22 10.974921740234128 3 1.9984300602426808]
	[RESULT 17] [27 10.000180283263889 3 0.871594148365079]
	[RESULT 18] [92 10.00019295544884 4 0.7093136367368358]
	[RESULT 19] [30 9618.121473754622 9 1.956758507897088]
	[RESULT 20] [95 10.000075894362237 3 0.30131956950374755]
	[RESULT 21] [31 173.31305740952075 10 1.9956191729803803]
[OBJECTIVES]
	[RESULT 1] [0.01093337 0.01712637 0.006193   0.0033     0.         0.0033    ]
	[RESULT 2] [ 0.01272403 -0.0004283   0.01729573  0.0005      0.          0.0005    ]
	[RESULT 3] [0.00871274 0.012683   0.00397026 0.005      0.0028     0.0078    ]
	[RESULT 4] [ 1.37855103e-02 -2.23498343e-03  1.65505268e-02  1.00000000e-04
  0.00000000e+00  1.00000000e-04]
	[RESULT 5] [ 1.52803716e-02 -5.54100161e-03  1.47393700e-02  1.00000000e-04
  0.00000000e+00  1.00000000e-04]
	[RESULT 6] [0.00898817 0.01769061 0.00870244 0.005      0.0022     0.0072    ]
	[RESULT 7] [1.24577192e-02 8.51715223e-05 1.75428907e-02 4.90000000e-03
 0.00000000e+00 4.90000000e-03]
	[RESULT 8] [0.00794602 0.01114033 0.0031943  0.005      0.0043     0.0093    ]
	[RESULT 9] [0.01133507 0.00261946 0.01895452 0.005      0.0044     0.0094    ]
	[RESULT 10] [0.00814256 0.01157641 0.00343385 0.005      0.0039     0.0089    ]
	[RESULT 11] [0.0124547  0.02016904 0.00771433 0.0003     0.         0.0003    ]
	[RESULT 12] [0.01093484 0.00314461 0.01907945 0.0033     0.         0.0033    ]
	[RESULT 13] [ 0.01295005 -0.00089796  0.01705209  0.0032      0.          0.0032    ]
	[RESULT 14] [0.00834656 0.0119856  0.00363904 0.005      0.0035     0.0085    ]
	[RESULT 15] [0.01098426 0.01154777 0.02246796 0.0032     0.         0.0032    ]
	[RESULT 16] [ 0.01367241 -0.00210345  0.01656896  0.0022      0.          0.0022    ]
	[RESULT 17] [ 0.01467501 -0.00434998  0.01532503  0.0027      0.          0.0027    ]
	[RESULT 18] [0.01158247 0.0018351  0.01841757 0.005      0.0042     0.0092    ]
	[RESULT 19] [0.01237703 0.02001158 0.00763455 0.003      0.         0.003     ]
	[RESULT 20] [0.01201337 0.00097329 0.01798665 0.005      0.0045     0.0095    ]
	[RESULT 21] [0.01103775 0.01843011 0.01553215 0.0031     0.         0.0031    ]
