[METRICS]
	[DISEQUILIBRIUM COUNT] 38
	[MINIMUM S0 e1 S1 DISTANCE]0.007842386983704423
	[MINIMUM S0 e1 S2 DISTANCE]-0.007482245289180733
	[MINIMUM S0 e1 S6 DISTANCE]0.0031072491153660924
	[MINIMUM S3 e1 S1 DISTANCE]0.0002999999999999999
	[MINIMUM S3 e1 S4 DISTANCE]0.0
	[MINIMUM S3 e1 S5 DISTANCE]0.00029999999999996696
	[AVERAGE S0 e1 S1 DISTANCE]0.012647094586262021
	[AVERAGE S0 e1 S2 DISTANCE]0.013407832794429073
	[AVERAGE S0 e1 S6 DISTANCE]0.01219806943168394
	[AVERAGE S3 e1 S1 DISTANCE]0.0034377976190476203
	[AVERAGE S3 e1 S4 DISTANCE]0.001299107142857143
	[AVERAGE S3 e1 S5 DISTANCE]0.00473690476190478
[VARIABLES]
	[RESULT 1] [26 10.456120644432744 7 0.5386903807380286]
	[RESULT 2] [59 9360.270495227549 10 1.275356472719899]
	[RESULT 3] [96 6106.03993883689 10 1.2753468945857864]
	[RESULT 4] [88 75.154366567941 6 1.3201468590298988]
	[RESULT 5] [3 10.544734963515813 3 0.5291090765874678]
	[RESULT 6] [26 17.48122313778463 10 1.4076859254678942]
	[RESULT 7] [8 10.043140792883895 9 0.128877120888226]
	[RESULT 8] [39 54.77923534406429 10 1.449498310467284]
	[RESULT 9] [96 186.34637131384898 10 1.5132313371494228]
	[RESULT 10] [10 17.478874939048605 6 1.2878487947366284]
	[RESULT 11] [23 933.0134673696682 9 0.5443913264769006]
	[RESULT 12] [39 10.096044668191542 6 0.3524002040865063]
	[RESULT 13] [30 9629.884867208284 10 1.6027769484425345]
	[RESULT 14] [53 10.07859847272353 3 0.6234306673440275]
	[RESULT 15] [100 11.077206676476777 6 1.26749043313746]
	[RESULT 16] [90 5861.264225505067 10 1.4948320312003434]
	[RESULT 17] [85 6105.548888956525 10 1.2012563537385752]
	[RESULT 18] [34 197.93542280407965 10 1.3735823079024132]
	[RESULT 19] [94 6908.606037489343 10 1.2781604643021198]
	[RESULT 20] [100 9348.872912166327 10 1.748132690333126]
	[RESULT 21] [97 5986.442363612716 10 1.3927101671778435]
[OBJECTIVES]
	[RESULT 1] [ 0.01483383 -0.00455414  0.01527969  0.0026      0.          0.0026    ]
	[RESULT 2] [0.0104099  0.01608435 0.00567445 0.005      0.0009     0.0059    ]
	[RESULT 3] [0.00855991 0.01252331 0.0039634  0.005      0.0046     0.0096    ]
	[RESULT 4] [0.01090902 0.0130446  0.02104637 0.005      0.0038     0.0088    ]
	[RESULT 5] [ 0.01630885 -0.00748225  0.0138266   0.0003      0.          0.0003    ]
	[RESULT 6] [0.01191073 0.00291867 0.01982939 0.0026     0.         0.0026    ]
	[RESULT 7] [ 0.01566551 -0.00632023  0.01434527  0.0008      0.          0.0008    ]
	[RESULT 8] [0.01121431 0.01030371 0.02348198 0.0039     0.         0.0039    ]
	[RESULT 9] [0.00829421 0.02063503 0.01234082 0.005      0.0046     0.0096    ]
	[RESULT 10] [ 0.01484567 -0.00295173  0.01689394  0.001       0.          0.001     ]
	[RESULT 11] [0.01435139 0.01885347 0.01179515 0.0023     0.         0.0023    ]
	[RESULT 12] [ 0.01455641 -0.00408884  0.01546757  0.0039      0.          0.0039    ]
	[RESULT 13] [0.01149701 0.01825122 0.00675421 0.003      0.         0.003     ]
	[RESULT 14] [ 0.01368657 -0.00235352  0.01633306  0.005       0.0003      0.0053    ]
	[RESULT 15] [0.01036888 0.00452867 0.01989755 0.005      0.005      0.01      ]
	[RESULT 16] [0.00861436 0.01264881 0.00403444 0.005      0.004      0.009     ]
	[RESULT 17] [0.00919498 0.01379347 0.00459849 0.005      0.0035     0.0085    ]
	[RESULT 18] [0.01154884 0.01821981 0.01523134 0.0034     0.         0.0034    ]
	[RESULT 19] [0.00865671 0.01267063 0.00401392 0.005      0.0044     0.0094    ]
	[RESULT 20] [0.00784239 0.01094964 0.00310725 0.005      0.005      0.01      ]
	[RESULT 21] [0.00837744 0.0121663  0.00378886 0.005      0.0047     0.0097    ]
