[METRICS]
	[DISEQUILIBRIUM COUNT] 129
	[MINIMUM S0 e1 S1 DISTANCE]0.007694816620159698
	[MINIMUM S0 e1 S2 DISTANCE]-0.006735438879242772
	[MINIMUM S0 e1 S6 DISTANCE]0.002956143136870869
	[MINIMUM S3 e1 S1 DISTANCE]9.99999999999994e-05
	[MINIMUM S3 e1 S4 DISTANCE]0.0
	[MINIMUM S3 e1 S5 DISTANCE]9.999999999998899e-05
	[AVERAGE S0 e1 S1 DISTANCE]0.012123302251372833
	[AVERAGE S0 e1 S2 DISTANCE]0.012455318695245698
	[AVERAGE S0 e1 S6 DISTANCE]0.012459710708172119
	[AVERAGE S3 e1 S1 DISTANCE]0.0028661129568106278
	[AVERAGE S3 e1 S4 DISTANCE]0.000985714285714287
	[AVERAGE S3 e1 S5 DISTANCE]0.003851827242524923
[VARIABLES]
	[RESULT 1] [30 10.000151251483803 6 1.9328219540034377]
	[RESULT 2] [31 11.046015245147805 10 1.9393128620504514]
	[RESULT 3] [27 226.69545118160022 10 1.9999673768558421]
	[RESULT 4] [58 10.183996069504342 8 0.4857844223164135]
	[RESULT 5] [2 10.000092246485337 6 1.949668842048222]
	[RESULT 6] [36 54.73448372162518 10 1.9328219540034377]
	[RESULT 7] [19 10.186997675622303 9 1.741143820968183]
	[RESULT 8] [82 9379.873829580894 10 1.9886067357411021]
	[RESULT 9] [32 9390.640860205447 10 1.9848903305848375]
	[RESULT 10] [1 10.000114787683545 6 0.8065938921051627]
	[RESULT 11] [1 9989.844135296198 10 1.9733480899425313]
	[RESULT 12] [63 9489.83059160389 10 1.9936073487372465]
	[RESULT 13] [65 10.043309920357107 8 0.3844179241427919]
	[RESULT 14] [90 9961.475558173488 10 1.98860436720286]
	[RESULT 15] [71 10.114688402330174 8 0.32023999667218517]
	[RESULT 16] [67 10.066596997070107 8 0.1181596743717471]
	[RESULT 17] [86 9178.278885141697 10 1.9396543271054396]
	[RESULT 18] [20 10.138202073840128 7 0.5934613749753936]
	[RESULT 19] [67 10.009978520944886 8 0.14003575623201636]
	[RESULT 20] [96 9476.576065310166 10 1.990496299407732]
	[RESULT 21] [21 10.044756479032106 6 0.8787227887213203]
[OBJECTIVES]
	[RESULT 1] [ 0.01315136 -0.00130268  0.01684868  0.003       0.          0.003     ]
	[RESULT 2] [0.01109475 0.00306929 0.01916404 0.0031     0.         0.0031    ]
	[RESULT 3] [0.01123337 0.01963925 0.01412739 0.0027     0.         0.0027    ]
	[RESULT 4] [ 0.01309491 -0.00114391  0.016951    0.005       0.0008      0.0058    ]
	[RESULT 5] [ 0.01453423 -0.00406843  0.0154658   0.0002      0.          0.0002    ]
	[RESULT 6] [0.01085136 0.01102427 0.02312437 0.0036     0.         0.0036    ]
	[RESULT 7] [ 0.01314973 -0.00125281  0.01689693  0.0019      0.          0.0019    ]
	[RESULT 8] [0.00849482 0.01225363 0.00375881 0.005      0.0032     0.0082    ]
	[RESULT 9] [0.01099857 0.01726083 0.00626226 0.0032     0.         0.0032    ]
	[RESULT 10] [ 1.58677338e-02 -6.73543888e-03  1.41322949e-02  1.00000000e-04
  0.00000000e+00  1.00000000e-04]
	[RESULT 11] [1.25602301e-02 2.03684798e-02 7.80824977e-03 1.00000000e-04
 0.00000000e+00 1.00000000e-04]
	[RESULT 12] [0.00943977 0.01414051 0.00470074 0.005      0.0013     0.0063    ]
	[RESULT 13] [ 0.0128799  -0.00074897  0.01713093  0.005       0.0015      0.0065    ]
	[RESULT 14] [0.00809482 0.01143836 0.00334354 0.005      0.004      0.009     ]
	[RESULT 15] [ 0.01266673 -0.00030482  0.01736191  0.005       0.0021      0.0071    ]
	[RESULT 16] [ 0.01314734 -0.00127803  0.0168693   0.005       0.0017      0.0067    ]
	[RESULT 17] [0.00834441 0.01195855 0.00361414 0.005      0.0036     0.0086    ]
	[RESULT 18] [ 0.01506269 -0.00509087  0.01497181  0.002       0.          0.002     ]
	[RESULT 19] [ 0.01311642 -0.00123034  0.01688608  0.005       0.0017      0.0067    ]
	[RESULT 20] [0.00779291 0.01084715 0.00305424 0.005      0.0046     0.0096    ]
	[RESULT 21] [ 0.01477877 -0.00454636  0.01523241  0.0021      0.          0.0021    ]
