[METRICS]
	[DISEQUILIBRIUM COUNT] 117
	[MINIMUM S0 e1 S1 DISTANCE]0.007597452316139813
	[MINIMUM S0 e1 S2 DISTANCE]-0.006165574944480778
	[MINIMUM S0 e1 S6 DISTANCE]0.0028797070153211745
	[MINIMUM S3 e1 S1 DISTANCE]9.99999999999994e-05
	[MINIMUM S3 e1 S4 DISTANCE]0.0
	[MINIMUM S3 e1 S5 DISTANCE]9.999999999998899e-05
	[AVERAGE S0 e1 S1 DISTANCE]0.01172218239221337
	[AVERAGE S0 e1 S2 DISTANCE]0.011997150850638065
	[AVERAGE S0 e1 S6 DISTANCE]0.012514529597191562
	[AVERAGE S3 e1 S1 DISTANCE]0.0032606866002214854
	[AVERAGE S3 e1 S4 DISTANCE]0.001185382059800664
	[AVERAGE S3 e1 S5 DISTANCE]0.004446068660022157
[VARIABLES]
	[RESULT 1] [7 10.000691228461351 10 1.6029124542345328]
	[RESULT 2] [33 27.227703425024316 10 1.9930436151125062]
	[RESULT 3] [26 10.000684121405158 9 1.7102466255288842]
	[RESULT 4] [91 8060.586215332869 10 1.9937693280430502]
	[RESULT 5] [72 826.6261269283968 10 1.6504344284910928]
	[RESULT 6] [81 9330.341090345908 10 1.9958366336382642]
	[RESULT 7] [5 8679.827789414869 10 1.9958786601405647]
	[RESULT 8] [9 10.000654965907197 1 1.3877752998473536]
	[RESULT 9] [1 10.00282011721705 1 1.2550201472165663]
	[RESULT 10] [14 10.00016356009476 1 1.7077037768811443]
	[RESULT 11] [94 58.66708855022716 10 1.995638233271461]
	[RESULT 12] [42 10.002609625267695 2 1.4592908910808167]
	[RESULT 13] [98 10.001516514496046 1 1.1147933190219026]
	[RESULT 14] [33 8894.21249484428 10 1.9934080481918421]
	[RESULT 15] [87 7878.26920735669 10 1.7918002873513326]
	[RESULT 16] [95 10.00000109105645 1 0.9403749482761026]
	[RESULT 17] [33 105.54447040289757 10 1.9825236344604265]
	[RESULT 18] [42 7990.253274763211 10 1.9726361053509456]
	[RESULT 19] [98 7594.990180474681 10 1.9731982861363204]
	[RESULT 20] [100 10.000670640452418 1 0.6710189318958197]
	[RESULT 21] [25 10.000006533484775 1 1.5464990353944708]
[OBJECTIVES]
	[RESULT 1] [ 0.01264686 -0.00029355  0.01735331  0.0007      0.          0.0007    ]
	[RESULT 2] [0.01094034 0.0067933  0.02273364 0.0033     0.         0.0033    ]
	[RESULT 3] [ 0.01283232 -0.00066447  0.01716785  0.0026      0.          0.0026    ]
	[RESULT 4] [0.00803961 0.01138595 0.00334634 0.005      0.0041     0.0091    ]
	[RESULT 5] [0.00934589 0.01641917 0.00707328 0.005      0.0022     0.0072    ]
	[RESULT 6] [0.00853753 0.01234044 0.00380291 0.005      0.0031     0.0081    ]
	[RESULT 7] [0.01233748 0.01996004 0.00762255 0.0005     0.         0.0005    ]
	[RESULT 8] [ 0.01503295 -0.00506574  0.01496721  0.0009      0.          0.0009    ]
	[RESULT 9] [ 1.55831400e-02 -6.16557494e-03  1.44175650e-02  1.00000000e-04
  0.00000000e+00  1.00000000e-04]
	[RESULT 10] [ 0.01443501 -0.00386997  0.01556503  0.0014      0.          0.0014    ]
	[RESULT 11] [0.00788773 0.01740845 0.01970382 0.005      0.0044     0.0094    ]
	[RESULT 12] [ 0.01327571 -0.00155077  0.01672494  0.0042      0.          0.0042    ]
	[RESULT 13] [0.01089568 0.00320903 0.0191047  0.005      0.0048     0.0098    ]
	[RESULT 14] [0.01093997 0.01715822 0.00621824 0.0033     0.         0.0033    ]
	[RESULT 15] [0.00844668 0.01220711 0.00376042 0.005      0.0037     0.0087    ]
	[RESULT 16] [0.01125366 0.00249268 0.01874634 0.005      0.0045     0.0095    ]
	[RESULT 17] [0.01095096 0.01531327 0.01873577 0.0033     0.         0.0033    ]
	[RESULT 18] [0.01051095 0.0163313  0.00582035 0.0042     0.         0.0042    ]
	[RESULT 19] [0.00771038 0.01074607 0.00303569 0.005      0.0048     0.0098    ]
	[RESULT 20] [0.01133821 0.00232376 0.01866196 0.005      0.005      0.01      ]
	[RESULT 21] [ 0.01405792 -0.00311584  0.01594208  0.0025      0.          0.0025    ]
