[METRICS]
	[DISEQUILIBRIUM COUNT] 137
	[MINIMUM S0 e1 S1 DISTANCE]0.007602148743494354
	[MINIMUM S0 e1 S2 DISTANCE]-0.007211778123744184
	[MINIMUM S0 e1 S6 DISTANCE]0.0030096150154144763
	[MINIMUM S3 e1 S1 DISTANCE]9.99999999999994e-05
	[MINIMUM S3 e1 S4 DISTANCE]0.0
	[MINIMUM S3 e1 S5 DISTANCE]9.999999999998899e-05
	[AVERAGE S0 e1 S1 DISTANCE]0.012037243311926413
	[AVERAGE S0 e1 S2 DISTANCE]0.011922660036140105
	[AVERAGE S0 e1 S6 DISTANCE]0.012842681709355297
	[AVERAGE S3 e1 S1 DISTANCE]0.0031986710963455138
	[AVERAGE S3 e1 S4 DISTANCE]0.0012462901439645624
	[AVERAGE S3 e1 S5 DISTANCE]0.004444961240310079
[VARIABLES]
	[RESULT 1] [34 10.519074131089674 10 1.9590923528900248]
	[RESULT 2] [95 5831.098787335915 10 1.998498189654975]
	[RESULT 3] [36 41.14976411764481 10 1.9809869452067619]
	[RESULT 4] [32 10.002176627892602 8 0.441873228102158]
	[RESULT 5] [1 10.000093554590913 10 0.4711752826574078]
	[RESULT 6] [35 92.95251631525389 10 1.9994238670732885]
	[RESULT 7] [36 8150.033775383024 10 1.9975482031070422]
	[RESULT 8] [91 10.01694636867785 8 0.12926720389190297]
	[RESULT 9] [97 6277.822161174849 10 1.9908313870626648]
	[RESULT 10] [80 6971.800357846572 10 1.964193360878758]
	[RESULT 11] [90 769.1368401195372 10 1.9314927545381313]
	[RESULT 12] [99 10.022077970695642 8 0.1386835013340754]
	[RESULT 13] [91 1008.9468801102907 10 1.989922874147555]
	[RESULT 14] [22 10.000000398707698 8 0.3161393220991303]
	[RESULT 15] [18 16.144260498536596 8 0.4391566129150088]
	[RESULT 16] [79 10.018689847279855 8 0.14387684220880978]
	[RESULT 17] [28 549.5060333233306 8 0.18288624868158712]
	[RESULT 18] [3 10.000119544830282 8 0.34850667991136647]
	[RESULT 19] [73 6884.116398220916 8 1.8936107721216204]
	[RESULT 20] [70 10.000000567610524 8 0.2722802581407133]
	[RESULT 21] [1 2082.626531488003 10 1.9994238670732885]
[OBJECTIVES]
	[RESULT 1] [0.01092467 0.00327977 0.01920443 0.0034     0.         0.0034    ]
	[RESULT 2] [0.00783485 0.01109191 0.00325706 0.005      0.0045     0.0095    ]
	[RESULT 3] [0.01080251 0.00933281 0.02486469 0.0036     0.         0.0036    ]
	[RESULT 4] [ 0.01445306 -0.00390558  0.01554748  0.0032      0.          0.0032    ]
	[RESULT 5] [ 1.42975382e-02 -3.59505306e-03  1.57024852e-02  1.00000000e-04
  0.00000000e+00  1.00000000e-04]
	[RESULT 6] [0.01083391 0.01466743 0.01949866 0.0035     0.         0.0035    ]
	[RESULT 7] [0.0107858 0.016875  0.0060892 0.0036    0.        0.0036   ]
	[RESULT 8] [0.01193162 0.00114099 0.01807261 0.005      0.0041     0.0091    ]
	[RESULT 9] [0.00774257 0.01087774 0.00313517 0.005      0.0047     0.0097    ]
	[RESULT 10] [0.0086195  0.01259301 0.00397351 0.005      0.003      0.008     ]
	[RESULT 11] [0.00815271 0.01421532 0.00606261 0.005      0.004      0.009     ]
	[RESULT 12] [0.01151833 0.00196887 0.01848719 0.005      0.0049     0.0099    ]
	[RESULT 13] [0.00804349 0.01336188 0.00531839 0.005      0.0041     0.0091    ]
	[RESULT 14] [ 0.01512231 -0.00524462  0.01487769  0.0022      0.          0.0022    ]
	[RESULT 15] [ 0.01515668 -0.00386621  0.01629047  0.0018      0.          0.0018    ]
	[RESULT 16] [ 1.25110043e-02 -1.73369140e-05  1.74936673e-02  5.00000000e-03
  2.90000000e-03  7.90000000e-03]
	[RESULT 17] [0.01500624 0.01607824 0.01391551 0.0028     0.         0.0028    ]
	[RESULT 18] [ 0.01602835 -0.00705667  0.01397168  0.0003      0.          0.0003    ]
	[RESULT 19] [0.01070809 0.01677464 0.00606655 0.005      0.0023     0.0073    ]
	[RESULT 20] [ 0.01278233 -0.00056465  0.01721767  0.005       0.002       0.007     ]
	[RESULT 21] [1.25339135e-02 2.12185080e-02 8.68459446e-03 1.00000000e-04
 0.00000000e+00 1.00000000e-04]
