[METRICS]
	[DISEQUILIBRIUM COUNT] 75
	[MINIMUM S0 e1 S1 DISTANCE]0.00758685374485074
	[MINIMUM S0 e1 S2 DISTANCE]-0.005351299157289602
	[MINIMUM S0 e1 S6 DISTANCE]0.002978406059911044
	[MINIMUM S3 e1 S1 DISTANCE]9.99999999999994e-05
	[MINIMUM S3 e1 S4 DISTANCE]0.0
	[MINIMUM S3 e1 S5 DISTANCE]9.999999999998899e-05
	[AVERAGE S0 e1 S1 DISTANCE]0.011540700184800561
	[AVERAGE S0 e1 S2 DISTANCE]0.012378975432049839
	[AVERAGE S0 e1 S6 DISTANCE]0.013596772343069646
	[AVERAGE S3 e1 S1 DISTANCE]0.003539313399778518
	[AVERAGE S3 e1 S4 DISTANCE]0.001309634551495017
	[AVERAGE S3 e1 S5 DISTANCE]0.004848947951273531
[VARIABLES]
	[RESULT 1] [99 437.03218493513896 10 1.943062179183341]
	[RESULT 2] [44 10.368042378526244 3 1.7607341039701976]
	[RESULT 3] [14 10.307208234502836 5 1.6925181518627923]
	[RESULT 4] [31 10.028614089119499 5 1.49146996363135]
	[RESULT 5] [1 31.180961126985594 6 1.9916403529904525]
	[RESULT 6] [34 17.39052686266139 10 1.934850179773177]
	[RESULT 7] [35 185.5592624873346 10 1.9748130293964603]
	[RESULT 8] [14 9151.758010654834 10 1.8710457994514071]
	[RESULT 9] [88 8848.874587427514 10 1.9533505971660756]
	[RESULT 10] [84 10.006525604383029 4 1.3448270491397516]
	[RESULT 11] [13 10.000264216573328 10 1.5918774774321816]
	[RESULT 12] [11 92.76042344635587 10 1.6550662233215305]
	[RESULT 13] [2 10.000414556109298 10 1.7392115763673703]
	[RESULT 14] [1 10.22964993922678 6 1.3687237354426478]
	[RESULT 15] [34 9702.034357115026 10 1.9740678194324162]
	[RESULT 16] [82 10.055486616006863 4 1.3121072084457588]
	[RESULT 17] [76 10.006525604383029 4 1.3448270491397516]
	[RESULT 18] [89 9760.663385303 10 1.9785158660682802]
	[RESULT 19] [1 17.385086857463683 6 1.3693826031031335]
	[RESULT 20] [11 909.2672798378514 10 1.6550662233215305]
	[RESULT 21] [84 8695.387429261067 10 1.9444779055846584]
[OBJECTIVES]
	[RESULT 1] [0.00769094 0.01512542 0.00743448 0.005      0.0049     0.0099    ]
	[RESULT 2] [ 0.01281666 -0.00054165  0.01727501  0.0044      0.          0.0044    ]
	[RESULT 3] [ 0.01428443 -0.00349228  0.01579214  0.0014      0.          0.0014    ]
	[RESULT 4] [ 0.01365139 -0.00229563  0.01635576  0.0031      0.          0.0031    ]
	[RESULT 5] [1.45417569e-02 2.86182750e-04 1.98279397e-02 1.00000000e-04
 0.00000000e+00 1.00000000e-04]
	[RESULT 6] [0.01094929 0.00482189 0.02077119 0.0034     0.         0.0034    ]
	[RESULT 7] [0.01085875 0.01921004 0.01493121 0.0035     0.         0.0035    ]
	[RESULT 8] [0.01201459 0.0192997  0.0072851  0.0014     0.         0.0014    ]
	[RESULT 9] [0.00823049 0.01174066 0.00351017 0.005      0.0038     0.0088    ]
	[RESULT 10] [0.01122401 0.00255361 0.01877762 0.005      0.0034     0.0084    ]
	[RESULT 11] [0.01235876 0.00028255 0.01764131 0.0013     0.         0.0013    ]
	[RESULT 12] [0.01239094 0.01153901 0.02107005 0.0011     0.         0.0011    ]
	[RESULT 13] [ 0.01275177 -0.00050343  0.01724834  0.0002      0.          0.0002    ]
	[RESULT 14] [ 1.52042900e-02 -5.35129916e-03  1.48529909e-02  1.00000000e-04
  0.00000000e+00  1.00000000e-04]
	[RESULT 15] [0.0109095  0.01707431 0.00616481 0.0034     0.         0.0034    ]
	[RESULT 16] [0.01136098 0.0022919  0.01865288 0.005      0.0032     0.0082    ]
	[RESULT 17] [0.01162401 0.00175361 0.01837762 0.005      0.0026     0.0076    ]
	[RESULT 18] [0.00815501 0.0115638  0.0034088  0.005      0.0039     0.0089    ]
	[RESULT 19] [ 1.52035509e-02 -3.68780193e-03  1.65157490e-02  1.00000000e-04
  0.00000000e+00  1.00000000e-04]
	[RESULT 20] [0.01239094 0.02228372 0.00989277 0.0011     0.         0.0011    ]
	[RESULT 21] [0.0084395  0.01216357 0.00372406 0.005      0.0034     0.0084    ]
