[METRICS]
	[DISEQUILIBRIUM COUNT] 139
	[MINIMUM S0 e1 S1 DISTANCE]0.007583757047759918
	[MINIMUM S0 e1 S2 DISTANCE]-0.008893154762787181
	[MINIMUM S0 e1 S6 DISTANCE]0.002877389781585852
	[MINIMUM S3 e1 S1 DISTANCE]9.99999999999994e-05
	[MINIMUM S3 e1 S4 DISTANCE]0.0
	[MINIMUM S3 e1 S5 DISTANCE]9.999999999998899e-05
	[AVERAGE S0 e1 S1 DISTANCE]0.012019012871490207
	[AVERAGE S0 e1 S2 DISTANCE]0.012120206864886237
	[AVERAGE S0 e1 S6 DISTANCE]0.011966082384136555
	[AVERAGE S3 e1 S1 DISTANCE]0.0033694352159468447
	[AVERAGE S3 e1 S4 DISTANCE]0.0014274640088593595
	[AVERAGE S3 e1 S5 DISTANCE]0.0047968992248062165
[VARIABLES]
	[RESULT 1] [99 9120.045683814893 10 1.9999658594043688]
	[RESULT 2] [74 7908.998422148234 10 1.9886704700694509]
	[RESULT 3] [34 19.550909791978704 10 1.9815029223458132]
	[RESULT 4] [2 10.247996155898235 1 0.12039768555859143]
	[RESULT 5] [33 154.71443520692625 10 1.999996742129695]
	[RESULT 6] [27 10.100835450528638 1 1.0665696503941409]
	[RESULT 7] [90 9096.149528018303 10 1.9799495924808503]
	[RESULT 8] [88 7847.06661254111 10 1.9341475385432532]
	[RESULT 9] [93 10.216910846672208 1 0.1038023344651754]
	[RESULT 10] [34 76.14820033141591 10 1.9499867188316715]
	[RESULT 11] [12 10.027755689535944 1 1.1187840784681244]
	[RESULT 12] [95 10.023142064924242 1 0.12039768555859143]
	[RESULT 13] [96 6480.295545968088 10 1.989443967976631]
	[RESULT 14] [94 7570.582539012574 10 1.9997074241867567]
	[RESULT 15] [27 10.177369663910119 1 0.11668177375443292]
	[RESULT 16] [34 7725.040958850313 10 1.9937115761782833]
	[RESULT 17] [2 7188.977361659457 1 1.9723917278030807]
	[RESULT 18] [30 7783.389450092765 10 0.37443772095844285]
	[RESULT 19] [33 10.180028811372997 2 0.28183577053008224]
	[RESULT 20] [25 10.075154776957099 8 1.958070497125299]
	[RESULT 21] [92 13.50912342815371 10 1.887583521866154]
[OBJECTIVES]
	[RESULT 1] [0.00763337 0.01053818 0.00290481 0.005      0.0049     0.0099    ]
	[RESULT 2] [0.00889475 0.01310204 0.00420729 0.005      0.0024     0.0074    ]
	[RESULT 3] [0.01090199 0.00537558 0.02127757 0.0034     0.         0.0034    ]
	[RESULT 4] [ 0.0169775  -0.00889315  0.01308435  0.0002      0.          0.0002    ]
	[RESULT 5] [0.01093334 0.01791734 0.01614933 0.0033     0.         0.0033    ]
	[RESULT 6] [ 0.01450252 -0.00397987  0.01552266  0.0027      0.          0.0027    ]
	[RESULT 7] [0.00810356 0.01147926 0.00337571 0.005      0.004      0.009     ]
	[RESULT 8] [0.00825001 0.011815   0.00356499 0.005      0.0038     0.0088    ]
	[RESULT 9] [0.01245103 0.00015204 0.01760308 0.005      0.0043     0.0093    ]
	[RESULT 10] [0.0109339  0.01308538 0.02098071 0.0034     0.         0.0034    ]
	[RESULT 11] [ 0.01519099 -0.00537505  0.01481594  0.0012      0.          0.0012    ]
	[RESULT 12] [0.0123275  0.00035078 0.01767828 0.005      0.0045     0.0095    ]
	[RESULT 13] [0.00779397 0.01096844 0.00317447 0.005      0.0046     0.0096    ]
	[RESULT 14] [0.00788363 0.0110936  0.00320997 0.005      0.0044     0.0094    ]
	[RESULT 15] [ 0.01573276 -0.00642126  0.0143115   0.0027      0.          0.0027    ]
	[RESULT 16] [0.01088967 0.01709923 0.00620956 0.0034     0.         0.0034    ]
	[RESULT 17] [0.0147612  0.02013415 0.01010465 0.0002     0.         0.0002    ]
	[RESULT 18] [0.01297666 0.02127085 0.00829419 0.003      0.         0.003     ]
	[RESULT 19] [ 0.01517476 -0.0053046   0.01487016  0.0033      0.          0.0033    ]
	[RESULT 20] [ 0.01304237 -0.00106596  0.01697641  0.0025      0.          0.0025    ]
	[RESULT 21] [0.0080976  0.00965234 0.02274994 0.005      0.0042     0.0092    ]
