[METRICS]
	[DISEQUILIBRIUM COUNT] 55
	[MINIMUM S0 e1 S1 DISTANCE]0.007622749147181203
	[MINIMUM S0 e1 S2 DISTANCE]-0.004590103719900762
	[MINIMUM S0 e1 S6 DISTANCE]0.0032565585709243734
	[MINIMUM S3 e1 S1 DISTANCE]9.99999999999994e-05
	[MINIMUM S3 e1 S4 DISTANCE]0.0
	[MINIMUM S3 e1 S5 DISTANCE]9.999999999998899e-05
	[AVERAGE S0 e1 S1 DISTANCE]0.011466446594028233
	[AVERAGE S0 e1 S2 DISTANCE]0.013081244170192288
	[AVERAGE S0 e1 S6 DISTANCE]0.013454863154277515
	[AVERAGE S3 e1 S1 DISTANCE]0.00385592469545958
	[AVERAGE S3 e1 S4 DISTANCE]0.0014045404208194894
	[AVERAGE S3 e1 S5 DISTANCE]0.00526046511627909
[VARIABLES]
	[RESULT 1] [25 284.5386729413413 10 1.4735259913564052]
	[RESULT 2] [38 10.162060835937629 8 1.719065481094674]
	[RESULT 3] [33 6302.093912074364 10 1.9753994756028912]
	[RESULT 4] [63 10.005198857274824 6 1.5140791083648963]
	[RESULT 5] [35 83.80536111368474 10 1.944241662049761]
	[RESULT 6] [93 10.113621034362815 6 1.434991041305421]
	[RESULT 7] [24 10.004688152486205 10 1.3914011883662165]
	[RESULT 8] [16 10.353949569969572 6 1.7067357565291905]
	[RESULT 9] [11 12.805198078975838 6 1.304043615955183]
	[RESULT 10] [35 20.01059353120744 10 1.944241662049761]
	[RESULT 11] [98 2877.4702881648773 10 1.9609832917903436]
	[RESULT 12] [12 10.018563246009556 9 1.6460310884903764]
	[RESULT 13] [85 6302.095013644316 10 1.975402201319377]
	[RESULT 14] [82 5262.497823197324 10 1.8066898083365668]
	[RESULT 15] [67 317.35914970558485 10 1.980061865312873]
	[RESULT 16] [33 10.009611377428243 7 1.5108338017970089]
	[RESULT 17] [16 10.35416788792602 10 1.3899781528732291]
	[RESULT 18] [18 6886.532779380471 10 1.4806532696459878]
	[RESULT 19] [89 76.24041261617822 10 1.9186220854116456]
	[RESULT 20] [78 10.004652362258401 6 1.4396342070016794]
	[RESULT 21] [66 6400.650325433139 10 1.9393175892730208]
[OBJECTIVES]
	[RESULT 1] [0.01188779 0.01954954 0.01356267 0.0025     0.         0.0025    ]
	[RESULT 2] [ 0.01263967 -0.00023888  0.01740078  0.0038      0.          0.0038    ]
	[RESULT 3] [0.01095816 0.01730742 0.00634926 0.0033     0.         0.0033    ]
	[RESULT 4] [0.01194328 0.00111474 0.01805802 0.005      0.0013     0.0063    ]
	[RESULT 5] [0.01088974 0.01383661 0.02027365 0.0035     0.         0.0035    ]
	[RESULT 6] [0.01053038 0.00396762 0.019498   0.005      0.0043     0.0093    ]
	[RESULT 7] [0.0120289  0.00094337 0.01797227 0.0024     0.         0.0024    ]
	[RESULT 8] [ 0.01408603 -0.00308389  0.01600214  0.0016      0.          0.0016    ]
	[RESULT 9] [ 0.01477727 -0.00387237  0.0159049   0.0011      0.          0.0011    ]
	[RESULT 10] [0.01088974 0.00549543 0.02138517 0.0035     0.         0.0035    ]
	[RESULT 11] [0.00772275 0.01128797 0.00356522 0.005      0.0048     0.0098    ]
	[RESULT 12] [ 0.01360059 -0.00219655  0.01640405  0.0012      0.          0.0012    ]
	[RESULT 13] [0.00835815 0.01210741 0.00374926 0.005      0.0035     0.0085    ]
	[RESULT 14] [0.00868117 0.01282942 0.00414824 0.005      0.0032     0.0082    ]
	[RESULT 15] [0.00925344 0.01964398 0.01039053 0.005      0.0017     0.0067    ]
	[RESULT 16] [ 0.01332183 -0.00164125  0.01668057  0.0033      0.          0.0033    ]
	[RESULT 17] [0.01243049 0.00022725 0.01765774 0.0016     0.         0.0016    ]
	[RESULT 18] [0.01222994 0.01981823 0.00758829 0.0018     0.         0.0018    ]
	[RESULT 19] [0.00821584 0.01852987 0.0182543  0.005      0.0039     0.0089    ]
	[RESULT 20] [0.01127523 0.0024507  0.01872593 0.005      0.0028     0.0078    ]
	[RESULT 21] [0.00934475 0.01407466 0.00472992 0.005      0.0016     0.0066    ]
