[METRICS]
	[DISEQUILIBRIUM COUNT] 0
	[MINIMUM S0 e1 S1 DISTANCE]0.007933333338036124
	[MINIMUM S0 e1 S2 DISTANCE]0.011084772133182264
	[MINIMUM S0 e1 S6 DISTANCE]0.003181103432757968
	[MINIMUM S3 e1 S1 DISTANCE]0.0008000000000000004
	[MINIMUM S3 e1 S4 DISTANCE]0.0
	[MINIMUM S3 e1 S5 DISTANCE]0.0008000000000000229
	[AVERAGE S0 e1 S1 DISTANCE]0.010422430785540539
	[AVERAGE S0 e1 S2 DISTANCE]0.016063374995459827
	[AVERAGE S0 e1 S6 DISTANCE]0.0057054876499307095
	[AVERAGE S3 e1 S1 DISTANCE]0.004266581632653085
	[AVERAGE S3 e1 S4 DISTANCE]0.0005009778911564633
	[AVERAGE S3 e1 S5 DISTANCE]0.004767559523809531
[VARIABLES]
	[RESULT 1] [70 9999.91617566572 10 1.9999999942110027]
	[RESULT 2] [85 9827.668416318524 10 1.999999999882263]
	[RESULT 3] [67 9999.996594081165 10 1.9999999998031206]
	[RESULT 4] [44 9965.198996496878 10 2.0]
	[RESULT 5] [76 9999.88632764949 10 1.9999999328243165]
	[RESULT 6] [82 9999.998967819627 10 1.9999999942378264]
	[RESULT 7] [60 9999.999956835245 10 2.0]
	[RESULT 8] [60 9999.999956835245 10 2.0]
	[RESULT 9] [56 9999.999943265728 10 1.9999999976014726]
	[RESULT 10] [65 9999.999964398377 10 1.999999999992167]
	[RESULT 11] [61 9999.999999671185 10 1.9999999989583932]
	[RESULT 12] [59 9999.999999716218 10 1.9999999998065068]
	[RESULT 13] [55 9999.999943479395 10 1.9999999976014726]
	[RESULT 14] [63 9999.999979903758 10 1.999999999873682]
	[RESULT 15] [64 9999.999999890017 10 2.0]
	[RESULT 16] [57 9999.999999913758 10 2.0]
	[RESULT 17] [57 9999.999999913758 10 2.0]
	[RESULT 18] [57 9999.999999913758 10 2.0]
	[RESULT 19] [51 9999.999946893513 10 1.9999999961635524]
	[RESULT 20] [40 9999.99994632426 10 1.9999999976816392]
	[RESULT 21] [35 9999.995809508435 10 1.999999998522902]
	[RESULT 22] [40 9999.99994632426 10 1.9999999976816392]
	[RESULT 23] [39 9999.99994632426 10 1.9999999834006237]
	[RESULT 24] [35 9999.998146095333 10 1.9999999813615426]
	[RESULT 25] [39 9999.99994632426 10 1.9999999834006237]
	[RESULT 26] [20 9999.999946890537 10 1.999999998260763]
	[RESULT 27] [29 9999.999561736955 10 1.999999944754134]
	[RESULT 28] [65 9999.99983612742 10 2.0]
	[RESULT 29] [62 9999.999998963245 10 1.9999999999096787]
	[RESULT 30] [59 9999.999999716218 10 1.9999999998065068]
	[RESULT 31] [55 9999.999943479395 10 1.9999999976014726]
	[RESULT 32] [42 9999.999998960695 10 1.999999999781672]
	[RESULT 33] [45 9999.999999434343 10 1.999999999999462]
	[RESULT 34] [40 9999.99994632426 10 1.9999999976816392]
	[RESULT 35] [35 9999.996268373608 10 1.9999999942949027]
	[RESULT 36] [40 9999.99994632426 10 1.9999999976816392]
	[RESULT 37] [18 9999.997739772001 10 1.9999994933115974]
	[RESULT 38] [22 9999.999787785684 10 1.9999999961144863]
	[RESULT 39] [45 9999.999999434343 10 1.999999999999462]
	[RESULT 40] [34 9999.999983401567 10 2.0]
	[RESULT 41] [43 9999.999655926653 10 1.999999995594499]
[OBJECTIVES]
	[RESULT 1] [0.00908333 0.01341444 0.00433111 0.005      0.002      0.007     ]
	[RESULT 2] [0.00833333 0.01191874 0.00358541 0.005      0.0035     0.0085    ]
	[RESULT 3] [0.00923333 0.01371444 0.0044811  0.005      0.0017     0.0067    ]
	[RESULT 4] [0.01038333 0.01601529 0.00563196 0.0044     0.         0.0044    ]
	[RESULT 5] [0.00878333 0.01281444 0.00403111 0.005      0.0026     0.0076    ]
	[RESULT 6] [0.00848333 0.01221444 0.0037311  0.005      0.0032     0.0082    ]
	[RESULT 7] [0.00958333 0.01441444 0.0048311  0.005      0.001      0.006     ]
	[RESULT 8] [0.00958333 0.01441444 0.0048311  0.005      0.001      0.006     ]
	[RESULT 9] [0.00978333 0.01481444 0.0050311  0.005      0.0006     0.0056    ]
	[RESULT 10] [0.00933333 0.01391444 0.0045811  0.005      0.0015     0.0065    ]
	[RESULT 11] [0.00953333 0.01431444 0.0047811  0.005      0.0011     0.0061    ]
	[RESULT 12] [0.00963333 0.01451444 0.0048811  0.005      0.0009     0.0059    ]
	[RESULT 13] [0.00983333 0.01491444 0.0050811  0.005      0.0005     0.0055    ]
	[RESULT 14] [0.00943333 0.01411444 0.0046811  0.005      0.0013     0.0063    ]
	[RESULT 15] [0.00938333 0.01401444 0.0046311  0.005      0.0014     0.0064    ]
	[RESULT 16] [0.00973333 0.01471444 0.0049811  0.005      0.0007     0.0057    ]
	[RESULT 17] [0.00973333 0.01471444 0.0049811  0.005      0.0007     0.0057    ]
	[RESULT 18] [0.00973333 0.01471444 0.0049811  0.005      0.0007     0.0057    ]
	[RESULT 19] [0.01003333 0.01531444 0.0052811  0.005      0.0001     0.0051    ]
	[RESULT 20] [0.01058333 0.01641444 0.0058311  0.004      0.         0.004     ]
	[RESULT 21] [0.01083333 0.01691444 0.0060811  0.0035     0.         0.0035    ]
	[RESULT 22] [0.01058333 0.01641444 0.0058311  0.004      0.         0.004     ]
	[RESULT 23] [0.01063333 0.01651444 0.0058811  0.0039     0.         0.0039    ]
	[RESULT 24] [0.01083333 0.01691444 0.0060811  0.0035     0.         0.0035    ]
	[RESULT 25] [0.01063333 0.01651444 0.0058811  0.0039     0.         0.0039    ]
	[RESULT 26] [0.01158333 0.01841444 0.0068311  0.002      0.         0.002     ]
	[RESULT 27] [0.01113333 0.01751444 0.0063811  0.0029     0.         0.0029    ]
	[RESULT 28] [0.00933333 0.01391444 0.0045811  0.005      0.0015     0.0065    ]
	[RESULT 29] [0.00948333 0.01421444 0.0047311  0.005      0.0012     0.0062    ]
	[RESULT 30] [0.00963333 0.01451444 0.0048811  0.005      0.0009     0.0059    ]
	[RESULT 31] [0.00983333 0.01491444 0.0050811  0.005      0.0005     0.0055    ]
	[RESULT 32] [0.01048333 0.01621444 0.0057311  0.0042     0.         0.0042    ]
	[RESULT 33] [0.01033333 0.01591444 0.0055811  0.0045     0.         0.0045    ]
	[RESULT 34] [0.01058333 0.01641444 0.0058311  0.004      0.         0.004     ]
	[RESULT 35] [0.01083333 0.01691444 0.0060811  0.0035     0.         0.0035    ]
	[RESULT 36] [0.01058333 0.01641444 0.0058311  0.004      0.         0.004     ]
	[RESULT 37] [0.01168333 0.01861444 0.0069311  0.0018     0.         0.0018    ]
	[RESULT 38] [0.01148333 0.01821444 0.0067311  0.0022     0.         0.0022    ]
	[RESULT 39] [0.01033333 0.01591444 0.0055811  0.0045     0.         0.0045    ]
	[RESULT 40] [0.01088333 0.01701444 0.0061311  0.0034     0.         0.0034    ]
	[RESULT 41] [0.01043333 0.01611444 0.0056811  0.0043     0.         0.0043    ]
