[METRICS]
	[DISEQUILIBRIUM COUNT] 803
	[MINIMUM S0 e1 S1 DISTANCE]0.0075833343444578856
	[MINIMUM S0 e1 S2 DISTANCE]-0.00911286447812365
	[MINIMUM S0 e1 S6 DISTANCE]0.0028315529777700535
	[MINIMUM S3 e1 S1 DISTANCE]9.99999999999994e-05
	[MINIMUM S3 e1 S4 DISTANCE]0.0
	[MINIMUM S3 e1 S5 DISTANCE]9.999999999998899e-05
	[AVERAGE S0 e1 S1 DISTANCE]0.012874692050858012
	[AVERAGE S0 e1 S2 DISTANCE]0.00742295741782591
	[AVERAGE S0 e1 S6 DISTANCE]0.010408516011050658
	[AVERAGE S3 e1 S1 DISTANCE]0.0025793792517006834
	[AVERAGE S3 e1 S4 DISTANCE]0.0006609693877550998
	[AVERAGE S3 e1 S5 DISTANCE]0.0032403486394557922
[VARIABLES]
	[RESULT 1] [1 10.000000004481956 1 0.10000275566052078]
	[RESULT 2] [1 10.000000004481956 1 0.10000275566052078]
	[RESULT 3] [1 10.000000008932975 1 0.10002349005241615]
	[RESULT 4] [1 10.000000008932975 1 0.10002349005241615]
	[RESULT 5] [1 10.000000004481956 1 0.10000275566052078]
	[RESULT 6] [1 10.000000052414288 1 0.10000892248915996]
	[RESULT 7] [1 10.000000008932975 1 0.10002349005241615]
	[RESULT 8] [1 10.000000045951678 1 0.10000327814474162]
	[RESULT 9] [1 10.000000045951678 1 0.10000327814474162]
	[RESULT 10] [9 10.000000008999868 1 0.10000384784374872]
	[RESULT 11] [10 10.00000000990646 1 0.10028943025229381]
	[RESULT 12] [1 10.000000017047588 2 0.10007371931314323]
	[RESULT 13] [32 10.000000243645223 1 0.10057049722566884]
	[RESULT 14] [9 10.000000321340645 1 0.10013664225632209]
	[RESULT 15] [22 10.001315482802468 4 0.18640484821604358]
	[RESULT 16] [1 10.001904478702857 8 0.4681684859001835]
	[RESULT 17] [22 10.000000033122213 1 0.1948093087768879]
	[RESULT 18] [1 10.001437326222776 7 1.0348668603502795]
	[RESULT 19] [1 10.000000001124665 1 0.10000239502785548]
	[RESULT 20] [1 10.000000001124665 1 0.10000239502785548]
	[RESULT 21] [1 10.000000001124665 1 0.10000239502785548]
	[RESULT 22] [33 10.000001766205042 7 0.9411375501884632]
	[RESULT 23] [1 10.000012133357961 7 1.0615893308377875]
	[RESULT 24] [32 10.001437326222776 7 1.0257911946565677]
	[RESULT 25] [5 10.001413112793864 10 1.9837600019920734]
	[RESULT 26] [75 9999.934627673152 10 1.999990701681878]
	[RESULT 27] [64 9999.934627673152 10 1.9999944848359603]
	[RESULT 28] [5 234.449562874692 10 1.9882701867494026]
	[RESULT 29] [23 9968.605346633694 10 1.9999596093964593]
	[RESULT 30] [3 10.000000061444874 1 0.10000623497856555]
	[RESULT 31] [3 10.000000061444874 1 0.10000623497856555]
	[RESULT 32] [9 10.000000008999868 1 0.10000383666649616]
	[RESULT 33] [3 10.000000008999868 1 0.10007174214062572]
	[RESULT 34] [3 10.000000061444874 1 0.10000623497856555]
	[RESULT 35] [13 10.00000041416326 1 0.10085100329397122]
	[RESULT 36] [17 10.000003107847997 1 0.1116584391851071]
	[RESULT 37] [1 10.001904478702857 8 0.4681684859001835]
	[RESULT 38] [9 10.000000008999868 1 0.10000383666649616]
	[RESULT 39] [1 10.000000378005918 4 0.17704779254895164]
	[RESULT 40] [9 10.000000008999868 1 0.10000384231604154]
	[RESULT 41] [4 10.000000061444874 10 0.1000613598754709]
	[RESULT 42] [1 10.000000378005918 4 0.3040117716971541]
	[RESULT 43] [1 10.000000051809367 1 0.10000544478927145]
	[RESULT 44] [1 10.000000051809367 1 0.10000544478927145]
	[RESULT 45] [1 10.000000051809367 1 0.10000544478927145]
	[RESULT 46] [1 10.000000051809367 1 0.10000544478927145]
	[RESULT 47] [1 10.000000051809367 1 0.10000544478927145]
	[RESULT 48] [1 10.000000051809367 1 0.10000544478927145]
[OBJECTIVES]
	[RESULT 1] [ 1.70564317e-02 -9.11286345e-03  1.29435683e-02  1.00000000e-04
  0.00000000e+00  1.00000000e-04]
	[RESULT 2] [ 1.70564317e-02 -9.11286345e-03  1.29435683e-02  1.00000000e-04
  0.00000000e+00  1.00000000e-04]
	[RESULT 3] [ 1.70564023e-02 -9.11280451e-03  1.29435977e-02  1.00000000e-04
  0.00000000e+00  1.00000000e-04]
	[RESULT 4] [ 1.70564023e-02 -9.11280451e-03  1.29435977e-02  1.00000000e-04
  0.00000000e+00  1.00000000e-04]
	[RESULT 5] [ 1.70564317e-02 -9.11286345e-03  1.29435683e-02  1.00000000e-04
  0.00000000e+00  1.00000000e-04]
	[RESULT 6] [ 1.70564230e-02 -9.11284591e-03  1.29435771e-02  1.00000000e-04
  0.00000000e+00  1.00000000e-04]
	[RESULT 7] [ 1.70564023e-02 -9.11280451e-03  1.29435977e-02  1.00000000e-04
  0.00000000e+00  1.00000000e-04]
	[RESULT 8] [ 1.70564310e-02 -9.11286196e-03  1.29435690e-02  1.00000000e-04
  0.00000000e+00  1.00000000e-04]
	[RESULT 9] [ 1.70564310e-02 -9.11286196e-03  1.29435690e-02  1.00000000e-04
  0.00000000e+00  1.00000000e-04]
	[RESULT 10] [ 0.01665643 -0.00831286  0.01334357  0.0009      0.          0.0009    ]
	[RESULT 11] [ 0.01660602 -0.00821205  0.01339398  0.001       0.          0.001     ]
	[RESULT 12] [ 1.70285531e-02 -9.05710616e-03  1.29714469e-02  1.00000000e-04
  0.00000000e+00  1.00000000e-04]
	[RESULT 13] [ 0.01550562 -0.00601125  0.01449438  0.0032      0.          0.0032    ]
	[RESULT 14] [ 0.01665624 -0.00831248  0.01334376  0.0009      0.          0.0009    ]
	[RESULT 15] [ 0.01577752 -0.0065547   0.01422281  0.0022      0.          0.0022    ]
	[RESULT 16] [ 1.59681824e-02 -6.93588860e-03  1.40322938e-02  1.00000000e-04
  0.00000000e+00  1.00000000e-04]
	[RESULT 17] [ 0.01587292 -0.00674585  0.01412708  0.0022      0.          0.0022    ]
	[RESULT 18] [ 1.54651676e-02 -5.92997588e-03  1.45351917e-02  1.00000000e-04
  0.00000000e+00  1.00000000e-04]
	[RESULT 19] [ 1.70564322e-02 -9.11286448e-03  1.29435678e-02  1.00000000e-04
  0.00000000e+00  1.00000000e-04]
	[RESULT 20] [ 1.70564322e-02 -9.11286448e-03  1.29435678e-02  1.00000000e-04
  0.00000000e+00  1.00000000e-04]
	[RESULT 21] [ 1.70564322e-02 -9.11286448e-03  1.29435678e-02  1.00000000e-04
  0.00000000e+00  1.00000000e-04]
	[RESULT 22] [ 0.01397774 -0.00295547  0.01602227  0.0033      0.          0.0033    ]
	[RESULT 23] [ 1.54334237e-02 -5.86684441e-03  1.45665793e-02  1.00000000e-04
  0.00000000e+00  1.00000000e-04]
	[RESULT 24] [ 0.01392598 -0.00285161  0.01607438  0.0032      0.          0.0032    ]
	[RESULT 25] [0.01234971 0.00030094 0.01765065 0.0005     0.         0.0005    ]
	[RESULT 26] [0.00883334 0.01291446 0.00408111 0.005      0.0025     0.0075    ]
	[RESULT 27] [0.00938334 0.01401445 0.00463111 0.005      0.0014     0.0064    ]
	[RESULT 28] [0.01234516 0.01760433 0.01505051 0.0005     0.         0.0005    ]
	[RESULT 29] [0.01143337 0.01811529 0.00668192 0.0023     0.         0.0023    ]
	[RESULT 30] [ 0.01695643 -0.00891285  0.01304357  0.0003      0.          0.0003    ]
	[RESULT 31] [ 0.01695643 -0.00891285  0.01304357  0.0003      0.          0.0003    ]
	[RESULT 32] [ 0.01665643 -0.00831286  0.01334357  0.0009      0.          0.0009    ]
	[RESULT 33] [ 0.01695633 -0.00891267  0.01304367  0.0003      0.          0.0003    ]
	[RESULT 34] [ 0.01695643 -0.00891285  0.01304357  0.0003      0.          0.0003    ]
	[RESULT 35] [ 0.01645523 -0.00791045  0.01354477  0.0013      0.          0.0013    ]
	[RESULT 36] [ 0.01623988 -0.00747977  0.01376012  0.0017      0.          0.0017    ]
	[RESULT 37] [ 1.59681824e-02 -6.93588860e-03  1.40322938e-02  1.00000000e-04
  0.00000000e+00  1.00000000e-04]
	[RESULT 38] [ 0.01665643 -0.00831286  0.01334357  0.0009      0.          0.0009    ]
	[RESULT 39] [ 1.68406039e-02 -8.68120777e-03  1.31593962e-02  1.00000000e-04
  0.00000000e+00  1.00000000e-04]
	[RESULT 40] [ 0.01665643 -0.00831286  0.01334357  0.0009      0.          0.0009    ]
	[RESULT 41] [ 0.01465635 -0.0043127   0.01534365  0.0004      0.          0.0004    ]
	[RESULT 42] [ 1.66650460e-02 -8.33009198e-03  1.33349541e-02  1.00000000e-04
  0.00000000e+00  1.00000000e-04]
	[RESULT 43] [ 1.70564279e-02 -9.11285580e-03  1.29435721e-02  1.00000000e-04
  0.00000000e+00  1.00000000e-04]
	[RESULT 44] [ 1.70564279e-02 -9.11285580e-03  1.29435721e-02  1.00000000e-04
  0.00000000e+00  1.00000000e-04]
	[RESULT 45] [ 1.70564279e-02 -9.11285580e-03  1.29435721e-02  1.00000000e-04
  0.00000000e+00  1.00000000e-04]
	[RESULT 46] [ 1.70564279e-02 -9.11285580e-03  1.29435721e-02  1.00000000e-04
  0.00000000e+00  1.00000000e-04]
	[RESULT 47] [ 1.70564279e-02 -9.11285580e-03  1.29435721e-02  1.00000000e-04
  0.00000000e+00  1.00000000e-04]
	[RESULT 48] [ 1.70564279e-02 -9.11285580e-03  1.29435721e-02  1.00000000e-04
  0.00000000e+00  1.00000000e-04]
