[METRICS]
	[DISEQUILIBRIUM COUNT] 0
	[MINIMUM S0 e1 S1 DISTANCE]0.00789693643599428
	[MINIMUM S0 e1 S2 DISTANCE]0.011416613364078287
	[MINIMUM S0 e1 S6 DISTANCE]0.003519676928084036
	[MINIMUM S3 e1 S1 DISTANCE]9.99999999999994e-05
	[MINIMUM S3 e1 S4 DISTANCE]0.0
	[MINIMUM S3 e1 S5 DISTANCE]9.999999999998899e-05
	[AVERAGE S0 e1 S1 DISTANCE]0.010976193604765738
	[AVERAGE S0 e1 S2 DISTANCE]0.01706601051963079
	[AVERAGE S0 e1 S6 DISTANCE]0.006344359152031341
	[AVERAGE S3 e1 S1 DISTANCE]0.0037732142857142856
	[AVERAGE S3 e1 S4 DISTANCE]0.0003925223214285713
	[AVERAGE S3 e1 S5 DISTANCE]0.004165736607142874
[VARIABLES]
	[RESULT 1] [70 9928.66210474755 10 1.9999946963923914]
	[RESULT 2] [86 9969.26353797193 10 1.9997547231400572]
	[RESULT 3] [39 9994.724768633074 10 1.9999961734581317]
	[RESULT 4] [39 9994.724768633074 10 1.9999961734581317]
	[RESULT 5] [70 9928.66210474755 10 1.9999946963923914]
	[RESULT 6] [83 9789.658776920578 10 1.9542205689411327]
	[RESULT 7] [39 9994.724768633074 10 1.9999961734581317]
	[RESULT 8] [61 9870.622822984058 10 1.9987642008971973]
	[RESULT 9] [58 9766.415311283643 10 1.9999842479764935]
	[RESULT 10] [63 9853.228372406977 10 1.9995541267901582]
	[RESULT 11] [63 9853.228372406977 10 1.9995541267901582]
	[RESULT 12] [39 9994.724768633074 10 1.9999961734581317]
	[RESULT 13] [58 9871.543696336172 10 1.9999754331662736]
	[RESULT 14] [40 9899.67151134746 10 1.999999327340994]
	[RESULT 15] [47 9871.988712393937 10 1.99997040431514]
	[RESULT 16] [39 9902.165649761993 10 1.9999994615828673]
	[RESULT 17] [39 9902.165649761993 10 1.9999994615828673]
	[RESULT 18] [39 9902.165649761993 10 1.9999994615828673]
	[RESULT 19] [61 9870.622822984058 10 1.9987642008971973]
	[RESULT 20] [39 9994.724768633074 10 1.9999961734581317]
	[RESULT 21] [38 9994.724768633074 10 1.9999961734581317]
	[RESULT 22] [53 9778.737324214206 10 1.9976870864887157]
	[RESULT 23] [39 9997.143629547134 10 1.99998460705105]
	[RESULT 24] [46 9710.873738094882 10 1.999997019906383]
	[RESULT 25] [35 9902.846697526482 10 1.9999985963049938]
	[RESULT 26] [33 9955.266229235589 10 1.9999984265751354]
	[RESULT 27] [29 9710.29185791934 10 1.999997019906383]
	[RESULT 28] [33 9955.266229235589 10 1.9999984265751354]
	[RESULT 29] [14 9611.824421793797 10 1.9998888754224846]
	[RESULT 30] [27 9778.43592069609 10 1.9975168304089348]
	[RESULT 31] [63 9935.785839983528 10 1.9988000062212081]
	[RESULT 32] [63 9935.785839983528 10 1.9988000062212081]
	[RESULT 33] [39 9994.724768633074 10 1.9999961734581317]
	[RESULT 34] [58 9977.228803030748 10 1.99997040431514]
	[RESULT 35] [47 9871.988712393937 10 1.99997040431514]
	[RESULT 36] [35 9950.537145668488 10 1.9999699339476036]
	[RESULT 37] [35 9950.537145668488 10 1.9999699339476036]
	[RESULT 38] [30 9937.902539859022 10 1.9999999005421114]
	[RESULT 39] [34 9777.938952565635 10 1.9994644675380946]
	[RESULT 40] [6 3711.5575740237696 10 0.24277618703086368]
	[RESULT 41] [14 9611.824421793797 10 1.9998888754224846]
	[RESULT 42] [39 9970.970086787916 10 1.9999989198247012]
	[RESULT 43] [39 9970.970086787916 10 1.9999989198247012]
	[RESULT 44] [39 9970.970086787916 10 1.9999989198247012]
	[RESULT 45] [34 9777.938952565635 10 1.9994644675380946]
	[RESULT 46] [30 9937.902539859022 10 1.9999999005421114]
	[RESULT 47] [39 9970.970086787916 10 1.9999989198247012]
[OBJECTIVES]
	[RESULT 1] [0.00908334 0.01341621 0.00433287 0.005      0.002      0.007     ]
	[RESULT 2] [0.00828358 0.01181569 0.00353211 0.005      0.0036     0.0086    ]
	[RESULT 3] [0.01063334 0.01651457 0.00588124 0.0039     0.         0.0039    ]
	[RESULT 4] [0.01063334 0.01651457 0.00588124 0.0039     0.         0.0039    ]
	[RESULT 5] [0.00908334 0.01341621 0.00433287 0.005      0.002      0.007     ]
	[RESULT 6] [0.00847961 0.01221226 0.00373265 0.005      0.0033     0.0083    ]
	[RESULT 7] [0.01063334 0.01651457 0.00588124 0.0039     0.         0.0039    ]
	[RESULT 8] [0.00953458 0.01432014 0.00478557 0.005      0.0011     0.0061    ]
	[RESULT 9] [0.00968335 0.01462034 0.00493699 0.005      0.0008     0.0058    ]
	[RESULT 10] [0.00943378 0.01411899 0.00468521 0.005      0.0013     0.0063    ]
	[RESULT 11] [0.00943378 0.01411899 0.00468521 0.005      0.0013     0.0063    ]
	[RESULT 12] [0.01063334 0.01651457 0.00588124 0.0039     0.         0.0039    ]
	[RESULT 13] [0.00968336 0.01461768 0.00493432 0.005      0.0008     0.0058    ]
	[RESULT 14] [0.01058333 0.01641693 0.00583359 0.004      0.         0.004     ]
	[RESULT 15] [0.01023336 0.01571768 0.00548432 0.0047     0.         0.0047    ]
	[RESULT 16] [0.01063333 0.01651686 0.00588353 0.0039     0.         0.0039    ]
	[RESULT 17] [0.01063333 0.01651686 0.00588353 0.0039     0.         0.0039    ]
	[RESULT 18] [0.01063333 0.01651686 0.00588353 0.0039     0.         0.0039    ]
	[RESULT 19] [0.00953458 0.01432014 0.00478557 0.005      0.0011     0.0061    ]
	[RESULT 20] [0.01063334 0.01651457 0.00588124 0.0039     0.         0.0039    ]
	[RESULT 21] [0.01068334 0.01661457 0.00593124 0.0038     0.         0.0038    ]
	[RESULT 22] [0.00993566 0.01512465 0.00518899 0.005      0.0003     0.0053    ]
	[RESULT 23] [0.01063335 0.01651454 0.00588119 0.0039     0.         0.0039    ]
	[RESULT 24] [0.01028334 0.01582175 0.00553842 0.0046     0.         0.0046    ]
	[RESULT 25] [0.01083333 0.01691685 0.00608351 0.0035     0.         0.0035    ]
	[RESULT 26] [0.01093333 0.01711554 0.00618221 0.0033     0.         0.0033    ]
	[RESULT 27] [0.01113334 0.01752177 0.00638843 0.0029     0.         0.0029    ]
	[RESULT 28] [0.01093333 0.01711554 0.00618221 0.0033     0.         0.0033    ]
	[RESULT 29] [0.01188345 0.01902457 0.00714113 0.0014     0.         0.0014    ]
	[RESULT 30] [0.01123583 0.017725   0.00648917 0.0027     0.         0.0027    ]
	[RESULT 31] [0.00943454 0.01411844 0.0046839  0.005      0.0013     0.0063    ]
	[RESULT 32] [0.00943454 0.01411844 0.0046839  0.005      0.0013     0.0063    ]
	[RESULT 33] [0.01063334 0.01651457 0.00588124 0.0039     0.         0.0039    ]
	[RESULT 34] [0.00968336 0.01461506 0.00493169 0.005      0.0008     0.0058    ]
	[RESULT 35] [0.01023336 0.01571768 0.00548432 0.0047     0.         0.0047    ]
	[RESULT 36] [0.01083336 0.01691572 0.00608235 0.0035     0.         0.0035    ]
	[RESULT 37] [0.01083336 0.01691572 0.00608235 0.0035     0.         0.0035    ]
	[RESULT 38] [0.01108333 0.01741597 0.00633264 0.003      0.         0.003     ]
	[RESULT 39] [0.01088387 0.01702109 0.00613722 0.0034     0.         0.0034    ]
	[RESULT 40] [0.01435632 0.02062974 0.01001394 0.0006     0.         0.0006    ]
	[RESULT 41] [0.01188345 0.01902457 0.00714113 0.0014     0.         0.0014    ]
	[RESULT 42] [0.01063333 0.01651515 0.00588182 0.0039     0.         0.0039    ]
	[RESULT 43] [0.01063333 0.01651515 0.00588182 0.0039     0.         0.0039    ]
	[RESULT 44] [0.01063333 0.01651515 0.00588182 0.0039     0.         0.0039    ]
	[RESULT 45] [0.01088387 0.01702109 0.00613722 0.0034     0.         0.0034    ]
	[RESULT 46] [0.01108333 0.01741597 0.00633264 0.003      0.         0.003     ]
	[RESULT 47] [0.01063333 0.01651515 0.00588182 0.0039     0.         0.0039    ]
