[METRICS]
	[DISEQUILIBRIUM COUNT] 0
	[MINIMUM S0 e1 S1 DISTANCE]0.007999187831071227
	[MINIMUM S0 e1 S2 DISTANCE]0.011392153520497494
	[MINIMUM S0 e1 S6 DISTANCE]0.0033929656894262435
	[MINIMUM S3 e1 S1 DISTANCE]9.99999999999994e-05
	[MINIMUM S3 e1 S4 DISTANCE]0.0
	[MINIMUM S3 e1 S5 DISTANCE]9.999999999998899e-05
	[AVERAGE S0 e1 S1 DISTANCE]0.010791733128683412
	[AVERAGE S0 e1 S2 DISTANCE]0.01667051074056023
	[AVERAGE S0 e1 S6 DISTANCE]0.0061053745895821585
	[AVERAGE S3 e1 S1 DISTANCE]0.004048437499999994
	[AVERAGE S3 e1 S4 DISTANCE]0.0006908482142857147
	[AVERAGE S3 e1 S5 DISTANCE]0.004739285714285722
[VARIABLES]
	[RESULT 1] [70 9999.09529867051 10 1.9999445804496936]
	[RESULT 2] [82 9738.189716984747 10 1.9999974415753923]
	[RESULT 3] [74 9845.439468169065 10 1.9999460003711014]
	[RESULT 4] [75 8358.07669960885 10 1.9965830691650837]
	[RESULT 5] [59 9874.57737517734 10 1.9998517824254194]
	[RESULT 6] [53 9988.315515041593 10 1.999024986285886]
	[RESULT 7] [63 9999.697781323213 10 1.9999774651790951]
	[RESULT 8] [63 9999.697781323213 10 1.9999774651790951]
	[RESULT 9] [38 9999.039803566096 10 1.9999996523855317]
	[RESULT 10] [61 9998.939251669974 10 1.9999952555897154]
	[RESULT 11] [39 9999.468095982667 10 1.9999966258268158]
	[RESULT 12] [53 9988.315515041593 10 1.999024986285886]
	[RESULT 13] [39 9999.468095982667 10 1.9999966258268158]
	[RESULT 14] [45 9999.868323887866 10 1.9999966846979436]
	[RESULT 15] [35 9999.617846052915 10 1.999978688644517]
	[RESULT 16] [35 9999.617846052915 10 1.999978688644517]
	[RESULT 17] [29 9999.009970927462 10 1.9999774651790951]
	[RESULT 18] [32 9529.280793319105 10 1.9999596958395025]
	[RESULT 19] [29 9996.082911764173 10 1.9999935411941518]
	[RESULT 20] [32 9529.280793319105 10 1.9999596958395025]
	[RESULT 21] [20 9350.553990259034 10 1.99701624827777]
	[RESULT 22] [25 9999.63163955802 10 1.9999935411941518]
	[RESULT 23] [63 9999.697781323213 10 1.9999774651790951]
	[RESULT 24] [40 9999.717836471858 10 1.9999886064918415]
	[RESULT 25] [58 9999.575394505455 10 1.9999966492273777]
	[RESULT 26] [41 9999.606178834018 10 1.9999981152006483]
	[RESULT 27] [46 9999.648424534393 10 1.9999969882607886]
	[RESULT 28] [37 9999.961700698208 10 1.9999805930736219]
	[RESULT 29] [34 9999.606178834018 10 1.9999966024633182]
	[RESULT 30] [29 9981.3867402712 10 1.9999999103130042]
	[RESULT 31] [34 9999.606178834018 10 1.9999966024633182]
	[RESULT 32] [1 4873.470179575164 4 1.6516934961875662]
	[RESULT 33] [19 9996.089579538686 10 1.9968202720746702]
	[RESULT 34] [35 9889.59032073009 10 1.999997454547148]
	[RESULT 35] [29 9981.3867402712 10 1.9999999103130042]
	[RESULT 36] [37 9999.961700698208 10 1.9999805930736219]
[OBJECTIVES]
	[RESULT 1] [0.00908339 0.01341457 0.00433118 0.005      0.002      0.007     ]
	[RESULT 2] [0.00848334 0.01222104 0.00373771 0.005      0.0032     0.0082    ]
	[RESULT 3] [0.00888339 0.0130184  0.00413501 0.005      0.0024     0.0074    ]
	[RESULT 4] [0.00883677 0.01296948 0.0041327  0.005      0.0025     0.0075    ]
	[RESULT 5] [0.00963348 0.01451785 0.00488437 0.005      0.0009     0.0059    ]
	[RESULT 6] [0.00993432 0.01511669 0.00518237 0.005      0.0003     0.0053    ]
	[RESULT 7] [0.00943336 0.01411449 0.00468113 0.005      0.0013     0.0063    ]
	[RESULT 8] [0.00943336 0.01411449 0.00468113 0.005      0.0013     0.0063    ]
	[RESULT 9] [0.01068333 0.01661446 0.00593113 0.0038     0.         0.0038    ]
	[RESULT 10] [0.00953334 0.01431447 0.00478113 0.005      0.0011     0.0061    ]
	[RESULT 11] [0.01063334 0.01651446 0.00588112 0.0039     0.         0.0039    ]
	[RESULT 12] [0.00993432 0.01511669 0.00518237 0.005      0.0003     0.0053    ]
	[RESULT 13] [0.01063334 0.01651446 0.00588112 0.0039     0.         0.0039    ]
	[RESULT 14] [0.01033334 0.01591445 0.00558111 0.0045     0.         0.0045    ]
	[RESULT 15] [0.01083335 0.01691449 0.00608113 0.0035     0.         0.0035    ]
	[RESULT 16] [0.01083335 0.01691449 0.00608113 0.0035     0.         0.0035    ]
	[RESULT 17] [0.01113336 0.01751451 0.00638115 0.0029     0.         0.0029    ]
	[RESULT 18] [0.01098337 0.01722664 0.00624327 0.0032     0.         0.0032    ]
	[RESULT 19] [0.01113334 0.01751455 0.00638121 0.0029     0.         0.0029    ]
	[RESULT 20] [0.01098337 0.01722664 0.00624327 0.0032     0.         0.0032    ]
	[RESULT 21] [0.01158634 0.01843749 0.00685115 0.002      0.         0.002     ]
	[RESULT 22] [0.01133334 0.01791446 0.00658112 0.0025     0.         0.0025    ]
	[RESULT 23] [0.00943336 0.01411449 0.00468113 0.005      0.0013     0.0063    ]
	[RESULT 24] [0.01058334 0.01641447 0.00583112 0.004      0.         0.004     ]
	[RESULT 25] [0.00968334 0.01461445 0.00493112 0.005      0.0008     0.0058    ]
	[RESULT 26] [0.01053334 0.01631445 0.00578111 0.0041     0.         0.0041    ]
	[RESULT 27] [0.01028334 0.01581445 0.00553112 0.0046     0.         0.0046    ]
	[RESULT 28] [0.01073335 0.01671448 0.00598112 0.0037     0.         0.0037    ]
	[RESULT 29] [0.01088334 0.01701445 0.00613112 0.0034     0.         0.0034    ]
	[RESULT 30] [0.01113333 0.01751489 0.00638156 0.0029     0.         0.0029    ]
	[RESULT 31] [0.01088334 0.01701445 0.00613112 0.0034     0.         0.0034    ]
	[RESULT 32] [1.50374001e-02 1.94215200e-02 1.05410799e-02 1.00000000e-04
 0.00000000e+00 1.00000000e-04]
	[RESULT 33] [0.01163654 0.01852094 0.0068844  0.0019     0.         0.0019    ]
	[RESULT 34] [0.01083334 0.01691718 0.00608385 0.0035     0.         0.0035    ]
	[RESULT 35] [0.01113333 0.01751489 0.00638156 0.0029     0.         0.0029    ]
	[RESULT 36] [0.01073335 0.01671448 0.00598112 0.0037     0.         0.0037    ]
