[METRICS]
	[DISEQUILIBRIUM COUNT] 594
	[MINIMUM S0 e1 S1 DISTANCE]0.010225592537071731
	[MINIMUM S0 e1 S2 DISTANCE]-0.009112871246847565
	[MINIMUM S0 e1 S6 DISTANCE]0.005563336785371388
	[MINIMUM S3 e1 S1 DISTANCE]9.99999999999994e-05
	[MINIMUM S3 e1 S4 DISTANCE]0.0
	[MINIMUM S3 e1 S5 DISTANCE]9.999999999998899e-05
	[AVERAGE S0 e1 S1 DISTANCE]0.01620826607044129
	[AVERAGE S0 e1 S2 DISTANCE]-0.0010469988203198931
	[AVERAGE S0 e1 S6 DISTANCE]0.014426191315439978
	[AVERAGE S3 e1 S1 DISTANCE]0.0010318080357142859
	[AVERAGE S3 e1 S4 DISTANCE]9.687500000000008e-05
	[AVERAGE S3 e1 S5 DISTANCE]0.0011286830357142836
[VARIABLES]
	[RESULT 1] [1 10.000000298768605 1 0.1000002960109535]
	[RESULT 2] [1 10.000000298768605 1 0.1000002960109535]
	[RESULT 3] [1 10.000000282964857 1 0.10000029437598179]
	[RESULT 4] [1 10.000000282964857 1 0.10000029437598179]
	[RESULT 5] [1 10.000000298768605 1 0.1000002960109535]
	[RESULT 6] [1 10.000000138881997 1 0.1000000019560239]
	[RESULT 7] [1 10.000000138881997 1 0.1000000019560239]
	[RESULT 8] [1 10.000000138881997 1 0.1000000019560239]
	[RESULT 9] [7 10.00000668055568 1 0.10000769227078785]
	[RESULT 10] [8 10.00002723100087 1 0.10000682664170531]
	[RESULT 11] [1 10.000002352500191 1 0.11264540671336823]
	[RESULT 12] [26 10.00000083511167 1 0.10016305880162774]
	[RESULT 13] [8 10.000000222199661 1 0.10000004552102904]
	[RESULT 14] [7 10.000002243500758 1 0.10000005308458913]
	[RESULT 15] [17 10.000005701631396 1 0.10000769227078785]
	[RESULT 16] [4 10.000099318122864 8 0.10546254018339342]
	[RESULT 17] [17 10.011362471913857 1 0.10001665740052432]
	[RESULT 18] [1 10.000040322121727 1 0.9436983018889454]
	[RESULT 19] [1 10.000000343945864 1 0.10000006496853091]
	[RESULT 20] [1 10.000000343945864 1 0.10000006496853091]
	[RESULT 21] [1 10.000000138881997 1 0.1000000019560239]
	[RESULT 22] [1 10.000000138881997 1 0.1000000019560239]
	[RESULT 23] [1 10.000000138881997 1 0.1000000019560239]
	[RESULT 24] [23 10.014167661579732 9 0.2879253935851338]
	[RESULT 25] [1 10.000025674367377 1 1.1946848639651226]
	[RESULT 26] [23 10.014167661579732 9 0.2879253935851338]
	[RESULT 27] [9 10.013972532341125 9 0.9461690055281038]
	[RESULT 28] [1 10.000000343945864 1 0.10000006496853091]
	[RESULT 29] [1 10.000000343945864 1 0.10000006496853091]
	[RESULT 30] [1 10.000000138881997 1 0.1000000019560239]
	[RESULT 31] [5 10.001766662730578 9 0.9424449942204678]
	[RESULT 32] [1 10.000000343945864 1 0.10000006496853091]
	[RESULT 33] [3 10.000000359668647 1 0.10000533636598603]
	[RESULT 34] [2 10.000036430939572 1 0.1000058526723278]
	[RESULT 35] [1 10.000000298768605 1 0.1000002960109535]
	[RESULT 36] [7 10.000002243500758 1 0.10000005308458913]
	[RESULT 37] [2 10.000036430939572 1 0.1000058526723278]
	[RESULT 38] [3 10.000002245920069 1 0.10000687323130086]
	[RESULT 39] [13 10.000081864623471 1 0.10008422980826127]
	[RESULT 40] [1 10.000000298768605 1 0.1000002960109535]
	[RESULT 41] [13 10.000000359668647 1 0.10000115473927708]
	[RESULT 42] [1 10.0003431864054 8 0.11011077634628672]
	[RESULT 43] [7 10.000068680902778 1 0.10000028231981326]
	[RESULT 44] [1 10.000009939882396 1 0.18281336780777863]
	[RESULT 45] [7 10.000002243500758 1 0.10000005308458913]
	[RESULT 46] [1 10.000025674367377 1 1.1946848639651226]
	[RESULT 47] [1 10.000061711815064 1 0.25643036037236555]
	[RESULT 48] [1 10.000000138881997 1 0.10000009387993081]
	[RESULT 49] [1 10.000000138881997 1 0.10000009387993081]
	[RESULT 50] [1 10.000000138881997 1 0.10000009387993081]
	[RESULT 51] [1 10.000000138881997 1 0.10000009387993081]
	[RESULT 52] [1 10.000000138881997 1 0.10000009387993081]
	[RESULT 53] [1 10.000000138881997 1 0.10000009387993081]
[OBJECTIVES]
	[RESULT 1] [ 1.70564352e-02 -9.11287037e-03  1.29435649e-02  1.00000000e-04
  0.00000000e+00  1.00000000e-04]
	[RESULT 2] [ 1.70564352e-02 -9.11287037e-03  1.29435649e-02  1.00000000e-04
  0.00000000e+00  1.00000000e-04]
	[RESULT 3] [ 1.70564352e-02 -9.11287038e-03  1.29435648e-02  1.00000000e-04
  0.00000000e+00  1.00000000e-04]
	[RESULT 4] [ 1.70564352e-02 -9.11287038e-03  1.29435648e-02  1.00000000e-04
  0.00000000e+00  1.00000000e-04]
	[RESULT 5] [ 1.70564352e-02 -9.11287037e-03  1.29435649e-02  1.00000000e-04
  0.00000000e+00  1.00000000e-04]
	[RESULT 6] [ 1.70564356e-02 -9.11287125e-03  1.29435644e-02  1.00000000e-04
  0.00000000e+00  1.00000000e-04]
	[RESULT 7] [ 1.70564356e-02 -9.11287125e-03  1.29435644e-02  1.00000000e-04
  0.00000000e+00  1.00000000e-04]
	[RESULT 8] [ 1.70564356e-02 -9.11287125e-03  1.29435644e-02  1.00000000e-04
  0.00000000e+00  1.00000000e-04]
	[RESULT 9] [ 0.01675642 -0.00851285  0.01324358  0.0007      0.          0.0007    ]
	[RESULT 10] [ 0.01670643 -0.00841285  0.01329358  0.0008      0.          0.0008    ]
	[RESULT 11] [ 1.70384836e-02 -9.07696655e-03  1.29615170e-02  1.00000000e-04
  0.00000000e+00  1.00000000e-04]
	[RESULT 12] [ 0.0158062  -0.00661241  0.0141938   0.0026      0.          0.0026    ]
	[RESULT 13] [ 0.01670644 -0.00841287  0.01329356  0.0008      0.          0.0008    ]
	[RESULT 14] [ 0.01675644 -0.00851287  0.01324356  0.0007      0.          0.0007    ]
	[RESULT 15] [ 0.01625642 -0.00751285  0.01374358  0.0017      0.          0.0017    ]
	[RESULT 16] [ 0.01631534 -0.00763066  0.01368468  0.0004      0.          0.0004    ]
	[RESULT 17] [ 0.01625641 -0.00750998  0.01374643  0.0017      0.          0.0017    ]
	[RESULT 18] [ 1.59496343e-02 -6.89925845e-03  1.40503758e-02  1.00000000e-04
  0.00000000e+00  1.00000000e-04]
	[RESULT 19] [ 1.70564356e-02 -9.11287102e-03  1.29435645e-02  1.00000000e-04
  0.00000000e+00  1.00000000e-04]
	[RESULT 20] [ 1.70564356e-02 -9.11287102e-03  1.29435645e-02  1.00000000e-04
  0.00000000e+00  1.00000000e-04]
	[RESULT 21] [ 1.70564356e-02 -9.11287125e-03  1.29435644e-02  1.00000000e-04
  0.00000000e+00  1.00000000e-04]
	[RESULT 22] [ 1.70564356e-02 -9.11287125e-03  1.29435644e-02  1.00000000e-04
  0.00000000e+00  1.00000000e-04]
	[RESULT 23] [ 1.70564356e-02 -9.11287125e-03  1.29435644e-02  1.00000000e-04
  0.00000000e+00  1.00000000e-04]
	[RESULT 24] [ 0.01469419 -0.00438484  0.01530935  0.0023      0.          0.0023    ]
	[RESULT 25] [ 1.56525754e-02 -6.30514442e-03  1.43474310e-02  1.00000000e-04
  0.00000000e+00  1.00000000e-04]
	[RESULT 26] [ 0.01469419 -0.00438484  0.01530935  0.0023      0.          0.0023    ]
	[RESULT 27] [ 0.01454664 -0.00408979  0.01545685  0.0009      0.          0.0009    ]
	[RESULT 28] [ 1.70564356e-02 -9.11287102e-03  1.29435645e-02  1.00000000e-04
  0.00000000e+00  1.00000000e-04]
	[RESULT 29] [ 1.70564356e-02 -9.11287102e-03  1.29435645e-02  1.00000000e-04
  0.00000000e+00  1.00000000e-04]
	[RESULT 30] [ 1.70564356e-02 -9.11287125e-03  1.29435644e-02  1.00000000e-04
  0.00000000e+00  1.00000000e-04]
	[RESULT 31] [ 0.01475115 -0.00450186  0.01524929  0.0005      0.          0.0005    ]
	[RESULT 32] [ 1.70564356e-02 -9.11287102e-03  1.29435645e-02  1.00000000e-04
  0.00000000e+00  1.00000000e-04]
	[RESULT 33] [ 0.01695643 -0.00891286  0.01304357  0.0003      0.          0.0003    ]
	[RESULT 34] [ 0.01700643 -0.00901285  0.01299358  0.0002      0.          0.0002    ]
	[RESULT 35] [ 1.70564352e-02 -9.11287037e-03  1.29435649e-02  1.00000000e-04
  0.00000000e+00  1.00000000e-04]
	[RESULT 36] [ 0.01675644 -0.00851287  0.01324356  0.0007      0.          0.0007    ]
	[RESULT 37] [ 0.01700643 -0.00901285  0.01299358  0.0002      0.          0.0002    ]
	[RESULT 38] [ 0.01695643 -0.00891285  0.01304357  0.0003      0.          0.0003    ]
	[RESULT 39] [ 0.01645632 -0.00791261  0.0135437   0.0013      0.          0.0013    ]
	[RESULT 40] [ 1.70564352e-02 -9.11287037e-03  1.29435649e-02  1.00000000e-04
  0.00000000e+00  1.00000000e-04]
	[RESULT 41] [ 0.01645643 -0.00791287  0.01354357  0.0013      0.          0.0013    ]
	[RESULT 42] [ 1.64587449e-02 -7.91740406e-03  1.35413409e-02  1.00000000e-04
  0.00000000e+00  1.00000000e-04]
	[RESULT 43] [ 0.01675644 -0.00851285  0.01324358  0.0007      0.          0.0007    ]
	[RESULT 44] [ 1.69396796e-02 -8.87935676e-03  1.30603229e-02  1.00000000e-04
  0.00000000e+00  1.00000000e-04]
	[RESULT 45] [ 0.01675644 -0.00851287  0.01324356  0.0007      0.          0.0007    ]
	[RESULT 46] [ 1.56525754e-02 -6.30514442e-03  1.43474310e-02  1.00000000e-04
  0.00000000e+00  1.00000000e-04]
	[RESULT 47] [ 1.68374723e-02 -8.67492915e-03  1.31625431e-02  1.00000000e-04
  0.00000000e+00  1.00000000e-04]
	[RESULT 48] [ 1.70564355e-02 -9.11287099e-03  1.29435645e-02  1.00000000e-04
  0.00000000e+00  1.00000000e-04]
	[RESULT 49] [ 1.70564355e-02 -9.11287099e-03  1.29435645e-02  1.00000000e-04
  0.00000000e+00  1.00000000e-04]
	[RESULT 50] [ 1.70564355e-02 -9.11287099e-03  1.29435645e-02  1.00000000e-04
  0.00000000e+00  1.00000000e-04]
	[RESULT 51] [ 1.70564355e-02 -9.11287099e-03  1.29435645e-02  1.00000000e-04
  0.00000000e+00  1.00000000e-04]
	[RESULT 52] [ 1.70564355e-02 -9.11287099e-03  1.29435645e-02  1.00000000e-04
  0.00000000e+00  1.00000000e-04]
	[RESULT 53] [ 1.70564355e-02 -9.11287099e-03  1.29435645e-02  1.00000000e-04
  0.00000000e+00  1.00000000e-04]
