[METRICS]
	[DISEQUILIBRIUM COUNT] 0
	[MINIMUM S0 e1 S1 DISTANCE]0.00763334857286322
	[MINIMUM S0 e1 S2 DISTANCE]0.009355349253034162
	[MINIMUM S0 e1 S6 DISTANCE]0.0028811509072527992
	[MINIMUM S3 e1 S1 DISTANCE]9.99999999999994e-05
	[MINIMUM S3 e1 S4 DISTANCE]0.0
	[MINIMUM S3 e1 S5 DISTANCE]9.999999999998899e-05
	[AVERAGE S0 e1 S1 DISTANCE]0.01019085760903567
	[AVERAGE S0 e1 S2 DISTANCE]0.015365177982704417
	[AVERAGE S0 e1 S6 DISTANCE]0.00547763980328386
	[AVERAGE S3 e1 S1 DISTANCE]0.004420535714285713
	[AVERAGE S3 e1 S4 DISTANCE]0.001055272108843536
	[AVERAGE S3 e1 S5 DISTANCE]0.005475807823129263
[VARIABLES]
	[RESULT 1] [79 9877.133067530523 10 1.9999980421465942]
	[RESULT 2] [99 9997.176779570784 10 1.9770334615910918]
	[RESULT 3] [75 9999.999658851575 10 1.9999999962068504]
	[RESULT 4] [57 9999.99999872785 10 1.9999999999912341]
	[RESULT 5] [82 9999.998996006778 10 1.9999980698561235]
	[RESULT 6] [93 9999.999981927482 10 1.9999980698561235]
	[RESULT 7] [65 9999.999984135984 10 1.9999999999810074]
	[RESULT 8] [68 9999.99133567761 10 1.9999999401669255]
	[RESULT 9] [71 9999.999990676894 10 2.0]
	[RESULT 10] [66 9999.999848502654 10 1.9999999998955529]
	[RESULT 11] [63 9999.973499824686 10 1.9999999999375047]
	[RESULT 12] [58 9999.999884827263 10 1.9999999999999654]
	[RESULT 13] [69 9999.999995258786 10 1.9999999999495037]
	[RESULT 14] [71 9999.999990676894 10 2.0]
	[RESULT 15] [62 9999.999992904888 10 1.9999999999477305]
	[RESULT 16] [60 9999.999993806516 10 1.9999999999912341]
	[RESULT 17] [41 9999.999903829656 10 1.9999999999986895]
	[RESULT 18] [35 9999.999765831086 10 2.0]
	[RESULT 19] [41 9999.999932274253 10 1.9999999999424118]
	[RESULT 20] [35 9999.999765831086 10 2.0]
	[RESULT 21] [37 9999.999905663764 10 1.9999999999986895]
	[RESULT 22] [32 9999.999721418893 10 1.9999998945243014]
	[RESULT 23] [17 9999.973089254776 10 1.9999998901708267]
	[RESULT 24] [26 9999.995626880856 10 1.9999618243291393]
	[RESULT 25] [72 9999.999848201054 10 1.9999999999837428]
	[RESULT 26] [66 9999.999848502654 10 1.9999999998955529]
	[RESULT 27] [63 9999.973499824686 10 1.9999999999375047]
	[RESULT 28] [58 9999.999884827263 10 1.9999999999999654]
	[RESULT 29] [60 9999.999993806516 10 1.9999999999912341]
	[RESULT 30] [54 9999.999948580145 10 1.999999999999995]
	[RESULT 31] [59 9999.999939966327 10 1.9999999999483746]
	[RESULT 32] [41 9999.999903829656 10 1.9999999999986895]
	[RESULT 33] [5 8190.768812449093 7 0.48902825435216724]
	[RESULT 34] [17 9999.973089254776 10 1.9999998901708267]
	[RESULT 35] [60 9999.999971618423 10 1.99999999999998]
	[RESULT 36] [60 9999.99990254825 10 1.9999999999999962]
	[RESULT 37] [59 9999.999939966327 10 1.9999999999483746]
	[RESULT 38] [34 9999.970573220562 10 1.999989152571756]
	[RESULT 39] [60 9999.99990254825 10 1.9999999999999962]
[OBJECTIVES]
	[RESULT 1] [0.00863334 0.01251749 0.00388416 0.005      0.0029     0.0079    ]
	[RESULT 2] [0.0076565  0.01056085 0.00290434 0.005      0.0049     0.0099    ]
	[RESULT 3] [0.00883333 0.01291444 0.0040811  0.005      0.0025     0.0075    ]
	[RESULT 4] [0.00973333 0.01471444 0.0049811  0.005      0.0007     0.0057    ]
	[RESULT 5] [0.00848334 0.01221444 0.00373111 0.005      0.0032     0.0082    ]
	[RESULT 6] [0.00793334 0.01111444 0.00318111 0.005      0.0043     0.0093    ]
	[RESULT 7] [0.00933333 0.01391444 0.0045811  0.005      0.0015     0.0065    ]
	[RESULT 8] [0.00918333 0.01361444 0.0044311  0.005      0.0018     0.0068    ]
	[RESULT 9] [0.00903333 0.01331444 0.0042811  0.005      0.0021     0.0071    ]
	[RESULT 10] [0.00928333 0.01381444 0.0045311  0.005      0.0016     0.0066    ]
	[RESULT 11] [0.00943333 0.01411444 0.0046811  0.005      0.0013     0.0063    ]
	[RESULT 12] [0.00968333 0.01461444 0.0049311  0.005      0.0008     0.0058    ]
	[RESULT 13] [0.00913333 0.01351444 0.0043811  0.005      0.0019     0.0069    ]
	[RESULT 14] [0.00903333 0.01331444 0.0042811  0.005      0.0021     0.0071    ]
	[RESULT 15] [0.00948333 0.01421444 0.0047311  0.005      0.0012     0.0062    ]
	[RESULT 16] [0.00958333 0.01441444 0.0048311  0.005      0.001      0.006     ]
	[RESULT 17] [0.01053333 0.01631444 0.0057811  0.0041     0.         0.0041    ]
	[RESULT 18] [0.01083333 0.01691444 0.0060811  0.0035     0.         0.0035    ]
	[RESULT 19] [0.01053333 0.01631444 0.0057811  0.0041     0.         0.0041    ]
	[RESULT 20] [0.01083333 0.01691444 0.0060811  0.0035     0.         0.0035    ]
	[RESULT 21] [0.01073333 0.01671444 0.0059811  0.0037     0.         0.0037    ]
	[RESULT 22] [0.01098333 0.01721444 0.0062311  0.0032     0.         0.0032    ]
	[RESULT 23] [0.01173333 0.01871444 0.0069811  0.0017     0.         0.0017    ]
	[RESULT 24] [0.01128337 0.01781451 0.00653114 0.0026     0.         0.0026    ]
	[RESULT 25] [0.00898333 0.01321444 0.0042311  0.005      0.0022     0.0072    ]
	[RESULT 26] [0.00928333 0.01381444 0.0045311  0.005      0.0016     0.0066    ]
	[RESULT 27] [0.00943333 0.01411444 0.0046811  0.005      0.0013     0.0063    ]
	[RESULT 28] [0.00968333 0.01461444 0.0049311  0.005      0.0008     0.0058    ]
	[RESULT 29] [0.00958333 0.01441444 0.0048311  0.005      0.001      0.006     ]
	[RESULT 30] [0.00988333 0.01501444 0.0051311  0.005      0.0004     0.0054    ]
	[RESULT 31] [0.00963333 0.01451444 0.0048811  0.005      0.0009     0.0059    ]
	[RESULT 32] [0.01053333 0.01631444 0.0057811  0.0041     0.         0.0041    ]
	[RESULT 33] [0.01594897 0.01780016 0.01125087 0.0005     0.         0.0005    ]
	[RESULT 34] [0.01173333 0.01871444 0.0069811  0.0017     0.         0.0017    ]
	[RESULT 35] [0.00958333 0.01441444 0.0048311  0.005      0.001      0.006     ]
	[RESULT 36] [0.00958333 0.01441444 0.0048311  0.005      0.001      0.006     ]
	[RESULT 37] [0.00963333 0.01451444 0.0048811  0.005      0.0009     0.0059    ]
	[RESULT 38] [0.01088334 0.01701446 0.00613112 0.0034     0.         0.0034    ]
	[RESULT 39] [0.00958333 0.01441444 0.0048311  0.005      0.001      0.006     ]
