[METRICS]
	[DISEQUILIBRIUM COUNT] 0
	[MINIMUM S0 e1 S1 DISTANCE]0.009133347873366773
	[MINIMUM S0 e1 S2 DISTANCE]0.013516000194984334
	[MINIMUM S0 e1 S6 DISTANCE]0.0043826523216175545
	[MINIMUM S3 e1 S1 DISTANCE]9.99999999999994e-05
	[MINIMUM S3 e1 S4 DISTANCE]0.0
	[MINIMUM S3 e1 S5 DISTANCE]9.999999999998899e-05
	[AVERAGE S0 e1 S1 DISTANCE]0.011450400364533616
	[AVERAGE S0 e1 S2 DISTANCE]0.017873981462094575
	[AVERAGE S0 e1 S6 DISTANCE]0.006794807362338054
	[AVERAGE S3 e1 S1 DISTANCE]0.0032003348214285675
	[AVERAGE S3 e1 S4 DISTANCE]0.0001747767857142858
	[AVERAGE S3 e1 S5 DISTANCE]0.003375111607142869
[VARIABLES]
	[RESULT 1] [38 9999.255666582101 10 1.9999665638859387]
	[RESULT 2] [36 9999.916985106896 10 1.9999982407849346]
	[RESULT 3] [30 9983.231191752262 10 1.999999949209469]
	[RESULT 4] [64 9983.777290468794 10 1.9998709804828627]
	[RESULT 5] [66 9706.866841816023 10 1.9867007335845959]
	[RESULT 6] [52 9858.923320457076 10 1.9999985918716705]
	[RESULT 7] [35 9998.423300091343 10 1.9999992022640687]
	[RESULT 8] [37 9945.182378054707 10 1.9999996524742016]
	[RESULT 9] [36 9999.916985106896 10 1.9999982407849346]
	[RESULT 10] [30 9999.816394831694 10 1.9999999300351385]
	[RESULT 11] [41 9974.01811694894 10 1.9998938470532557]
	[RESULT 12] [36 9998.698673386367 10 1.9999997387500739]
	[RESULT 13] [30 9999.816394831694 10 1.9999999300351385]
	[RESULT 14] [29 9999.825635831385 10 1.9999998425151726]
	[RESULT 15] [30 9999.816394831694 10 1.9999999300351385]
	[RESULT 16] [29 9999.825635831385 10 1.9999998425151726]
	[RESULT 17] [35 9999.86019267717 10 1.9999891338782698]
	[RESULT 18] [41 9974.01811694894 10 1.9998938470532557]
	[RESULT 19] [35 9998.423300091343 10 1.9999992022640687]
	[RESULT 20] [26 9999.860945989223 10 1.9999891338782698]
	[RESULT 21] [22 9999.905461712862 10 1.9999997088615165]
	[RESULT 22] [24 9929.355321008248 10 1.9999997347737515]
	[RESULT 23] [22 9875.275631255034 10 1.9999997620107839]
	[RESULT 24] [25 9999.861200135922 10 1.9999999855974964]
	[RESULT 25] [13 9947.003352552167 10 1.9999995773182948]
	[RESULT 26] [19 9807.425316952955 10 1.9999997620107839]
	[RESULT 27] [32 9999.916985106896 10 1.9999985918716705]
	[RESULT 28] [42 9986.912928058357 10 1.9999994468608613]
	[RESULT 29] [32 9999.916985106896 10 1.9999985918716705]
	[RESULT 30] [36 9998.698673386367 10 1.9999997387500739]
	[RESULT 31] [23 9991.2290382108 10 1.999999760626762]
	[RESULT 32] [26 9998.38367682439 10 1.9999999910886144]
	[RESULT 33] [4 5441.907109631523 7 1.2098290872700008]
	[RESULT 34] [13 9947.003352552167 10 1.9999995773182948]
	[RESULT 35] [29 9999.768072498326 10 1.9999999738680765]
	[RESULT 36] [31 9999.865026682972 10 1.9999995028059367]
	[RESULT 37] [27 9999.994263521787 10 1.9999995106781299]
	[RESULT 38] [22 9875.275631255034 10 1.9999997620107839]
	[RESULT 39] [29 9999.768072498326 10 1.9999999738680765]
[OBJECTIVES]
	[RESULT 1] [0.01068337 0.01661452 0.00593116 0.0038     0.         0.0038    ]
	[RESULT 2] [0.01078334 0.01681444 0.00603111 0.0036     0.         0.0036    ]
	[RESULT 3] [0.01108333 0.01741485 0.00633152 0.003      0.         0.003     ]
	[RESULT 4] [0.00938346 0.0140151  0.00463163 0.005      0.0014     0.0064    ]
	[RESULT 5] [0.00929674 0.01384866 0.00455192 0.005      0.0016     0.0066    ]
	[RESULT 6] [0.00998333 0.01521795 0.00523462 0.005      0.0002     0.0052    ]
	[RESULT 7] [0.01083333 0.01691448 0.00608114 0.0035     0.         0.0035    ]
	[RESULT 8] [0.01073333 0.01671579 0.00598246 0.0037     0.         0.0037    ]
	[RESULT 9] [0.01078334 0.01681444 0.00603111 0.0036     0.         0.0036    ]
	[RESULT 10] [0.01108333 0.01741444 0.00633111 0.003      0.         0.003     ]
	[RESULT 11] [0.01053344 0.01631529 0.00578185 0.0041     0.         0.0041    ]
	[RESULT 12] [0.01078333 0.01681447 0.00603114 0.0036     0.         0.0036    ]
	[RESULT 13] [0.01108333 0.01741444 0.00633111 0.003      0.         0.003     ]
	[RESULT 14] [0.01113333 0.01751444 0.00638111 0.0029     0.         0.0029    ]
	[RESULT 15] [0.01108333 0.01741444 0.00633111 0.003      0.         0.003     ]
	[RESULT 16] [0.01113333 0.01751444 0.00638111 0.0029     0.         0.0029    ]
	[RESULT 17] [0.01083334 0.01691446 0.00608112 0.0035     0.         0.0035    ]
	[RESULT 18] [0.01053344 0.01631529 0.00578185 0.0041     0.         0.0041    ]
	[RESULT 19] [0.01083333 0.01691448 0.00608114 0.0035     0.         0.0035    ]
	[RESULT 20] [0.01128334 0.01781446 0.00653112 0.0026     0.         0.0026    ]
	[RESULT 21] [0.01148333 0.01821444 0.00673111 0.0022     0.         0.0022    ]
	[RESULT 22] [0.01138333 0.01801618 0.00663285 0.0024     0.         0.0024    ]
	[RESULT 23] [0.01148333 0.01821754 0.0067342  0.0022     0.         0.0022    ]
	[RESULT 24] [0.01133333 0.01791444 0.00658111 0.0025     0.         0.0025    ]
	[RESULT 25] [0.01193333 0.01911575 0.00718241 0.0013     0.         0.0013    ]
	[RESULT 26] [0.01163333 0.01851926 0.00688592 0.0019     0.         0.0019    ]
	[RESULT 27] [0.01098333 0.01721444 0.00623111 0.0032     0.         0.0032    ]
	[RESULT 28] [0.01048333 0.01621476 0.00573143 0.0042     0.         0.0042    ]
	[RESULT 29] [0.01098333 0.01721444 0.00623111 0.0032     0.         0.0032    ]
	[RESULT 30] [0.01078333 0.01681447 0.00603114 0.0036     0.         0.0036    ]
	[RESULT 31] [0.01143333 0.01811465 0.00668132 0.0023     0.         0.0023    ]
	[RESULT 32] [0.01128333 0.01781448 0.00653114 0.0026     0.         0.0026    ]
	[RESULT 33] [0.01511008 0.01932792 0.010562   0.0004     0.         0.0004    ]
	[RESULT 34] [0.01193333 0.01911575 0.00718241 0.0013     0.         0.0013    ]
	[RESULT 35] [0.01113333 0.01751444 0.00638111 0.0029     0.         0.0029    ]
	[RESULT 36] [0.01103333 0.01731444 0.00628111 0.0031     0.         0.0031    ]
	[RESULT 37] [0.01123333 0.01771444 0.0064811  0.0027     0.         0.0027    ]
	[RESULT 38] [0.01148333 0.01821754 0.0067342  0.0022     0.         0.0022    ]
	[RESULT 39] [0.01113333 0.01751444 0.00638111 0.0029     0.         0.0029    ]
