[METRICS]
	[DISEQUILIBRIUM COUNT] 0
	[MINIMUM S0 e1 S1 DISTANCE]0.00851969540427104
	[MINIMUM S0 e1 S2 DISTANCE]0.012326126175051688
	[MINIMUM S0 e1 S6 DISTANCE]0.003792792830164681
	[MINIMUM S3 e1 S1 DISTANCE]9.99999999999994e-05
	[MINIMUM S3 e1 S4 DISTANCE]0.0
	[MINIMUM S3 e1 S5 DISTANCE]9.999999999998899e-05
	[AVERAGE S0 e1 S1 DISTANCE]0.010970815723941518
	[AVERAGE S0 e1 S2 DISTANCE]0.017171418223979492
	[AVERAGE S0 e1 S6 DISTANCE]0.0062610416964193425
	[AVERAGE S3 e1 S1 DISTANCE]0.0034934948979591846
	[AVERAGE S3 e1 S4 DISTANCE]0.0001457908163265305
	[AVERAGE S3 e1 S5 DISTANCE]0.00363928571428573
[VARIABLES]
	[RESULT 1] [62 9999.99997535255 10 1.9999999998987235]
	[RESULT 2] [73 9999.999700149303 10 1.999999988526047]
	[RESULT 3] [68 9999.999960590578 10 1.9999999994940363]
	[RESULT 4] [74 9999.99970061075 10 1.9999999886017596]
	[RESULT 5] [56 9999.996950525978 10 1.9999999997239057]
	[RESULT 6] [43 9999.999996358267 10 1.9999999997540112]
	[RESULT 7] [36 9999.99999936267 10 1.9999999999995994]
	[RESULT 8] [36 9999.99999936267 10 1.9999999999995994]
	[RESULT 9] [47 9814.15339555299 10 1.9999999997794524]
	[RESULT 10] [40 9999.999997314933 10 1.9999999999999696]
	[RESULT 11] [30 9999.999998677624 10 2.0]
	[RESULT 12] [30 9999.999998677624 10 2.0]
	[RESULT 13] [28 9999.999991581028 10 1.9999999995728592]
	[RESULT 14] [24 9999.99999772927 10 1.9999999999760598]
	[RESULT 15] [28 9999.999997726196 10 1.999999999429736]
	[RESULT 16] [14 9999.990388321867 10 1.9999999999827247]
	[RESULT 17] [19 9999.823971993917 10 1.9999999993339435]
	[RESULT 18] [36 9999.99999936267 10 1.9999999999995994]
	[RESULT 19] [53 9999.99998612489 10 1.9999999992653053]
	[RESULT 20] [36 9999.999997323306 10 1.999999999999772]
	[RESULT 21] [41 9999.999997277258 10 1.9999999999478988]
	[RESULT 22] [35 9999.999998677624 10 2.0]
	[RESULT 23] [32 9999.999999263604 10 2.0]
	[RESULT 24] [35 9999.999998677624 10 2.0]
	[RESULT 25] [31 9999.999997343944 10 1.9999999999606668]
	[RESULT 26] [30 9999.999999230127 10 1.9999999999916727]
	[RESULT 27] [26 9999.999999259106 10 2.0]
	[RESULT 28] [30 9999.999999230127 10 1.9999999999916727]
	[RESULT 29] [11 9999.999998685114 10 1.9999999999185247]
	[RESULT 30] [13 9999.999065529362 10 1.999999998875482]
	[RESULT 31] [34 9999.999999480477 10 2.0]
	[RESULT 32] [33 9999.999999263604 10 2.0]
	[RESULT 33] [34 9999.999999480477 10 2.0]
	[RESULT 34] [30 9999.999998677624 10 2.0]
	[RESULT 35] [33 9999.999999263604 10 2.0]
[OBJECTIVES]
	[RESULT 1] [0.00948333 0.01421444 0.0047311  0.005      0.0012     0.0062    ]
	[RESULT 2] [0.00893333 0.01311444 0.0041811  0.005      0.0023     0.0073    ]
	[RESULT 3] [0.00918333 0.01361444 0.0044311  0.005      0.0018     0.0068    ]
	[RESULT 4] [0.00888333 0.01301444 0.0041311  0.005      0.0024     0.0074    ]
	[RESULT 5] [0.00978333 0.01481444 0.0050311  0.005      0.0006     0.0056    ]
	[RESULT 6] [0.01043333 0.01611444 0.0056811  0.0043     0.         0.0043    ]
	[RESULT 7] [0.01078333 0.01681444 0.0060311  0.0036     0.         0.0036    ]
	[RESULT 8] [0.01078333 0.01681444 0.0060311  0.0036     0.         0.0036    ]
	[RESULT 9] [0.01023333 0.01571909 0.00548575 0.0047     0.         0.0047    ]
	[RESULT 10] [0.01058333 0.01641444 0.0058311  0.004      0.         0.004     ]
	[RESULT 11] [0.01108333 0.01741444 0.0063311  0.003      0.         0.003     ]
	[RESULT 12] [0.01108333 0.01741444 0.0063311  0.003      0.         0.003     ]
	[RESULT 13] [0.01118333 0.01761444 0.0064311  0.0028     0.         0.0028    ]
	[RESULT 14] [0.01138333 0.01801444 0.0066311  0.0024     0.         0.0024    ]
	[RESULT 15] [0.01118333 0.01761444 0.0064311  0.0028     0.         0.0028    ]
	[RESULT 16] [0.01188333 0.01901444 0.0071311  0.0014     0.         0.0014    ]
	[RESULT 17] [0.01163333 0.01851444 0.00688111 0.0019     0.         0.0019    ]
	[RESULT 18] [0.01078333 0.01681444 0.0060311  0.0036     0.         0.0036    ]
	[RESULT 19] [0.00993333 0.01511444 0.0051811  0.005      0.0003     0.0053    ]
	[RESULT 20] [0.01078333 0.01681444 0.0060311  0.0036     0.         0.0036    ]
	[RESULT 21] [0.01053333 0.01631444 0.0057811  0.0041     0.         0.0041    ]
	[RESULT 22] [0.01083333 0.01691444 0.0060811  0.0035     0.         0.0035    ]
	[RESULT 23] [0.01098333 0.01721444 0.0062311  0.0032     0.         0.0032    ]
	[RESULT 24] [0.01083333 0.01691444 0.0060811  0.0035     0.         0.0035    ]
	[RESULT 25] [0.01103333 0.01731444 0.0062811  0.0031     0.         0.0031    ]
	[RESULT 26] [0.01108333 0.01741444 0.0063311  0.003      0.         0.003     ]
	[RESULT 27] [0.01128333 0.01781444 0.0065311  0.0026     0.         0.0026    ]
	[RESULT 28] [0.01108333 0.01741444 0.0063311  0.003      0.         0.003     ]
	[RESULT 29] [0.01203333 0.01931444 0.0072811  0.0011     0.         0.0011    ]
	[RESULT 30] [0.01193333 0.01911444 0.0071811  0.0013     0.         0.0013    ]
	[RESULT 31] [0.01088333 0.01701444 0.0061311  0.0034     0.         0.0034    ]
	[RESULT 32] [0.01093333 0.01711444 0.0061811  0.0033     0.         0.0033    ]
	[RESULT 33] [0.01088333 0.01701444 0.0061311  0.0034     0.         0.0034    ]
	[RESULT 34] [0.01108333 0.01741444 0.0063311  0.003      0.         0.003     ]
	[RESULT 35] [0.01093333 0.01711444 0.0061811  0.0033     0.         0.0033    ]
