[METRICS]
	[DISEQUILIBRIUM COUNT] 0
	[MINIMUM S0 e1 S1 DISTANCE]0.0077979852423773165
	[MINIMUM S0 e1 S2 DISTANCE]0.010896911014217303
	[MINIMUM S0 e1 S6 DISTANCE]0.003098925771840002
	[MINIMUM S3 e1 S1 DISTANCE]0.00020000000000000052
	[MINIMUM S3 e1 S4 DISTANCE]0.0
	[MINIMUM S3 e1 S5 DISTANCE]0.00019999999999997797
	[AVERAGE S0 e1 S1 DISTANCE]0.01057977322500587
	[AVERAGE S0 e1 S2 DISTANCE]0.01630951139030827
	[AVERAGE S0 e1 S6 DISTANCE]0.005904115912767616
	[AVERAGE S3 e1 S1 DISTANCE]0.004162165178571428
	[AVERAGE S3 e1 S4 DISTANCE]0.0006482142857142851
	[AVERAGE S3 e1 S5 DISTANCE]0.004810379464285714
[VARIABLES]
	[RESULT 1] [71 9974.80289360473 10 1.999945578215435]
	[RESULT 2] [89 9996.976534670006 10 1.9893761179093297]
	[RESULT 3] [75 9964.614442126349 10 1.9987659019466422]
	[RESULT 4] [86 9896.58361818887 10 1.9895107231080995]
	[RESULT 5] [59 9974.284647107903 10 1.9988227862622003]
	[RESULT 6] [63 9920.885929013259 10 1.999997363220963]
	[RESULT 7] [60 9932.547388901143 10 1.999946135556185]
	[RESULT 8] [56 9992.592880011203 10 1.9994411037127648]
	[RESULT 9] [65 9990.68823091188 10 1.9997277386508732]
	[RESULT 10] [65 9990.68823091188 10 1.9997277386508732]
	[RESULT 11] [43 9994.374776077937 10 1.999999950999302]
	[RESULT 12] [60 9980.360305716675 10 1.9999203136127681]
	[RESULT 13] [53 9996.352291323801 10 1.9997320958351048]
	[RESULT 14] [41 9993.41124164585 10 1.9999920505222464]
	[RESULT 15] [41 9993.41124164585 10 1.9999920505222464]
	[RESULT 16] [64 9990.68823091188 10 1.998758799890476]
	[RESULT 17] [64 9990.68823091188 10 1.998758799890476]
	[RESULT 18] [41 9990.187501618822 10 1.9999920605709376]
	[RESULT 19] [56 9992.592880011203 10 1.9994411037127648]
	[RESULT 20] [50 9990.416491824297 10 1.9990363709707863]
	[RESULT 21] [36 9998.004602482819 10 1.9999888402173807]
	[RESULT 22] [31 9996.343163525265 10 1.9997319046907858]
	[RESULT 23] [36 9990.183718835067 10 1.9999912817575394]
	[RESULT 24] [35 9992.324106280481 10 1.9999980118727345]
	[RESULT 25] [32 9995.301075567919 10 1.9999952278371291]
	[RESULT 26] [18 9914.33579714675 10 1.9999569917784394]
	[RESULT 27] [27 9985.270538434332 10 1.999869516702427]
	[RESULT 28] [65 9990.68823091188 10 1.9997277386508732]
	[RESULT 29] [43 9994.374776077937 10 1.999999950999302]
	[RESULT 30] [61 9990.803551307192 10 1.9996087780120957]
	[RESULT 31] [58 9977.81965678334 10 1.9997924298915952]
	[RESULT 32] [53 9996.352291323801 10 1.9997320958351048]
	[RESULT 33] [42 9990.68823091188 10 1.9999172460513113]
	[RESULT 34] [39 9991.971957732272 10 1.9999842008829416]
	[RESULT 35] [38 9994.00526821845 10 1.9999420645438433]
	[RESULT 36] [36 9990.183718835067 10 1.9999912817575394]
	[RESULT 37] [31 9982.711414252162 10 1.99998176920895]
	[RESULT 38] [36 9990.183718835067 10 1.9999912817575394]
	[RESULT 39] [10 9393.234076084718 6 1.502072586571982]
	[RESULT 40] [18 9914.33579714675 10 1.9999569917784394]
	[RESULT 41] [41 9998.377878671501 10 1.9999916818583445]
	[RESULT 42] [30 9990.187501618822 10 1.9999824970634492]
[OBJECTIVES]
	[RESULT 1] [0.00903339 0.01331517 0.00428178 0.005      0.0021     0.0071    ]
	[RESULT 2] [0.00814404 0.01153593 0.00339188 0.005      0.0039     0.0089    ]
	[RESULT 3] [0.00883458 0.01291779 0.00408322 0.005      0.0025     0.0075    ]
	[RESULT 4] [0.0082939  0.01183815 0.00354424 0.005      0.0036     0.0086    ]
	[RESULT 5] [0.00963452 0.01451744 0.00488292 0.005      0.0009     0.0059    ]
	[RESULT 6] [0.00943334 0.0141164  0.00468306 0.005      0.0013     0.0063    ]
	[RESULT 7] [0.00958339 0.01441621 0.00483283 0.005      0.001      0.006     ]
	[RESULT 8] [0.0097839  0.01481574 0.00503185 0.005      0.0006     0.0056    ]
	[RESULT 9] [0.00933361 0.01391521 0.00458161 0.005      0.0015     0.0065    ]
	[RESULT 10] [0.00933361 0.01391521 0.00458161 0.005      0.0015     0.0065    ]
	[RESULT 11] [0.01043333 0.01611458 0.00568124 0.0043     0.         0.0043    ]
	[RESULT 12] [0.00958341 0.01441508 0.00483167 0.005      0.001      0.006     ]
	[RESULT 13] [0.0099336  0.01511507 0.00518146 0.005      0.0003     0.0053    ]
	[RESULT 14] [0.01053334 0.01631461 0.00578127 0.0041     0.         0.0041    ]
	[RESULT 15] [0.01053334 0.01631461 0.00578127 0.0041     0.         0.0041    ]
	[RESULT 16] [0.00938458 0.01401717 0.00463258 0.005      0.0014     0.0064    ]
	[RESULT 17] [0.00938458 0.01401717 0.00463258 0.005      0.0014     0.0064    ]
	[RESULT 18] [0.01053334 0.01631469 0.00578135 0.0041     0.         0.0041    ]
	[RESULT 19] [0.0097839  0.01481574 0.00503185 0.005      0.0006     0.0056    ]
	[RESULT 20] [0.0100843  0.01541661 0.00533231 0.005      0.         0.005     ]
	[RESULT 21] [0.01078334 0.01681451 0.00603116 0.0036     0.         0.0036    ]
	[RESULT 22] [0.0110336  0.01731507 0.00628146 0.0031     0.         0.0031    ]
	[RESULT 23] [0.01078334 0.0168147  0.00603135 0.0036     0.         0.0036    ]
	[RESULT 24] [0.01083334 0.01691463 0.00608129 0.0035     0.         0.0035    ]
	[RESULT 25] [0.01098334 0.01721456 0.00623122 0.0032     0.         0.0032    ]
	[RESULT 26] [0.01168338 0.01861664 0.00693327 0.0018     0.         0.0018    ]
	[RESULT 27] [0.01123346 0.01771506 0.0064816  0.0027     0.         0.0027    ]
	[RESULT 28] [0.00933361 0.01391521 0.00458161 0.005      0.0015     0.0065    ]
	[RESULT 29] [0.01043333 0.01611458 0.00568124 0.0043     0.         0.0043    ]
	[RESULT 30] [0.00953373 0.01431545 0.00478172 0.005      0.0011     0.0061    ]
	[RESULT 31] [0.00968354 0.0146154  0.00493186 0.005      0.0008     0.0058    ]
	[RESULT 32] [0.0099336  0.01511507 0.00518146 0.005      0.0003     0.0053    ]
	[RESULT 33] [0.01048342 0.01621483 0.00573142 0.0042     0.         0.0042    ]
	[RESULT 34] [0.01063335 0.01651467 0.00588132 0.0039     0.         0.0039    ]
	[RESULT 35] [0.01068339 0.0166147  0.00593131 0.0038     0.         0.0038    ]
	[RESULT 36] [0.01078334 0.0168147  0.00603135 0.0036     0.         0.0036    ]
	[RESULT 37] [0.01103335 0.0173149  0.00628155 0.0031     0.         0.0031    ]
	[RESULT 38] [0.01078334 0.0168147  0.00603135 0.0036     0.         0.0036    ]
	[RESULT 39] [0.01460642 0.02052353 0.00987005 0.001      0.         0.001     ]
	[RESULT 40] [0.01168338 0.01861664 0.00693327 0.0018     0.         0.0018    ]
	[RESULT 41] [0.01053334 0.01631449 0.00578115 0.0041     0.         0.0041    ]
	[RESULT 42] [0.01108335 0.01741471 0.00633136 0.003      0.         0.003     ]
