[METRICS]
	[DISEQUILIBRIUM COUNT] 862
	[MINIMUM S0 e1 S1 DISTANCE]0.0075833333630076355
	[MINIMUM S0 e1 S2 DISTANCE]-0.009112871287021096
	[MINIMUM S0 e1 S6 DISTANCE]0.002831105120938123
	[MINIMUM S3 e1 S1 DISTANCE]9.99999999999994e-05
	[MINIMUM S3 e1 S4 DISTANCE]0.0
	[MINIMUM S3 e1 S5 DISTANCE]9.999999999998899e-05
	[AVERAGE S0 e1 S1 DISTANCE]0.012775697556709594
	[AVERAGE S0 e1 S2 DISTANCE]0.005483763164404635
	[AVERAGE S0 e1 S6 DISTANCE]0.009948865624315654
	[AVERAGE S3 e1 S1 DISTANCE]0.0026312500000000016
	[AVERAGE S3 e1 S4 DISTANCE]0.0015247874149659816
	[AVERAGE S3 e1 S5 DISTANCE]0.0041560374149659934
[VARIABLES]
	[RESULT 1] [1 10.000000005685232 1 0.10000000860161806]
	[RESULT 2] [1 10.000000005685232 1 0.10000000860161806]
	[RESULT 3] [1 10.000000000011 1 0.10000000003687154]
	[RESULT 4] [1 10.000000000011 1 0.10000000003687154]
	[RESULT 5] [1 10.000000000011 1 0.10000000003687154]
	[RESULT 6] [1 10.000000000009631 1 0.10000000006432566]
	[RESULT 7] [10 10.000000112975153 1 0.10000016349093556]
	[RESULT 8] [10 10.000000105226047 1 0.1000000112056884]
	[RESULT 9] [1 10.00000008832708 1 0.12698063206344534]
	[RESULT 10] [35 10.000000156282422 1 0.10014494918502878]
	[RESULT 11] [9 10.000000059206473 1 0.1000000112056884]
	[RESULT 12] [20 10.000006720756149 1 0.3649111463235867]
	[RESULT 13] [1 10.000000978595923 1 0.9424467823446017]
	[RESULT 14] [20 10.000006720756149 1 0.3649111463235867]
	[RESULT 15] [1 10.000000359472246 2 1.288195700138228]
	[RESULT 16] [1 10.000000000269331 1 0.10000000075003773]
	[RESULT 17] [1 10.000000000011 1 0.10000000003687154]
	[RESULT 18] [1 10.000000000011 1 0.10000000003687154]
	[RESULT 19] [1 10.000000000011 1 0.10000000003687154]
	[RESULT 20] [1 10.00000000062297 1 0.10000000035797885]
	[RESULT 21] [34 10.000002644661201 5 1.0188546750946668]
	[RESULT 22] [2 10.000001668284021 1 1.3951615088205576]
	[RESULT 23] [34 10.000006294851044 5 1.0556943736087583]
	[RESULT 24] [2 10.000000147747203 10 0.5567944872257516]
	[RESULT 25] [84 9999.929836082858 10 1.9999997931340505]
	[RESULT 26] [1 10.000000000011 1 0.10000000003687154]
	[RESULT 27] [54 9966.300490916063 10 1.999998985121643]
	[RESULT 28] [1 355.70743905779466 10 1.494175853799609]
	[RESULT 29] [20 9907.05268491374 10 1.9999986243671135]
	[RESULT 30] [3 10.000000188423988 1 0.10000000315382873]
	[RESULT 31] [1 10.000000000011 1 0.10000000003687154]
	[RESULT 32] [3 10.000000188423988 1 0.10000000315382873]
	[RESULT 33] [17 10.000004777818663 1 0.10000179181431063]
	[RESULT 34] [1 10.000000000351237 1 0.100000000166089]
	[RESULT 35] [17 10.000004777818663 1 0.10000179181431063]
	[RESULT 36] [9 10.000000051463822 1 0.10000000570964385]
	[RESULT 37] [1 10.000002884511966 1 0.2360108458449256]
	[RESULT 38] [9 10.000000051463822 1 0.10000000570964385]
	[RESULT 39] [2 10.0000068130989 10 0.139233690183457]
	[RESULT 40] [1 10.000006188712426 1 0.36940030063802826]
	[RESULT 41] [1 10.000000000351237 1 0.100000000166089]
	[RESULT 42] [1 10.000000000269331 1 0.10000000075003773]
[OBJECTIVES]
	[RESULT 1] [ 1.70564356e-02 -9.11287126e-03  1.29435644e-02  1.00000000e-04
  0.00000000e+00  1.00000000e-04]
	[RESULT 2] [ 1.70564356e-02 -9.11287126e-03  1.29435644e-02  1.00000000e-04
  0.00000000e+00  1.00000000e-04]
	[RESULT 3] [ 1.70564356e-02 -9.11287129e-03  1.29435644e-02  1.00000000e-04
  0.00000000e+00  1.00000000e-04]
	[RESULT 4] [ 1.70564356e-02 -9.11287129e-03  1.29435644e-02  1.00000000e-04
  0.00000000e+00  1.00000000e-04]
	[RESULT 5] [ 1.70564356e-02 -9.11287129e-03  1.29435644e-02  1.00000000e-04
  0.00000000e+00  1.00000000e-04]
	[RESULT 6] [ 1.70564356e-02 -9.11287129e-03  1.29435644e-02  1.00000000e-04
  0.00000000e+00  1.00000000e-04]
	[RESULT 7] [ 0.01660644 -0.00821287  0.01339356  0.001       0.          0.001     ]
	[RESULT 8] [ 0.01660644 -0.00821287  0.01339356  0.001       0.          0.001     ]
	[RESULT 9] [ 1.70181868e-02 -9.03637350e-03  1.29818133e-02  1.00000000e-04
  0.00000000e+00  1.00000000e-04]
	[RESULT 10] [ 0.01535623 -0.00571246  0.01464377  0.0035      0.          0.0035    ]
	[RESULT 11] [ 0.01665644 -0.00831287  0.01334356  0.0009      0.          0.0009    ]
	[RESULT 12] [ 0.01573951 -0.00647901  0.01426049  0.002       0.          0.002     ]
	[RESULT 13] [ 1.59511497e-02 -6.90229908e-03  1.40488506e-02  1.00000000e-04
  0.00000000e+00  1.00000000e-04]
	[RESULT 14] [ 0.01573951 -0.00647901  0.01426049  0.002       0.          0.002     ]
	[RESULT 15] [ 1.55174992e-02 -6.03499825e-03  1.44825009e-02  1.00000000e-04
  0.00000000e+00  1.00000000e-04]
	[RESULT 16] [ 1.70564356e-02 -9.11287128e-03  1.29435644e-02  1.00000000e-04
  0.00000000e+00  1.00000000e-04]
	[RESULT 17] [ 1.70564356e-02 -9.11287129e-03  1.29435644e-02  1.00000000e-04
  0.00000000e+00  1.00000000e-04]
	[RESULT 18] [ 1.70564356e-02 -9.11287129e-03  1.29435644e-02  1.00000000e-04
  0.00000000e+00  1.00000000e-04]
	[RESULT 19] [ 1.70564356e-02 -9.11287129e-03  1.29435644e-02  1.00000000e-04
  0.00000000e+00  1.00000000e-04]
	[RESULT 20] [ 1.70564356e-02 -9.11287129e-03  1.29435644e-02  1.00000000e-04
  0.00000000e+00  1.00000000e-04]
	[RESULT 21] [ 0.0140426  -0.00308519  0.0159574   0.0034      0.          0.0034    ]
	[RESULT 22] [ 0.0153747 -0.0057494  0.0146253  0.0002     0.         0.0002   ]
	[RESULT 23] [ 0.01399875 -0.00299749  0.01600126  0.0034      0.          0.0034    ]
	[RESULT 24] [ 0.01413523 -0.00327046  0.01586477  0.0002      0.          0.0002    ]
	[RESULT 25] [0.00838333 0.01201444 0.00363111 0.005      0.0034     0.0084    ]
	[RESULT 26] [ 1.70564356e-02 -9.11287129e-03  1.29435644e-02  1.00000000e-04
  0.00000000e+00  1.00000000e-04]
	[RESULT 27] [0.00988333 0.01501527 0.00513193 0.005      0.0004     0.0054    ]
	[RESULT 28] [1.30650845e-02 1.82607704e-02 1.36741451e-02 1.00000000e-04
 0.00000000e+00 1.00000000e-04]
	[RESULT 29] [0.01158333 0.01841674 0.00683341 0.002      0.         0.002     ]
	[RESULT 30] [ 0.01695644 -0.00891287  0.01304356  0.0003      0.          0.0003    ]
	[RESULT 31] [ 1.70564356e-02 -9.11287129e-03  1.29435644e-02  1.00000000e-04
  0.00000000e+00  1.00000000e-04]
	[RESULT 32] [ 0.01695644 -0.00891287  0.01304356  0.0003      0.          0.0003    ]
	[RESULT 33] [ 0.01625643 -0.00751286  0.01374357  0.0017      0.          0.0017    ]
	[RESULT 34] [ 1.70564356e-02 -9.11287129e-03  1.29435644e-02  1.00000000e-04
  0.00000000e+00  1.00000000e-04]
	[RESULT 35] [ 0.01625643 -0.00751286  0.01374357  0.0017      0.          0.0017    ]
	[RESULT 36] [ 0.01665644 -0.00831287  0.01334356  0.0009      0.          0.0009    ]
	[RESULT 37] [ 1.68656747e-02 -8.73134870e-03  1.31343260e-02  1.00000000e-04
  0.00000000e+00  1.00000000e-04]
	[RESULT 38] [ 0.01665644 -0.00831287  0.01334356  0.0009      0.          0.0009    ]
	[RESULT 39] [ 0.01470088 -0.00440177  0.01529912  0.0002      0.          0.0002    ]
	[RESULT 40] [ 1.66834509e-02 -8.36690026e-03  1.33165506e-02  1.00000000e-04
  0.00000000e+00  1.00000000e-04]
	[RESULT 41] [ 1.70564356e-02 -9.11287129e-03  1.29435644e-02  1.00000000e-04
  0.00000000e+00  1.00000000e-04]
	[RESULT 42] [ 1.70564356e-02 -9.11287128e-03  1.29435644e-02  1.00000000e-04
  0.00000000e+00  1.00000000e-04]
