[METRICS]
	[DISEQUILIBRIUM COUNT] 0
	[MINIMUM S0 e1 S1 DISTANCE]0.00763334266661402
	[MINIMUM S0 e1 S2 DISTANCE]0.0062544046172524626
	[MINIMUM S0 e1 S6 DISTANCE]0.002881356612639792
	[MINIMUM S3 e1 S1 DISTANCE]9.99999999999994e-05
	[MINIMUM S3 e1 S4 DISTANCE]0.0
	[MINIMUM S3 e1 S5 DISTANCE]9.999999999998899e-05
	[AVERAGE S0 e1 S1 DISTANCE]0.009850824234501317
	[AVERAGE S0 e1 S2 DISTANCE]0.01472721790698758
	[AVERAGE S0 e1 S6 DISTANCE]0.005219573573616054
	[AVERAGE S3 e1 S1 DISTANCE]0.004658928571428569
	[AVERAGE S3 e1 S4 DISTANCE]0.0018110491071428555
	[AVERAGE S3 e1 S5 DISTANCE]0.006469977678571434
[VARIABLES]
	[RESULT 1] [90 9943.262569927025 10 1.9996500262553483]
	[RESULT 2] [96 9978.219372774658 10 1.9999881410684084]
	[RESULT 3] [92 9997.09086372444 10 1.9999990083797732]
	[RESULT 4] [92 9997.09086372444 10 1.9999990083797732]
	[RESULT 5] [96 9978.219372774658 10 1.9999881410684084]
	[RESULT 6] [76 9998.250272292533 10 1.9999999434983846]
	[RESULT 7] [74 9999.353317200817 10 1.9999936908138554]
	[RESULT 8] [69 9973.775244276167 10 1.9999930046401428]
	[RESULT 9] [82 9997.647471937997 10 1.9999737764922878]
	[RESULT 10] [74 9999.132577215543 10 1.9999967056107242]
	[RESULT 11] [72 9998.537096044198 10 1.9999974825983355]
	[RESULT 12] [68 9998.537096044198 10 1.9999929773602583]
	[RESULT 13] [68 9998.537096044198 10 1.9999929773602583]
	[RESULT 14] [71 9928.31413360436 10 1.9999862938546802]
	[RESULT 15] [80 9998.083491753341 10 1.9998377703600283]
	[RESULT 16] [83 9994.744630412484 10 1.999998588861228]
	[RESULT 17] [69 9998.300009742896 10 1.999990858700665]
	[RESULT 18] [69 9998.300009742896 10 1.999990858700665]
	[RESULT 19] [60 9989.77246818863 10 1.9998135768136889]
	[RESULT 20] [63 9982.666138094806 10 1.999972337751978]
	[RESULT 21] [66 9999.243193341672 10 1.9999967056107242]
	[RESULT 22] [60 9989.77246818863 10 1.9998135768136889]
	[RESULT 23] [59 9990.449562411304 10 1.9999897120999768]
	[RESULT 24] [34 9999.953162186956 10 1.9999390178128105]
	[RESULT 25] [45 9999.168622527071 10 1.9998994110764492]
	[RESULT 26] [17 9999.337242549527 10 1.999907836775549]
	[RESULT 27] [28 9999.853233043157 10 1.99999783027411]
	[RESULT 28] [82 9997.647471937997 10 1.9999737764922878]
	[RESULT 29] [74 9999.353317200817 10 1.9999936908138554]
	[RESULT 30] [67 9966.831742027067 10 1.9998792046671323]
	[RESULT 31] [65 9999.340054170902 10 1.9999993852845683]
	[RESULT 32] [63 9957.055471407133 10 1.999977054398146]
	[RESULT 33] [48 9988.624239478964 10 1.9998994866277866]
	[RESULT 34] [11 2072.952676504725 6 0.19021870465721438]
	[RESULT 35] [17 9999.337242549527 10 1.999907836775549]
	[RESULT 36] [70 9990.827285945761 10 1.9999881370094066]
	[RESULT 37] [68 9993.447943252846 10 1.9999965056118334]
	[RESULT 38] [60 9957.057686708102 10 1.999977054398146]
[OBJECTIVES]
	[RESULT 1] [0.00808369 0.01141654 0.00333286 0.005      0.004      0.009     ]
	[RESULT 2] [0.00778335 0.010815   0.00303165 0.005      0.0046     0.0096    ]
	[RESULT 3] [0.00798333 0.01121451 0.00323118 0.005      0.0042     0.0092    ]
	[RESULT 4] [0.00798333 0.01121451 0.00323118 0.005      0.0042     0.0092    ]
	[RESULT 5] [0.00778335 0.010815   0.00303165 0.005      0.0046     0.0096    ]
	[RESULT 6] [0.00878333 0.01281448 0.00403115 0.005      0.0026     0.0076    ]
	[RESULT 7] [0.00888334 0.01301447 0.00413113 0.005      0.0024     0.0074    ]
	[RESULT 8] [0.00913334 0.0135151  0.00438176 0.005      0.0019     0.0069    ]
	[RESULT 9] [0.00848336 0.01221455 0.00373119 0.005      0.0032     0.0082    ]
	[RESULT 10] [0.00888334 0.01301446 0.00413113 0.005      0.0024     0.0074    ]
	[RESULT 11] [0.00898334 0.01321448 0.00423114 0.005      0.0022     0.0072    ]
	[RESULT 12] [0.00918334 0.01361449 0.00443115 0.005      0.0018     0.0068    ]
	[RESULT 13] [0.00918334 0.01361449 0.00443115 0.005      0.0018     0.0068    ]
	[RESULT 14] [0.00903335 0.01331624 0.00428289 0.005      0.0021     0.0071    ]
	[RESULT 15] [0.0085835  0.01241481 0.00383131 0.005      0.003      0.008     ]
	[RESULT 16] [0.00843333 0.01211457 0.00368123 0.005      0.0033     0.0083    ]
	[RESULT 17] [0.00913334 0.0135145  0.00438115 0.005      0.0019     0.0069    ]
	[RESULT 18] [0.00913334 0.0135145  0.00438115 0.005      0.0019     0.0069    ]
	[RESULT 19] [0.00958352 0.01441506 0.00483154 0.005      0.001      0.006     ]
	[RESULT 20] [0.00943336 0.01411492 0.00468156 0.005      0.0013     0.0063    ]
	[RESULT 21] [0.00928334 0.01381446 0.00453113 0.005      0.0016     0.0066    ]
	[RESULT 22] [0.00958352 0.01441506 0.00483154 0.005      0.001      0.006     ]
	[RESULT 23] [0.00963334 0.01451469 0.00488135 0.005      0.0009     0.0059    ]
	[RESULT 24] [0.01088339 0.01701456 0.00613117 0.0034     0.         0.0034    ]
	[RESULT 25] [0.01033343 0.01591466 0.00558123 0.0045     0.         0.0045    ]
	[RESULT 26] [0.01173343 0.01871464 0.00698121 0.0017     0.         0.0017    ]
	[RESULT 27] [0.01118334 0.01761444 0.00643111 0.0028     0.         0.0028    ]
	[RESULT 28] [0.00848336 0.01221455 0.00373119 0.005      0.0032     0.0082    ]
	[RESULT 29] [0.00888334 0.01301447 0.00413113 0.005      0.0024     0.0074    ]
	[RESULT 30] [0.00923345 0.0137155  0.00448204 0.005      0.0017     0.0067    ]
	[RESULT 31] [0.00933333 0.01391445 0.00458112 0.005      0.0015     0.0065    ]
	[RESULT 32] [0.00943336 0.01411554 0.00468219 0.005      0.0013     0.0063    ]
	[RESULT 33] [0.01018343 0.01561492 0.00543148 0.0048     0.         0.0048    ]
	[RESULT 34] [0.01617933 0.01648551 0.01233516 0.0011     0.         0.0011    ]
	[RESULT 35] [0.01173343 0.01871464 0.00698121 0.0017     0.         0.0017    ]
	[RESULT 36] [0.00908335 0.01341469 0.00433134 0.005      0.002      0.007     ]
	[RESULT 37] [0.00918334 0.0136146  0.00443127 0.005      0.0018     0.0068    ]
	[RESULT 38] [0.00958336 0.01441554 0.00483219 0.005      0.001      0.006     ]
