[METRICS]
	[DISEQUILIBRIUM COUNT] 0
	[MINIMUM S0 e1 S1 DISTANCE]0.007583338074109875
	[MINIMUM S0 e1 S2 DISTANCE]0.005270565343776568
	[MINIMUM S0 e1 S6 DISTANCE]0.00288098237215409
	[MINIMUM S3 e1 S1 DISTANCE]9.99999999999994e-05
	[MINIMUM S3 e1 S4 DISTANCE]0.0
	[MINIMUM S3 e1 S5 DISTANCE]9.999999999998899e-05
	[AVERAGE S0 e1 S1 DISTANCE]0.009689686412840322
	[AVERAGE S0 e1 S2 DISTANCE]0.014385863884979241
	[AVERAGE S0 e1 S6 DISTANCE]0.00505183422630777
	[AVERAGE S3 e1 S1 DISTANCE]0.004671316964285711
	[AVERAGE S3 e1 S4 DISTANCE]0.002125111607142854
	[AVERAGE S3 e1 S5 DISTANCE]0.006796428571428577
[VARIABLES]
	[RESULT 1] [89 9997.934160960045 10 1.9999995686063956]
	[RESULT 2] [95 9999.521019569635 10 1.9999762796287]
	[RESULT 3] [91 8828.021927537351 10 1.9979947972848138]
	[RESULT 4] [100 8309.287392458646 10 1.999995291920316]
	[RESULT 5] [78 9998.477699803945 10 1.999944122387283]
	[RESULT 6] [79 9999.173445344264 10 1.9999443361230873]
	[RESULT 7] [76 9999.139553819194 10 1.9999975731684334]
	[RESULT 8] [70 9937.511275145858 10 1.9999752524775776]
	[RESULT 9] [74 9999.424255989621 10 1.9999997979311894]
	[RESULT 10] [84 9999.994159728189 10 1.9999994231813423]
	[RESULT 11] [88 9997.918521894435 10 1.9999676301688063]
	[RESULT 12] [77 9999.964628692098 10 1.9999990189328822]
	[RESULT 13] [72 9999.83456943081 10 1.9999981914085319]
	[RESULT 14] [72 9999.83456943081 10 1.9999981914085319]
	[RESULT 15] [64 9999.968082874566 10 1.999985521857961]
	[RESULT 16] [65 9999.983627810854 10 1.999985521857961]
	[RESULT 17] [68 9999.851829083404 10 1.9999959198169253]
	[RESULT 18] [52 9987.041287274298 10 1.9999875854332247]
	[RESULT 19] [64 9999.968082874566 10 1.999985521857961]
	[RESULT 20] [60 9900.053731842188 10 1.9999905497216495]
	[RESULT 21] [63 9999.775635301867 10 1.999993681295885]
	[RESULT 22] [47 9856.695123871395 10 1.998447026894263]
	[RESULT 23] [16 9298.37543446391 10 1.998447026894263]
	[RESULT 24] [18 9411.160403180726 10 1.9905567200133347]
	[RESULT 25] [85 9999.71311064006 10 1.9999764336312724]
	[RESULT 26] [72 9999.929460052985 10 1.9999968852590457]
	[RESULT 27] [73 9999.899472223882 10 1.9999990189328822]
	[RESULT 28] [52 9987.041287274298 10 1.9999875854332247]
	[RESULT 29] [10 7887.029347099416 7 0.20479628076025524]
	[RESULT 30] [14 9991.331047840797 10 1.9999037067544658]
	[RESULT 31] [72 9999.679121977486 10 1.9999994254305655]
	[RESULT 32] [71 9997.950807521036 10 1.9999777809688843]
	[RESULT 33] [73 9999.899472223882 10 1.9999990189328822]
	[RESULT 34] [74 9999.644137678475 10 1.9999990189328822]
[OBJECTIVES]
	[RESULT 1] [0.00813333 0.01151449 0.00338115 0.005      0.0039     0.0089    ]
	[RESULT 2] [0.00783336 0.0109145  0.00308114 0.005      0.0045     0.0095    ]
	[RESULT 3] [0.00803535 0.01135104 0.00331568 0.005      0.0041     0.0091    ]
	[RESULT 4] [0.00758334 0.01046432 0.00288098 0.005      0.005      0.01      ]
	[RESULT 5] [0.00868339 0.01261459 0.0039312  0.005      0.0028     0.0078    ]
	[RESULT 6] [0.00863339 0.01251457 0.00388118 0.005      0.0029     0.0079    ]
	[RESULT 7] [0.00878334 0.01281446 0.00403113 0.005      0.0026     0.0076    ]
	[RESULT 8] [0.00908336 0.01341603 0.00433267 0.005      0.002      0.007     ]
	[RESULT 9] [0.00888333 0.01301445 0.00413112 0.005      0.0024     0.0074    ]
	[RESULT 10] [0.00838333 0.01201444 0.0036311  0.005      0.0034     0.0084    ]
	[RESULT 11] [0.00818337 0.01161455 0.00343119 0.005      0.0038     0.0088    ]
	[RESULT 12] [0.00873333 0.01271444 0.00398111 0.005      0.0027     0.0077    ]
	[RESULT 13] [0.00898334 0.01321444 0.00423111 0.005      0.0022     0.0072    ]
	[RESULT 14] [0.00898334 0.01321444 0.00423111 0.005      0.0022     0.0072    ]
	[RESULT 15] [0.00938335 0.01401447 0.00463112 0.005      0.0014     0.0064    ]
	[RESULT 16] [0.00933335 0.01391447 0.00458112 0.005      0.0015     0.0065    ]
	[RESULT 17] [0.00918334 0.01361445 0.00443111 0.005      0.0018     0.0068    ]
	[RESULT 18] [0.00998335 0.01521478 0.00523143 0.005      0.0002     0.0052    ]
	[RESULT 19] [0.00938335 0.01401447 0.00463112 0.005      0.0014     0.0064    ]
	[RESULT 20] [0.00958334 0.01441693 0.00483359 0.005      0.001      0.006     ]
	[RESULT 21] [0.00943334 0.01411445 0.00468112 0.005      0.0013     0.0063    ]
	[RESULT 22] [0.0102349  0.01572113 0.00548624 0.0047     0.         0.0047    ]
	[RESULT 23] [0.0117849  0.01883608 0.00705118 0.0016     0.         0.0016    ]
	[RESULT 24] [0.01169285 0.01864883 0.00695598 0.0018     0.         0.0018    ]
	[RESULT 25] [0.00833336 0.01191449 0.00358113 0.005      0.0035     0.0085    ]
	[RESULT 26] [0.00898334 0.01321444 0.00423111 0.005      0.0022     0.0072    ]
	[RESULT 27] [0.00893333 0.01311444 0.00418111 0.005      0.0023     0.0073    ]
	[RESULT 28] [0.00998335 0.01521478 0.00523143 0.005      0.0002     0.0052    ]
	[RESULT 29] [0.016084   0.01751859 0.0113974  0.001      0.         0.001     ]
	[RESULT 30] [0.01188343 0.01901484 0.00713141 0.0014     0.         0.0014    ]
	[RESULT 31] [0.00898333 0.01321445 0.00423111 0.005      0.0022     0.0072    ]
	[RESULT 32] [0.00903336 0.01331453 0.00428118 0.005      0.0021     0.0071    ]
	[RESULT 33] [0.00893333 0.01311444 0.00418111 0.005      0.0023     0.0073    ]
	[RESULT 34] [0.00888333 0.01301445 0.00413111 0.005      0.0024     0.0074    ]
