[METRICS]
	[DISEQUILIBRIUM COUNT] 0
	[MINIMUM S0 e1 S1 DISTANCE]0.008681698186045413
	[MINIMUM S0 e1 S2 DISTANCE]0.012710734859440187
	[MINIMUM S0 e1 S6 DISTANCE]0.004029036673394705
	[MINIMUM S3 e1 S1 DISTANCE]0.0003999999999999993
	[MINIMUM S3 e1 S4 DISTANCE]0.0
	[MINIMUM S3 e1 S5 DISTANCE]0.00039999999999995595
	[AVERAGE S0 e1 S1 DISTANCE]0.011054249300020419
	[AVERAGE S0 e1 S2 DISTANCE]0.017195731816339505
	[AVERAGE S0 e1 S6 DISTANCE]0.006360343676872225
	[AVERAGE S3 e1 S1 DISTANCE]0.0036714285714285737
	[AVERAGE S3 e1 S4 DISTANCE]0.0001458705357142857
	[AVERAGE S3 e1 S5 DISTANCE]0.0038172991071428793
[VARIABLES]
	[RESULT 1] [63 9268.126294624879 10 1.9552418450915017]
	[RESULT 2] [71 9344.416161841124 10 1.9999815962427527]
	[RESULT 3] [70 9999.941732038807 10 1.9999996373175293]
	[RESULT 4] [71 9999.95970395568 10 1.9997565253450968]
	[RESULT 5] [56 9999.54808167872 10 1.9999603888904425]
	[RESULT 6] [41 9999.941732038807 10 1.9999995257110272]
	[RESULT 7] [36 9999.963062172063 10 1.9999993541850465]
	[RESULT 8] [37 9999.994373108753 10 1.999998278306727]
	[RESULT 9] [34 9999.502639800134 10 1.999884455142424]
	[RESULT 10] [41 9999.941732038807 10 1.9999995257110272]
	[RESULT 11] [45 9947.854936640833 10 1.9997105596215943]
	[RESULT 12] [31 9998.55934666378 10 1.9999995682259422]
	[RESULT 13] [27 9998.55934666378 10 1.999999836199553]
	[RESULT 14] [27 9998.55934666378 10 1.999999836199553]
	[RESULT 15] [29 9999.76384824837 10 1.9999651276717447]
	[RESULT 16] [26 9999.963260190576 10 1.9999983537916217]
	[RESULT 17] [29 9999.76384824837 10 1.9999651276717447]
	[RESULT 18] [16 9984.631414674881 10 1.9999979781196737]
	[RESULT 19] [20 9998.619027088229 10 1.9999659223489286]
	[RESULT 20] [41 9999.941732038807 10 1.9999995257110272]
	[RESULT 21] [37 9999.994373108753 10 1.999998278306727]
	[RESULT 22] [36 9999.963062172063 10 1.9999993541850465]
	[RESULT 23] [53 9999.908298182612 10 1.999346697954493]
	[RESULT 24] [37 9999.994373108753 10 1.999998278306727]
	[RESULT 25] [33 9999.84374851521 10 1.9999950084022438]
	[RESULT 26] [35 9999.999349261061 10 1.9999999943102136]
	[RESULT 27] [32 9999.9566163242 10 1.9999852189113247]
	[RESULT 28] [14 8678.055597149578 8 0.28365619563841915]
	[RESULT 29] [15 9984.631414674881 10 1.999998947967267]
	[RESULT 30] [35 9999.999349261061 10 1.9999999943102136]
	[RESULT 31] [32 9999.9566163242 10 1.9999852189113247]
	[RESULT 32] [33 9999.84374851521 10 1.9999950084022438]
[OBJECTIVES]
	[RESULT 1] [0.00947857 0.01422429 0.00474572 0.005      0.0013     0.0063    ]
	[RESULT 2] [0.00903335 0.01333169 0.00429834 0.005      0.0021     0.0071    ]
	[RESULT 3] [0.00908333 0.01341444 0.00433111 0.005      0.002      0.007     ]
	[RESULT 4] [0.00903358 0.01331493 0.00428135 0.005      0.0021     0.0071    ]
	[RESULT 5] [0.00978337 0.01481453 0.00503115 0.005      0.0006     0.0056    ]
	[RESULT 6] [0.01053333 0.01631444 0.00578111 0.0041     0.         0.0041    ]
	[RESULT 7] [0.01078333 0.01681444 0.0060311  0.0036     0.         0.0036    ]
	[RESULT 8] [0.01073334 0.01671444 0.00598111 0.0037     0.         0.0037    ]
	[RESULT 9] [0.01088345 0.01701468 0.00613123 0.0034     0.         0.0034    ]
	[RESULT 10] [0.01053333 0.01631444 0.00578111 0.0041     0.         0.0041    ]
	[RESULT 11] [0.01033362 0.01591631 0.00558268 0.0045     0.         0.0045    ]
	[RESULT 12] [0.01103333 0.01731447 0.00628114 0.0031     0.         0.0031    ]
	[RESULT 13] [0.01123333 0.01771447 0.00648114 0.0027     0.         0.0027    ]
	[RESULT 14] [0.01123333 0.01771447 0.00648114 0.0027     0.         0.0027    ]
	[RESULT 15] [0.01113337 0.01751451 0.00638114 0.0029     0.         0.0029    ]
	[RESULT 16] [0.01128333 0.01781444 0.00653111 0.0026     0.         0.0026    ]
	[RESULT 17] [0.01113337 0.01751451 0.00638114 0.0029     0.         0.0029    ]
	[RESULT 18] [0.01178334 0.01881482 0.00703148 0.0016     0.         0.0016    ]
	[RESULT 19] [0.01158337 0.01841454 0.00683117 0.002      0.         0.002     ]
	[RESULT 20] [0.01053333 0.01631444 0.00578111 0.0041     0.         0.0041    ]
	[RESULT 21] [0.01073334 0.01671444 0.00598111 0.0037     0.         0.0037    ]
	[RESULT 22] [0.01078333 0.01681444 0.0060311  0.0036     0.         0.0036    ]
	[RESULT 23] [0.00993399 0.01511575 0.00518176 0.005      0.0003     0.0053    ]
	[RESULT 24] [0.01073334 0.01671444 0.00598111 0.0037     0.         0.0037    ]
	[RESULT 25] [0.01093334 0.01711445 0.00618111 0.0033     0.         0.0033    ]
	[RESULT 26] [0.01083333 0.01691444 0.0060811  0.0035     0.         0.0035    ]
	[RESULT 27] [0.01098335 0.01721447 0.00623112 0.0032     0.         0.0032    ]
	[RESULT 28] [0.01556671 0.01858145 0.01085184 0.0014     0.         0.0014    ]
	[RESULT 29] [0.01183333 0.01891482 0.00708148 0.0015     0.         0.0015    ]
	[RESULT 30] [0.01083333 0.01691444 0.0060811  0.0035     0.         0.0035    ]
	[RESULT 31] [0.01098335 0.01721447 0.00623112 0.0032     0.         0.0032    ]
	[RESULT 32] [0.01093334 0.01711445 0.00618111 0.0033     0.         0.0033    ]
