[METRICS]
	[DISEQUILIBRIUM COUNT] 1571
	[MINIMUM S0 e1 S1 DISTANCE]0.007648193469266854
	[MINIMUM S0 e1 S2 DISTANCE]-0.009112871287128677
	[MINIMUM S0 e1 S6 DISTANCE]0.003286969281430939
	[MINIMUM S3 e1 S1 DISTANCE]9.99999999999994e-05
	[MINIMUM S3 e1 S4 DISTANCE]0.0
	[MINIMUM S3 e1 S5 DISTANCE]9.999999999998899e-05
	[AVERAGE S0 e1 S1 DISTANCE]0.015497221742931297
	[AVERAGE S0 e1 S2 DISTANCE]-0.0003038453768593908
	[AVERAGE S0 e1 S6 DISTANCE]0.014421352812007978
	[AVERAGE S3 e1 S1 DISTANCE]0.000989285714285717
	[AVERAGE S3 e1 S4 DISTANCE]0.00016794217687074835
	[AVERAGE S3 e1 S5 DISTANCE]0.0011572278911564588
[VARIABLES]
	[RESULT 1] [1 10.0 1 0.1]
	[RESULT 2] [1 10.0 1 0.1]
	[RESULT 3] [1 10.0 1 0.1]
	[RESULT 4] [1 10.0 1 0.1]
	[RESULT 5] [1 10.0 1 0.1]
	[RESULT 6] [1 10.0 1 0.1]
	[RESULT 7] [1 10.0 1 0.1]
	[RESULT 8] [1 10.0 1 0.1]
	[RESULT 9] [1 10.0 1 0.10000000014372858]
	[RESULT 10] [1 10.0 1 0.10000000014372858]
	[RESULT 11] [9 10.0 1 0.10000000059849809]
	[RESULT 12] [11 10.000000000037854 1 0.10000000184350805]
	[RESULT 13] [1 10.000000017811324 1 0.16661673686921485]
	[RESULT 14] [33 10.000000000077494 1 0.10000560639037326]
	[RESULT 15] [11 10.000000000037854 1 0.10000000184350805]
	[RESULT 16] [9 10.000000000095303 1 0.1]
	[RESULT 17] [21 10.000012328440597 1 0.2893776577912971]
	[RESULT 18] [1 10.00000001590984 3 0.8084738138550246]
	[RESULT 19] [21 10.000012328440597 1 0.2893776577912971]
	[RESULT 20] [1 10.000003903755374 1 1.3129912504648478]
	[RESULT 21] [1 10.0 1 0.1]
	[RESULT 22] [1 10.0 1 0.1]
	[RESULT 23] [1 10.0 1 0.1]
	[RESULT 24] [1 10.0 1 0.1]
	[RESULT 25] [1 10.0 1 0.1]
	[RESULT 26] [1 10.000000000023036 1 0.10000000002997864]
	[RESULT 27] [31 10.000000000074959 1 1.2573705871594092]
	[RESULT 28] [1 10.000000011459592 1 1.5829970200034573]
	[RESULT 29] [31 10.000000015444263 1 1.291703138947074]
	[RESULT 30] [1 10.000114391292652 10 1.9843959097690984]
	[RESULT 31] [92 4125.126478693292 10 1.9371828924260672]
	[RESULT 32] [1 10.0 1 0.1]
	[RESULT 33] [1 10.0 1 0.1]
	[RESULT 34] [22 140.57264773308952 10 1.968310147847587]
	[RESULT 35] [30 4058.0911208271887 10 1.9954085872252203]
	[RESULT 36] [4 10.0 1 0.1]
	[RESULT 37] [3 10.000000000014548 1 0.10000000000376108]
	[RESULT 38] [1 10.0 1 0.1]
	[RESULT 39] [10 10.000000000023036 1 0.1]
	[RESULT 40] [3 10.0 1 0.1]
	[RESULT 41] [4 10.0 1 0.10000000065429467]
	[RESULT 42] [18 10.000000000062043 1 0.10000000000122912]
	[RESULT 43] [1 10.0 1 0.1]
	[RESULT 44] [18 10.000000000040032 1 0.100000000041143]
	[RESULT 45] [1 10.00000001590984 3 0.8084738138550246]
	[RESULT 46] [10 10.0 1 0.10000000004339357]
	[RESULT 47] [1 10.000000006976773 2 0.2684927108469504]
	[RESULT 48] [10 10.0 1 0.10000000003561987]
	[RESULT 49] [1 10.000002946106772 4 1.9889499045408459]
	[RESULT 50] [1 10.00000291394382 2 0.397859851788665]
	[RESULT 51] [1 10.0 1 0.1]
	[RESULT 52] [1 10.0 1 0.1]
	[RESULT 53] [1 10.0 1 0.1]
	[RESULT 54] [1 10.0 1 0.1]
	[RESULT 55] [1 10.0 1 0.1]
	[RESULT 56] [1 10.0 1 0.1]
[OBJECTIVES]
	[RESULT 1] [ 1.70564356e-02 -9.11287129e-03  1.29435644e-02  1.00000000e-04
  0.00000000e+00  1.00000000e-04]
	[RESULT 2] [ 1.70564356e-02 -9.11287129e-03  1.29435644e-02  1.00000000e-04
  0.00000000e+00  1.00000000e-04]
	[RESULT 3] [ 1.70564356e-02 -9.11287129e-03  1.29435644e-02  1.00000000e-04
  0.00000000e+00  1.00000000e-04]
	[RESULT 4] [ 1.70564356e-02 -9.11287129e-03  1.29435644e-02  1.00000000e-04
  0.00000000e+00  1.00000000e-04]
	[RESULT 5] [ 1.70564356e-02 -9.11287129e-03  1.29435644e-02  1.00000000e-04
  0.00000000e+00  1.00000000e-04]
	[RESULT 6] [ 1.70564356e-02 -9.11287129e-03  1.29435644e-02  1.00000000e-04
  0.00000000e+00  1.00000000e-04]
	[RESULT 7] [ 1.70564356e-02 -9.11287129e-03  1.29435644e-02  1.00000000e-04
  0.00000000e+00  1.00000000e-04]
	[RESULT 8] [ 1.70564356e-02 -9.11287129e-03  1.29435644e-02  1.00000000e-04
  0.00000000e+00  1.00000000e-04]
	[RESULT 9] [ 1.70564356e-02 -9.11287129e-03  1.29435644e-02  1.00000000e-04
  0.00000000e+00  1.00000000e-04]
	[RESULT 10] [ 1.70564356e-02 -9.11287129e-03  1.29435644e-02  1.00000000e-04
  0.00000000e+00  1.00000000e-04]
	[RESULT 11] [ 0.01665644 -0.00831287  0.01334356  0.0009      0.          0.0009    ]
	[RESULT 12] [ 0.01655644 -0.00811287  0.01344356  0.0011      0.          0.0011    ]
	[RESULT 13] [ 1.69623651e-02 -8.92473025e-03  1.30376349e-02  1.00000000e-04
  0.00000000e+00  1.00000000e-04]
	[RESULT 14] [ 0.01545643 -0.00591286  0.01454357  0.0033      0.          0.0033    ]
	[RESULT 15] [ 0.01655644 -0.00811287  0.01344356  0.0011      0.          0.0011    ]
	[RESULT 16] [ 0.01665644 -0.00831287  0.01334356  0.0009      0.          0.0009    ]
	[RESULT 17] [ 0.0157922 -0.0065844  0.0142078  0.0021     0.         0.0021   ]
	[RESULT 18] [ 1.60529000e-02 -7.10580007e-03  1.39471000e-02  1.00000000e-04
  0.00000000e+00  1.00000000e-04]
	[RESULT 19] [ 0.0157922 -0.0065844  0.0142078  0.0021     0.         0.0021   ]
	[RESULT 20] [ 1.55171230e-02 -6.03424496e-03  1.44828780e-02  1.00000000e-04
  0.00000000e+00  1.00000000e-04]
	[RESULT 21] [ 1.70564356e-02 -9.11287129e-03  1.29435644e-02  1.00000000e-04
  0.00000000e+00  1.00000000e-04]
	[RESULT 22] [ 1.70564356e-02 -9.11287129e-03  1.29435644e-02  1.00000000e-04
  0.00000000e+00  1.00000000e-04]
	[RESULT 23] [ 1.70564356e-02 -9.11287129e-03  1.29435644e-02  1.00000000e-04
  0.00000000e+00  1.00000000e-04]
	[RESULT 24] [ 1.70564356e-02 -9.11287129e-03  1.29435644e-02  1.00000000e-04
  0.00000000e+00  1.00000000e-04]
	[RESULT 25] [ 1.70564356e-02 -9.11287129e-03  1.29435644e-02  1.00000000e-04
  0.00000000e+00  1.00000000e-04]
	[RESULT 26] [ 1.70564356e-02 -9.11287129e-03  1.29435644e-02  1.00000000e-04
  0.00000000e+00  1.00000000e-04]
	[RESULT 27] [ 0.01408045 -0.0031609   0.01591955  0.0031      0.          0.0031    ]
	[RESULT 28] [ 1.52183491e-02 -5.43669814e-03  1.47816509e-02  1.00000000e-04
  0.00000000e+00  1.00000000e-04]
	[RESULT 29] [ 0.01404129 -0.00308257  0.01595871  0.0031      0.          0.0031    ]
	[RESULT 30] [ 1.25490662e-02 -9.81038891e-05  1.74509624e-02  1.00000000e-04
  0.00000000e+00  1.00000000e-04]
	[RESULT 31] [0.00804692 0.01168694 0.00364002 0.005      0.0042     0.0092    ]
	[RESULT 32] [ 1.70564356e-02 -9.11287129e-03  1.29435644e-02  1.00000000e-04
  0.00000000e+00  1.00000000e-04]
	[RESULT 33] [ 1.70564356e-02 -9.11287129e-03  1.29435644e-02  1.00000000e-04
  0.00000000e+00  1.00000000e-04]
	[RESULT 34] [0.01151533 0.01612677 0.0173579  0.0022     0.         0.0022    ]
	[RESULT 35] [0.01108796 0.0177786  0.00669065 0.003      0.         0.003     ]
	[RESULT 36] [ 0.01690644 -0.00881287  0.01309356  0.0004      0.          0.0004    ]
	[RESULT 37] [ 0.01695644 -0.00891287  0.01304356  0.0003      0.          0.0003    ]
	[RESULT 38] [ 1.70564356e-02 -9.11287129e-03  1.29435644e-02  1.00000000e-04
  0.00000000e+00  1.00000000e-04]
	[RESULT 39] [ 0.01660644 -0.00821287  0.01339356  0.001       0.          0.001     ]
	[RESULT 40] [ 0.01695644 -0.00891287  0.01304356  0.0003      0.          0.0003    ]
	[RESULT 41] [ 0.01690644 -0.00881287  0.01309356  0.0004      0.          0.0004    ]
	[RESULT 42] [ 0.01620644 -0.00741287  0.01379356  0.0018      0.          0.0018    ]
	[RESULT 43] [ 1.70564356e-02 -9.11287129e-03  1.29435644e-02  1.00000000e-04
  0.00000000e+00  1.00000000e-04]
	[RESULT 44] [ 0.01620644 -0.00741287  0.01379356  0.0018      0.          0.0018    ]
	[RESULT 45] [ 1.60529000e-02 -7.10580007e-03  1.39471000e-02  1.00000000e-04
  0.00000000e+00  1.00000000e-04]
	[RESULT 46] [ 0.01660644 -0.00821287  0.01339356  0.001       0.          0.001     ]
	[RESULT 47] [ 1.67930873e-02 -8.58617457e-03  1.32069127e-02  1.00000000e-04
  0.00000000e+00  1.00000000e-04]
	[RESULT 48] [ 0.01660644 -0.00821287  0.01339356  0.001       0.          0.001     ]
	[RESULT 49] [ 1.46873276e-02 -4.37465439e-03  1.53126732e-02  1.00000000e-04
  0.00000000e+00  1.00000000e-04]
	[RESULT 50] [ 1.66173996e-02 -8.23479847e-03  1.33826011e-02  1.00000000e-04
  0.00000000e+00  1.00000000e-04]
	[RESULT 51] [ 1.70564356e-02 -9.11287129e-03  1.29435644e-02  1.00000000e-04
  0.00000000e+00  1.00000000e-04]
	[RESULT 52] [ 1.70564356e-02 -9.11287129e-03  1.29435644e-02  1.00000000e-04
  0.00000000e+00  1.00000000e-04]
	[RESULT 53] [ 1.70564356e-02 -9.11287129e-03  1.29435644e-02  1.00000000e-04
  0.00000000e+00  1.00000000e-04]
	[RESULT 54] [ 1.70564356e-02 -9.11287129e-03  1.29435644e-02  1.00000000e-04
  0.00000000e+00  1.00000000e-04]
	[RESULT 55] [ 1.70564356e-02 -9.11287129e-03  1.29435644e-02  1.00000000e-04
  0.00000000e+00  1.00000000e-04]
	[RESULT 56] [ 1.70564356e-02 -9.11287129e-03  1.29435644e-02  1.00000000e-04
  0.00000000e+00  1.00000000e-04]
