[METRICS]
	[DISEQUILIBRIUM COUNT] 0
	[MINIMUM S0 e1 S1 DISTANCE]0.007583333367589718
	[MINIMUM S0 e1 S2 DISTANCE]0.0027091454505313584
	[MINIMUM S0 e1 S6 DISTANCE]0.0028311531741270685
	[MINIMUM S3 e1 S1 DISTANCE]9.99999999999994e-05
	[MINIMUM S3 e1 S4 DISTANCE]0.0
	[MINIMUM S3 e1 S5 DISTANCE]9.999999999998899e-05
	[AVERAGE S0 e1 S1 DISTANCE]0.010290492047324063
	[AVERAGE S0 e1 S2 DISTANCE]0.015308069873171713
	[AVERAGE S0 e1 S6 DISTANCE]0.005666928298580757
	[AVERAGE S3 e1 S1 DISTANCE]0.00435833333333334
	[AVERAGE S3 e1 S4 DISTANCE]0.001064158163265306
	[AVERAGE S3 e1 S5 DISTANCE]0.005422491496598648
[VARIABLES]
	[RESULT 1] [100 9884.304285988026 10 1.9999923798796588]
	[RESULT 2] [97 9639.301644839194 10 1.9999386929820218]
	[RESULT 3] [96 9788.516558347088 10 1.9999995629675524]
	[RESULT 4] [88 9986.009481208433 10 1.999999001962484]
	[RESULT 5] [82 9853.939681148619 10 1.999809033168516]
	[RESULT 6] [81 9598.607715551141 10 1.9999997327053964]
	[RESULT 7] [97 9639.301644839194 10 1.9999386929820218]
	[RESULT 8] [84 9994.39618485197 10 1.9999999968391584]
	[RESULT 9] [81 9998.342515960403 10 1.999991215161463]
	[RESULT 10] [79 9999.929792050296 10 1.9996851013213959]
	[RESULT 11] [81 9998.342515960403 10 1.999991215161463]
	[RESULT 12] [1 86.31011648267123 10 0.6959651121129569]
	[RESULT 13] [97 9639.301644839194 10 1.9999386929820218]
	[RESULT 14] [80 9999.529127602336 10 1.9999693348793417]
	[RESULT 15] [68 9997.505037964867 10 1.9999999951593042]
	[RESULT 16] [68 9999.945619472444 10 1.9999955576023016]
	[RESULT 17] [77 9997.703628137337 10 1.9999640849881797]
	[RESULT 18] [54 9995.678645092641 10 1.9991799537216897]
	[RESULT 19] [1 86.31011648267123 10 0.6959651121129569]
	[RESULT 20] [63 9853.032129563646 10 1.9998763387314793]
	[RESULT 21] [68 9999.945619472444 10 1.9999955576023016]
	[RESULT 22] [39 9999.945619472444 10 1.9999945726167911]
	[RESULT 23] [16 9999.986408067141 10 1.999999984169386]
	[RESULT 24] [25 9999.711184622305 10 1.9998108081680588]
	[RESULT 25] [88 9986.009481208433 10 1.999999001962484]
	[RESULT 26] [93 9999.115100409022 10 1.999976779143527]
	[RESULT 27] [80 9999.529127602336 10 1.9999693348793417]
	[RESULT 28] [84 9997.70463813365 10 1.9999999951259602]
	[RESULT 29] [79 9793.267545169929 10 1.9999359726002979]
	[RESULT 30] [78 9999.368016770837 10 1.999999859023949]
	[RESULT 31] [80 9999.529127602336 10 1.9999693348793417]
	[RESULT 32] [79 9793.267545169929 10 1.9999359726002979]
	[RESULT 33] [1 89.63267120521141 2 0.3463826243492666]
	[RESULT 34] [73 9994.320829938713 10 1.9926285362592757]
	[RESULT 35] [76 9999.512400300011 10 1.9907229975115053]
	[RESULT 36] [57 9999.999502660254 10 1.9999999941879543]
	[RESULT 37] [4 8812.198329661172 3 0.5432110702594284]
	[RESULT 38] [16 9999.986408067141 10 1.999999984169386]
	[RESULT 39] [79 9793.267545169929 10 1.9999359726002979]
	[RESULT 40] [81 9998.342515960403 10 1.999991215161463]
	[RESULT 41] [69 9648.106694476039 10 1.9999999951259602]
[OBJECTIVES]
	[RESULT 1] [0.00758334 0.01041733 0.00283399 0.005      0.005      0.01      ]
	[RESULT 2] [0.0077334  0.01072375 0.00299035 0.005      0.0047     0.0097    ]
	[RESULT 3] [0.00778333 0.01081974 0.00303641 0.005      0.0046     0.0096    ]
	[RESULT 4] [0.00818333 0.01161478 0.00343145 0.005      0.0038     0.0088    ]
	[RESULT 5] [0.00848353 0.01221846 0.00373494 0.005      0.0032     0.0082    ]
	[RESULT 6] [0.00853333 0.0123247  0.00379137 0.005      0.0031     0.0081    ]
	[RESULT 7] [0.0077334  0.01072375 0.00299035 0.005      0.0047     0.0097    ]
	[RESULT 8] [0.00838333 0.01201457 0.00363124 0.005      0.0034     0.0084    ]
	[RESULT 9] [0.00853334 0.0123145  0.00378115 0.005      0.0031     0.0081    ]
	[RESULT 10] [0.00863365 0.01251507 0.00388142 0.005      0.0029     0.0079    ]
	[RESULT 11] [0.00853334 0.0123145  0.00378115 0.005      0.0031     0.0081    ]
	[RESULT 12] [1.40065139e-02 7.80741144e-03 2.31860746e-02 1.00000000e-04
 0.00000000e+00 1.00000000e-04]
	[RESULT 13] [0.0077334  0.01072375 0.00299035 0.005      0.0047     0.0097    ]
	[RESULT 14] [0.00858336 0.01241451 0.00383115 0.005      0.003      0.008     ]
	[RESULT 15] [0.00918333 0.0136145  0.00443116 0.005      0.0018     0.0068    ]
	[RESULT 16] [0.00918334 0.01361445 0.00443111 0.005      0.0018     0.0068    ]
	[RESULT 17] [0.00873337 0.01271457 0.0039812  0.005      0.0027     0.0077    ]
	[RESULT 18] [0.00988416 0.01501619 0.00513204 0.005      0.0004     0.0054    ]
	[RESULT 19] [1.40065139e-02 7.80741144e-03 2.31860746e-02 1.00000000e-04
 0.00000000e+00 1.00000000e-04]
	[RESULT 20] [0.00943346 0.01411835 0.00468489 0.005      0.0013     0.0063    ]
	[RESULT 21] [0.00918334 0.01361445 0.00443111 0.005      0.0018     0.0068    ]
	[RESULT 22] [0.01063334 0.01651445 0.00588111 0.0039     0.         0.0039    ]
	[RESULT 23] [0.01178333 0.01881444 0.0070311  0.0016     0.         0.0016    ]
	[RESULT 24] [0.01133352 0.01791482 0.0065813  0.0025     0.         0.0025    ]
	[RESULT 25] [0.00818333 0.01161478 0.00343145 0.005      0.0038     0.0088    ]
	[RESULT 26] [0.00793336 0.01111451 0.00318115 0.005      0.0043     0.0093    ]
	[RESULT 27] [0.00858336 0.01241451 0.00383115 0.005      0.003      0.008     ]
	[RESULT 28] [0.00838333 0.01201449 0.00363116 0.005      0.0034     0.0084    ]
	[RESULT 29] [0.0086334  0.01251975 0.00388635 0.005      0.0029     0.0079    ]
	[RESULT 30] [0.00868333 0.01261445 0.00393112 0.005      0.0028     0.0078    ]
	[RESULT 31] [0.00858336 0.01241451 0.00383115 0.005      0.003      0.008     ]
	[RESULT 32] [0.0086334  0.01251975 0.00388635 0.005      0.0029     0.0079    ]
	[RESULT 33] [1.66867822e-02 2.70914545e-03 2.43959277e-02 1.00000000e-04
 0.00000000e+00 1.00000000e-04]
	[RESULT 34] [0.00894076 0.01312943 0.00418867 0.005      0.0023     0.0073    ]
	[RESULT 35] [0.00879268 0.01283315 0.00404046 0.005      0.0026     0.0076    ]
	[RESULT 36] [0.00973333 0.01471444 0.0049811  0.005      0.0007     0.0057    ]
	[RESULT 37] [0.01624043 0.01723832 0.01152126 0.0004     0.         0.0004    ]
	[RESULT 38] [0.01178333 0.01881444 0.0070311  0.0016     0.         0.0016    ]
	[RESULT 39] [0.0086334  0.01251975 0.00388635 0.005      0.0029     0.0079    ]
	[RESULT 40] [0.00853334 0.0123145  0.00378115 0.005      0.0031     0.0081    ]
	[RESULT 41] [0.00913333 0.01352339 0.00439006 0.005      0.0019     0.0069    ]
