[METRICS]
	[DISEQUILIBRIUM COUNT] 382
	[MINIMUM S0 e1 S1 DISTANCE]0.007583387669397885
	[MINIMUM S0 e1 S2 DISTANCE]-0.009107073956368672
	[MINIMUM S0 e1 S6 DISTANCE]0.002834195117031741
	[MINIMUM S3 e1 S1 DISTANCE]9.99999999999994e-05
	[MINIMUM S3 e1 S4 DISTANCE]0.0
	[MINIMUM S3 e1 S5 DISTANCE]9.999999999998899e-05
	[AVERAGE S0 e1 S1 DISTANCE]0.013395444591212976
	[AVERAGE S0 e1 S2 DISTANCE]0.004896225625993174
	[AVERAGE S0 e1 S6 DISTANCE]0.010720697350577136
	[AVERAGE S3 e1 S1 DISTANCE]0.002483258928571432
	[AVERAGE S3 e1 S4 DISTANCE]0.0013955357142857135
	[AVERAGE S3 e1 S5 DISTANCE]0.003878794642857142
[VARIABLES]
	[RESULT 1] [1 10.00112922993287 2 0.10264267888652616]
	[RESULT 2] [1 10.000195142291794 1 0.10263680393148088]
	[RESULT 3] [1 10.000195142291794 1 0.10263680393148088]
	[RESULT 4] [1 10.000195142291794 1 0.10263680393148088]
	[RESULT 5] [1 10.001140819667324 1 0.10914375257434102]
	[RESULT 6] [1 10.000195142291794 1 0.10263680393148088]
	[RESULT 7] [1 10.000195142291794 1 0.10263680393148088]
	[RESULT 8] [1 10.00112922993287 1 0.1025267820232969]
	[RESULT 9] [1 10.001278179796994 1 0.1024320611774475]
	[RESULT 10] [1 10.001278179796994 1 0.1024320611774475]
	[RESULT 11] [10 10.000946259343502 1 0.10378191927601915]
	[RESULT 12] [10 10.000946259343502 1 0.10378191927601915]
	[RESULT 13] [1 10.000113745416085 2 0.10020177612515167]
	[RESULT 14] [23 10.000022052355183 2 0.10162460555664071]
	[RESULT 15] [10 10.002625797468813 3 0.11034133882498373]
	[RESULT 16] [7 10.002885646247357 2 0.10131868918794376]
	[RESULT 17] [21 10.00215181993949 4 0.24543026637067394]
	[RESULT 18] [1 10.000004574430307 4 0.7231192722700042]
	[RESULT 19] [21 10.00215181993949 4 0.24543026637067394]
	[RESULT 20] [1 10.00113257367815 5 0.9662431132863574]
	[RESULT 21] [1 10.000041218681096 1 0.10241643215821375]
	[RESULT 22] [1 10.000041218681096 1 0.10241643215821375]
	[RESULT 23] [1 10.000041218681096 1 0.10241643215821375]
	[RESULT 24] [36 10.093587896161962 5 0.7350895356039131]
	[RESULT 25] [1 10.000544778395135 2 1.6260430549345704]
	[RESULT 26] [34 10.002555945903023 2 0.9270304519424845]
	[RESULT 27] [11 10.001222819991387 6 1.7752331996910353]
	[RESULT 28] [85 9182.62142302403 10 1.9032047494556235]
	[RESULT 29] [1 10.000041218681096 1 0.10241643215821375]
	[RESULT 30] [1 10.000041218681096 1 0.10241643215821375]
	[RESULT 31] [7 202.1995208374456 5 1.8809365926459383]
	[RESULT 32] [9 9152.573750826581 10 1.9032047494556235]
	[RESULT 33] [3 10.00002412039731 1 0.10026892862489772]
	[RESULT 34] [2 10.002666484432115 1 0.10015260045612627]
	[RESULT 35] [1 10.000195142291794 1 0.10263680393148088]
	[RESULT 36] [8 10.001870302724168 1 0.1019318578503857]
	[RESULT 37] [4 10.001793264783771 1 0.10242561659068722]
	[RESULT 38] [17 10.000935224909368 2 0.10100980437977755]
	[RESULT 39] [1 10.002146581101261 5 0.6170882251724292]
	[RESULT 40] [10 10.000946259343502 1 0.10378191927601915]
	[RESULT 41] [1 10.001313528170726 4 0.1594255820930785]
	[RESULT 42] [8 10.001870302724168 1 0.1019318578503857]
	[RESULT 43] [1 10.001222819991387 6 1.7644118206952106]
	[RESULT 44] [2 10.002856845618341 5 0.168823618341362]
	[RESULT 45] [1 10.000195142291794 1 0.10202250528111452]
	[RESULT 46] [1 10.000195142291794 1 0.10202250528111452]
	[RESULT 47] [1 10.000195142291794 1 0.10202250528111452]
	[RESULT 48] [1 10.000195142291794 1 0.10202250528111452]
	[RESULT 49] [1 10.000195142291794 1 0.10202250528111452]
	[RESULT 50] [1 10.000195142291794 1 0.10202250528111452]
[OBJECTIVES]
	[RESULT 1] [ 1.70249025e-02 -9.04952263e-03  1.29753798e-02  1.00000000e-04
  0.00000000e+00  1.00000000e-04]
	[RESULT 2] [ 1.70526886e-02 -9.10532840e-03  1.29473602e-02  1.00000000e-04
  0.00000000e+00  1.00000000e-04]
	[RESULT 3] [ 1.70526886e-02 -9.10532840e-03  1.29473602e-02  1.00000000e-04
  0.00000000e+00  1.00000000e-04]
	[RESULT 4] [ 1.70526886e-02 -9.10532840e-03  1.29473602e-02  1.00000000e-04
  0.00000000e+00  1.00000000e-04]
	[RESULT 5] [ 1.70434502e-02 -9.08661520e-03  1.29568350e-02  1.00000000e-04
  0.00000000e+00  1.00000000e-04]
	[RESULT 6] [ 1.70526886e-02 -9.10532840e-03  1.29473602e-02  1.00000000e-04
  0.00000000e+00  1.00000000e-04]
	[RESULT 7] [ 1.70526886e-02 -9.10532840e-03  1.29473602e-02  1.00000000e-04
  0.00000000e+00  1.00000000e-04]
	[RESULT 8] [ 1.70528449e-02 -9.10540750e-03  1.29474374e-02  1.00000000e-04
  0.00000000e+00  1.00000000e-04]
	[RESULT 9] [ 1.70529795e-02 -9.10563940e-03  1.29473401e-02  1.00000000e-04
  0.00000000e+00  1.00000000e-04]
	[RESULT 10] [ 1.70529795e-02 -9.10563940e-03  1.29473401e-02  1.00000000e-04
  0.00000000e+00  1.00000000e-04]
	[RESULT 11] [ 0.01660106 -0.00820189  0.01339917  0.001       0.          0.001     ]
	[RESULT 12] [ 0.01660106 -0.00820189  0.01339917  0.001       0.          0.001     ]
	[RESULT 13] [ 1.70283711e-02 -9.05671369e-03  1.29716574e-02  1.00000000e-04
  0.00000000e+00  1.00000000e-04]
	[RESULT 14] [ 0.01592635 -0.00685269  0.01407366  0.0023      0.          0.0023    ]
	[RESULT 15] [ 0.01652925 -0.00805785  0.01347141  0.001       0.          0.001     ]
	[RESULT 16] [ 0.01672678 -0.00845285  0.01327394  0.0007      0.          0.0007    ]
	[RESULT 17] [ 0.01574551 -0.00649048  0.01425503  0.0021      0.          0.0021    ]
	[RESULT 18] [ 1.61150419e-02 -7.23008266e-03  1.38849592e-02  1.00000000e-04
  0.00000000e+00  1.00000000e-04]
	[RESULT 19] [ 0.01574551 -0.00649048  0.01425503  0.0021      0.          0.0021    ]
	[RESULT 20] [ 1.57557285e-02 -6.51117387e-03  1.42445546e-02  1.00000000e-04
  0.00000000e+00  1.00000000e-04]
	[RESULT 21] [ 1.70530017e-02 -9.10599305e-03  1.29470086e-02  1.00000000e-04
  0.00000000e+00  1.00000000e-04]
	[RESULT 22] [ 1.70530017e-02 -9.10599305e-03  1.29470086e-02  1.00000000e-04
  0.00000000e+00  1.00000000e-04]
	[RESULT 23] [ 1.70530017e-02 -9.10599305e-03  1.29470086e-02  1.00000000e-04
  0.00000000e+00  1.00000000e-04]
	[RESULT 24] [ 0.01429044 -0.00355751  0.01573294  0.0036      0.          0.0036    ]
	[RESULT 25] [ 1.51442214e-02 -5.28830671e-03  1.48559147e-02  1.00000000e-04
  0.00000000e+00  1.00000000e-04]
	[RESULT 26] [ 0.01429207 -0.0035835   0.01570857  0.0034      0.          0.0034    ]
	[RESULT 27] [ 0.01426398 -0.00352766  0.01573632  0.0011      0.          0.0011    ]
	[RESULT 28] [0.00843159 0.0121328  0.0037012  0.005      0.0035     0.0085    ]
	[RESULT 29] [ 1.70530017e-02 -9.10599305e-03  1.29470086e-02  1.00000000e-04
  0.00000000e+00  1.00000000e-04]
	[RESULT 30] [ 1.70530017e-02 -9.10599305e-03  1.29470086e-02  1.00000000e-04
  0.00000000e+00  1.00000000e-04]
	[RESULT 31] [0.01443776 0.01256869 0.01799356 0.0007     0.         0.0007    ]
	[RESULT 32] [0.01223159 0.01973367 0.00750208 0.0009     0.         0.0009    ]
	[RESULT 33] [ 0.01695605 -0.0089121   0.01304395  0.0003      0.          0.0003    ]
	[RESULT 34] [ 0.01700622 -0.00901177  0.01299445  0.0002      0.          0.0002    ]
	[RESULT 35] [ 1.70526886e-02 -9.10532840e-03  1.29473602e-02  1.00000000e-04
  0.00000000e+00  1.00000000e-04]
	[RESULT 36] [ 0.01670369 -0.00840691  0.01329678  0.0008      0.          0.0008    ]
	[RESULT 37] [ 0.01690299 -0.00880553  0.01309746  0.0004      0.          0.0004    ]
	[RESULT 38] [ 0.01622722 -0.00745421  0.01377301  0.0017      0.          0.0017    ]
	[RESULT 39] [ 1.61905618e-02 -7.38058705e-03  1.38099748e-02  1.00000000e-04
  0.00000000e+00  1.00000000e-04]
	[RESULT 40] [ 0.01660106 -0.00820189  0.01339917  0.001       0.          0.001     ]
	[RESULT 41] [ 1.68653176e-02 -8.73030684e-03  1.31350108e-02  1.00000000e-04
  0.00000000e+00  1.00000000e-04]
	[RESULT 42] [ 0.01670369 -0.00840691  0.01329678  0.0008      0.          0.0008    ]
	[RESULT 43] [ 1.47753081e-02 -4.55031045e-03  1.52249976e-02  1.00000000e-04
  0.00000000e+00  1.00000000e-04]
	[RESULT 44] [ 0.0167426  -0.00848449  0.01325811  0.0002      0.          0.0002    ]
	[RESULT 45] [ 1.70535614e-02 -9.10707396e-03  1.29464874e-02  1.00000000e-04
  0.00000000e+00  1.00000000e-04]
	[RESULT 46] [ 1.70535614e-02 -9.10707396e-03  1.29464874e-02  1.00000000e-04
  0.00000000e+00  1.00000000e-04]
	[RESULT 47] [ 1.70535614e-02 -9.10707396e-03  1.29464874e-02  1.00000000e-04
  0.00000000e+00  1.00000000e-04]
	[RESULT 48] [ 1.70535614e-02 -9.10707396e-03  1.29464874e-02  1.00000000e-04
  0.00000000e+00  1.00000000e-04]
	[RESULT 49] [ 1.70535614e-02 -9.10707396e-03  1.29464874e-02  1.00000000e-04
  0.00000000e+00  1.00000000e-04]
	[RESULT 50] [ 1.70535614e-02 -9.10707396e-03  1.29464874e-02  1.00000000e-04
  0.00000000e+00  1.00000000e-04]
