[METRICS]
	[DISEQUILIBRIUM COUNT] 0
	[MINIMUM S0 e1 S1 DISTANCE]0.009199341911407893
	[MINIMUM S0 e1 S2 DISTANCE]0.013676231959375396
	[MINIMUM S0 e1 S6 DISTANCE]0.004476890047967511
	[MINIMUM S3 e1 S1 DISTANCE]9.99999999999994e-05
	[MINIMUM S3 e1 S4 DISTANCE]0.0
	[MINIMUM S3 e1 S5 DISTANCE]9.999999999998899e-05
	[AVERAGE S0 e1 S1 DISTANCE]0.011518461676067305
	[AVERAGE S0 e1 S2 DISTANCE]0.01809627021643445
	[AVERAGE S0 e1 S6 DISTANCE]0.0068534753163269875
	[AVERAGE S3 e1 S1 DISTANCE]0.002923549107142855
	[AVERAGE S3 e1 S4 DISTANCE]7.645089285714274e-05
	[AVERAGE S3 e1 S5 DISTANCE]0.00300000000000001
[VARIABLES]
	[RESULT 1] [38 9997.703663399407 10 1.9999922672045274]
	[RESULT 2] [30 9999.992650020436 10 1.9999994273255353]
	[RESULT 3] [56 9999.85568070764 10 1.9524615698176613]
	[RESULT 4] [67 9992.534507563978 10 1.9999845063396495]
	[RESULT 5] [30 9999.992650020436 10 1.9999994273255353]
	[RESULT 6] [53 9997.62437584341 10 1.9999996654163332]
	[RESULT 7] [34 9991.266223573492 10 1.9999995920053997]
	[RESULT 8] [37 9999.877143481175 10 1.9999987927641345]
	[RESULT 9] [31 9999.998799517114 10 1.999999977468669]
	[RESULT 10] [30 9999.992650020436 10 1.9999994273255353]
	[RESULT 11] [34 9991.266223573492 10 1.9999995920053997]
	[RESULT 12] [34 9991.604429918274 10 1.9999982022545788]
	[RESULT 13] [29 9999.938952639077 10 1.9999994273255353]
	[RESULT 14] [39 9993.897100411556 10 1.999997596074042]
	[RESULT 15] [29 9999.938952639077 10 1.9999994273255353]
	[RESULT 16] [34 9991.266223573492 10 1.9999995920053997]
	[RESULT 17] [21 9999.98478565855 10 1.9999998876969012]
	[RESULT 18] [24 9999.956471861144 10 1.9999885848542538]
	[RESULT 19] [13 9668.248553487141 10 1.999998859945172]
	[RESULT 20] [18 9966.6495610689 10 1.9999998415565983]
	[RESULT 21] [35 9999.718787124344 10 1.9999809739398662]
	[RESULT 22] [30 9999.981074700736 10 1.999999566787394]
	[RESULT 23] [41 9971.18893748954 10 1.9999996987181452]
	[RESULT 24] [34 9991.266223573492 10 1.9999995920053997]
	[RESULT 25] [28 9999.647680541411 10 1.9999808899847342]
	[RESULT 26] [26 9999.647680541411 10 1.9999999929229775]
	[RESULT 27] [22 9990.683989423678 10 1.9999872705768427]
	[RESULT 28] [1 6653.813382208862 5 1.957015154172968]
	[RESULT 29] [12 9495.204943680203 10 1.999998421996674]
	[RESULT 30] [28 9997.632926273203 10 1.9999988235220998]
[OBJECTIVES]
	[RESULT 1] [0.01068334 0.01661451 0.00593117 0.0038     0.         0.0038    ]
	[RESULT 2] [0.01108333 0.01741444 0.0063311  0.003      0.         0.003     ]
	[RESULT 3] [0.00983139 0.01491056 0.00507917 0.005      0.0006     0.0056    ]
	[RESULT 4] [0.00923335 0.01371465 0.0044813  0.005      0.0017     0.0067    ]
	[RESULT 5] [0.01108333 0.01741444 0.0063311  0.003      0.         0.003     ]
	[RESULT 6] [0.00993333 0.0151145  0.00518116 0.005      0.0003     0.0053    ]
	[RESULT 7] [0.01088333 0.01701465 0.00613132 0.0034     0.         0.0034    ]
	[RESULT 8] [0.01073333 0.01671444 0.00598111 0.0037     0.         0.0037    ]
	[RESULT 9] [0.01103333 0.01731444 0.0062811  0.0031     0.         0.0031    ]
	[RESULT 10] [0.01108333 0.01741444 0.0063311  0.003      0.         0.003     ]
	[RESULT 11] [0.01088333 0.01701465 0.00613132 0.0034     0.         0.0034    ]
	[RESULT 12] [0.01088334 0.01701465 0.00613131 0.0034     0.         0.0034    ]
	[RESULT 13] [0.01113333 0.01751444 0.00638111 0.0029     0.         0.0029    ]
	[RESULT 14] [0.01063334 0.01651459 0.00588126 0.0039     0.         0.0039    ]
	[RESULT 15] [0.01113333 0.01751444 0.00638111 0.0029     0.         0.0029    ]
	[RESULT 16] [0.01088333 0.01701465 0.00613132 0.0034     0.         0.0034    ]
	[RESULT 17] [0.01153333 0.01831444 0.0067811  0.0021     0.         0.0021    ]
	[RESULT 18] [0.01138334 0.01801446 0.00663112 0.0024     0.         0.0024    ]
	[RESULT 19] [0.01193333 0.01912286 0.00718953 0.0013     0.         0.0013    ]
	[RESULT 20] [0.01168333 0.01861526 0.00693193 0.0018     0.         0.0018    ]
	[RESULT 21] [0.01083335 0.01691448 0.00608113 0.0035     0.         0.0035    ]
	[RESULT 22] [0.01108333 0.01741444 0.0063311  0.003      0.         0.003     ]
	[RESULT 23] [0.01053333 0.01631515 0.00578181 0.0041     0.         0.0041    ]
	[RESULT 24] [0.01088333 0.01701465 0.00613132 0.0034     0.         0.0034    ]
	[RESULT 25] [0.01118335 0.01761448 0.00643113 0.0028     0.         0.0028    ]
	[RESULT 26] [0.01128333 0.01781445 0.00653111 0.0026     0.         0.0026    ]
	[RESULT 27] [0.01148335 0.01821469 0.00673135 0.0022     0.         0.0022    ]
	[RESULT 28] [1.46601056e-02 2.03090786e-02 1.00308158e-02 1.00000000e-04
 0.00000000e+00 1.00000000e-04]
	[RESULT 29] [0.01198333 0.01922749 0.00724415 0.0012     0.         0.0012    ]
	[RESULT 30] [0.01118333 0.0176145  0.00643116 0.0028     0.         0.0028    ]
