[METRICS]
	[DISEQUILIBRIUM COUNT] 0
	[MINIMUM S0 e1 S1 DISTANCE]0.007634237610773755
	[MINIMUM S0 e1 S2 DISTANCE]0.010519603299116276
	[MINIMUM S0 e1 S6 DISTANCE]0.0028846215109905923
	[MINIMUM S3 e1 S1 DISTANCE]0.00020000000000000052
	[MINIMUM S3 e1 S4 DISTANCE]0.0
	[MINIMUM S3 e1 S5 DISTANCE]0.00019999999999997797
	[AVERAGE S0 e1 S1 DISTANCE]0.010642560655174523
	[AVERAGE S0 e1 S2 DISTANCE]0.016336010402290407
	[AVERAGE S0 e1 S6 DISTANCE]0.006024580578299913
	[AVERAGE S3 e1 S1 DISTANCE]0.004152678571428568
	[AVERAGE S3 e1 S4 DISTANCE]0.0007637276785714289
	[AVERAGE S3 e1 S5 DISTANCE]0.004916406250000013
[VARIABLES]
	[RESULT 1] [75 8896.535459218105 10 1.9942649620800568]
	[RESULT 2] [96 7450.869471280335 10 1.9935536394285363]
	[RESULT 3] [70 9999.746347916547 10 1.99999037857489]
	[RESULT 4] [75 8896.535459218105 10 1.9942649620800568]
	[RESULT 5] [96 7450.869471280335 10 1.9935536394285363]
	[RESULT 6] [65 9864.497177340092 10 1.9999834442874667]
	[RESULT 7] [61 9989.734213464537 10 1.9999960067826912]
	[RESULT 8] [57 9993.56403022274 10 1.999905683578798]
	[RESULT 9] [67 9978.567374684972 10 1.9997577395057633]
	[RESULT 10] [67 9978.567374684972 10 1.9997577395057633]
	[RESULT 11] [44 9999.0533381699 10 1.9998389516906656]
	[RESULT 12] [62 9996.300907645496 10 1.9999783630835746]
	[RESULT 13] [53 9997.830152681096 10 1.9998196520840579]
	[RESULT 14] [59 9554.109943751546 10 1.9997691286214578]
	[RESULT 15] [60 9998.35303383404 10 1.9999838309324949]
	[RESULT 16] [57 9813.1870994299 10 1.9999856797458988]
	[RESULT 17] [57 9813.1870994299 10 1.9999856797458988]
	[RESULT 18] [52 9996.32636541525 10 1.9999783630835746]
	[RESULT 19] [38 9992.751780070033 10 1.999700736702146]
	[RESULT 20] [33 9994.485225430204 10 1.9999932840079346]
	[RESULT 21] [38 9992.751780070033 10 1.999700736702146]
	[RESULT 22] [36 9992.360968110246 10 1.9993956955048258]
	[RESULT 23] [32 9994.485225430204 10 1.9999955564093301]
	[RESULT 24] [36 9992.360968110246 10 1.9993956955048258]
	[RESULT 25] [17 9790.566986088435 10 1.9999881318042754]
	[RESULT 26] [26 9894.96592320633 10 1.9993857583028134]
	[RESULT 27] [66 9989.734213464537 10 1.9999940251657082]
	[RESULT 28] [43 9993.196900003895 10 1.9999367724706234]
	[RESULT 29] [63 9989.734213464537 10 1.9999835820012648]
	[RESULT 30] [60 9998.35303383404 10 1.9999838309324949]
	[RESULT 31] [53 9997.830152681096 10 1.9998196520840579]
	[RESULT 32] [59 9554.109943751546 10 1.9997691286214578]
	[RESULT 33] [41 9999.920948269593 10 1.999984199227549]
	[RESULT 34] [39 9998.38079554991 10 1.9999377873966677]
	[RESULT 35] [39 9994.092565218667 10 1.9999733223084233]
	[RESULT 36] [33 9994.485225430204 10 1.9999932840079346]
	[RESULT 37] [38 9992.751780070033 10 1.999700736702146]
	[RESULT 38] [7 9784.267427756455 8 0.5886875064939757]
	[RESULT 39] [19 9090.518528486917 10 1.999901207280921]
	[RESULT 40] [59 9554.109943751546 10 1.9997691286214578]
	[RESULT 41] [43 9993.196900003895 10 1.9999367724706234]
	[RESULT 42] [43 9993.196900003895 10 1.9999367724706234]
[OBJECTIVES]
	[RESULT 1] [0.00883911 0.01295642 0.0041173  0.005      0.0025     0.0075    ]
	[RESULT 2] [0.00778983 0.01091118 0.00312135 0.005      0.0046     0.0096    ]
	[RESULT 3] [0.00908334 0.01341446 0.00433112 0.005      0.002      0.007     ]
	[RESULT 4] [0.00883911 0.01295642 0.0041173  0.005      0.0025     0.0075    ]
	[RESULT 5] [0.00778983 0.01091118 0.00312135 0.005      0.0046     0.0096    ]
	[RESULT 6] [0.00933335 0.01391784 0.00458449 0.005      0.0015     0.0065    ]
	[RESULT 7] [0.00953334 0.0143147  0.00478136 0.005      0.0011     0.0061    ]
	[RESULT 8] [0.00973343 0.01471478 0.00498136 0.005      0.0007     0.0057    ]
	[RESULT 9] [0.00923358 0.01371545 0.00448187 0.005      0.0017     0.0067    ]
	[RESULT 10] [0.00923358 0.01371545 0.00448187 0.005      0.0017     0.0067    ]
	[RESULT 11] [0.0103835  0.01601478 0.00563129 0.0044     0.         0.0044    ]
	[RESULT 12] [0.00948336 0.01421457 0.00473122 0.005      0.0012     0.0062    ]
	[RESULT 13] [0.00993351 0.01511485 0.00518134 0.005      0.0003     0.0053    ]
	[RESULT 14] [0.00963357 0.01452636 0.00489279 0.005      0.0009     0.0059    ]
	[RESULT 15] [0.00958335 0.01441451 0.00483116 0.005      0.001      0.006     ]
	[RESULT 16] [0.00973335 0.01471914 0.00498579 0.005      0.0007     0.0057    ]
	[RESULT 17] [0.00973335 0.01471914 0.00498579 0.005      0.0007     0.0057    ]
	[RESULT 18] [0.00998336 0.01521457 0.00523122 0.005      0.0002     0.0052    ]
	[RESULT 19] [0.01068363 0.01661522 0.00593158 0.0038     0.         0.0038    ]
	[RESULT 20] [0.01093334 0.01711459 0.00618125 0.0033     0.         0.0033    ]
	[RESULT 21] [0.01068363 0.01661522 0.00593158 0.0038     0.         0.0038    ]
	[RESULT 22] [0.01078394 0.01681584 0.0060319  0.0036     0.         0.0036    ]
	[RESULT 23] [0.01098334 0.01721458 0.00623124 0.0032     0.         0.0032    ]
	[RESULT 24] [0.01078394 0.01681584 0.0060319  0.0036     0.         0.0036    ]
	[RESULT 25] [0.01173335 0.01871971 0.00698637 0.0017     0.         0.0017    ]
	[RESULT 26] [0.01128395 0.01781828 0.00653433 0.0026     0.         0.0026    ]
	[RESULT 27] [0.00928334 0.0138147  0.00453136 0.005      0.0016     0.0066    ]
	[RESULT 28] [0.0104334  0.01611473 0.00568133 0.0043     0.         0.0043    ]
	[RESULT 29] [0.00943335 0.01411472 0.00468137 0.005      0.0013     0.0063    ]
	[RESULT 30] [0.00958335 0.01441451 0.00483116 0.005      0.001      0.006     ]
	[RESULT 31] [0.00993351 0.01511485 0.00518134 0.005      0.0003     0.0053    ]
	[RESULT 32] [0.00963357 0.01452636 0.00489279 0.005      0.0009     0.0059    ]
	[RESULT 33] [0.01053335 0.01631447 0.00578112 0.0041     0.         0.0041    ]
	[RESULT 34] [0.0106334  0.0165146  0.00588121 0.0039     0.         0.0039    ]
	[RESULT 35] [0.01063336 0.01651464 0.00588128 0.0039     0.         0.0039    ]
	[RESULT 36] [0.01093334 0.01711459 0.00618125 0.0033     0.         0.0033    ]
	[RESULT 37] [0.01068363 0.01661522 0.00593158 0.0038     0.         0.0038    ]
	[RESULT 38] [0.01551053 0.01872576 0.01076371 0.0007     0.         0.0007    ]
	[RESULT 39] [0.01163343 0.01853918 0.00690575 0.0019     0.         0.0019    ]
	[RESULT 40] [0.00963357 0.01452636 0.00489279 0.005      0.0009     0.0059    ]
	[RESULT 41] [0.0104334  0.01611473 0.00568133 0.0043     0.         0.0043    ]
	[RESULT 42] [0.0104334  0.01611473 0.00568133 0.0043     0.         0.0043    ]
