[METRICS]
	[DISEQUILIBRIUM COUNT] 0
	[MINIMUM S0 e1 S1 DISTANCE]0.008383471607482084
	[MINIMUM S0 e1 S2 DISTANCE]0.00978372859701604
	[MINIMUM S0 e1 S6 DISTANCE]0.0036336693431072036
	[MINIMUM S3 e1 S1 DISTANCE]0.00020000000000000052
	[MINIMUM S3 e1 S4 DISTANCE]0.0
	[MINIMUM S3 e1 S5 DISTANCE]0.00019999999999997797
	[AVERAGE S0 e1 S1 DISTANCE]0.010618396491987455
	[AVERAGE S0 e1 S2 DISTANCE]0.016179279274333228
	[AVERAGE S0 e1 S6 DISTANCE]0.005924082025595316
	[AVERAGE S3 e1 S1 DISTANCE]0.004205245535714282
	[AVERAGE S3 e1 S4 DISTANCE]0.0006448660714285709
	[AVERAGE S3 e1 S5 DISTANCE]0.004850111607142864
[VARIABLES]
	[RESULT 1] [74 9959.475885842898 10 1.999996925433329]
	[RESULT 2] [84 9902.096825951285 10 1.9998626810374613]
	[RESULT 3] [67 9995.186787129833 10 1.9999967790462887]
	[RESULT 4] [76 9813.375234105202 10 1.9999967790462887]
	[RESULT 5] [80 9816.994951047443 10 1.9999967790462887]
	[RESULT 6] [60 9997.034793464258 10 1.999998870274718]
	[RESULT 7] [64 9999.75226713438 10 1.999771141436223]
	[RESULT 8] [60 9999.124078407533 10 1.9999624435806538]
	[RESULT 9] [65 9999.951534896154 10 1.9999926236055676]
	[RESULT 10] [65 9999.951534896154 10 1.9999926236055676]
	[RESULT 11] [44 9998.613194930977 10 1.9997225187926984]
	[RESULT 12] [61 9997.082510852788 10 1.9999993712528035]
	[RESULT 13] [59 9999.752050657797 10 1.9999629957739502]
	[RESULT 14] [54 9996.198509498523 10 1.999925995517869]
	[RESULT 15] [56 9999.711282820968 10 1.9999556326429986]
	[RESULT 16] [65 9996.415355828334 10 1.9999967790462887]
	[RESULT 17] [67 9998.775708994468 10 1.999928147015581]
	[RESULT 18] [59 9999.752050657797 10 1.9999629957739502]
	[RESULT 19] [57 9996.43433686517 10 1.9999801606650738]
	[RESULT 20] [59 9996.393096947606 10 1.9999980579040058]
	[RESULT 21] [50 9998.973330773983 10 1.9999269127600603]
	[RESULT 22] [39 9999.925642560558 10 1.9999999750180502]
	[RESULT 23] [33 9999.992709591445 10 1.9999977003466252]
	[RESULT 24] [38 9999.956205297987 10 1.9999984129299446]
	[RESULT 25] [33 9999.992709591445 10 1.9999977003466252]
	[RESULT 26] [34 9999.21696615399 10 1.999995736351533]
	[RESULT 27] [28 9998.753042477436 10 1.9999715812727923]
	[RESULT 28] [34 9999.21696615399 10 1.999995736351533]
	[RESULT 29] [15 8954.511582620245 10 1.9999715812727923]
	[RESULT 30] [22 9955.102271722428 10 1.9999989358115584]
	[RESULT 31] [65 9999.951534896154 10 1.9999926236055676]
	[RESULT 32] [65 9999.951534896154 10 1.9999926236055676]
	[RESULT 33] [61 9999.88374464716 10 1.999998085551141]
	[RESULT 34] [59 9996.393096947606 10 1.9999980579040058]
	[RESULT 35] [54 9996.198509498523 10 1.999925995517869]
	[RESULT 36] [43 9999.925642560558 10 1.9999998924313462]
	[RESULT 37] [33 9999.985577804784 10 1.9999977090713892]
	[RESULT 38] [8 9999.797608603752 2 0.3592496822445438]
	[RESULT 39] [12 9966.625932364268 10 1.9999879697357983]
	[RESULT 40] [43 9999.925642560558 10 1.9999998924313462]
	[RESULT 41] [43 9999.925642560558 10 1.9999998924313462]
	[RESULT 42] [43 9999.925642560558 10 1.9999998924313462]
	[RESULT 43] [42 9999.925642560558 10 1.9999999554148726]
	[RESULT 44] [33 9999.985577804784 10 1.9999977090713892]
[OBJECTIVES]
	[RESULT 1] [0.00888334 0.01301544 0.00413211 0.005      0.0024     0.0074    ]
	[RESULT 2] [0.00838347 0.01201714 0.00363367 0.005      0.0034     0.0084    ]
	[RESULT 3] [0.00923334 0.01371456 0.00448122 0.005      0.0017     0.0067    ]
	[RESULT 4] [0.00878334 0.01281911 0.00403578 0.005      0.0026     0.0076    ]
	[RESULT 5] [0.00858334 0.01241902 0.00383568 0.005      0.003      0.008     ]
	[RESULT 6] [0.00958333 0.01441451 0.00483118 0.005      0.001      0.006     ]
	[RESULT 7] [0.00938356 0.0140149  0.00463134 0.005      0.0014     0.0064    ]
	[RESULT 8] [0.00958337 0.01441453 0.00483116 0.005      0.001      0.006     ]
	[RESULT 9] [0.00933334 0.01391445 0.00458111 0.005      0.0015     0.0065    ]
	[RESULT 10] [0.00933334 0.01391445 0.00458111 0.005      0.0015     0.0065    ]
	[RESULT 11] [0.01038361 0.01601503 0.00563142 0.0044     0.         0.0044    ]
	[RESULT 12] [0.00953333 0.01431451 0.00478118 0.005      0.0011     0.0061    ]
	[RESULT 13] [0.00963337 0.01451452 0.00488115 0.005      0.0009     0.0059    ]
	[RESULT 14] [0.00988341 0.01501468 0.00513127 0.005      0.0004     0.0054    ]
	[RESULT 15] [0.00978338 0.01481453 0.00503116 0.005      0.0006     0.0056    ]
	[RESULT 16] [0.00933334 0.01391453 0.00458119 0.005      0.0015     0.0065    ]
	[RESULT 17] [0.00923341 0.01371461 0.00448121 0.005      0.0017     0.0067    ]
	[RESULT 18] [0.00963337 0.01451452 0.00488115 0.005      0.0009     0.0059    ]
	[RESULT 19] [0.00973335 0.01471456 0.00498121 0.005      0.0007     0.0057    ]
	[RESULT 20] [0.00963334 0.01451453 0.00488119 0.005      0.0009     0.0059    ]
	[RESULT 21] [0.01008341 0.01541461 0.0053312  0.005      0.         0.005     ]
	[RESULT 22] [0.01063333 0.01651444 0.00588111 0.0039     0.         0.0039    ]
	[RESULT 23] [0.01093334 0.01711444 0.00618111 0.0033     0.         0.0033    ]
	[RESULT 24] [0.01068333 0.01661444 0.00593111 0.0038     0.         0.0038    ]
	[RESULT 25] [0.01093334 0.01711444 0.00618111 0.0033     0.         0.0033    ]
	[RESULT 26] [0.01088334 0.01701446 0.00613113 0.0034     0.         0.0034    ]
	[RESULT 27] [0.01118336 0.01761452 0.00643116 0.0028     0.         0.0028    ]
	[RESULT 28] [0.01088334 0.01701446 0.00613113 0.0034     0.         0.0034    ]
	[RESULT 29] [0.01183336 0.01894313 0.00710977 0.0015     0.         0.0015    ]
	[RESULT 30] [0.01148333 0.01821555 0.00673221 0.0022     0.         0.0022    ]
	[RESULT 31] [0.00933334 0.01391445 0.00458111 0.005      0.0015     0.0065    ]
	[RESULT 32] [0.00933334 0.01391445 0.00458111 0.005      0.0015     0.0065    ]
	[RESULT 33] [0.00953334 0.01431444 0.00478111 0.005      0.0011     0.0061    ]
	[RESULT 34] [0.00963334 0.01451453 0.00488119 0.005      0.0009     0.0059    ]
	[RESULT 35] [0.00988341 0.01501468 0.00513127 0.005      0.0004     0.0054    ]
	[RESULT 36] [0.01043333 0.01611444 0.00568111 0.0043     0.         0.0043    ]
	[RESULT 37] [0.01093334 0.01711444 0.00618111 0.0033     0.         0.0033    ]
	[RESULT 38] [0.01631937 0.01711348 0.01156715 0.0008     0.         0.0008    ]
	[RESULT 39] [0.01198335 0.01921528 0.00723194 0.0012     0.         0.0012    ]
	[RESULT 40] [0.01043333 0.01611444 0.00568111 0.0043     0.         0.0043    ]
	[RESULT 41] [0.01043333 0.01611444 0.00568111 0.0043     0.         0.0043    ]
	[RESULT 42] [0.01043333 0.01611444 0.00568111 0.0043     0.         0.0043    ]
	[RESULT 43] [0.01048333 0.01621444 0.00573111 0.0042     0.         0.0042    ]
	[RESULT 44] [0.01093334 0.01711444 0.00618111 0.0033     0.         0.0033    ]
