[METRICS]
	[DISEQUILIBRIUM COUNT] 0
	[MINIMUM S0 e1 S1 DISTANCE]0.007583333333335973
	[MINIMUM S0 e1 S2 DISTANCE]0.005816208392537492
	[MINIMUM S0 e1 S6 DISTANCE]0.002831106760069592
	[MINIMUM S3 e1 S1 DISTANCE]9.99999999999994e-05
	[MINIMUM S3 e1 S4 DISTANCE]0.0
	[MINIMUM S3 e1 S5 DISTANCE]9.999999999998899e-05
	[AVERAGE S0 e1 S1 DISTANCE]0.009529381722335285
	[AVERAGE S0 e1 S2 DISTANCE]0.014104025905350034
	[AVERAGE S0 e1 S6 DISTANCE]0.004815781437916036
	[AVERAGE S3 e1 S1 DISTANCE]0.004770450680272101
	[AVERAGE S3 e1 S4 DISTANCE]0.0020139455782312954
	[AVERAGE S3 e1 S5 DISTANCE]0.006784396258503415
[VARIABLES]
	[RESULT 1] [92 9989.870478911093 10 1.9999930212779382]
	[RESULT 2] [100 9999.9780387208 10 1.9999972013574416]
	[RESULT 3] [95 9999.665221380708 10 1.9999999965519757]
	[RESULT 4] [70 9999.996022088448 10 1.9999999148941405]
	[RESULT 5] [94 9999.998810980149 10 1.9999999815300387]
	[RESULT 6] [100 9999.9780387208 10 1.9999972013574416]
	[RESULT 7] [77 9999.98516214076 10 1.9999931555161006]
	[RESULT 8] [78 9999.999999309506 10 1.9999999999550597]
	[RESULT 9] [82 9999.999999199124 10 1.9999999999950118]
	[RESULT 10] [84 9999.999999091346 10 1.9999999999973785]
	[RESULT 11] [71 9999.999999885014 10 1.999999999999437]
	[RESULT 12] [76 9999.999999721622 10 1.9999999999991755]
	[RESULT 13] [73 9999.999998645328 10 1.9999999999962847]
	[RESULT 14] [72 9999.999998813215 10 1.9999999999972309]
	[RESULT 15] [82 9999.999999199124 10 1.9999999999950118]
	[RESULT 16] [86 9999.999999718219 10 1.999999999995957]
	[RESULT 17] [75 9999.999999707929 10 1.9999999990407518]
	[RESULT 18] [71 9999.999999885014 10 1.999999999999437]
	[RESULT 19] [67 9999.999982850233 10 1.999999999839071]
	[RESULT 20] [50 9999.999993129344 10 1.9999999996904807]
	[RESULT 21] [62 9999.999968208347 10 1.9999999995932587]
	[RESULT 22] [58 9999.999189406028 10 1.9999968467567117]
	[RESULT 23] [35 9999.847566487866 10 1.999999975999323]
	[RESULT 24] [44 9999.999946028045 10 1.99999999923194]
	[RESULT 25] [16 9999.854145643232 10 1.9999999922838145]
	[RESULT 26] [27 9999.676682701745 10 1.9999980374409958]
	[RESULT 27] [82 9999.999999199124 10 1.9999999999950118]
	[RESULT 28] [84 9999.999999091346 10 1.9999999999973785]
	[RESULT 29] [71 9999.999999885014 10 1.999999999999437]
	[RESULT 30] [76 9999.999999721622 10 1.9999999999991755]
	[RESULT 31] [73 9999.999998645328 10 1.9999999999962847]
	[RESULT 32] [66 9999.999873250079 10 1.9999999989155044]
	[RESULT 33] [64 9999.999993913636 10 1.9999999999849039]
	[RESULT 34] [67 9999.999982850233 10 1.999999999839071]
	[RESULT 35] [1 9571.548134192946 1 0.32540214568798376]
	[RESULT 36] [19 9999.948365064245 10 1.9999983786184306]
	[RESULT 37] [69 9999.99999882008 10 1.9999999999984162]
	[RESULT 38] [62 9999.999968208347 10 1.9999999995932587]
[OBJECTIVES]
	[RESULT 1] [0.00798334 0.0112147  0.00323136 0.005      0.0042     0.0092    ]
	[RESULT 2] [0.00758334 0.01041444 0.00283111 0.005      0.005      0.01      ]
	[RESULT 3] [0.00783333 0.01091444 0.00308111 0.005      0.0045     0.0095    ]
	[RESULT 4] [0.00908333 0.01341444 0.0043311  0.005      0.002      0.007     ]
	[RESULT 5] [0.00788333 0.01101444 0.0031311  0.005      0.0044     0.0094    ]
	[RESULT 6] [0.00758334 0.01041444 0.00283111 0.005      0.005      0.01      ]
	[RESULT 7] [0.00873334 0.01271445 0.00398111 0.005      0.0027     0.0077    ]
	[RESULT 8] [0.00868333 0.01261444 0.0039311  0.005      0.0028     0.0078    ]
	[RESULT 9] [0.00848333 0.01221444 0.0037311  0.005      0.0032     0.0082    ]
	[RESULT 10] [0.00838333 0.01201444 0.0036311  0.005      0.0034     0.0084    ]
	[RESULT 11] [0.00903333 0.01331444 0.0042811  0.005      0.0021     0.0071    ]
	[RESULT 12] [0.00878333 0.01281444 0.0040311  0.005      0.0026     0.0076    ]
	[RESULT 13] [0.00893333 0.01311444 0.0041811  0.005      0.0023     0.0073    ]
	[RESULT 14] [0.00898333 0.01321444 0.0042311  0.005      0.0022     0.0072    ]
	[RESULT 15] [0.00848333 0.01221444 0.0037311  0.005      0.0032     0.0082    ]
	[RESULT 16] [0.00828333 0.01181444 0.0035311  0.005      0.0036     0.0086    ]
	[RESULT 17] [0.00883333 0.01291444 0.0040811  0.005      0.0025     0.0075    ]
	[RESULT 18] [0.00903333 0.01331444 0.0042811  0.005      0.0021     0.0071    ]
	[RESULT 19] [0.00923333 0.01371444 0.0044811  0.005      0.0017     0.0067    ]
	[RESULT 20] [0.01008333 0.01541444 0.0053311  0.005      0.         0.005     ]
	[RESULT 21] [0.00948333 0.01421444 0.0047311  0.005      0.0012     0.0062    ]
	[RESULT 22] [0.00968334 0.01461444 0.00493111 0.005      0.0008     0.0058    ]
	[RESULT 23] [0.01083333 0.01691444 0.00608111 0.0035     0.         0.0035    ]
	[RESULT 24] [0.01038333 0.01601444 0.0056311  0.0044     0.         0.0044    ]
	[RESULT 25] [0.01178333 0.01881444 0.00703111 0.0016     0.         0.0016    ]
	[RESULT 26] [0.01123334 0.01771445 0.00648111 0.0027     0.         0.0027    ]
	[RESULT 27] [0.00848333 0.01221444 0.0037311  0.005      0.0032     0.0082    ]
	[RESULT 28] [0.00838333 0.01201444 0.0036311  0.005      0.0034     0.0084    ]
	[RESULT 29] [0.00903333 0.01331444 0.0042811  0.005      0.0021     0.0071    ]
	[RESULT 30] [0.00878333 0.01281444 0.0040311  0.005      0.0026     0.0076    ]
	[RESULT 31] [0.00893333 0.01311444 0.0041811  0.005      0.0023     0.0073    ]
	[RESULT 32] [0.00928333 0.01381444 0.0045311  0.005      0.0016     0.0066    ]
	[RESULT 33] [0.00938333 0.01401444 0.0046311  0.005      0.0014     0.0064    ]
	[RESULT 34] [0.00923333 0.01371444 0.0044811  0.005      0.0017     0.0067    ]
	[RESULT 35] [1.67430366e-02 1.62551691e-02 1.20017943e-02 1.00000000e-04
 0.00000000e+00 1.00000000e-04]
	[RESULT 36] [0.01163333 0.01851444 0.00688111 0.0019     0.         0.0019    ]
	[RESULT 37] [0.00913333 0.01351444 0.0043811  0.005      0.0019     0.0069    ]
	[RESULT 38] [0.00948333 0.01421444 0.0047311  0.005      0.0012     0.0062    ]
